   0.0000000e+00   0.0000000e+00   0.0000000e+00   0.0000000e+00   0.0000000e+00   0.0000000e+00
  -3.3460130e-02  -5.3530229e-03   1.4392452e-02  -3.4541444e-04   2.4708696e-04  -5.7585841e-04
  -3.9626649e-02  -7.2696612e-02   2.7356546e-02  -1.4527701e-03  -5.5086609e-04  -6.8570743e-04
  -5.4535765e-02  -9.0878595e-02   6.9486449e-02  -1.5143436e-03  -4.9170117e-04  -5.4862884e-04
  -6.9466632e-02  -9.4085387e-02   8.9421248e-02  -1.3597671e-03  -2.9515153e-04  -6.3053789e-04
  -6.6779169e-02  -8.4127067e-02   6.0958234e-02  -1.0484367e-03  -5.1290617e-04  -5.4432037e-04
  -6.1555548e-02  -7.4462764e-02   7.7667203e-02  -9.6258123e-04  -9.9519600e-04  -2.4379594e-04
  -8.0526691e-02  -8.2395629e-02   9.7835725e-02  -9.5683873e-04  -7.3135054e-04  -8.0562931e-04
  -7.4114490e-02  -7.4759002e-02   1.0882407e-01  -8.4402096e-04  -1.3778196e-03  -4.5682309e-04
  -1.0156815e-01  -7.4990819e-02   1.2942203e-01  -1.0005631e-03  -1.2428429e-03  -1.3390859e-03
  -8.4314667e-02  -7.1854274e-02   1.2845306e-01  -1.0682880e-03  -1.8555822e-03  -1.2841821e-03
  -1.0480437e-01  -7.4060440e-02   1.3438400e-01  -6.5317891e-04  -1.6218624e-03  -1.8311997e-03
  -7.8701743e-02  -5.0995491e-02   1.5524895e-01  -1.8079910e-03  -3.1044219e-03  -1.5726694e-03
  -1.9756983e-01  -1.2724903e-03   2.6787903e-01  -5.1566529e-03  -4.2477827e-03  -4.7703100e-03
  -3.1248878e-01  -1.6329284e-02   3.0350140e-01  -4.8398224e-03  -1.9112680e-03  -6.9522927e-03
  -2.9542425e-01   1.2164671e-02   3.0970925e-01  -5.4631616e-03  -3.2560461e-03  -6.7046378e-03
  -3.0390501e-01   7.4046866e-03   3.3794328e-01  -4.7963744e-03  -2.7963295e-03  -7.1060833e-03
  -2.9278989e-01   7.1366832e-03   3.2913788e-01  -4.7477501e-03  -2.9846749e-03  -6.7544766e-03
  -3.1030181e-01   1.6917796e-02   3.6050138e-01  -5.5438415e-03  -2.8344354e-03  -7.1130873e-03
  -3.1440062e-01   6.9586361e-03   3.5975418e-01  -5.0845735e-03  -3.2096050e-03  -7.0663869e-03
  -3.2142168e-01   2.7693467e-02   3.7062515e-01  -5.5422687e-03  -3.2025761e-03  -7.6376166e-03
  -3.2587371e-01   3.4771623e-02   3.6289169e-01  -5.3708249e-03  -3.7509021e-03  -7.7036862e-03
  -3.5452497e-01   3.8059018e-02   3.4640645e-01  -5.5966239e-03  -3.3786974e-03  -8.0340587e-03
  -3.4501453e-01   3.4092491e-02   3.8679599e-01  -5.7783483e-03  -3.8504823e-03  -7.9845122e-03
  -3.6009880e-01   5.4003823e-02   3.8525886e-01  -6.3011860e-03  -3.7328785e-03  -8.3563812e-03
  -3.6125170e-01   3.6010650e-02   4.3167367e-01  -6.2025020e-03  -3.9787429e-03  -8.4727237e-03
  -3.8399925e-01   6.7185651e-02   4.1730848e-01  -6.3770168e-03  -3.8715808e-03  -8.7093754e-03
  -3.8178903e-01   5.5215870e-02   4.5201894e-01  -6.2614673e-03  -4.0260851e-03  -8.8811219e-03
  -3.8923669e-01   6.5247317e-02   4.4800493e-01  -6.4855031e-03  -4.2318110e-03  -8.9343491e-03
  -3.8396061e-01   7.2631357e-02   4.5929605e-01  -6.7723369e-03  -4.2111866e-03  -9.0258563e-03
  -3.8755006e-01   7.1345320e-02   4.4308983e-01  -6.2535578e-03  -4.2661287e-03  -8.9477824e-03
  -3.8975661e-01   8.2499450e-02   4.4920549e-01  -6.2136066e-03  -4.3334906e-03  -9.0664076e-03
  -3.9799259e-01   7.0477428e-02   4.4315179e-01  -6.0672829e-03  -4.3563034e-03  -9.0749338e-03
  -3.9850952e-01   8.0178894e-02   4.7065679e-01  -6.4922950e-03  -4.2506816e-03  -9.1943200e-03
  -4.1107850e-01   8.0549713e-02   4.6260327e-01  -6.2057049e-03  -4.2842328e-03  -9.3192714e-03
  -4.0187648e-01   8.3237625e-02   4.7965815e-01  -6.7655953e-03  -4.5487190e-03  -9.1183172e-03
  -4.0556995e-01   8.7064688e-02   4.9092834e-01  -6.1751641e-03  -4.6973312e-03  -9.3725489e-03
  -4.0021324e-01   9.6548955e-02   5.1316943e-01  -6.7463289e-03  -4.7516254e-03  -9.0248541e-03
  -3.9922731e-01   8.7252419e-02   5.0860836e-01  -6.1413331e-03  -5.0438296e-03  -9.2953214e-03
  -4.1555539e-01   1.1892995e-01   5.0753777e-01  -7.0224134e-03  -4.8517078e-03  -9.4558163e-03
  -4.1552702e-01   8.8414104e-02   5.2701773e-01  -6.5200839e-03  -4.7069388e-03  -9.5693692e-03
  -4.1805381e-01   1.0708385e-01   5.1687679e-01  -6.6072376e-03  -4.9380974e-03  -9.5827065e-03
  -4.2554758e-01   1.0884418e-01   5.1307127e-01  -6.2470671e-03  -4.7630526e-03  -9.6602720e-03
  -4.3011698e-01   1.0844164e-01   5.1891655e-01  -6.2869046e-03  -4.8659315e-03  -9.6671808e-03
  -4.4074599e-01   1.1596312e-01   5.1657638e-01  -6.3777887e-03  -4.7647496e-03  -1.0232788e-02
  -4.3774637e-01   1.2907219e-01   5.1385014e-01  -6.3449769e-03  -4.8210514e-03  -1.0080721e-02
  -4.3287077e-01   1.4293447e-01   5.1771042e-01  -6.6055747e-03  -5.1322963e-03  -1.0269313e-02
  -4.5791560e-01   1.2802622e-01   5.4285956e-01  -6.7788256e-03  -5.2564812e-03  -1.0444815e-02
  -4.6044943e-01   1.3635121e-01   5.7294509e-01  -7.4155897e-03  -4.7179121e-03  -1.0548795e-02
  -3.5089109e-01   1.5278144e-01   5.5119378e-01  -7.6422925e-03  -5.9068710e-03  -9.8884855e-03
  -4.2454928e-01   1.5483064e-01   5.4031172e-01  -7.5262821e-03  -6.3244590e-03  -1.1002188e-02
  -4.4444604e-01   1.4814907e-01   5.6369449e-01  -7.3487937e-03  -6.2219750e-03  -1.1581972e-02
  -4.5554554e-01   1.5767700e-01   5.7188225e-01  -7.4722015e-03  -5.9953968e-03  -1.1603630e-02
  -4.6910718e-01   1.5240455e-01   6.0093310e-01  -7.7183195e-03  -6.2269340e-03  -1.1721546e-02
  -4.7939697e-01   1.2537731e-01   6.2158013e-01  -7.3327039e-03  -5.9005774e-03  -1.1754487e-02
  -4.8002482e-01   1.4518004e-01   6.2355479e-01  -7.2098755e-03  -6.3467801e-03  -1.1954632e-02
  -4.7926439e-01   1.4201350e-01   6.0770961e-01  -7.0218517e-03  -6.2449059e-03  -1.1762287e-02
  -4.9046708e-01   1.5599294e-01   6.1299868e-01  -7.1190518e-03  -6.4294997e-03  -1.2244292e-02
  -4.9677695e-01   1.5535512e-01   6.2563744e-01  -7.1540694e-03  -6.3372086e-03  -1.2353674e-02
  -5.0647330e-01   1.5321719e-01   5.8993448e-01  -6.9891120e-03  -6.5459942e-03  -1.2559339e-02
  -5.0194310e-01   1.4749158e-01   5.8666063e-01  -6.4504379e-03  -6.4802996e-03  -1.2447225e-02
  -5.0772466e-01   1.5257299e-01   5.8607643e-01  -6.8218051e-03  -6.5724901e-03  -1.2413095e-02
  -5.1365956e-01   1.6629052e-01   5.8871001e-01  -6.8290790e-03  -6.3428061e-03  -1.2528355e-02
  -5.1221632e-01   1.6238333e-01   5.8570930e-01  -6.7759217e-03  -6.1891425e-03  -1.2461544e-02
  -5.1702697e-01   1.6759851e-01   6.0354468e-01  -6.8062905e-03  -6.4065659e-03  -1.2657096e-02
  -5.2222312e-01   1.7094087e-01   6.2283708e-01  -7.0774049e-03  -6.6247457e-03  -1.2686892e-02
  -5.1908613e-01   1.9021756e-01   5.7314905e-01  -6.6621880e-03  -6.5084290e-03  -1.2341460e-02
  -4.8566682e-01   1.8511300e-01   6.0108763e-01  -6.1047262e-03  -6.3374648e-03  -1.1632953e-02
  -5.0286192e-01   1.8797113e-01   6.5109914e-01  -6.4980622e-03  -6.4829877e-03  -1.2297425e-02
  -5.0773914e-01   2.0314283e-01   6.4300266e-01  -6.4007040e-03  -6.6578281e-03  -1.2360157e-02
  -5.2028333e-01   1.9491889e-01   6.3623675e-01  -6.2288765e-03  -6.4637093e-03  -1.2852811e-02
  -5.1980816e-01   1.9174002e-01   6.4392764e-01  -6.3807924e-03  -6.2548009e-03  -1.2829223e-02
  -4.9543581e-01   1.9249420e-01   6.7285231e-01  -6.4596930e-03  -6.7496759e-03  -1.2371108e-02
  -5.1369900e-01   1.8841757e-01   6.5470530e-01  -6.2599532e-03  -6.6277191e-03  -1.2709036e-02
  -5.2304388e-01   1.9914614e-01   7.0464285e-01  -6.7219515e-03  -6.8014395e-03  -1.2894328e-02
  -5.2288181e-01   1.9202208e-01   6.9201580e-01  -6.5968891e-03  -6.9034303e-03  -1.2751933e-02
  -5.2611442e-01   2.0590235e-01   6.7083139e-01  -6.3662577e-03  -6.7111557e-03  -1.2810553e-02
  -5.2245178e-01   1.9891318e-01   6.7960013e-01  -6.5504084e-03  -6.6879761e-03  -1.2907332e-02
  -5.3265859e-01   2.1593234e-01   6.5286615e-01  -6.0151832e-03  -6.7446048e-03  -1.2963792e-02
  -5.2639629e-01   2.2238022e-01   6.3355921e-01  -6.0144685e-03  -6.6382429e-03  -1.2942528e-02
  -5.2751819e-01   2.1270959e-01   6.7040243e-01  -6.4444020e-03  -7.0609082e-03  -1.2934531e-02
  -5.3455014e-01   2.0951479e-01   6.9698818e-01  -6.4754819e-03  -6.9453581e-03  -1.3058175e-02
  -5.3967523e-01   2.0647823e-01   6.8974256e-01  -6.5440008e-03  -7.0039656e-03  -1.3034701e-02
  -5.3639478e-01   2.2419439e-01   6.9757122e-01  -6.2729714e-03  -7.1614542e-03  -1.2937485e-02
  -5.4447049e-01   2.1047812e-01   6.8773640e-01  -6.3901408e-03  -6.9907945e-03  -1.2979824e-02
  -5.3877349e-01   2.3353713e-01   6.9099336e-01  -6.5497279e-03  -6.9970472e-03  -1.2996422e-02
  -5.3524455e-01   2.3617138e-01   7.1001599e-01  -6.6107545e-03  -6.9648002e-03  -1.3068917e-02
  -5.3883943e-01   2.5473664e-01   6.8244222e-01  -6.2547056e-03  -7.0958243e-03  -1.3247104e-02
  -5.3788781e-01   2.5359267e-01   7.0454846e-01  -6.4732473e-03  -7.2330318e-03  -1.3226577e-02
  -5.5604863e-01   2.4158682e-01   7.1575529e-01  -6.6560271e-03  -6.9251377e-03  -1.3207486e-02
  -5.4283269e-01   2.4082126e-01   7.0253292e-01  -6.2478550e-03  -6.8457330e-03  -1.2972203e-02
  -5.5227673e-01   2.4765697e-01   6.9699100e-01  -6.3684169e-03  -7.0620864e-03  -1.3156393e-02
  -5.4949127e-01   2.4030715e-01   7.4026861e-01  -6.2268192e-03  -7.1949451e-03  -1.3140191e-02
  -5.4902303e-01   2.2817727e-01   7.3634847e-01  -6.1956252e-03  -6.9435380e-03  -1.2911723e-02
  -5.4025424e-01   2.3842177e-01   7.5628461e-01  -6.4272362e-03  -7.4090255e-03  -1.3002518e-02
  -5.4725580e-01   2.4023528e-01   7.4826871e-01  -6.3051284e-03  -7.3733333e-03  -1.3238865e-02
  -5.5258572e-01   2.5663103e-01   7.2442157e-01  -6.4890767e-03  -7.3958393e-03  -1.3264738e-02
  -5.5208466e-01   2.4879561e-01   7.3978959e-01  -6.4255021e-03  -7.4151718e-03  -1.3263447e-02
  -5.5546431e-01   2.6719999e-01   7.1134401e-01  -6.3805449e-03  -7.4519569e-03  -1.3256706e-02
  -5.6122129e-01   2.5062723e-01   7.4371224e-01  -6.1507255e-03  -7.3009212e-03  -1.3154691e-02
  -5.6574089e-01   2.7444114e-01   7.2822867e-01  -6.5464488e-03  -7.1456227e-03  -1.3340213e-02
  -5.4850141e-01   2.6620078e-01   7.6784084e-01  -6.8074043e-03  -7.3031719e-03  -1.3004044e-02
  -5.5513931e-01   2.7337422e-01   7.4079396e-01  -6.8985673e-03  -7.7855178e-03  -1.3266104e-02
  -5.4795021e-01   2.8301551e-01   7.5464117e-01  -6.7945467e-03  -7.6855690e-03  -1.3116038e-02
  -5.6753155e-01   2.8876318e-01   7.2819818e-01  -6.8402809e-03  -7.5918511e-03  -1.3368608e-02
  -5.5832373e-01   2.9568319e-01   7.4082295e-01  -6.4807345e-03  -7.5718210e-03  -1.3050367e-02
  -5.4839552e-01   3.0598006e-01   7.0314176e-01  -7.1664325e-03  -7.2141045e-03  -1.2688893e-02
  -5.6269133e-01   3.2733146e-01   6.8030141e-01  -6.8914448e-03  -7.6472755e-03  -1.3363693e-02
  -5.6868949e-01   3.0838210e-01   7.0256969e-01  -6.8387215e-03  -7.6827758e-03  -1.3450726e-02
  -5.6214291e-01   3.2151138e-01   7.0185644e-01  -7.2634657e-03  -7.9123297e-03  -1.3292951e-02
  -5.5764029e-01   3.1567865e-01   7.2400782e-01  -7.1503864e-03  -7.6453119e-03  -1.3153431e-02
  -5.6599789e-01   3.1297325e-01   7.1390681e-01  -7.3145440e-03  -7.8008519e-03  -1.3419634e-02
  -5.6406813e-01   3.0059471e-01   7.2476440e-01  -6.9826832e-03  -7.9364615e-03  -1.3243157e-02
  -5.6130007e-01   3.0782146e-01   7.2557866e-01  -6.9543323e-03  -8.0453827e-03  -1.3194699e-02
  -5.7412030e-01   3.1384671e-01   7.2248491e-01  -7.0645860e-03  -7.9341417e-03  -1.3212319e-02
  -5.6472137e-01   2.9111085e-01   7.4781553e-01  -7.1863076e-03  -7.9370399e-03  -1.3165459e-02
  -5.8033248e-01   3.1193457e-01   7.6287613e-01  -7.4498467e-03  -7.3943356e-03  -1.3603652e-02
  -5.7682229e-01   3.0618974e-01   7.9371706e-01  -7.3634617e-03  -7.5704557e-03  -1.3601213e-02
  -5.7949705e-01   3.1004511e-01   7.6615207e-01  -6.8337395e-03  -7.3699097e-03  -1.3544653e-02
  -5.9624487e-01   3.2453452e-01   7.5782913e-01  -6.4459170e-03  -7.2387333e-03  -1.3822200e-02
  -6.0537821e-01   3.1777207e-01   7.6068259e-01  -6.4754400e-03  -7.1667710e-03  -1.4066744e-02
  -5.9159166e-01   3.3322276e-01   7.6852893e-01  -7.1203382e-03  -7.2142206e-03  -1.3672778e-02
  -5.9029163e-01   3.2218273e-01   7.6439748e-01  -6.6343862e-03  -7.0234711e-03  -1.3847731e-02
  -5.9225550e-01   3.2922596e-01   7.5837095e-01  -7.0300537e-03  -7.7006746e-03  -1.3545212e-02
  -6.1169257e-01   3.3403873e-01   7.5930974e-01  -6.3294211e-03  -7.1310943e-03  -1.4037278e-02
  -6.0807238e-01   3.3788193e-01   7.6010312e-01  -6.7428383e-03  -7.2351550e-03  -1.4170094e-02
  -5.8575553e-01   4.1991052e-01   8.1509284e-01  -7.3334052e-03  -6.7811195e-03  -1.3660579e-02
  -5.9973685e-01   3.8416239e-01   7.4323683e-01  -6.8056247e-03  -6.2251701e-03  -1.3971788e-02
  -5.8737488e-01   3.6482582e-01   7.7217097e-01  -6.9615084e-03  -7.2848183e-03  -1.3578226e-02
  -5.9838805e-01   3.7171745e-01   7.6285783e-01  -6.7035817e-03  -7.1854408e-03  -1.3956246e-02
  -5.9956745e-01   3.7464600e-01   7.9653151e-01  -7.7570567e-03  -7.6638632e-03  -1.3854496e-02
  -6.0041804e-01   3.6355789e-01   8.0402687e-01  -7.3883907e-03  -7.4533412e-03  -1.3785720e-02
  -6.1421281e-01   3.8680854e-01   8.1029930e-01  -8.2014339e-03  -7.5037310e-03  -1.3877364e-02
  -6.1776387e-01   3.6165006e-01   8.4283546e-01  -7.8554204e-03  -7.4041886e-03  -1.4032485e-02
  -6.2363993e-01   3.8533255e-01   8.3393916e-01  -8.1986122e-03  -7.4508551e-03  -1.4172853e-02
  -6.1453941e-01   3.7723213e-01   8.0610137e-01  -7.2431209e-03  -7.5369254e-03  -1.4072346e-02
  -5.8178885e-01   3.7412473e-01   7.9408370e-01  -7.3770803e-03  -6.9152624e-03  -1.2853934e-02
  -5.7187095e-01   3.9760476e-01   8.6923276e-01  -7.8767928e-03  -6.3357100e-03  -1.2169113e-02
  -5.9009925e-01   4.1848672e-01   8.6468060e-01  -8.3777694e-03  -6.8834894e-03  -1.3001127e-02
  -5.8932805e-01   4.0590112e-01   8.8456542e-01  -8.0727138e-03  -6.9978418e-03  -1.2926206e-02
  -5.9832453e-01   3.7905207e-01   9.3729562e-01  -8.1797309e-03  -6.9408103e-03  -1.3208518e-02
  -6.0564577e-01   3.7204923e-01   9.3096910e-01  -7.6238303e-03  -7.1162409e-03  -1.3301282e-02
  -6.0423019e-01   3.8323367e-01   9.6746721e-01  -7.8037684e-03  -7.1399931e-03  -1.3206285e-02
  -6.0647204e-01   3.7311577e-01   9.6012928e-01  -7.8416120e-03  -6.9457322e-03  -1.3018678e-02
  -6.0072890e-01   4.0344479e-01   9.4031784e-01  -7.4490801e-03  -7.3856648e-03  -1.2845025e-02
  -6.0795838e-01   3.9745297e-01   9.7294032e-01  -7.6800293e-03  -7.1796760e-03  -1.3007396e-02
  -6.0027273e-01   3.9992764e-01   9.4177003e-01  -7.3200634e-03  -7.2216866e-03  -1.2598895e-02
  -5.9939407e-01   3.9312483e-01   9.5304895e-01  -7.0987620e-03  -7.0397215e-03  -1.2625093e-02
  -6.0626799e-01   4.0847327e-01   9.6491961e-01  -7.5244501e-03  -6.8966754e-03  -1.2822850e-02
  -5.9644369e-01   3.9661392e-01   9.7945539e-01  -7.2501152e-03  -7.1320035e-03  -1.2787175e-02
  -5.9604890e-01   4.1498282e-01   9.6504945e-01  -7.5042188e-03  -7.3384449e-03  -1.2784615e-02
  -5.9753324e-01   4.1496854e-01   9.8226412e-01  -7.4714607e-03  -6.9769494e-03  -1.2646179e-02
  -5.9665823e-01   4.1259194e-01   9.7319702e-01  -7.1335087e-03  -7.1396292e-03  -1.2509978e-02
  -5.9276538e-01   4.1874367e-01   9.6537632e-01  -7.1400648e-03  -7.1180077e-03  -1.2426682e-02
  -5.9708712e-01   4.1600738e-01   9.8299515e-01  -7.4380461e-03  -7.1350485e-03  -1.2684714e-02
  -5.9433280e-01   4.1528901e-01   9.8242681e-01  -7.1220213e-03  -6.8957687e-03  -1.2309560e-02
  -5.9148580e-01   4.2539084e-01   9.9472730e-01  -7.4312717e-03  -7.0454425e-03  -1.2116094e-02
  -6.1591707e-01   4.1756002e-01   1.0181071e+00  -7.0073141e-03  -6.7072607e-03  -1.2651864e-02
  -6.1779439e-01   4.2645642e-01   9.7803316e-01  -6.6848381e-03  -7.0053806e-03  -1.2923015e-02
  -5.9228474e-01   4.2422280e-01   1.0417326e+00  -7.2721999e-03  -7.2726338e-03  -1.2159315e-02
  -5.9955094e-01   4.2818168e-01   1.0122762e+00  -7.2763090e-03  -7.1128148e-03  -1.2543575e-02
  -6.0140901e-01   4.3757797e-01   1.0188642e+00  -6.9095144e-03  -7.2890256e-03  -1.2553203e-02
  -6.1110518e-01   4.4459900e-01   1.0049823e+00  -6.8141476e-03  -6.7925994e-03  -1.2882214e-02
  -5.9677050e-01   4.3059249e-01   1.0260328e+00  -7.0113919e-03  -7.4314035e-03  -1.2298202e-02
  -6.1747131e-01   4.3069766e-01   1.0266141e+00  -7.1332492e-03  -7.0751748e-03  -1.2835772e-02
  -5.9408347e-01   4.1439934e-01   1.0255998e+00  -6.8572585e-03  -7.6559823e-03  -1.2070159e-02
  -6.3082890e-01   4.7394647e-01   1.0240350e+00  -7.3987645e-03  -5.8070194e-03  -1.3262264e-02
  -6.1106471e-01   4.7492124e-01   1.0923575e+00  -7.0176816e-03  -5.0523715e-03  -1.3089259e-02
  -6.2922815e-01   5.0530735e-01   1.0440322e+00  -8.2703258e-03  -6.5660946e-03  -1.3179412e-02
  -6.6147214e-01   5.1656889e-01   9.8850665e-01  -7.4267477e-03  -5.6232510e-03  -1.3929498e-02
  -6.4437192e-01   4.9412556e-01   1.0887435e+00  -7.6474920e-03  -6.1145997e-03  -1.3680150e-02
  -6.6347592e-01   4.8104390e-01   1.0918690e+00  -8.1447370e-03  -5.6785211e-03  -1.3766639e-02
  -6.5990791e-01   4.9707791e-01   1.1280265e+00  -8.2701299e-03  -6.6552753e-03  -1.3895595e-02
  -5.9516554e-01   6.3235415e-01   1.1987921e+00  -9.5926431e-03  -6.1019095e-03  -1.2602204e-02
  -6.3945726e-01   5.6419018e-01   1.1278361e+00  -8.7448743e-03  -5.8897798e-03  -1.2897773e-02
  -6.5392924e-01   5.8329584e-01   1.1604743e+00  -9.3325121e-03  -6.2120649e-03  -1.3746166e-02
  -5.2667458e-01   5.3640476e-01   1.1463923e+00  -8.9965613e-03  -6.1973805e-03  -1.1752409e-02
  -5.4451558e-01   5.2935316e-01   1.1074201e+00  -8.7270953e-03  -7.4747171e-03  -1.1985288e-02
  -5.7332706e-01   5.2861659e-01   1.1151839e+00  -8.7911428e-03  -7.0045166e-03  -1.2752066e-02
