   0.0000000e+00   0.0000000e+00   0.0000000e+00   0.0000000e+00   0.0000000e+00   0.0000000e+00
  -3.6987375e-02  -4.2778243e-02  -1.6066559e-01   1.0930351e-03   1.3551199e-04  -4.8425934e-04
  -2.9960901e-02  -4.4563642e-02  -1.8403557e-01   1.2494826e-03   6.8621118e-04  -4.3570870e-04
  -7.6351068e-03  -2.7412034e-02  -3.3508579e-02   2.4748784e-03  -6.3108816e-05   1.0992551e-04
  -7.4580651e-03  -1.3848649e-02  -8.5214080e-02   1.2476918e-03  -6.1253092e-05  -3.5002838e-04
  -1.2434395e-02  -3.9942789e-02  -1.6193155e-01   1.3130450e-03  -8.7651538e-04  -4.7186714e-04
  -4.1406605e-03   2.0591028e-03  -1.3934351e-01   1.3463376e-03  -5.2982956e-04  -4.5147916e-04
  -1.2440344e-02  -3.0050123e-02  -1.5857043e-01   1.7735000e-03  -4.1930340e-04  -6.4134653e-04
   1.8047041e-03  -2.8824016e-02  -1.4985972e-01   2.8953376e-03  -6.7223871e-04  -3.1679365e-04
   2.2420480e-03   1.1723881e-02  -1.2791436e-01   3.2883187e-03  -1.0110050e-04  -7.9449341e-04
  -1.0338734e-02   2.5189608e-02  -1.0964744e-01   2.1193518e-03  -2.3920884e-04  -8.6571962e-04
  -2.2352800e-02   4.0158131e-02  -1.5578795e-01   2.5590030e-03   1.7661973e-06  -8.0647956e-04
  -6.0106975e-03   4.3030949e-02  -1.3090932e-01   2.0646386e-03  -5.6156699e-04  -5.3757959e-04
  -1.8735882e-02   2.4734856e-02  -1.3604325e-01   2.3351191e-03  -8.5099475e-05  -5.1370897e-04
   4.5392280e-03   2.9287448e-02  -1.2146999e-01   2.6737912e-03  -2.9017504e-04  -3.3307819e-04
  -1.4005421e-02   3.9207182e-02  -1.4871097e-01   2.9981057e-03  -2.0434578e-05  -6.3408165e-04
   2.3650086e-02   4.2766130e-02  -1.2363470e-01   2.6718500e-03  -3.7593457e-04  -2.0497323e-04
   2.3595243e-02   7.0750080e-03  -2.0974106e-01   4.0561220e-03   1.3558708e-04  -2.2015728e-04
   6.8174424e-02   6.0575888e-02   3.5244351e-02   1.3718029e-03  -1.8702792e-04   1.4064829e-04
   2.8163921e-02   4.2229645e-02   8.5311556e-02   2.0830094e-03   2.8779820e-04  -7.6753318e-04
   1.4537696e-02  -8.3193543e-04  -1.1968287e-01   4.3631522e-03   7.5454973e-04  -5.4315475e-04
   6.4638333e-03   3.3145409e-02  -5.6086267e-02   3.4531969e-03   7.5947122e-04  -8.3827619e-04
   2.5967533e-02   1.0415914e-02  -6.7900482e-02   4.2634050e-03   6.0286658e-04  -5.4217906e-04
   7.3374881e-03  -3.8414931e-03   4.4164814e-02   2.1044951e-03   6.2220195e-04  -7.1557063e-04
   6.9284190e-02  -6.9520122e-03  -6.4509637e-02   3.7199386e-03   2.9232663e-04   3.0880947e-04
   9.3119237e-02   1.4181647e-02  -2.7541990e-02   4.2410318e-03   3.3754466e-04   7.2001616e-04
   6.4751402e-02  -2.9072255e-02   6.1109058e-02   3.7896296e-03   8.7209040e-04  -2.9283552e-04
   4.3591943e-02  -1.3848395e-02   1.1254005e-01   3.8409090e-03   1.3166663e-03  -4.2123768e-04
   9.2740562e-02   8.7000563e-02   1.7205287e-01   1.9601265e-03   7.1006096e-04  -1.8855628e-04
   1.0093304e-01   1.2296079e-01   9.4729752e-03   4.8843253e-03   3.9813009e-04   2.9564416e-04
   8.3595012e-02   5.2155429e-02   5.7370322e-02   3.3888528e-03   5.2373236e-04  -2.6462957e-04
   1.0997362e-01   5.5657228e-02  -7.1019019e-02   4.0474424e-03   1.5854876e-04   4.4402711e-04
   1.0838825e-01   3.8933286e-02  -3.8830469e-02   3.5163313e-03   7.5683412e-04   5.5487748e-04
   1.3565569e-01   1.3614453e-03   1.1133324e-01   2.8466392e-03   7.8715744e-04   7.3825938e-04
   1.2851091e-01  -2.1808046e-02   3.5435493e-02   1.6634568e-03   9.4857723e-04   9.7978438e-04
   1.3203884e-01   1.4558682e-01  -6.2443364e-03   2.0194712e-03   5.5956376e-04   9.0867898e-04
   1.1993736e-01   4.0780301e-02  -1.1267126e-02   2.5453437e-03   4.2634324e-04   6.2492463e-04
   8.9974091e-02   8.5897241e-02  -2.2851509e-02   6.9861800e-03   4.8721114e-04  -3.5566996e-04
  -4.2542112e-02   1.9556633e-01  -1.7749823e-01   7.3735345e-03  -1.0057717e-03  -1.0821300e-03
   5.6801417e-02   1.3479039e-01  -3.8786480e-01   7.0421176e-03  -1.3601047e-03  -2.1169986e-04
   2.7430808e-02   1.1318490e-01  -4.7851716e-01   1.0430080e-02  -1.0535767e-03  -5.9410235e-04
   4.7042673e-02   1.1240593e-01  -2.8910422e-01   7.5313705e-03  -1.1768916e-03  -2.7248319e-04
   3.8541201e-02   1.3208082e-01  -1.9897050e-01   7.5552380e-03  -9.2163911e-04  -7.4514554e-04
   5.6117395e-02   1.0369757e-01  -2.6030965e-01   7.7139049e-03  -1.6631580e-03  -5.4234698e-04
   6.3461756e-02   1.0110547e-01  -2.9668026e-01   8.5772432e-03  -1.7537329e-03  -6.1777970e-04
   7.8851692e-02   7.3762361e-02  -3.0181513e-01   8.5573695e-03  -1.9374540e-03  -6.5313857e-04
   9.8220031e-02   6.7008106e-02  -2.5409066e-01   8.2841103e-03  -1.9300106e-03  -8.3102330e-04
   7.9000370e-02   1.2661620e-01  -2.3511382e-01   9.2075120e-03  -2.5155839e-03  -1.2900081e-03
   6.6258683e-02   1.0543438e-01  -1.7157896e-01   8.7480498e-03  -2.2458713e-03  -1.7234115e-03
   5.8000082e-02   1.0827676e-01  -2.1392521e-01   8.2752071e-03  -3.1644546e-03  -1.3792651e-03
   5.5917140e-02   1.1653745e-01  -2.4348983e-01   9.8660545e-03  -2.8826888e-03  -1.1838875e-03
   9.2711107e-02   7.7796309e-02  -3.2770262e-01   1.1002293e-02  -2.3810213e-03  -1.3664772e-03
   1.2166161e-01   7.3331913e-02  -1.8466076e-01   1.0199570e-02  -1.8101184e-03  -7.8617537e-04
   1.0800812e-01   1.7506469e-01  -1.2057655e-01   6.2568425e-03  -2.4180961e-03  -2.1964642e-03
   9.4546462e-02   1.8434929e-01  -1.7746846e-01   8.0976997e-03  -2.6222814e-03  -3.2534257e-03
   5.6340463e-02   1.2414291e-01  -2.0340301e-01   1.0818998e-02  -3.7672075e-03  -2.6418103e-03
   1.2739755e-01   1.1241816e-01  -3.7883661e-02   8.7225155e-03  -3.8358264e-03  -9.6198071e-04
   1.7645017e-01   1.3044023e-01  -4.1524950e-02   1.0456449e-02  -4.6173792e-03   1.0054853e-03
   1.0293240e-01   1.4125683e-01  -8.3583274e-02   1.3050608e-02  -4.2660348e-03  -2.0212593e-04
   1.8126144e-01   1.3256520e-01   3.7065025e-02   1.1124521e-02  -3.8388105e-03   7.4226977e-04
   1.6025673e-01   1.2563079e-01   3.8441532e-02   1.2052120e-02  -4.0631867e-03   1.3147947e-03
   1.4369062e-01   6.9024548e-02  -3.7274926e-03   1.3471191e-02  -2.6366811e-03   1.4187262e-03
   1.6145834e-01   1.6527290e-01   1.4240847e-01   1.1330671e-02  -2.4420595e-03   1.7957908e-03
   1.6968988e-01   1.7525464e-01   3.0349665e-01   7.8580177e-03  -2.5648976e-03   2.0398505e-03
   1.7574472e-01   1.1368058e-01   1.1803206e-01   1.0986649e-02  -2.4427494e-03   1.5783575e-03
   1.6797166e-01   1.5856845e-01   1.3222075e-01   9.1054198e-03  -2.8536480e-03   1.3853314e-03
   1.6997558e-01   2.6258931e-01   2.1578469e-01   1.0304405e-02  -3.1777116e-03   1.6940154e-05
   1.0145695e-01   7.5512305e-02  -1.7242221e-01   1.3337777e-02  -3.3864407e-03  -7.0675900e-04
   1.5457144e-01   1.4022518e-01  -3.6435532e-01   1.1982679e-02  -3.6323632e-03  -1.1913690e-03
   1.5434678e-01   1.5625470e-01  -4.0300066e-01   1.2748401e-02  -3.2488821e-03  -1.1153361e-03
   1.9756385e-01   1.5972404e-01  -2.8193277e-01   1.0810667e-02  -3.5215365e-03  -1.2209179e-03
   2.4562575e-01   9.6554052e-02  -2.1290724e-01   1.0740550e-02  -3.1939294e-03  -3.8360809e-04
   2.6213976e-01   1.2564140e-01  -2.0322435e-01   9.0229777e-03  -3.5894454e-03  -1.0045267e-04
   2.4555085e-01   1.3263111e-01   7.6670898e-03   9.9348575e-03  -2.4349701e-03   1.5718807e-04
   2.4651854e-01   1.2271097e-01  -2.3334233e-01   1.2462117e-02  -2.4973325e-03  -1.8199732e-05
   2.6523348e-01   1.3050208e-01  -1.4104159e-01   1.1612334e-02  -2.6616493e-03   4.7578645e-04
   2.4935795e-01   8.1058038e-02   6.5931969e-02   1.2646248e-02  -2.0685778e-03   8.0564012e-04
   2.7051191e-01   2.1097533e-01  -1.4204582e-01   1.4124271e-02  -2.5813766e-03   6.8166899e-04
   3.1970990e-01   1.9205946e-01  -3.6700507e-01   1.5189477e-02  -2.2813653e-03   1.4026955e-03
   2.8317838e-01   2.0206897e-01  -1.2239612e-01   1.3586954e-02  -1.4610241e-03   6.6400714e-04
   2.8083793e-01   1.9315794e-01  -2.9268530e-01   1.6060669e-02  -9.1666268e-04   1.5190098e-03
   2.8204328e-01   1.9796800e-01  -1.5351214e-01   1.5052588e-02  -9.5372961e-04   1.9669226e-03
   2.9637818e-01   1.5625016e-01  -5.7384455e-02   1.3820532e-02  -1.0776450e-03   1.5302822e-03
   3.2070722e-01   2.0630476e-01  -2.4271001e-01   1.6035506e-02  -1.6849554e-03   1.4687648e-03
   2.8972685e-01   1.8905669e-01  -1.0472628e-01   1.5117072e-02  -1.5839295e-03   1.2408476e-03
   2.8986650e-01   1.8185223e-01  -1.3366042e-01   1.5843836e-02  -1.2111087e-03   1.6648789e-03
   3.1350069e-01   2.3221418e-01  -2.7053816e-01   1.6354775e-02  -1.7304081e-03   1.5456884e-03
   2.8888196e-01   2.0798603e-01  -9.5801493e-02   1.4479005e-02  -1.5028213e-03   1.3935323e-03
   3.2396950e-01   2.2436551e-01  -1.8082631e-01   1.6356932e-02  -1.2553645e-03   1.7457464e-03
   3.1371372e-01   2.3386626e-01  -1.8216371e-01   1.5771545e-02  -1.3661982e-03   2.1164945e-03
   2.9960388e-01   3.0934526e-01   6.2971746e-02   1.1731203e-02  -1.8292324e-03   9.1792499e-04
   2.1807823e-01   3.0531898e-01  -1.8431949e-01   1.1521576e-02  -1.8056135e-03  -6.3355685e-04
   1.9655932e-01   2.2709682e-01  -3.9091779e-01   1.4186346e-02  -1.0564240e-03  -5.2095577e-04
   2.5169231e-01   2.3245345e-01  -2.5040518e-01   1.2552216e-02  -1.7276694e-03  -9.8484931e-06
   2.4041011e-01   1.9401676e-01  -2.8072667e-01   1.3337842e-02  -1.7530779e-03  -1.5244897e-04
   2.6281151e-01   1.8235958e-01  -2.0740055e-01   1.2490226e-02  -1.6648168e-03   3.6379832e-04
   2.2792749e-01   2.8057726e-01  -1.0558435e-01   1.0335172e-02  -1.7440680e-03  -2.6554430e-04
   2.2589766e-01   1.9236530e-01  -1.4506666e-01   9.8924143e-03  -1.6520394e-03  -1.4970750e-04
   2.2841182e-01   1.9624240e-01  -1.3555787e-01   1.1784243e-02  -1.5813658e-03   1.2760641e-04
   2.2707976e-01   2.1699080e-01  -1.8987358e-01   1.4306609e-02  -4.0265589e-03   3.6937941e-05
   2.3324122e-01   2.4584955e-01  -1.2838897e-01   1.1997809e-02  -2.2845842e-03  -1.8722143e-04
   2.4629805e-01   1.7331655e-01  -4.9395389e-02   9.4321262e-03  -2.1775517e-03  -1.0515045e-03
   1.9613178e-01   2.0351989e-01   6.8236863e-02   1.0112225e-02  -1.9425612e-03  -4.8933719e-04
   2.4755853e-01   1.9885943e-01  -9.5173415e-02   1.1953648e-02  -1.9315601e-03   1.2250640e-04
   2.8162887e-01   1.6853215e-01   7.0496687e-02   1.0388182e-02  -2.3431129e-03   6.4295110e-04
   2.5567554e-01   2.0674925e-01   7.1030996e-02   9.2268895e-03  -1.9526750e-03   6.5557587e-05
   2.6393355e-01   2.1195386e-01   8.3199469e-02   1.0446320e-02  -1.5700043e-03   5.1347274e-04
   1.4114921e-01   3.0461402e-01  -2.7091551e-01   1.3467961e-02  -1.7913213e-03  -1.0371980e-03
   1.4313437e-01   2.8248646e-01  -1.4521793e-01   1.1361413e-02  -1.3000121e-03  -1.4300675e-03
   1.6250639e-01   2.6064965e-01  -1.2939864e-01   1.1154317e-02  -1.4067453e-03  -1.0130126e-03
   1.6791778e-01   2.6313004e-01  -7.3650665e-02   1.0004505e-02  -1.4307922e-03  -9.1696652e-04
   1.8592332e-01   2.2990846e-01  -7.1397894e-02   1.0995230e-02  -1.4075548e-03  -8.1739933e-04
   2.2190944e-01   2.2694030e-01  -9.6220805e-02   1.1020118e-02  -1.1985784e-03  -7.1947267e-04
   2.2211024e-01   4.0531623e-01   1.4846851e-01   8.9186766e-03  -1.5725725e-03  -2.4901448e-04
   2.2219134e-01   6.5535113e-01   5.6473019e-01   6.3859688e-03  -3.7608839e-03  -5.7185190e-04
   1.6094151e-01   2.7371720e-01  -2.4357219e-01   1.2068679e-02  -3.0039484e-03  -1.4402011e-03
   1.4274047e-01   5.4332554e-01  -4.6777277e-01   9.5168002e-03  -1.8580654e-03  -1.3268522e-03
   1.5734900e-01   5.0471768e-01  -4.3857981e-01   1.1599601e-02  -9.9800600e-04  -5.5460717e-04
   1.8559688e-01   4.6860968e-01  -4.8896031e-01   1.2743657e-02  -1.7239715e-03   2.0299123e-05
   1.9484868e-01   4.4599249e-01  -4.6596814e-01   1.3852634e-02  -1.9217986e-03  -5.7964099e-05
   1.9655079e-01   4.7977871e-01  -5.5242984e-01   1.2999263e-02  -2.4023379e-03   1.0659433e-04
   1.9230003e-01   4.7785329e-01  -4.8208199e-01   1.3606527e-02  -1.8766230e-03   2.0236542e-04
   1.7311626e-01   4.7398439e-01  -3.7832792e-01   1.3376627e-02  -1.1986614e-03  -2.8052384e-04
   1.9737496e-01   5.3331749e-01  -3.8144675e-01   1.4310082e-02  -1.3497761e-03   3.0701936e-04
   1.6540534e-01   5.3206513e-01  -1.4027266e-01   1.2432056e-02  -8.6183479e-04  -4.5433414e-04
   1.9691988e-01   5.6316873e-01   3.4299073e-01   1.0934986e-02  -1.4242328e-03  -1.4922517e-03
   2.1427703e-01   5.4394032e-01   3.1441734e-01   1.3629950e-02  -2.0665110e-03  -3.8208467e-04
   2.0586424e-01   7.6483830e-01   3.2474467e-01   1.2025943e-02  -2.2976717e-03  -5.0225323e-04
   1.5835862e-01   6.2148356e-01  -1.7596056e-01   1.3911805e-02  -3.3490094e-03  -6.8492981e-04
   1.3489929e-01   4.9190508e-01  -9.1182381e-02   1.3376262e-02  -2.7723719e-03  -1.1787622e-03
   2.0375347e-01   5.0626713e-01  -1.7830907e-01   1.5099671e-02  -4.5799840e-03  -2.3738280e-04
   2.0463941e-01   5.0201927e-01  -1.8925804e-01   1.5055855e-02  -5.1609451e-03  -2.8787185e-04
   1.6926938e-01   5.0262907e-01  -1.9088627e-01   1.5100275e-02  -4.4294635e-03  -9.2304529e-04
   1.5692345e-01   5.2516196e-01  -2.1582219e-01   1.5664052e-02  -4.3568413e-03  -9.2763832e-04
   1.7049664e-01   5.2079909e-01  -2.1044400e-01   1.5389925e-02  -4.0369163e-03  -3.3796864e-04
   1.7762747e-01   5.4258398e-01  -2.9800803e-01   1.6668830e-02  -4.3728409e-03   2.4190392e-04
   1.6679276e-01   5.2255152e-01  -2.1609287e-01   1.5730141e-02  -4.0773158e-03   2.7084398e-05
   1.5773120e-01   5.1738705e-01  -8.1256844e-02   1.4096062e-02  -3.3108140e-03   8.6849032e-05
   1.4914303e-01   6.6429318e-01   1.3963718e-01   1.2965598e-02  -2.5837532e-03   2.7775219e-04
   1.1561335e-01   5.7437571e-01   1.0869668e-02   1.3527454e-02  -2.7310091e-03  -5.8702812e-04
   1.5306767e-01   5.7152246e-01  -1.3681562e-01   1.5591875e-02  -3.1331531e-03  -4.7167341e-04
   2.0377662e-01   5.6476475e-01   5.1051467e-02   1.6855756e-02  -4.7359378e-03  -5.8472706e-04
   2.0105366e-01   5.4155147e-01   3.4471212e-02   1.6926332e-02  -4.0380112e-03  -4.8206861e-05
   2.3958562e-01   5.3874742e-01   2.3943754e-02   1.6366667e-02  -3.6015245e-03   5.0467735e-04
   2.0318689e-01   6.0808817e-01  -7.9503129e-02   1.4966486e-02  -2.9031938e-03  -3.8407213e-04
   2.0491345e-01   6.3350878e-01  -2.6068720e-01   1.7439634e-02  -3.5822877e-03  -8.9060641e-04
   2.1909366e-01   6.0064560e-01   9.1956842e-02   1.2140119e-02  -3.8173719e-03  -1.3137023e-03
   2.1025111e-01   4.7200692e-01  -1.3609423e-01   1.3822205e-02  -4.4071866e-03  -2.0570236e-03
   1.8686762e-01   4.9281131e-01  -8.0933538e-02   1.3653618e-02  -4.2805203e-03  -1.8312627e-03
   1.8308313e-01   4.5797929e-01  -1.4564132e-01   1.4669610e-02  -4.1353672e-03  -1.8696129e-03
   1.9908501e-01   4.4944502e-01  -7.8324621e-02   1.3788762e-02  -3.9731000e-03  -1.6132180e-03
   2.2713405e-01   4.3214019e-01  -2.5757989e-01   1.5489284e-02  -3.7491412e-03  -1.0677190e-03
   2.4101484e-01   5.2280194e-01  -2.7391239e-01   1.4507621e-02  -3.2577000e-03  -7.2128617e-04
   2.5053108e-01   5.6481293e-01  -2.7590923e-01   1.5398064e-02  -3.3814728e-03  -9.4392809e-04
   2.5801207e-01   5.0144947e-01   2.1927652e-02   1.5991473e-02  -3.0616220e-03   1.3259432e-05
   2.2748582e-01   5.8868440e-01  -3.6929607e-01   1.7178150e-02  -2.7123281e-03  -1.8492860e-03
   2.2176060e-01   5.5022528e-01  -3.0136305e-01   1.6529264e-02  -3.0766474e-03  -2.3084245e-03
   1.9346986e-01   5.7589746e-01  -9.0389086e-02   1.4721468e-02  -2.2959470e-03  -2.3109227e-03
   2.0119278e-01   5.7580788e-01  -3.1574684e-01   1.7731143e-02  -2.1241497e-03  -2.1127507e-03
   1.9786274e-01   5.0080364e-01  -2.4199965e-01   1.7992796e-02  -2.0399114e-03  -1.6682519e-03
   1.9474069e-01   5.0310696e-01  -2.4457217e-01   1.6824663e-02  -2.0043390e-03  -2.3727240e-03
   2.1967481e-01   4.9244740e-01  -1.3923609e-01   1.5507678e-02  -2.5488086e-03  -2.0613192e-03
   1.9796269e-01   5.1549114e-01  -1.7717360e-01   1.6301469e-02  -2.4579614e-03  -2.6870957e-03
   2.0253168e-01   5.2778571e-01  -1.3685054e-01   1.5622521e-02  -2.4973690e-03  -2.5484694e-03
   1.9596741e-01   5.0375629e-01  -1.8084873e-01   1.6830479e-02  -2.2176469e-03  -2.6690651e-03
   2.1975745e-01   4.9373654e-01  -2.1850270e-01   1.7214488e-02  -2.2075517e-03  -2.2882921e-03
   2.0927980e-01   5.2860454e-01  -1.7009602e-01   1.5763396e-02  -2.4267748e-03  -2.4682999e-03
   2.0198469e-01   5.1058798e-01  -1.7016984e-01   1.6312465e-02  -2.1832903e-03  -2.5524678e-03
   1.8695775e-01   5.6430570e-01  -1.8457928e-01   1.5444430e-02  -2.6259070e-03  -2.7444436e-03
   1.8884522e-01   5.3684876e-01  -2.0107254e-01   1.6212576e-02  -2.1950051e-03  -2.5791153e-03
   1.7800390e-01   6.2741729e-01  -9.7527412e-02   1.4868718e-02  -2.1911485e-03  -2.8023163e-03
   1.9934758e-01   7.1231236e-01   8.4178145e-02   1.2309731e-02  -3.2410794e-03  -2.9074449e-03
   1.8902802e-01   6.5686308e-01  -5.6900233e-02   1.5422301e-02  -4.0983995e-03  -3.0276965e-03
   1.4393173e-01   7.6077077e-01  -4.1779734e-01   1.4856215e-02  -3.4484421e-03  -2.9887598e-03
   1.4392424e-01   6.4722128e-01  -5.3540967e-01   1.5824526e-02  -2.9499193e-03  -1.9149569e-03
   1.5580031e-01   6.0808968e-01  -3.7639070e-01   1.4498838e-02  -3.1555183e-03  -1.7225190e-03
   1.4377268e-01   5.7205809e-01  -4.3050999e-01   1.4760652e-02  -2.7304560e-03  -1.6998264e-03
   1.8572647e-01   5.8743685e-01  -4.4111235e-01   1.5291411e-02  -2.8804147e-03  -1.2046050e-03
   2.5196512e-01   5.8583244e-01  -5.2972724e-01   1.6551121e-02  -3.8194770e-03  -6.5941536e-04
