   1.0673895e-14   0.0000000e+00  -6.4760100e-15  -5.4613543e-17  -1.0864284e-17  -5.7777898e-34
  -2.6149558e-03   1.7892721e-02   3.8344661e-02  -4.0828272e-04   1.5273008e-04  -2.7270149e-05
  -7.5218163e-03  -2.5345827e-03   3.0054032e-02  -6.3764302e-04   2.0115758e-04  -2.1736818e-04
  -1.9895575e-03   5.1084988e-02   8.0242920e-02  -8.3094562e-04   3.2202404e-04  -9.4678902e-05
  -1.7107991e-02  -5.8241974e-03   1.5699426e-02  -1.3450095e-03   5.2695209e-04  -6.2457140e-05
  -2.0766712e-02   1.5851405e-02   3.3951794e-04  -9.0299020e-04   4.7836228e-04  -1.2648465e-04
  -1.2894447e-02   3.3925451e-03   2.1679694e-02  -1.2555524e-03   6.5264434e-04   8.9140857e-05
  -2.6688443e-02   3.1606639e-02   7.4912231e-03  -1.3533345e-03   7.2360637e-04  -1.8186768e-04
  -2.9522200e-02   2.9421505e-02   5.0132107e-02  -1.6454639e-03   8.8709421e-04  -1.6555061e-04
  -3.1461906e-02   4.0124150e-02   7.0009703e-02  -1.8293832e-03   9.5871262e-04  -1.3144033e-04
  -1.7363639e-02   5.7556460e-02   4.4843787e-02  -1.8609209e-03   6.9141758e-04  -5.4588965e-05
  -3.1914873e-02   5.6714213e-02   7.5734992e-02  -2.1785195e-03   1.0579132e-03  -4.0196020e-04
  -2.1647291e-02   6.6108027e-02   7.2868478e-02  -2.1615662e-03   8.3832154e-04  -1.8221855e-04
  -2.2645960e-02   5.4377496e-02   1.4418238e-01  -1.7924165e-03   9.0613211e-04  -1.3793323e-04
  -3.1917869e-03   3.2523255e-02   6.3372968e-02  -1.6209159e-03   4.8005723e-04   2.5039312e-05
   6.6882103e-03  -2.6556658e-03   9.3491858e-02  -1.7756917e-03   4.6096005e-04  -2.2907402e-06
   1.7035858e-02  -1.6284612e-02   1.5706109e-01  -1.8902124e-03   5.2308632e-04   1.1734495e-04
   3.8729499e-03  -9.7321345e-03   1.5087910e-01  -2.3315374e-03   6.5060118e-04   4.0705734e-05
  -1.6502792e-03  -3.2510972e-02   1.3581252e-01  -2.1402021e-03   7.3455421e-04   2.7763972e-04
   4.3282869e-04   6.9118277e-03   1.2951515e-01  -1.4163950e-03   6.8554381e-04   3.9239500e-04
   8.9584330e-03   1.1250188e-02   5.5426824e-02  -1.5306299e-03   1.5716536e-04   4.7748610e-04
   1.3752234e-02   6.8965629e-02   1.4062156e-01  -2.7903507e-03   6.4186411e-05   5.7190587e-04
   2.4990862e-03   8.1152984e-02   2.8194399e-01  -3.3455749e-03   2.1308200e-04   5.6750861e-04
   7.0522009e-03   9.6759947e-02   2.6724613e-01  -3.1768207e-03   2.8099016e-04   7.1991995e-04
   1.0207602e-02   8.4400294e-02   1.9160224e-01  -2.9869854e-03   3.6517233e-04   5.9365985e-04
   1.5740930e-03   1.0012392e-01   1.9659415e-01  -3.1257723e-03   5.3706787e-04   6.4578295e-04
   2.5457294e-03   7.3002043e-02   2.3993350e-01  -3.7840443e-03   6.1149111e-04   6.8884684e-04
   1.1897347e-02   8.2603561e-02   1.7706742e-01  -3.3270415e-03   5.3783327e-04   8.6618072e-04
   1.6230343e-02   8.4140741e-02   2.2579972e-01  -3.6125472e-03   5.1937257e-04   9.0734924e-04
   1.8057866e-02   1.0976184e-01   2.2611839e-01  -3.7366754e-03   5.7829522e-04   9.5268704e-04
   1.4302656e-02   1.0755237e-01   2.0974115e-01  -3.3416451e-03   5.2906996e-04   6.8182817e-04
   1.8859625e-02   8.7200285e-02   2.2844069e-01  -3.3885107e-03   5.8011674e-04   1.0527944e-03
   2.3267774e-02   9.6735044e-02   2.4324763e-01  -3.3917976e-03   4.6829516e-04   9.6553776e-04
   2.0830020e-02   9.1019211e-02   2.2937473e-01  -3.2505272e-03   4.7962313e-04   1.1683150e-03
  -2.8320097e-03   1.0015970e-01   2.6886968e-01  -3.4864118e-03   7.1758644e-04   9.4312686e-04
   2.8753574e-03   8.1373648e-02   2.8991253e-01  -3.3353243e-03   6.7202520e-04   1.2762317e-03
  -2.3235904e-03   9.4397338e-02   2.3433105e-01  -1.8902004e-03   8.7704826e-04   1.1285784e-03
   1.9259529e-02   6.5915304e-02   2.3098361e-01  -1.6631532e-03   5.1185052e-04   1.4442219e-03
   1.2485959e-02   5.8055805e-02   3.1567924e-01  -3.2811069e-03   7.4947013e-04   1.3726612e-03
   3.1355724e-02   4.3914322e-02   3.0669297e-01  -2.7492754e-03   5.7889376e-04   1.7187826e-03
   3.5638045e-02   4.9999221e-02   3.2184479e-01  -3.0013991e-03   3.7915143e-04   1.8849708e-03
   1.4034936e-02   5.8814049e-02   3.3795135e-01  -3.1741650e-03   8.9964188e-04   1.4333371e-03
   1.5506591e-02   3.0516669e-02   3.7965116e-01  -3.4933145e-03   7.8201032e-04   1.5905351e-03
   2.0243045e-02   3.0066538e-02   3.5526014e-01  -2.9982863e-03   7.9648041e-04   1.5182393e-03
   6.0075208e-03   3.0219736e-02   3.6382758e-01  -3.0931907e-03   8.5458427e-04   1.4481448e-03
   3.4290154e-03   7.0803971e-02   3.9149698e-01  -3.7106804e-03   1.0463658e-03   1.4226175e-03
   1.4825626e-02   8.2078701e-02   3.6136170e-01  -3.4706372e-03   9.1516552e-04   1.4232557e-03
   7.9247444e-03   6.6041211e-02   3.6096139e-01  -3.0423529e-03   9.3021091e-04   1.5675228e-03
   2.9625670e-02   6.5023567e-02   3.6258587e-01  -2.8230689e-03   6.5488523e-04   1.9229711e-03
   3.4516933e-02   4.9602615e-02   3.4273254e-01  -2.6005721e-03   4.9297349e-04   2.1240206e-03
   3.1141387e-02   5.1557213e-02   4.0122263e-01  -3.1298858e-03   6.8353935e-04   1.7882821e-03
   1.6110474e-02   5.7193565e-02   3.8454108e-01  -3.1206362e-03   8.3665565e-04   1.7035678e-03
   2.2271442e-02   5.9807643e-02   4.0753484e-01  -3.5011551e-03   9.3779041e-04   1.6712673e-03
   2.5200866e-02   5.4785340e-02   3.6501350e-01  -2.9815664e-03   8.8025644e-04   1.7319130e-03
   1.8312791e-02   6.7337704e-02   4.2099592e-01  -3.6482970e-03   8.3633636e-04   1.6724256e-03
   1.8073973e-02   1.5509340e-01   4.1840698e-01  -3.9427937e-03   1.0218065e-03   1.6087384e-03
   1.8250006e-02   1.0059287e-01   3.1778409e-01  -3.1930781e-03   6.7202569e-04   1.6294266e-03
  -7.4480283e-03   8.5359970e-02   3.8934650e-01  -3.9293629e-03   8.9574131e-04   1.7698779e-03
  -1.1345295e-02   7.8524989e-02   3.8980247e-01  -3.6744287e-03   8.5336764e-04   1.5573898e-03
  -1.1846969e-02   7.6182352e-02   3.6249756e-01  -3.6006527e-03   8.8032775e-04   1.7289300e-03
  -8.5767096e-03   5.8713076e-02   3.6074223e-01  -3.1765511e-03   7.2646140e-04   1.7611570e-03
  -2.0090031e-02   4.4691885e-02   3.9665320e-01  -3.5562663e-03   1.0754383e-03   1.6560229e-03
  -1.6547602e-02   5.7155268e-02   3.7361475e-01  -3.0185742e-03   9.0016493e-04   1.7382697e-03
  -9.7848092e-03   4.2481832e-02   3.9695383e-01  -2.9111080e-03   7.2314601e-04   1.9407315e-03
  -1.2939275e-02   5.8270747e-02   3.6901643e-01  -3.0919631e-03   9.0833212e-04   1.6395535e-03
  -1.5378055e-02   5.8459938e-02   3.8281035e-01  -3.9093256e-03   1.0225800e-03   1.6324524e-03
  -2.9643063e-03   5.7116084e-02   3.8327325e-01  -3.2094227e-03   9.6742666e-04   1.8918870e-03
  -1.9070328e-02   4.6632768e-02   4.0775571e-01  -3.4366404e-03   9.2435441e-04   1.7291458e-03
  -3.2015564e-03   5.7726125e-02   3.9869114e-01  -2.9745234e-03   7.6420507e-04   1.7634509e-03
  -1.2169920e-02   7.3298881e-02   3.7031112e-01  -2.7070352e-03   4.8648218e-04   1.9389967e-03
  -3.3934231e-03   1.0471487e-01   3.2522356e-01  -2.2861031e-03   3.0152326e-04   1.9209790e-03
  -3.2484011e-02   1.2946400e-01   3.5668569e-01  -2.9997208e-03   7.6977522e-04   1.5782418e-03
  -6.0992767e-03   1.3438413e-01   3.6188169e-01  -2.4798886e-03   6.2377356e-04   1.8557396e-03
  -5.0523993e-02   1.2990826e-01   5.0905319e-01  -4.1278266e-03   1.2163470e-03   1.3698237e-03
  -4.2851834e-02   4.5318222e-01   7.6295715e-01  -5.8376401e-03   1.5150206e-03   1.0468386e-03
   1.8555197e-02   2.1985435e-01   3.6825991e-01  -2.7531495e-03  -9.7294041e-05   1.6740152e-03
   1.5536754e-02   9.7457945e-02   4.1242257e-01  -2.3128843e-03  -1.2095295e-04   1.9139882e-03
  -1.8497462e-05   1.1558722e-01   4.1555654e-01  -2.8939883e-03   1.4906495e-04   1.6188316e-03
  -1.4383194e-03   1.1729029e-01   4.2990986e-01  -2.9140418e-03   9.1089103e-05   1.7210798e-03
   6.0475590e-03   1.0660095e-01   4.5836038e-01  -2.9124783e-03   1.1070281e-04   1.9298426e-03
  -9.0110277e-03   9.5918021e-02   4.7355492e-01  -3.2437411e-03   2.9790113e-04   1.7162412e-03
   3.3761749e-03   1.0770111e-01   5.0416600e-01  -3.3650907e-03   3.0025357e-04   1.8125170e-03
  -2.3228354e-02   1.3052154e-01   4.7766649e-01  -3.1515460e-03   4.0402845e-04   1.8006896e-03
  -1.4433186e-02   1.5096534e-01   4.7830667e-01  -3.1351641e-03   2.0737771e-04   2.0096093e-03
  -2.8824502e-02   1.5962554e-01   4.2700428e-01  -2.5775549e-03   3.7057661e-04   1.8952892e-03
   1.9622762e-03   1.7126768e-01   4.5035159e-01  -2.8092338e-03   2.5178354e-04   2.1513363e-03
   6.1582345e-03   1.6631589e-01   4.1821038e-01  -2.4783310e-03   2.8435556e-04   2.3672594e-03
  -5.1098180e-03   1.6715811e-01   4.6715488e-01  -2.1627701e-03   2.1533879e-04   2.3894415e-03
  -2.8007165e-03   1.9882910e-01   4.8211831e-01  -3.7359989e-03   2.4304273e-04   2.2361805e-03
  -5.9657160e-03   1.2306439e-01   4.6317006e-01  -2.8093338e-03   2.2295713e-04   2.5721122e-03
   1.1889745e-03   1.4114053e-01   4.4811529e-01  -3.3866064e-03   1.9788963e-04   2.6257982e-03
  -4.9749858e-03   1.6397859e-01   4.3158788e-01  -2.9851756e-03   3.9723567e-04   2.5025421e-03
  -1.2636844e-02   1.5210014e-01   4.8701731e-01  -3.5501301e-03   5.9470098e-04   2.4613779e-03
  -1.1299483e-02   1.3491590e-01   4.9067136e-01  -3.3269859e-03   3.5560158e-04   2.7758281e-03
  -2.8640264e-02   1.2069789e-01   5.2845058e-01  -3.4318775e-03   6.0009959e-04   2.5214690e-03
  -2.3168109e-02   1.5222792e-01   4.5624397e-01  -2.5429790e-03   3.9583637e-04   2.7186905e-03
  -2.0272152e-02   1.3873218e-01   5.0353183e-01  -3.3355957e-03   4.2907069e-04   2.7353846e-03
  -1.6259804e-02   1.4494612e-01   5.1276770e-01  -3.0722492e-03   5.6696393e-04   2.8715201e-03
  -3.1856269e-02   1.5008968e-01   5.1489663e-01  -3.0620025e-03   6.7896259e-04   2.7044764e-03
  -1.9086882e-02   1.3002517e-01   4.9811207e-01  -2.4800120e-03   6.0339375e-04   2.6885754e-03
  -2.7674372e-02   1.6481325e-01   5.2923249e-01  -3.1407107e-03   7.2760948e-04   2.6379515e-03
  -1.2710886e-02   1.5088670e-01   5.0133536e-01  -2.4395291e-03   7.0244887e-04   2.8395149e-03
  -1.7172803e-02   1.8358374e-01   4.3902909e-01  -3.4312682e-03   3.7415875e-04   2.4668162e-03
  -7.5973864e-02   2.2287094e-01   3.3965997e-01  -2.0872558e-03  -1.7998738e-05   1.0897203e-03
  -1.3585115e-01   2.4239600e-01   5.2105877e-01  -4.7152149e-03   2.3420440e-04   5.2783366e-04
  -7.6226605e-02   2.2155880e-01   6.1847384e-01  -2.5507776e-03   4.9368842e-05   1.1665362e-03
  -7.8315879e-02   1.9571853e-01   5.0503987e-01  -8.4777113e-04  -8.6917294e-04   5.8430579e-04
  -1.5107315e-01   2.4365239e-01   4.0922035e-01  -1.7703778e-03  -2.3750641e-03   1.3475647e-04
  -1.4491811e-01   1.6896326e-01   4.3804053e-01  -1.1128454e-03  -2.4695830e-03   5.0620816e-04
  -1.4375733e-01   3.5249318e-01   6.6788761e-01  -2.9021700e-03  -2.2941362e-03   3.2725821e-04
  -1.3316543e-01   2.5356718e-01   4.8849371e-01  -9.5748242e-04  -2.7956187e-03   4.7071487e-04
  -1.2958991e-01   2.1590793e-01   5.3655566e-01  -1.6386359e-03  -2.7241773e-03   7.4523616e-04
  -1.4069057e-01   1.9629582e-01   4.4229916e-01  -2.1474825e-03  -2.7569208e-03   6.4932051e-04
  -1.3469360e-01   2.1495038e-01   4.8793710e-01  -3.0170223e-03  -2.5023461e-03   8.9935025e-04
  -1.2199143e-01   2.4480330e-01   4.1079023e-01  -2.9616269e-03  -2.1902135e-03   1.1963380e-03
  -1.5067590e-01   2.6168791e-01   3.7695842e-01  -3.0692074e-03  -2.1833265e-03   9.9948307e-04
  -1.6554720e-01   1.9150658e-01   3.0964450e-01  -1.9047669e-03  -1.2138375e-03   6.7506658e-04
  -1.7202862e-01   2.3119025e-01   3.3302168e-01  -2.0597449e-03  -1.2364338e-03   1.6844485e-04
  -1.3099205e-01   3.1231384e-01   7.9397772e-03   6.1422969e-04  -1.3122356e-03  -9.1040524e-05
  -1.6825089e-01   3.1649876e-01   7.8615419e-02  -7.2025338e-04  -1.4359856e-03  -1.1543932e-03
  -1.2997947e-01   3.0655872e-01   8.9202634e-02   3.3533262e-04  -2.1996172e-03  -2.5510567e-04
  -1.4760106e-01   3.3042675e-01   1.3422308e-01  -3.6298847e-04  -2.0223009e-03  -6.0077352e-04
  -1.2895868e-01   3.3008913e-01   1.4474046e-01   1.2948886e-04  -2.3293536e-03  -1.0707574e-04
  -1.4489694e-01   3.5324299e-01   1.4784867e-01  -1.7378417e-04  -2.2303471e-03  -1.8120949e-04
  -1.4551272e-01   3.2918091e-01   1.6506436e-01   1.0434632e-04  -2.2974925e-03  -1.9191029e-04
  -1.5080554e-01   3.0711161e-01   1.7444489e-01  -4.1114259e-05  -2.4250038e-03  -3.7122596e-05
  -1.5084822e-01   2.8525538e-01   1.9214959e-01   6.5268964e-05  -2.3826712e-03   1.0533960e-04
  -1.5862942e-01   2.8717347e-01   2.1795269e-01  -5.1575904e-04  -2.2482085e-03   2.4806946e-04
  -1.5275213e-01   2.9155019e-01   1.7789546e-01  -2.1600445e-05  -2.5591601e-03   3.2444216e-04
  -1.6253567e-01   2.9238661e-01   3.0621512e-01  -9.8127075e-04  -2.2030252e-03   2.3421371e-04
  -1.6552394e-01   2.9979626e-01   3.3509398e-01  -7.0329802e-04  -2.3326076e-03   5.2216019e-04
  -1.7291674e-01   2.8062149e-01   3.1463578e-01  -1.0016853e-03  -2.3315582e-03   2.8808623e-04
  -1.6694326e-01   3.0753003e-01   2.8487140e-01  -6.8834300e-04  -2.3630138e-03   2.2318174e-04
  -1.8458285e-01   3.3856069e-01   3.4083386e-01  -1.2884085e-03  -2.2211012e-03   5.9614686e-05
  -1.8475537e-01   3.2122109e-01   3.2184898e-01  -1.4095466e-03  -2.0872212e-03  -2.1170985e-04
  -1.5952021e-01   2.8436128e-01   3.1104955e-01  -1.8498350e-03  -2.4443273e-03   9.6210070e-05
  -1.7210135e-01   2.9473438e-01   2.8753360e-01  -1.1686339e-03  -2.3702622e-03  -9.9576387e-06
  -1.8455484e-01   2.8854179e-01   2.5580300e-01  -1.8456005e-03  -2.3022688e-03  -3.8418834e-04
  -1.9314130e-01   3.3209972e-01   3.2156652e-01  -2.3912283e-03  -2.1702086e-03  -3.3465218e-04
  -1.9217727e-01   3.4744320e-01   3.3936646e-01  -2.5119575e-03  -2.1504221e-03  -3.6869814e-04
  -1.8240424e-01   3.2078272e-01   3.2618192e-01  -1.6649622e-03  -2.3765932e-03  -1.6879117e-04
  -1.8150287e-01   3.2702494e-01   2.8711529e-01  -1.3033771e-03  -2.5929051e-03  -1.8777318e-04
  -1.9414763e-01   3.5745388e-01   3.5057009e-01  -2.2821613e-03  -2.2572484e-03  -2.8592425e-04
  -1.7724389e-01   3.6086143e-01   2.6468716e-01  -1.3257898e-03  -2.4122415e-03  -2.2348575e-05
  -1.9536108e-01   3.4944375e-01   2.7613718e-01  -1.8413935e-03  -2.1560322e-03  -2.3199799e-05
  -1.9180852e-01   3.4727462e-01   2.9513169e-01  -1.5720160e-03  -2.1876485e-03   2.1223836e-04
  -1.8817127e-01   3.4646653e-01   3.0449025e-01  -1.6664446e-03  -2.3692530e-03   4.7143549e-04
  -1.9351513e-01   3.4210489e-01   2.8911115e-01  -1.5458494e-03  -2.4200967e-03   4.2238582e-04
  -1.9719257e-01   3.2449221e-01   2.9321248e-01  -1.5289170e-03  -2.3249554e-03   1.6641756e-04
  -1.8453305e-01   3.3297958e-01   2.8495302e-01  -1.4343166e-03  -2.3057853e-03   1.1332629e-04
  -1.7754102e-01   3.3008087e-01   2.9725566e-01  -1.4575760e-03  -2.5367188e-03   1.2818709e-04
  -1.7686439e-01   3.2105167e-01   2.9461276e-01  -1.2240006e-03  -2.6216643e-03   1.3533148e-04
  -1.7409430e-01   3.1391721e-01   2.9864685e-01  -9.8013752e-04  -2.7222697e-03   1.3509013e-04
  -1.7014180e-01   3.1763891e-01   2.9868099e-01  -5.5417115e-04  -2.6977975e-03   1.7846465e-04
  -1.6694502e-01   3.2720438e-01   2.7414653e-01  -5.7761846e-04  -2.7989356e-03   3.2395504e-04
  -1.7741852e-01   3.1957257e-01   3.1226401e-01  -3.3999836e-04  -2.8644242e-03   6.2432980e-05
  -1.7366235e-01   3.4988156e-01   2.7689760e-01  -2.2263678e-04  -2.8502847e-03   2.2512645e-04
  -1.6381433e-01   3.5052213e-01   3.0532261e-01  -2.1654989e-04  -3.1249277e-03   4.4712609e-04
  -1.6740785e-01   3.6252574e-01   3.0329830e-01  -8.2604724e-05  -3.1648226e-03   5.5602904e-04
  -1.8016859e-01   3.7518600e-01   3.2083693e-01  -3.6381600e-04  -3.0901667e-03   2.6147968e-04
  -1.9142530e-01   3.9713739e-01   3.2636418e-01  -7.5850775e-04  -2.9436506e-03   2.0528219e-04
  -1.7418353e-01   3.8625543e-01   3.2022665e-01  -7.9674484e-04  -3.2349312e-03   4.2372021e-04
  -1.8273550e-01   3.8698852e-01   3.2877674e-01  -1.0369409e-03  -3.1552799e-03   3.4917281e-04
  -1.8319809e-01   3.7781486e-01   3.4566637e-01  -8.7943369e-04  -3.1008507e-03   4.5692072e-04
  -1.8469637e-01   3.8403864e-01   3.2975733e-01  -1.2313519e-03  -3.0727901e-03   3.5187972e-04
  -1.8192574e-01   3.7651219e-01   3.4598243e-01  -1.3900563e-03  -3.0978556e-03   3.7066905e-04
  -1.8233217e-01   3.7727590e-01   3.6336155e-01  -1.0544634e-03  -3.1687923e-03   5.4862174e-04
  -1.6884857e-01   3.3415897e-01   3.9194566e-01  -6.5408254e-04  -3.3807023e-03   7.4061499e-04
  -1.7027595e-01   3.4359709e-01   4.4061078e-01  -1.2862453e-03  -3.4611634e-03   7.1940917e-04
  -1.7403002e-01   3.9460828e-01   4.1667036e-01  -1.2870375e-03  -3.5048677e-03   5.7081928e-04
  -1.7950075e-01   4.0895466e-01   4.2875716e-01  -1.3432174e-03  -3.1828680e-03   8.0656593e-04
  -1.7849283e-01   3.8563456e-01   3.7280844e-01  -2.2977251e-04  -3.3779011e-03   3.4457563e-04
  -1.6576212e-01   3.8099381e-01   3.7427819e-01   4.8435943e-05  -4.1262004e-03   1.6968032e-04
  -1.7358161e-01   4.0185889e-01   4.1470920e-01  -4.3181553e-04  -3.8671971e-03   9.6745334e-05
  -1.7961005e-01   3.9000611e-01   4.3934782e-01  -1.3173578e-04  -4.0638151e-03   5.0824323e-05
  -1.8284249e-01   4.1641761e-01   4.3149521e-01  -3.3179217e-04  -4.0720867e-03  -1.1945475e-05
  -1.7060276e-01   4.2726954e-01   4.3922724e-01  -3.2528878e-04  -4.3223192e-03   1.2735492e-04
  -1.7487054e-01   4.5188494e-01   4.2599303e-01  -6.6307407e-04  -4.3646050e-03   7.0511730e-06
  -1.7656185e-01   4.3201068e-01   4.1136665e-01  -7.1087522e-04  -4.4079051e-03  -8.0931965e-05
