   0.0000000e+00   0.0000000e+00   0.0000000e+00   0.0000000e+00   0.0000000e+00   0.0000000e+00
   8.0101153e-03   3.5439937e-02  -4.9006823e-02   1.8634617e-04  -1.4347389e-04   4.0274744e-05
   9.9666180e-03   5.3733023e-02  -4.6158521e-02   3.7783702e-05  -2.2318808e-04   2.2991930e-04
   2.4720950e-03   7.4831195e-02  -3.0344734e-02  -5.2018796e-05   4.2909226e-04  -1.1990985e-04
   1.7849945e-02   7.5085676e-02  -2.5555800e-02  -6.9414192e-04   5.9935868e-04   2.1334626e-04
   1.2095157e-03   9.5620653e-02  -3.9472823e-02  -5.4927003e-04   3.6571580e-04  -1.8188868e-04
  -3.1061942e-02   1.1869242e-01  -9.5701738e-02  -6.3558535e-04   3.9617628e-04  -4.5849589e-04
  -4.5346369e-02   1.1693663e-01  -7.4850762e-02  -2.8695956e-04   5.8805161e-04  -4.8920523e-04
  -2.8159065e-02   9.7233573e-02  -4.7558857e-02  -4.3863124e-04   5.1764528e-04  -2.5091077e-04
  -5.6066189e-02   4.6906205e-02  -6.8460422e-02  -1.5780356e-04   1.1351083e-04  -4.4968105e-04
  -5.4496611e-02   6.0545197e-02  -7.6524578e-02  -1.6773579e-04   3.0814203e-04  -4.8050263e-04
  -4.0869744e-02   6.7422267e-02  -3.3876456e-02  -8.5243171e-04   7.2998907e-05  -3.2853029e-04
  -4.2064582e-02   1.2519306e-01  -3.2764302e-02  -3.2854635e-04   2.0731803e-04  -4.5013231e-04
  -3.0856210e-02   1.2565719e-01  -2.7661334e-02  -5.6259745e-04   4.6125496e-04  -4.4613863e-04
  -4.0084005e-02   1.2039425e-01  -4.1734464e-02  -1.0382688e-04   3.2226089e-04  -5.5954867e-04
  -4.7512177e-02   1.2049830e-01  -5.5445295e-02  -1.4763040e-04   5.5127197e-04  -5.4341789e-04
  -4.9179464e-02   1.1572182e-01  -5.0449051e-02  -6.9399824e-04   4.9190419e-04  -4.3085850e-04
  -4.6134128e-02   1.4469186e-01  -4.1932370e-02  -7.2540107e-05   4.3055099e-04  -3.1095373e-04
  -4.0284306e-02   8.2629989e-02  -7.3690841e-02  -2.2265475e-04   5.3115448e-04  -6.5205127e-05
  -6.8952839e-02   1.2533154e-01  -6.6369050e-02   2.9569287e-05   4.5863111e-04  -8.5838953e-04
  -2.9180953e-02   1.2756867e-01  -4.0786026e-02   2.7558305e-04   2.6453948e-04  -3.9757221e-04
  -5.1110753e-02   1.5493187e-01  -1.3303841e-02   3.2836817e-04   3.5220948e-04  -1.1200260e-03
  -7.6405497e-02   1.0051238e-01  -1.0336560e-01   9.9635748e-04   5.2120988e-04  -1.4540810e-03
  -4.1481656e-02   7.9285228e-02  -6.3756861e-02   3.1577148e-04   1.7042089e-04  -4.7003855e-04
  -4.6597496e-02   5.8968302e-02  -1.5188846e-02   2.8601322e-04   4.8115341e-06  -3.8934793e-04
  -5.5019115e-02   8.0983469e-02  -3.4595877e-02   9.4952923e-05   1.9257502e-04  -3.6938484e-04
  -8.5864718e-02   8.0768212e-02  -5.6396853e-02   1.5220760e-04   5.1574538e-04  -9.6995255e-04
  -7.9873170e-02   1.1547971e-01  -3.6979978e-02   6.4273681e-06   4.3373371e-05  -1.0401049e-03
  -8.7750988e-02   1.4461013e-01  -4.5651020e-02   1.2528937e-04   2.8381135e-04  -1.1318176e-03
  -8.8674882e-02   1.5659550e-01  -3.2643937e-02  -1.7225592e-04   1.2781759e-04  -1.1390583e-03
  -1.0330426e-01   1.5625334e-01  -6.8987378e-02   2.6256496e-04   2.2270567e-04  -1.2667028e-03
  -8.5855529e-02   1.0638846e-01  -5.6482812e-02   9.4816090e-05   1.5551788e-04  -1.0362680e-03
  -1.0697134e-01   9.3475215e-02  -6.0469723e-02   3.8238434e-04   1.4439084e-04  -1.4395118e-03
  -9.3492447e-02   1.0856804e-01  -4.2900880e-02  -3.2660546e-05   2.5828703e-04  -1.3692472e-03
  -9.6132984e-02   9.6971923e-02  -3.8447904e-02  -1.1033589e-05   1.7236201e-04  -1.2649842e-03
  -9.5647176e-02   1.1246731e-01  -6.2841840e-02   2.0452172e-04   2.2765708e-04  -1.1594572e-03
  -9.5946924e-02   9.4304984e-02  -7.1429403e-02   6.4391492e-04   1.8211214e-04  -1.2490147e-03
  -7.8408475e-02   1.1826217e-01  -5.4617519e-02   9.0966317e-05   5.2966239e-05  -1.1553156e-03
  -6.1149264e-02   2.8200259e-01   9.6066133e-02  -2.8325924e-04  -5.7916469e-05  -1.4633439e-03
  -9.7333247e-02   1.1879027e-01  -9.2520309e-02   1.8606621e-03  -7.8505935e-05  -1.2369872e-03
  -1.0418634e-01   1.4996112e-01  -5.2740543e-02   7.1716438e-04  -3.8297324e-06  -1.7090068e-03
  -9.1258884e-02   1.5990584e-01  -3.0718875e-02   2.1448550e-03  -1.9007727e-04  -1.4071731e-03
  -8.7600818e-02   1.3600090e-01  -2.6903636e-02   1.9610081e-03   3.5941963e-04  -1.1659818e-03
  -1.0641288e-01   1.6837225e-01  -2.4132741e-02   2.4856055e-03   4.4799389e-04  -1.5120105e-03
  -9.4273283e-02   1.7199706e-01  -7.7031416e-02   2.6584282e-03   1.2162591e-03  -1.4539515e-03
  -8.4539397e-02   1.4056726e-01  -5.7626799e-02   1.6904744e-03   8.3843847e-04  -1.2894519e-03
  -1.0589367e-01   1.3922051e-01  -8.4666055e-02   1.9037682e-03   5.2329613e-04  -1.4774455e-03
  -7.5039892e-02   1.3568448e-01  -1.6192629e-02   1.8940108e-03   3.6617465e-04  -1.0044928e-03
  -8.7027569e-02   1.3120134e-01  -1.9106282e-02   1.6706722e-03  -2.3002912e-06  -1.2883333e-03
  -1.0376275e-01   1.2197407e-01  -1.4426258e-02   1.5600736e-03  -4.9401620e-04  -1.4240656e-03
  -1.2187555e-01   1.4845118e-01   1.9891948e-02   1.3318164e-03  -4.5361199e-04  -1.8492595e-03
  -1.2069584e-01   1.7292568e-01  -2.8770438e-02   2.1190492e-03   4.1252957e-05  -2.0587432e-03
  -8.4964018e-02   1.8322599e-01  -3.7249749e-02   2.4097035e-03   3.2512751e-04  -1.4887235e-03
  -9.5394722e-02   2.0033508e-01  -1.3462671e-02   1.6865657e-03   4.4220285e-04  -1.5855049e-03
  -1.1331801e-01   1.4565328e-01  -1.7373639e-02   1.9866775e-03   1.3087831e-04  -1.8000027e-03
  -1.0796374e-01   1.5983551e-01  -1.9453254e-02   1.9778633e-03   5.4050016e-04  -1.8972099e-03
  -1.0252733e-01   1.4135290e-01  -2.6679282e-02   2.3144818e-03   4.9883243e-04  -1.7179651e-03
  -1.0159522e-01   1.4179342e-01  -6.0057285e-02   2.4346652e-03   4.3794547e-04  -1.7142336e-03
  -9.9096879e-02   1.1373937e-01  -8.0470209e-02   2.1176686e-03   2.7507812e-04  -1.7813877e-03
  -1.1301539e-01   1.2040973e-01  -7.1956371e-02   2.3195536e-03   4.5299657e-04  -1.8707666e-03
  -1.0780083e-01   1.3167316e-01  -6.5704503e-02   2.3188482e-03   3.2522152e-04  -1.7944973e-03
  -9.5729951e-02   1.8891959e-01   1.1434748e-03   1.9756247e-03   2.7927616e-04  -1.8975110e-03
  -8.6741643e-02   1.9370752e-01  -8.3928798e-02   2.9331668e-03   5.1534700e-04  -1.6300645e-03
  -5.6515168e-02   2.2988203e-01   2.6246390e-02   1.8554792e-03   1.6862335e-04  -1.1960130e-03
  -8.5150316e-02   1.9497560e-01  -1.7989737e-03   1.7537300e-03   2.9948794e-04  -1.6745725e-03
  -6.7269489e-02   1.9758935e-01   7.6194442e-02   9.4727927e-04   5.9014986e-05  -1.5570972e-03
  -7.7847539e-02   1.6537470e-01  -5.9457953e-03   2.3160725e-03   1.3112220e-04  -1.3379987e-03
  -9.1087220e-02   1.2983370e-01  -3.2567710e-02   1.8120197e-03   7.0548094e-04  -1.3290491e-03
  -1.0057523e-01   1.4715073e-01  -3.4761763e-02   1.7840376e-03   7.8135194e-04  -1.4098713e-03
  -1.0354076e-01   1.6038492e-01  -1.3853327e-02   1.3437880e-03   7.4108221e-04  -1.6694778e-03
  -8.4580572e-02   1.7205371e-01  -2.8313634e-04   1.6608603e-03   6.9552116e-04  -1.4382213e-03
  -9.1059758e-02   2.0486425e-01  -7.0335481e-02   2.5870583e-03   1.2171502e-03  -1.3938943e-03
  -6.8008050e-02   2.0293012e-01   3.6225599e-02   1.2378566e-03   6.4553714e-04  -9.6531097e-04
  -7.9791299e-02   2.2298385e-01   1.3963956e-02   1.0099884e-03   6.5084384e-04  -1.1204403e-03
  -1.0476933e-01   2.0060052e-01   4.2050568e-04   1.1675523e-03   6.2480964e-04  -1.3678899e-03
  -1.2160114e-01   1.9077636e-01  -5.1033431e-03   1.5861318e-03   7.1236695e-04  -1.5378887e-03
  -1.1540707e-01   1.7250570e-01  -3.4239848e-03   1.6112752e-03   5.1058172e-04  -1.6273197e-03
  -1.0035279e-01   1.6634486e-01  -1.0761417e-02   2.1148975e-03   6.0601958e-04  -1.4772863e-03
  -9.6603160e-02   1.4834132e-01   3.7190469e-02   1.2258184e-03   1.7394386e-04  -1.3406545e-03
  -1.2294464e-01   1.6074473e-01   8.4652296e-03   1.1516155e-03   3.4498474e-04  -1.8218638e-03
  -1.3349913e-01   1.5476321e-01  -1.2769887e-02   8.1895781e-04   3.5321925e-04  -1.8839168e-03
  -1.1850635e-01   1.9117187e-01   2.6699183e-03   8.3063048e-04   1.5170839e-04  -1.6895338e-03
  -7.5539303e-02   2.2484626e-01   6.3193085e-02   7.6840637e-04  -7.0670616e-04  -1.1995292e-03
  -9.3268571e-02   1.5028828e-01  -1.8410956e-02   1.7344859e-03  -8.6838998e-04  -1.4748606e-03
  -9.6690461e-02   1.6079480e-01  -1.4969976e-02   1.1897984e-03   4.0990966e-06  -1.4986224e-03
  -9.4345270e-02   1.5709373e-01  -4.4589163e-02   1.7654176e-03  -3.8248508e-05  -1.6885455e-03
  -1.0980902e-01   1.6145341e-01  -3.8909295e-02   1.4120155e-03   1.2326460e-04  -1.9460937e-03
  -1.3496624e-01   1.5551338e-01  -2.3072673e-02   1.5737872e-03  -7.6683404e-05  -2.3036632e-03
  -1.2575523e-01   1.8138525e-01  -4.1760869e-02   1.6044938e-03   1.7668604e-04  -2.3641485e-03
  -1.1436886e-01   1.7668082e-01  -4.2563255e-02   1.3902546e-03  -3.7068959e-04  -2.0050459e-03
  -1.2953726e-01   1.9916091e-01  -3.6726297e-02   1.2388212e-03  -2.8859404e-04  -2.1650953e-03
  -1.3937572e-01   2.1076706e-01  -4.0969329e-02   1.0774643e-03  -4.1038052e-04  -2.4111049e-03
  -1.4238272e-01   2.1961961e-01  -1.2538551e-03   7.7810738e-04  -5.1103562e-04  -2.5438093e-03
  -1.2804369e-01   2.1948158e-01  -2.4531347e-02   9.4654092e-04  -1.6409444e-04  -2.3546519e-03
  -1.1148155e-01   2.1256996e-01   4.4105868e-02   2.4589334e-04  -6.6278961e-04  -1.9799206e-03
  -1.3543668e-01   2.1190731e-01   5.8564665e-03   1.0268882e-03  -5.8562208e-04  -2.4127305e-03
  -1.1675094e-01   2.0667430e-01   2.6851796e-02   4.7749048e-04  -4.2535530e-04  -2.0220700e-03
  -1.3949347e-01   2.0100881e-01  -1.0443239e-02   1.3524906e-03  -2.5822770e-05  -2.2051998e-03
  -1.0216541e-01   2.2706315e-01   6.3155728e-02   6.4735015e-04  -9.5151413e-05  -1.7655870e-03
  -1.3519710e-01   2.4446950e-01   1.8977822e-02   1.2146780e-03  -7.6629752e-05  -2.3887572e-03
  -1.2791759e-01   2.5246950e-01  -2.9310954e-03   1.1765041e-03  -7.9053126e-05  -2.5444108e-03
  -1.3445064e-01   2.5271267e-01  -7.2495382e-03   8.5021942e-04  -2.4521896e-04  -2.3462670e-03
  -1.4514477e-01   2.6189929e-01   6.8355460e-03   6.6895782e-04  -3.3993522e-04  -2.7365535e-03
  -1.4497376e-01   2.5882201e-01  -6.0984819e-02   1.8873178e-03  -1.1181936e-04  -2.6296899e-03
  -1.4464415e-01   2.7508447e-01  -8.8989259e-02   1.5451290e-03  -2.4916736e-04  -2.7404183e-03
  -1.5538985e-01   2.4215646e-01  -7.8782570e-02   1.4094367e-03  -1.0757396e-05  -2.6069852e-03
  -1.4237192e-01   2.7566171e-01  -9.2895311e-02   1.1612029e-03  -3.6856863e-04  -2.6870558e-03
  -1.4782561e-01   2.3730181e-01  -9.1984097e-02   1.6265297e-03   1.3607091e-04  -2.4802358e-03
  -1.3094027e-01   2.5985555e-01  -1.0087864e-01   2.0215384e-03  -1.1445209e-04  -2.2528205e-03
  -1.3031810e-01   1.7756734e-01  -1.5993134e-01   3.3675111e-03  -1.6309234e-04  -1.9635203e-03
  -1.2775332e-01   2.0727200e-01  -1.0807741e-01   2.4759994e-03   4.5275238e-05  -2.3440905e-03
  -8.8848231e-02   2.4973568e-01  -4.4456295e-02   1.9634797e-03  -6.9298389e-04  -1.6084171e-03
  -1.3087166e-01   2.3734466e-01  -1.2092431e-01   3.2302323e-03   2.4619212e-04  -2.4309179e-03
  -1.3423887e-01   2.7005980e-01  -1.0625533e-01   3.1916261e-03   1.6276176e-04  -2.6726754e-03
  -1.2671098e-01   1.9835142e-01  -9.8450642e-02   3.2147643e-03  -3.4256519e-05  -2.1116209e-03
  -1.4696010e-01   1.8971885e-01  -9.2712960e-02   3.3037316e-03   1.3953859e-05  -2.2344615e-03
  -1.4941756e-01   2.0089217e-01  -1.1419778e-01   2.6040744e-03   1.2765643e-04  -2.2889193e-03
  -1.4994134e-01   2.1863213e-01  -1.1252452e-01   3.0948801e-03   1.3876016e-04  -2.5851319e-03
  -1.7222465e-01   2.4099149e-01  -1.4481987e-01   4.0099629e-03   4.2204272e-04  -3.1691265e-03
  -1.5046535e-01   2.4296404e-01  -1.0910834e-01   3.3787634e-03   6.4015906e-04  -2.7323560e-03
  -1.2043816e-01   2.7603294e-01  -9.9592340e-02   3.1549413e-03   3.4921959e-04  -2.1709187e-03
  -1.5441158e-01   2.4208891e-01  -1.3457181e-01   3.7652807e-03   4.0792076e-04  -2.7096592e-03
  -1.6028931e-01   2.5410704e-01  -1.1186605e-01   3.3586194e-03   5.1069296e-04  -3.0028855e-03
  -1.1453554e-01   2.3280144e-01  -6.6859233e-02   3.0458377e-03  -1.6347802e-04  -2.3427204e-03
  -1.2253711e-01   2.1085618e-01  -8.3589546e-02   3.3564612e-03  -1.3427919e-05  -2.4256228e-03
  -1.3579599e-01   1.9132623e-01  -8.5010565e-02   3.2706751e-03  -4.0509577e-05  -2.5118589e-03
  -1.6496656e-01   1.8299109e-01  -1.1528447e-01   3.3698958e-03   1.5339505e-04  -2.8008929e-03
  -1.5872897e-01   1.9594430e-01  -1.2163732e-01   3.5990282e-03   4.0993477e-05  -2.7363831e-03
  -1.5593532e-01   1.9812187e-01  -1.5001176e-01   3.4551416e-03   3.1453160e-04  -2.7039169e-03
  -1.6740835e-01   1.9654472e-01  -1.3275095e-01   4.0535993e-03   3.0281860e-05  -3.0061549e-03
  -1.4006508e-01   2.1247868e-01  -9.4458034e-02   4.2510535e-03  -2.8511510e-04  -2.8184881e-03
  -1.3226822e-01   2.1175232e-01  -3.6042778e-02   2.9415827e-03  -5.2554972e-04  -2.5019742e-03
  -1.5526123e-01   2.3097561e-01  -7.4594643e-02   3.7241852e-03  -2.7279091e-04  -2.7157111e-03
  -1.4525167e-01   2.2453156e-01  -1.0272584e-01   3.4474075e-03   1.9506513e-04  -2.6267032e-03
  -1.5140037e-01   2.2649666e-01  -1.2502443e-01   3.9772868e-03   4.3055602e-04  -2.7048100e-03
  -1.3865265e-01   2.3785092e-01  -9.9290388e-02   3.7910929e-03   5.6962292e-05  -2.6977720e-03
  -1.2965974e-01   2.6174378e-01  -8.5530736e-02   4.0129892e-03   7.4347548e-04  -2.7840126e-03
  -1.3027892e-01   2.7557017e-01  -7.2091951e-02   3.8715441e-03   6.6244706e-04  -2.3088308e-03
  -1.3804289e-01   2.6744716e-01  -6.4126472e-02   4.0518576e-03   3.7293796e-04  -2.5573964e-03
  -1.4389523e-01   2.7327866e-01  -1.0895621e-01   4.3718785e-03   7.1798998e-04  -2.7970001e-03
  -1.4680535e-01   2.4595454e-01  -1.2757044e-01   4.7861115e-03   4.6384679e-04  -2.6892778e-03
  -1.5623981e-01   2.5273063e-01  -1.2475469e-01   4.0923797e-03   3.0154835e-04  -2.5781263e-03
  -1.3607941e-01   2.3598522e-01  -6.9101353e-02   3.9224018e-03   2.9837468e-04  -2.2461831e-03
  -1.4236483e-01   2.1668572e-01  -1.3623258e-01   4.5976721e-03   3.7356300e-04  -2.2657162e-03
  -1.5636052e-01   2.1670581e-01  -1.2451103e-01   4.2107771e-03   4.4677899e-04  -2.6208370e-03
  -1.6368203e-01   2.2563290e-01  -1.4708072e-01   4.1364114e-03   4.6120098e-04  -2.5406924e-03
  -1.5389199e-01   2.3259009e-01  -1.4516014e-01   3.5692840e-03   3.0473109e-04  -2.6644160e-03
  -1.4424822e-01   2.3446560e-01  -1.5391647e-01   3.6467152e-03   7.9321587e-04  -2.3371361e-03
  -1.4108296e-01   2.6724973e-01  -1.6567496e-01   3.4617266e-03   7.8730679e-04  -2.3949094e-03
  -1.3640906e-01   2.7196564e-01  -1.1988906e-01   3.4728889e-03   6.4587443e-04  -2.3092539e-03
  -1.5868513e-01   2.6937183e-01  -1.3910607e-01   3.6033449e-03   8.2848882e-04  -2.5813765e-03
  -1.6936058e-01   2.8236822e-01  -1.3065791e-01   3.7265307e-03   6.3135131e-04  -2.7683164e-03
  -1.6487201e-01   3.0824167e-01  -1.7617730e-01   4.4253091e-03   6.0788080e-04  -2.9689475e-03
  -1.5118512e-01   2.8618652e-01  -1.2159470e-01   3.1713065e-03   4.0328218e-04  -2.4823717e-03
  -1.7953849e-01   2.9423325e-01  -1.5255016e-01   3.9736912e-03   4.5343083e-04  -3.2499533e-03
  -1.7727910e-01   2.9216617e-01  -1.2044224e-01   3.4827228e-03   1.9839229e-04  -3.0520139e-03
  -1.7198290e-01   2.9224101e-01  -1.3078850e-01   3.8161868e-03   4.6496115e-04  -2.9893628e-03
  -1.5683645e-01   3.5051034e-01  -3.2161676e-02   3.7365202e-03   8.3129809e-05  -2.6537457e-03
  -9.2141042e-02   2.1617554e-01  -7.1799834e-02   3.7099272e-03  -2.9746905e-04  -1.2021149e-03
  -1.1410583e-01   2.4145790e-01  -1.0525656e-01   3.7080586e-03  -1.0377552e-04  -1.7859011e-03
  -1.2297894e-01   2.5003781e-01  -9.8468401e-02   3.6473954e-03  -2.0378593e-04  -1.8882981e-03
  -1.3524930e-01   2.5045198e-01  -1.0253571e-01   3.7697631e-03  -1.4633905e-04  -2.2196369e-03
  -1.1560298e-01   2.5877494e-01  -1.0264960e-01   3.4526015e-03  -3.7231373e-04  -1.9849386e-03
  -1.3696327e-01   2.7614243e-01  -1.4677736e-01   3.6771015e-03  -1.8587221e-04  -2.3826648e-03
  -1.2950430e-01   2.7509142e-01  -1.4068153e-01   3.5255335e-03  -2.2885673e-04  -2.1338179e-03
  -1.4749063e-01   2.9129916e-01  -1.3356664e-01   3.9487106e-03  -9.5816831e-05  -2.6084162e-03
  -1.3104877e-01   2.9145582e-01  -9.2715054e-02   4.1124465e-03  -1.1998413e-04  -2.4488740e-03
  -1.2004185e-01   2.9519760e-01  -3.8165531e-02   3.3860358e-03  -1.0913675e-03  -1.7957102e-03
  -1.0087323e-01   2.8742917e-01  -1.0271564e-01   4.1091456e-03  -6.0501372e-04  -1.6652574e-03
  -8.0689146e-02   2.4182930e-01  -5.2026758e-02   4.0343162e-03  -6.4810423e-04  -1.5832886e-03
  -1.1305837e-01   2.2826028e-01  -1.0935459e-01   5.1902170e-03  -2.2747611e-04  -1.9283269e-03
  -1.3220896e-01   2.3696560e-01  -1.4480949e-01   5.4476211e-03  -3.4502149e-04  -2.4268475e-03
  -1.2749950e-01   2.3588710e-01  -1.3615151e-01   4.3727319e-03  -6.6581610e-04  -1.9898676e-03
  -1.3084223e-01   2.7913273e-01  -1.4366424e-01   3.8554705e-03  -2.2432025e-04  -2.2420015e-03
  -1.1779275e-01   2.7795056e-01  -9.0121584e-02   3.6059108e-03  -6.1824041e-04  -1.8644620e-03
  -1.2543886e-01   2.8956076e-01  -9.5242507e-02   3.5984306e-03  -6.5584924e-04  -1.8667173e-03
  -1.1870654e-01   2.8207847e-01  -6.7180909e-02   3.5571380e-03  -8.5212616e-04  -1.7954997e-03
  -1.1351512e-01   2.9541006e-01  -9.2257492e-02   3.9974417e-03  -7.6548481e-04  -1.8797717e-03
  -1.0454222e-01   2.8946278e-01  -1.1500421e-01   4.2085373e-03  -8.4828632e-04  -1.8116451e-03
