   0.0000000e+00   0.0000000e+00   0.0000000e+00   0.0000000e+00   0.0000000e+00   0.0000000e+00
   1.4042301e-02  -1.0563116e-02  -5.2109632e-02   9.2327126e-05  -1.7667727e-03  -6.6517203e-04
   9.8753579e-04   3.9543871e-02  -1.1162832e-02  -2.3572962e-03  -1.7220839e-03  -6.0795789e-04
  -7.5713264e-03  -7.8858872e-05  -2.0381766e-03  -2.0247826e-03  -1.3725729e-03  -8.2407074e-04
  -5.2087847e-04   7.7379074e-04   8.7772794e-03  -3.1575060e-03  -1.4117194e-03  -1.0008756e-03
   5.5345766e-03  -4.6429516e-03  -2.1278144e-02  -3.4847522e-03  -2.0770526e-03  -4.8874652e-04
  -5.6551990e-03  -2.5933750e-02   7.1304515e-02  -6.4744252e-03  -1.7787666e-03  -4.1151807e-04
  -4.4351218e-03  -5.9594391e-02   5.7344350e-02  -5.2398087e-03  -1.5339211e-03  -5.8026029e-04
  -5.3210447e-03  -2.7841462e-02   7.7451417e-02  -5.7676005e-03  -1.5976402e-03  -5.5262176e-04
  -1.3589954e-02  -6.0257474e-02   8.6934287e-02  -5.7138251e-03  -1.8272920e-03  -6.3036831e-04
  -4.7446133e-03   6.5620014e-03   8.6912422e-02  -4.4492766e-03  -1.2020080e-03  -7.6763849e-04
   1.4168557e-04  -2.1012146e-02  -2.2274342e-03  -4.4009370e-03  -3.8424581e-04  -6.8909896e-04
  -2.3793437e-03  -2.1050116e-02   9.3070390e-02  -7.1988623e-03  -5.9871523e-04  -7.1253650e-05
  -2.2415111e-02  -1.4091518e-02   5.5618327e-02  -4.2798566e-03   1.0873189e-04  -4.6859063e-04
  -6.7515170e-03  -1.2822791e-02  -4.0510930e-02  -2.0137400e-03   6.0540721e-04  -2.3839420e-04
   1.2547426e-02   1.8596495e-02   1.2673791e-01  -5.3751009e-03   1.1309735e-04  -3.5685139e-04
   2.4439980e-02  -2.6033253e-02   1.1966851e-01  -5.5276192e-03  -4.0604057e-04   3.9085889e-04
   2.2641567e-02   6.4312247e-02   4.5837336e-02  -2.6355959e-03   9.3201848e-04  -2.7713598e-04
  -3.9844928e-02   5.0066683e-02   1.3884181e-01  -8.0069302e-03   2.6789581e-04  -8.8146157e-04
  -1.2689813e-02   1.0616425e-01   1.0204317e-01  -6.7193564e-03   1.2952456e-03  -1.0680273e-03
   4.1250550e-02   7.6948457e-02   1.8391240e-01  -8.4122979e-03  -4.1327594e-04   1.5073173e-04
   3.4506591e-02   4.9723785e-02   1.7247148e-01  -9.5923237e-03   4.4672900e-04   3.9652965e-04
  -6.7304516e-04   1.0759612e-01   1.8659744e-01  -8.8127680e-03   3.7185241e-04  -8.4652749e-04
   4.1905503e-03   8.4499027e-02   1.8628058e-01  -8.5747551e-03   1.1054863e-04  -4.1603905e-04
  -1.2001950e-02   6.3337754e-02   2.3563342e-01  -9.9881279e-03   1.6568930e-04  -1.4459416e-03
   8.7805410e-03   7.3384877e-02   2.2791874e-01  -1.0094602e-02   6.6974764e-05  -3.6736917e-04
   3.0192288e-02   1.3740378e-01   4.0567561e-01  -1.2216797e-02  -1.9699944e-04  -9.7895433e-04
   1.2063626e-02   9.7891351e-02   2.8922154e-01  -9.9027621e-03   7.0783786e-04  -7.6085215e-04
   1.6275691e-02   8.3348086e-02   3.5025480e-01  -1.1852233e-02  -1.5555321e-04  -1.8762130e-03
  -7.3714033e-02   1.8695247e-01   1.8660039e-01  -8.4044354e-03   3.2690657e-03   3.2371728e-03
  -1.8410613e-01   2.4169586e-01   2.3293947e-01  -7.5933500e-03   4.3383861e-03   3.5308255e-03
  -2.8158365e-02   6.0575893e-02   2.7175682e-01  -8.8892072e-03   2.5829314e-03   3.8458392e-03
   4.2575148e-02   2.1060723e-01   4.9560947e-01  -1.2360457e-02   3.2309940e-03   4.5693754e-03
   3.2591809e-02   2.0526257e-01   5.5401736e-01  -1.2013864e-02   1.2168233e-03   2.8774085e-03
  -5.7369726e-04   1.9975097e-01   4.9746794e-01  -1.4199210e-02   6.9500122e-04   3.4843355e-03
   5.2878718e-02   1.8744937e-01   4.3336286e-01  -1.1797309e-02  -6.0944348e-05   2.6684447e-03
   4.0561743e-02   1.8959304e-01   4.4402025e-01  -1.4046224e-02  -3.4852478e-06   2.9949274e-03
   1.4804867e-01   1.9664704e-01   5.2326182e-01  -1.4951292e-02  -5.8896017e-04   3.8698117e-03
   2.1953325e-01   3.8594395e-01   3.5713399e-01  -9.1267992e-03  -6.9131794e-04   5.9426214e-03
   1.5853722e-01   4.0350857e-01   4.2998788e-01  -1.1780405e-02  -1.0417767e-03   4.1244558e-03
   1.3053685e-01   3.1180154e-01   3.7093656e-01  -1.0902239e-02  -7.1334494e-04   4.4570238e-03
   9.2706179e-02   3.2250931e-01   2.9749834e-01  -1.0938924e-02  -1.9711389e-03   3.3716287e-03
  -4.4595053e-02   8.1676280e-02  -6.7522683e-02  -7.3316730e-03  -9.7679969e-04   3.3480250e-03
   2.2556538e-02   2.2999774e-01   1.6839620e-01  -8.3677629e-03  -1.3469255e-03   4.2318639e-03
   4.9297558e-02   2.4789650e-01   1.2433369e-01  -7.4026487e-03  -1.1422827e-03   5.0068895e-03
  -1.5950943e-02   2.5034460e-01   2.1115707e-01  -7.0296008e-03  -1.1057591e-03   3.0210857e-03
  -1.1494346e-01  -1.5536304e-01  -7.0855738e-01   6.9622512e-03   2.4661978e-03   3.1237040e-03
   8.7917322e-03   1.7251261e-01  -3.0983818e-01  -3.2037186e-03   2.1453608e-04   4.6486238e-03
  -4.2058284e-02   1.5918121e-01  -4.7432329e-02  -2.7242663e-03   5.3099992e-04   4.4741484e-03
  -2.0724108e-02   2.5248530e-01   1.8773283e-01  -5.2227418e-03   9.5812257e-05   4.8079388e-03
  -1.3653117e-02   2.2961300e-01   2.2698134e-01  -7.0039241e-03  -3.1483340e-04   3.5778436e-03
  -5.0940160e-02   2.1453952e-01   1.9479617e-01  -8.3518099e-03  -2.0854761e-04   2.5083320e-03
   7.7252132e-03   2.3187501e-01   2.1513849e-01  -7.6156935e-03  -4.8838184e-04   2.8657460e-03
  -5.6090241e-02   3.3687517e-01   4.5811324e-01  -8.8294236e-03   2.7679574e-04   2.7257796e-03
  -2.2350336e-02   3.4132782e-01   4.5600386e-01  -9.2286126e-03   4.6547061e-05   3.1571476e-03
  -2.5189000e-02   3.4195330e-01   5.1543920e-01  -8.7621677e-03   9.2322589e-04   3.4683265e-03
  -8.1366341e-03   3.5517424e-01   4.8039913e-01  -9.2528021e-03   9.7583253e-04   3.9034364e-03
  -4.2347293e-02   3.6105154e-01   6.3670643e-01  -9.7162791e-03   9.0550708e-04   3.6140883e-03
  -2.0802754e-02   3.1626126e-01   2.5531812e-01  -1.0208295e-02   6.2062344e-04   3.4280205e-03
  -7.1323312e-02   2.8270300e-01   3.2315244e-01  -1.2890309e-02   1.2515837e-03   3.0184288e-03
  -8.2343141e-02   2.8903305e-01   5.1567449e-01  -1.2268947e-02   1.5201411e-03   2.5389093e-03
  -7.8307200e-02   3.1191882e-01   4.9731342e-01  -1.3406904e-02   1.0444403e-03   2.7277100e-03
  -1.0031853e-01   2.6690861e-01   5.5421129e-01  -1.3327559e-02   1.5106924e-03   1.9719643e-03
  -1.0158519e-01   3.2819632e-01   5.1959052e-01  -1.4451487e-02   1.6717509e-03   2.5320698e-03
  -6.1919132e-02   3.8373854e-01   6.5114921e-01  -1.4484554e-02   2.2890026e-03   1.3053684e-03
  -1.0584004e-01   3.7242584e-01   6.2130001e-01  -1.6426112e-02   2.6134498e-03   1.0178340e-03
  -3.8862264e-02   3.4559423e-01   6.3073278e-01  -1.4065162e-02   1.6759389e-03   2.3035361e-03
  -5.8386443e-02   4.0468399e-01   8.2953417e-01  -1.5945853e-02   2.1595194e-03   1.7993109e-03
  -8.3526258e-02   3.6151095e-01   8.2016788e-01  -1.3880253e-02   1.5534808e-03   1.3730764e-03
  -7.9671640e-02   9.9557345e-02   5.3309416e-01  -1.2878853e-02   2.1468450e-03   5.8797731e-03
  -9.2466308e-03   3.3028296e-01   7.6457424e-01  -1.5904872e-02   9.4590248e-04   2.0882237e-03
   3.8612476e-02   3.8270591e-01   7.9407974e-01  -1.5593995e-02   1.0458536e-03   1.3135536e-03
   2.7412818e-02   3.4521029e-01   8.1205363e-01  -1.5889156e-02   8.3139182e-04   1.1101243e-03
   6.9361817e-02   4.5769990e-01   8.4489343e-01  -1.6354802e-02   1.3132270e-03   1.6834523e-03
   1.0053235e-01   6.6565559e-01   9.0753244e-01  -1.5294889e-02   1.1089686e-03   2.0899251e-03
   9.0255555e-02   3.7957186e-01   7.4049703e-01  -1.4435689e-02  -4.3654999e-05   1.9679782e-03
   1.0957750e-01   4.0373673e-01   7.6091718e-01  -1.6002454e-02  -7.9130664e-04   2.0041717e-03
   1.1190055e-01   4.0724278e-01   7.3224854e-01  -1.4906164e-02  -3.0618319e-04   1.8371373e-03
   9.2911821e-02   4.3144544e-01   7.9164319e-01  -1.5524572e-02   3.5513319e-04   1.6986000e-03
   1.0891773e-01   4.1047758e-01   7.7682411e-01  -1.6662213e-02  -1.2353628e-04   3.0068168e-03
   1.0277764e-01   3.8566104e-01   7.1394321e-01  -1.7533489e-02  -7.9095898e-04   3.9716399e-03
   9.8283500e-02   4.4520897e-01   7.2371754e-01  -1.3246543e-02  -3.3699302e-06   1.9748793e-03
   4.8896835e-02   4.8135996e-01   6.4066407e-01  -1.1298412e-02   4.9227999e-04   1.4218839e-03
   9.3478189e-02   4.8429532e-01   7.8853201e-01  -1.4407668e-02   3.3570231e-04   1.9548108e-03
   1.0163791e-01   5.4658494e-01   9.2452651e-01  -1.5728674e-02   4.0428028e-04   2.1562093e-03
   4.3951538e-02   5.0256665e-01   8.8874705e-01  -1.5209515e-02   1.0778084e-03   3.8308095e-04
   8.2761105e-02   5.7011540e-01   1.0005597e+00  -1.5527397e-02   1.2655430e-03   7.4433376e-04
   8.5302431e-02   5.6499386e-01   1.0356588e+00  -1.6544397e-02   1.4809556e-03   1.0499446e-03
   9.1768705e-02   5.3418368e-01   9.9955071e-01  -1.5005604e-02   1.5356540e-03   1.2696372e-03
   1.1905294e-01   5.3377905e-01   6.5532820e-01  -7.4200312e-03   2.4766992e-03   1.7616360e-03
   1.0733053e-01   5.5578504e-01   7.3089720e-01  -1.0084557e-02   2.4256713e-03   1.2217326e-03
   1.0637290e-01   5.5034609e-01   8.4750285e-01  -1.2222067e-02   2.0341058e-03   1.2613563e-03
   1.0659340e-01   5.4564717e-01   9.0852242e-01  -1.4660540e-02   1.6173994e-03   1.5290517e-03
   1.1605245e-01   5.3045414e-01   8.9318816e-01  -1.3914325e-02   1.7835659e-03   1.2793237e-03
   1.0141403e-01   5.6352862e-01   9.1687421e-01  -1.4882498e-02   1.7558282e-03   1.5259671e-03
   1.7841369e-01   5.0185694e-01   9.1069011e-01  -1.3710624e-02   1.8260389e-03   2.1346253e-03
   1.3546205e-01   4.0645657e-01   5.0190496e-01  -1.2509057e-02   9.2349452e-04   3.7985205e-03
   1.9314303e-01   4.7346313e-01   5.3777272e-01  -8.4456026e-03   1.3158803e-03   3.9909084e-03
   1.5012353e-01   6.4360674e-01   9.9879083e-01  -1.3699160e-02   6.8676281e-04   2.0174183e-03
   1.5315648e-01   6.1836805e-01   7.4247293e-01  -8.9691452e-03   1.8482309e-04   3.2044855e-03
   2.0664384e-01   4.4646111e-01   2.9623382e-01   2.7640189e-03  -1.9813735e-03   5.6793290e-03
   1.2501626e-01   7.8760963e-01   2.5290679e-01   2.5496106e-04   5.6019933e-05   4.5003762e-03
  -5.5839671e-02   9.5413113e-01   4.0429739e-01   3.3363041e-03   2.8062319e-03   3.5837896e-03
   3.7398216e-02   8.4701515e-01   6.6174182e-01  -2.5527832e-03   1.9897946e-04   4.1597045e-03
   7.1735660e-02   8.5266542e-01   6.2721683e-01  -1.0324353e-03   2.2729268e-04   3.8287647e-03
   1.1175971e-01   8.1139193e-01   9.5728423e-01  -5.4627881e-03  -1.2092732e-03   3.8673791e-03
   1.3646594e-01   8.4930421e-01   9.5852900e-01  -3.4559752e-03  -2.2036959e-04   4.9071620e-03
   1.1402592e-01   8.9439494e-01   1.1019165e+00  -7.5096017e-03  -8.9058508e-04   3.4244077e-03
   1.1518161e-01   8.6246425e-01   9.6735075e-01  -5.1021199e-03  -6.0081754e-04   3.9741676e-03
   1.0914437e-01   8.1843375e-01   8.3715880e-01  -8.1893817e-04  -3.5870279e-04   2.4609142e-03
   1.0505344e-01   9.0082576e-01   9.6564909e-01  -4.4762728e-03  -1.1636986e-03   1.4572415e-03
   1.0551547e-01   9.0099052e-01   1.1086913e+00  -5.8579846e-03  -1.6856322e-03   1.8798223e-03
   9.4671705e-02   9.7216863e-01   9.5715797e-01  -5.3057681e-03  -4.5107235e-04   7.0519228e-04
   8.1031363e-02   8.9774547e-01   7.9046594e-01  -3.7288112e-03   8.3350225e-05   1.0767527e-03
   9.2710471e-02   9.4371773e-01   1.1016204e+00  -7.7101349e-03  -3.8121900e-04   1.7844983e-03
   9.5483146e-02   9.5513737e-01   1.1040970e+00  -6.0448334e-03  -4.1769086e-04   1.7445550e-03
   1.0853710e-01   9.0481668e-01   1.1282066e+00  -5.9055593e-03  -8.6394534e-04   2.9666430e-03
   8.3064417e-02   9.2841911e-01   1.0740347e+00  -5.9123187e-03  -9.3542164e-04   2.8639642e-03
   4.7719062e-02   9.6581329e-01   1.0541718e+00  -4.5523136e-03  -4.4063117e-04   2.3089112e-03
   7.5355838e-02   9.2426847e-01   1.0973598e+00  -7.2130987e-03  -2.5450972e-05   2.5714133e-03
   5.2631162e-02   9.1643603e-01   1.1379643e+00  -6.3999392e-03  -1.4884982e-06   1.6675685e-03
   5.4302056e-02   9.0794046e-01   1.0446981e+00  -7.0957786e-03   3.6408240e-04   1.5916681e-03
   7.5525425e-02   9.4186007e-01   1.0803994e+00  -6.4500753e-03  -4.2584227e-04   2.3081799e-03
   1.2600753e-01   8.7400917e-01   1.0200340e+00  -5.3203926e-03  -1.1450227e-03   2.0644033e-03
   1.2582451e-01   8.9558610e-01   1.0337766e+00  -8.3579154e-03  -2.0677793e-03   1.5140192e-03
   1.0791875e-01   8.6327641e-01   1.0537833e+00  -7.6558596e-03  -9.2243159e-04   1.1045935e-03
   9.8121127e-02   8.9398110e-01   1.0200438e+00  -6.4947278e-03  -9.2124423e-04   1.2103152e-03
   1.0248614e-01   8.9454543e-01   1.0752122e+00  -8.0500983e-03  -9.1126609e-04   1.8012281e-03
   9.9762527e-02   8.9603992e-01   1.0426423e+00  -8.0098556e-03  -7.6921437e-04   1.7445755e-03
   1.1535249e-01   8.9860401e-01   1.0805287e+00  -7.6885661e-03  -5.6080465e-04   1.6982101e-03
   7.9445439e-02   7.7835644e-01   9.4398214e-01  -9.0769638e-03   6.7275438e-04   2.0056445e-03
   1.1659382e-01   7.5629280e-01   9.0261385e-01  -1.0461425e-02   3.2864245e-04   2.0436416e-03
   1.0956994e-01   7.6128610e-01   9.1084837e-01  -1.0339594e-02   7.5378293e-04   1.6081083e-03
   1.1929810e-01   7.4294752e-01   9.6447666e-01  -1.0864627e-02   5.8402683e-04   1.7755423e-03
   9.9350389e-02   7.5734212e-01   9.5472569e-01  -1.0882787e-02   6.8356903e-04   1.1396473e-03
   1.2194749e-01   7.5940591e-01   9.7802965e-01  -1.0891325e-02   3.8035981e-04   1.7579492e-03
   1.0220532e-01   7.5326931e-01   9.4979257e-01  -1.0814683e-02   3.8525741e-05   1.6457791e-03
   9.8419404e-02   7.6711309e-01   9.5943591e-01  -1.0883339e-02   2.0498326e-04   1.3907516e-03
   8.8206459e-02   6.8452012e-01   9.0107416e-01  -1.0833999e-02   9.6549993e-05   1.5107191e-03
   1.6272305e-01   8.2684325e-01   1.0758862e+00  -1.2734461e-02   2.7858017e-04   1.8367707e-03
   1.5793530e-01   8.2485370e-01   1.1403285e+00  -1.2198818e-02   3.0362139e-04   2.1466088e-03
   7.1552280e-02   7.5131288e-01   9.7366068e-01  -1.2288190e-02   1.2574443e-03   1.6392148e-03
   6.9912650e-02   7.6585181e-01   1.1005511e+00  -1.1536675e-02   9.2458431e-04   1.8407287e-03
   1.0271361e-01   8.7958043e-01   1.2542560e+00  -1.4160103e-02   1.3615306e-03   2.3364956e-03
   8.5658254e-02   7.2892097e-01   1.0876983e+00  -9.1026200e-03   6.2722229e-04   2.8450977e-03
   1.4217500e-01   7.5433460e-01   4.5303965e-01  -1.9512904e-03   1.5538805e-03   3.4130253e-03
   1.5664267e-01   6.0466635e-01  -1.4308526e-01   5.4443259e-03   3.8384159e-03   8.1959616e-03
   5.2887591e-02   8.4273700e-01   6.6919005e-01  -4.8875519e-03   2.4770033e-03   5.1724315e-03
   5.8987463e-02   8.5790653e-01   5.1247987e-01  -3.5250236e-03   1.9783589e-03   5.0570706e-03
   8.6056312e-02   7.5720786e-01   6.7361833e-01  -5.3354513e-03   1.3048333e-03   5.2992371e-03
   1.1304338e-01   8.4560869e-01   5.9112270e-01  -4.5851154e-03   1.5215332e-03   6.0472537e-03
   7.7694519e-02   9.0801366e-01   7.7613218e-01  -5.1877968e-03   4.7556412e-04   4.9527910e-03
   1.5836055e-01   7.9346896e-01   7.5729848e-01  -7.8450488e-03   1.0614347e-03   6.6076221e-03
   1.8974307e-01   9.2673258e-01   8.2360191e-01  -3.4499629e-03   2.6595169e-03   6.1053186e-03
   1.5336246e-01   9.1457998e-01   6.0277223e-01  -2.2431637e-03   7.1586004e-04   6.3044857e-03
   1.2911744e-01   8.7487160e-01   9.8442813e-01  -7.3471792e-03   1.1015021e-03   6.1036393e-03
   1.6954385e-01   6.3354308e-01   1.7787007e-01   4.1596875e-04   8.7000674e-04   8.4270978e-03
   1.9183431e-01   7.2942914e-01   1.5971378e-01   4.3935728e-03   9.8441356e-04   9.3725428e-03
   1.7173324e-01   8.7938862e-01   5.9088860e-01  -2.1232695e-04   1.0667972e-03   8.2811761e-03
   1.5415467e-01   8.7286561e-01   5.7339736e-01  -1.2619099e-04   6.0851381e-04   8.6117870e-03
   1.7564195e-01   8.0212847e-01   6.3240084e-01  -1.4472048e-03  -9.9409806e-04   8.4049343e-03
   1.5428571e-01   9.5433562e-01   9.2090118e-01  -5.7309048e-03  -8.1108210e-04   7.6846845e-03
   1.6683323e-01   9.8529452e-01   8.6043330e-01  -5.7101304e-03  -5.5194007e-04   7.8800336e-03
   1.0982548e-01   8.9827180e-01   9.1681945e-01  -6.8194397e-03   6.7332187e-04   6.6829320e-03
   1.3780762e-01   9.3733134e-01   1.0125742e+00  -6.2079303e-03   5.4940787e-04   6.0156542e-03
   1.4164157e-01   9.3684951e-01   9.4043658e-01  -7.4670278e-03   8.0070844e-05   6.5943895e-03
   1.4438722e-01   9.5186855e-01   1.0196117e+00  -6.1170322e-03   7.6795907e-04   6.7198152e-03
   1.2539244e-01   9.1235453e-01   9.4323590e-01  -7.1184113e-03   3.9031018e-04   6.8638038e-03
   1.3259661e-01   8.8688999e-01   9.5949655e-01  -7.1221631e-03   4.9424389e-04   7.0205082e-03
   1.0221256e-01   8.7107436e-01   9.0103764e-01  -7.4685983e-03   4.8140170e-04   6.6067769e-03
   1.3701579e-01   9.0025964e-01   9.3214501e-01  -7.1869074e-03   3.1916652e-04   7.4966732e-03
   1.2940502e-01   8.7412634e-01   9.2761527e-01  -7.2582027e-03   5.5966680e-04   7.2811356e-03
   1.3967604e-01   9.2500289e-01   8.8893552e-01  -6.3484533e-03   7.7640509e-04   6.8998201e-03
   1.6197625e-01   8.8786475e-01   8.3657651e-01  -5.5710413e-03   5.5776955e-04   7.4683647e-03
   1.2457094e-01   8.9558980e-01   9.3073465e-01  -7.3624993e-03   1.0154349e-03   6.8123208e-03
   1.3061853e-01   9.1064335e-01   8.6686786e-01  -6.6101886e-03   9.4223250e-04   7.0954105e-03
   1.5036780e-01   8.8943826e-01   8.8970224e-01  -6.8382276e-03   1.2319733e-03   7.4494316e-03
   1.4906155e-01   9.0530178e-01   8.7769482e-01  -7.5640921e-03   1.5103184e-03   7.4772299e-03
   1.6210834e-01   9.0600635e-01   9.3622227e-01  -6.9874747e-03   1.4193672e-03   7.3803913e-03
