   0.0000000e+00   0.0000000e+00   7.1054274e-15   0.0000000e+00   0.0000000e+00   0.0000000e+00
  -4.7450079e-04   7.8222017e-03   2.0588913e-03   9.2125005e-05   3.3343845e-05  -4.2139741e-05
   8.2625323e-03  -7.9210482e-03   5.0084783e-02  -8.9667827e-05  -5.1184989e-06  -1.3062025e-05
   5.9507189e-03  -1.8963936e-02   7.7086046e-02  -4.1492500e-04  -1.3688473e-04   1.4079671e-04
   8.5986603e-03  -1.9820801e-02   7.3486232e-02  -6.8954943e-04   2.4959332e-05   1.5129264e-04
   1.4526385e-02   1.1837597e-02   3.6707379e-02   3.9182682e-04  -1.7035640e-04   2.1640211e-04
   2.4924278e-02   3.7717598e-03   3.2122700e-02   2.4803487e-04   7.5875411e-05   4.6181024e-04
   2.6208017e-02   1.9818279e-03   4.3260419e-02  -9.2079662e-04   1.5039053e-04   4.6057820e-04
   2.6956632e-02   3.1471247e-02  -4.2935336e-03  -2.6609784e-04  -3.4568474e-04   2.7106800e-04
   3.2751632e-02   1.6653412e-02   2.2195191e-02  -1.1261804e-04  -4.0177893e-04   4.5677916e-04
   3.0320655e-02   2.4046856e-02   1.8220066e-02  -8.7677340e-05  -3.9126038e-04   3.9943034e-04
   2.5549660e-02   1.2345134e-02   4.7474040e-02  -2.8514048e-04  -4.9622910e-04   3.3075575e-04
   2.1964979e-02  -4.2888090e-03   9.2417607e-02  -2.9746808e-04  -4.2446971e-04   3.0047483e-04
   3.2739092e-02   4.0946491e-03   1.0234243e-01  -5.0998075e-04  -4.5365389e-04   4.6309306e-04
   2.6329499e-02   6.0351029e-03   9.4998285e-02  -6.4873964e-04  -3.6011419e-04   4.2111959e-04
   2.6847776e-02   4.1050323e-02   5.2041076e-02  -4.1627292e-04  -5.3705001e-04   3.0255608e-04
   9.5718251e-03   3.3727030e-02   6.8933719e-02  -4.5893729e-05  -1.9733583e-04   1.0984519e-04
   3.0990203e-02   3.3726059e-02   5.1087811e-02  -2.1234546e-04  -3.3478872e-04   3.9101838e-04
   2.3897143e-02   3.1910010e-02   5.4324693e-02  -1.6806915e-04  -1.4208848e-04   3.0301867e-04
   3.2969884e-02   2.0003368e-02   7.9069540e-02  -1.7596322e-04  -2.2659766e-04   4.6579158e-04
   2.4166196e-02   1.9995014e-02   8.9320960e-02  -4.4214721e-04  -6.2442887e-05   2.5821194e-04
   4.0304741e-02   3.1569396e-02   8.2479888e-02  -1.4340829e-04  -6.5728400e-04   6.3626658e-04
   4.5470274e-02   4.5814863e-02   6.9639379e-02  -2.5465235e-04  -6.3056191e-04   7.2335280e-04
   3.3519690e-02   3.8396696e-02   8.4673494e-02  -1.9801753e-04  -2.3303754e-04   3.8335222e-04
   4.4583911e-02   4.9942984e-02   6.8577652e-02  -1.2817611e-04  -5.4571965e-04   6.4276219e-04
   3.7650960e-02   4.6821509e-02   7.2029139e-02   2.1812185e-05  -1.1127377e-04   3.8526867e-04
   4.8225492e-02   4.7443034e-02   6.0806977e-02   2.4728684e-04  -2.9070287e-04   7.6588593e-04
   3.5679860e-02   4.7434454e-02   8.5920962e-02  -7.2917608e-05   2.1805385e-04   4.1831181e-04
   5.0828338e-02   6.5500302e-02   6.4358447e-02   1.2664439e-04  -1.5596180e-04   7.6918428e-04
   5.6624107e-02   5.3461017e-02   6.7459187e-02   1.1397123e-04   6.0413790e-06   7.5589160e-04
   5.0066320e-02   7.6147388e-02   5.2041179e-02   4.1351951e-05   2.1723308e-04   5.6579811e-04
   5.3161367e-02   5.4065782e-02   7.8957046e-02  -1.7148090e-05   2.9091166e-04   6.2244549e-04
   6.1652969e-02   4.9683914e-02   6.7981669e-02  -1.1844939e-05   1.9568961e-04   6.9966104e-04
   6.4382552e-02   6.5371774e-02   6.9819943e-02   1.9864565e-04  -1.6310621e-04   7.5592342e-04
   7.7311164e-02   5.7461622e-02   9.2139896e-02  -1.7951092e-05  -2.1411685e-04   9.5257603e-04
   6.8215049e-02   5.7192821e-02   1.0722211e-01   9.7165969e-05   9.6965850e-05   7.4456253e-04
   7.5326068e-02   8.8342123e-02   2.9030907e-02   1.4267793e-04   1.4822287e-04   1.0029997e-03
   7.0208943e-02   1.0988967e-01   3.5520063e-02  -1.2049688e-04   3.0206028e-05   7.8959655e-04
   6.8699485e-02   1.0393300e-01   4.9283302e-02   2.1195139e-04   1.4884665e-04   8.8863870e-04
   6.1735370e-02   1.0569352e-01   6.0143515e-02  -2.2747622e-05   4.4650814e-05   9.1393605e-04
   6.0947466e-02   1.1448721e-01   1.2508894e-02   2.9704443e-04  -2.4332372e-04   9.0281313e-04
   6.1145548e-02   1.0899897e-01   1.6344888e-02   8.6456881e-04  -1.2281679e-04   8.5116603e-04
   6.6143573e-02   1.0537608e-01  -2.3727484e-03   1.5308836e-03   6.3322989e-05   8.2384058e-04
   6.9232839e-02   8.6054847e-02   4.2885045e-02   7.8450852e-04  -6.9871142e-05   9.2015335e-04
   7.9372112e-02   7.5161894e-02   7.7418101e-02   5.1816336e-04  -1.4773941e-04   9.9438163e-04
   8.1561233e-02   7.9156851e-02   9.7048195e-02   2.0455339e-04  -4.1801285e-04   9.9126731e-04
   7.1234795e-02   7.2034162e-02   1.0959379e-01   3.0767982e-04  -4.1205836e-04   9.3825054e-04
   7.6164443e-02   8.5903938e-02   1.0569556e-01  -1.0176137e-04  -4.6516289e-04   9.8619564e-04
   7.4192235e-02   1.1879005e-01   6.7004103e-02   2.5717068e-04  -4.0605932e-04   8.2305003e-04
   7.2697459e-02   1.0750035e-01   7.9651497e-02   9.6542103e-06  -4.1841906e-04   8.1418050e-04
   7.4936658e-02   1.1134513e-01   5.0845307e-02   3.6289129e-04  -3.0521583e-04   8.4961450e-04
   6.3613561e-02   1.3069636e-01   4.3991361e-02   4.7753331e-04  -3.8291699e-04   6.6500768e-04
   6.0232472e-02   1.2727353e-01   2.4848586e-02   3.0436481e-04  -3.1885276e-04   5.4779545e-04
   4.8137189e-02   1.1921748e-01   2.1073444e-02   7.3812630e-04  -3.1139872e-04   4.0497814e-04
   5.6595870e-02   1.2376493e-01   3.3299056e-02   3.2398806e-04  -5.1062525e-04   6.8169129e-04
   4.8058564e-02   1.2012323e-01   3.8011521e-02   4.2368183e-04  -4.6157334e-04   5.3143357e-04
   5.3960615e-02   1.2027175e-01   7.0527886e-02   2.1517906e-04  -3.6139390e-04   5.9197769e-04
   3.5655456e-02   1.3721242e-01   5.8020303e-02   4.2659905e-04  -3.5377134e-04   4.4844603e-04
   5.7641410e-02   1.2521357e-01   2.6971484e-02   1.2247595e-03  -4.9048940e-04   5.7263902e-04
   5.5676619e-02   1.2679423e-01   4.9874942e-02   9.7105016e-04  -3.6600142e-04   5.2199098e-04
   5.0565798e-02   1.1481102e-01   5.6552483e-02   9.6480478e-04  -4.3566629e-04   4.5948955e-04
   5.6099455e-02   1.1755506e-01   4.5909160e-02   1.0797105e-03  -3.6352316e-04   4.5989862e-04
   6.1833922e-02   1.2066275e-01   3.9397449e-02   1.0265416e-03  -4.4560787e-04   5.5216332e-04
   5.0365393e-02   1.1810162e-01   5.6083546e-02   6.9649766e-04  -4.6819556e-04   3.9888183e-04
   5.0737444e-02   1.0802225e-01   8.9740095e-02   3.7012726e-04  -4.2013331e-04   4.1630747e-04
   5.7236856e-02   1.2387860e-01   6.3896033e-02   5.2721279e-04  -3.8928004e-04   3.1967074e-04
   3.5660437e-02   1.4336426e-01   2.1720475e-02   9.3670459e-04  -3.6048806e-04   1.1295563e-04
   4.7136249e-02   1.2508831e-01   2.7715307e-02   6.9828369e-04  -5.4527776e-04   3.3319462e-04
   5.0897365e-02   1.5030518e-01  -1.0917601e-02   7.1649935e-04  -6.0484805e-04   5.4302621e-04
   3.9595163e-02   1.5470567e-01  -1.1666767e-02   1.1703623e-03  -7.0944947e-04   3.4710080e-04
   3.7968883e-02   1.5392616e-01  -3.3612147e-02   1.0990713e-03  -6.2928226e-04   3.5124662e-04
   3.6483783e-02   1.5903734e-01  -2.1965917e-02   1.5835847e-03  -8.2215199e-04   2.1942086e-04
   1.8673974e-02   1.4601419e-01   9.4658119e-04   1.3313169e-03  -4.5314826e-04  -1.0761508e-04
   2.1485541e-02   1.3830179e-01   4.8295745e-02   8.0158251e-04  -4.8927156e-04  -5.8107744e-06
  -3.1231311e-02   2.2273212e-01   4.0846250e-02   7.9511105e-04   1.6580251e-04  -7.2761421e-04
  -5.4081732e-02   1.4107048e-01   6.2765141e-02   1.5596471e-03   4.8552035e-04  -1.5658537e-03
  -4.5910468e-02   1.2385533e-01   8.8602627e-02   1.1050311e-03   4.9715703e-05  -1.1684903e-03
  -1.1596794e-03   9.8337928e-02   6.2630669e-02   8.5668394e-04  -5.3872616e-04  -6.0200594e-04
  -3.7152171e-03   1.1044548e-01   9.1648753e-02   1.2971594e-03  -4.4676363e-04  -7.6688298e-04
   4.7483318e-03   9.2593574e-02   1.0670587e-01   8.8521683e-04  -6.2354620e-04  -3.9986147e-04
  -5.5502850e-03   8.6122286e-02   1.1069403e-01   1.1186887e-03  -3.2803703e-04  -7.5192761e-04
   1.0099525e-02   1.2548885e-01   5.8158779e-02   1.2171671e-03  -4.7897437e-04  -4.5446802e-04
   1.3860264e-02   1.1767992e-01   4.9595190e-02   1.4688834e-03  -5.1860742e-04  -4.6682149e-04
   1.3889800e-02   1.2836654e-01   6.1510901e-02   1.5980045e-03  -4.3503966e-04  -4.8589035e-04
   1.4707476e-02   1.3481642e-01   8.8287334e-02   9.0958683e-04  -6.2049584e-04  -5.3880266e-04
   7.8019685e-03   1.2363940e-01   1.0309039e-01   8.6070312e-04  -6.4865579e-04  -6.1096793e-04
   1.1959984e-02   1.3347333e-01   8.3386030e-02   6.5376177e-04  -6.1633356e-04  -6.0232855e-04
   1.4557734e-02   1.6678335e-01   6.2580129e-02   9.6371080e-04  -7.0153923e-04  -4.9981281e-04
   2.4620239e-02   1.5247395e-01   8.3330940e-02   7.9231421e-04  -7.5468108e-04  -4.6343843e-04
   3.0174869e-02   1.6100275e-01   5.5116417e-02   1.2598819e-03  -6.1380015e-04  -4.4229635e-04
   6.0564645e-02   1.6230674e-01   4.8280854e-02   6.6239423e-04  -1.0803060e-03   1.1905573e-04
   4.9497911e-02   1.7102493e-01   4.9069458e-02   1.1561182e-03  -9.1689371e-04  -3.3873895e-05
   3.7709611e-02   1.6620813e-01   6.6658961e-02   1.2728936e-03  -8.1697883e-04  -2.3963352e-04
   2.9999468e-02   1.7956983e-01   7.4301906e-02   3.0856953e-04  -8.9760145e-04  -2.3716335e-04
   1.5221120e-02   1.8496815e-01   6.7015855e-02   8.9276784e-04  -9.2950498e-04  -4.3772310e-04
   2.8049647e-02   1.8275827e-01   8.5854229e-02   5.0189537e-04  -9.0546082e-04  -2.8276424e-04
   3.3570293e-02   1.7567106e-01   7.8560074e-02   8.9586557e-04  -9.5041020e-04  -1.2421579e-04
   3.4391341e-02   1.9575772e-01   7.0298899e-02   8.3943547e-04  -8.4367975e-04  -1.6856397e-04
   4.1317711e-02   1.7690626e-01   5.5572740e-02   9.1304568e-04  -8.6231554e-04  -1.6255007e-04
   5.0666150e-02   1.8007793e-01   7.2585207e-02   5.8355235e-04  -9.2859266e-04   7.7858416e-05
   5.7503629e-02   1.7581892e-01   8.6078570e-02   6.0702078e-04  -9.4349690e-04  -1.1909579e-05
   5.5312492e-02   1.9045911e-01   8.9647038e-02   7.5712696e-04  -1.0592904e-03   2.9855965e-05
   6.2626490e-02   1.7358890e-01   1.1837994e-01   3.1945221e-04  -1.2999728e-03   2.1764852e-04
   6.3465297e-02   1.7046631e-01   1.2769911e-01   3.9691273e-04  -1.3345225e-03   2.9112122e-04
   7.6400388e-02   1.8944854e-01   8.5916701e-02   2.2961163e-04  -1.4889941e-03   4.0847323e-04
   6.7111209e-02   2.0949867e-01   3.4199262e-02   6.1800693e-04  -1.1345162e-03   2.1748842e-04
   6.1410631e-02   2.1848598e-01   3.8698011e-02   7.7084333e-04  -1.0877540e-03   9.1640498e-05
   6.0100711e-02   1.9735660e-01   5.4418163e-02   1.2539534e-03  -1.1047157e-03   2.8427694e-04
   7.1091217e-02   1.9310897e-01   5.3292652e-02   1.1521578e-03  -1.3461829e-03   4.7015977e-04
   4.8701675e-02   1.9604029e-01   4.9132476e-02   1.2056714e-03  -9.4023837e-04   1.1659442e-04
   5.1090050e-02   2.1034556e-01   2.3118345e-02   1.7988314e-03  -1.1072641e-03   6.8934108e-05
   4.8565510e-02   1.8092226e-01   9.7725005e-02   3.0573530e-04  -1.1204227e-03   1.7561456e-04
   4.4419379e-02   1.8621738e-01   8.1396780e-02   7.1196358e-04  -1.0673577e-03   2.3668914e-05
   4.0830389e-02   2.0180050e-01   9.4579990e-02   2.9582016e-04  -9.3353295e-04   1.1827144e-04
   3.7870131e-02   1.6346732e-01   9.9880713e-02   1.0462667e-03  -9.7620547e-04  -1.1050072e-04
   4.6425203e-03   2.5961827e-01   1.6921019e-01  -7.9789344e-04  -1.0597340e-04  -4.4563949e-04
  -8.8737207e-02   2.7967732e-01   7.7556523e-02  -4.1768798e-04   7.3591850e-04  -1.8180740e-03
  -8.4156585e-02   1.5592511e-01   7.0784779e-02   2.8021336e-04  -3.8060199e-04  -1.9506585e-03
  -7.1857043e-02   1.7625522e-01   1.3593673e-01   5.9745194e-04  -4.0071494e-04  -2.0011178e-03
  -7.2995591e-02   1.5827930e-01   1.3665680e-01   4.3167130e-04  -1.0330337e-04  -2.0361327e-03
  -7.3142644e-02   1.3437903e-01   2.1830808e-01  -1.7728984e-04  -3.5926062e-04  -1.7842938e-03
  -6.4189590e-02   1.4440565e-01   1.6827229e-01  -3.2566426e-04  -3.5930470e-04  -1.6849653e-03
  -5.9079438e-02   1.5352801e-01   1.6815033e-01  -1.3603468e-04  -2.6281259e-04  -1.6055808e-03
  -5.8517412e-02   1.6704379e-01   1.6800436e-01  -2.8858443e-04  -3.2744224e-04  -1.6558267e-03
  -6.3889654e-02   1.5939949e-01   1.8836979e-01  -4.3945369e-04  -3.7588788e-04  -1.6815688e-03
  -6.7834470e-02   1.7306778e-01   1.7430172e-01  -3.7460993e-04  -3.0950777e-04  -1.7734996e-03
  -6.9416199e-02   1.7667308e-01   1.8466165e-01  -3.8514402e-04  -3.1501842e-04  -1.7552581e-03
  -6.7825435e-02   1.7476209e-01   1.9739908e-01  -3.9181331e-04  -4.8545782e-04  -1.7298646e-03
  -6.0029455e-02   1.9108974e-01   1.7615222e-01  -3.8043617e-04  -5.7050576e-04  -1.5795484e-03
  -6.2793316e-02   1.9381397e-01   1.6233289e-01  -4.1096766e-04  -2.1467365e-04  -1.7661452e-03
  -5.1844703e-02   2.1346933e-01   1.6103285e-01  -3.9485404e-04  -4.5054887e-04  -1.6149055e-03
  -5.3169868e-02   1.9350521e-01   1.6520525e-01  -5.0317988e-04  -3.3766008e-04  -1.5340298e-03
  -5.1987927e-02   2.1538146e-01   1.3477342e-01  -6.4039903e-04  -4.6449990e-04  -1.6702972e-03
  -6.1560121e-02   2.1732727e-01   1.4355167e-01   1.2954459e-05  -4.8458455e-04  -1.5918054e-03
  -5.0616713e-02   2.0180898e-01   1.4264735e-01   5.5299242e-05  -7.3754348e-04  -1.3785087e-03
  -6.1666389e-02   1.9675431e-01   1.5219604e-01  -3.7140299e-04  -3.8981443e-04  -1.7405315e-03
  -5.9961482e-02   2.2723275e-01   1.1199767e-01   4.4760794e-04  -6.2553325e-04  -1.5562361e-03
  -7.1227966e-02   1.9149575e-01   1.8449537e-01  -1.1165549e-03  -3.8073373e-04  -1.9475666e-03
  -7.1015504e-02   2.1874838e-01   1.6231657e-01   9.9033576e-05  -5.0599317e-04  -1.8723805e-03
  -6.3611424e-02   2.0647250e-01   1.6760899e-01   1.6955213e-05  -2.7591665e-04  -1.7624359e-03
  -6.9586919e-02   2.1192760e-01   2.0208990e-01  -6.2736882e-04  -4.9401517e-04  -1.9243394e-03
  -6.9434801e-02   2.0293184e-01   2.0337270e-01  -6.1902632e-04  -2.8587030e-04  -1.8573842e-03
  -6.6559249e-02   2.1694860e-01   1.8717457e-01  -4.9691581e-04  -5.4938061e-04  -1.8576050e-03
  -7.1497335e-02   2.2141412e-01   1.8291475e-01  -8.7749962e-04  -3.2126404e-04  -1.9672807e-03
  -7.5733142e-02   2.2495341e-01   1.7013795e-01  -3.9314660e-04  -4.5685823e-04  -2.0522223e-03
  -6.4290408e-02   2.2655382e-01   1.8100356e-01  -6.6904635e-04  -4.7071556e-04  -1.8506730e-03
  -7.5568456e-02   2.2682582e-01   1.7965571e-01  -1.5694905e-04  -1.4687686e-04  -1.9591229e-03
  -7.4632688e-02   2.4251228e-01   1.3637079e-01   1.0573113e-04  -1.7356134e-04  -1.9251135e-03
  -6.0981188e-02   2.2759460e-01   1.6366381e-01  -4.2719758e-04  -4.6823504e-04  -1.6803394e-03
  -4.8256350e-02   2.4663057e-01   1.2810529e-01   1.0302740e-04  -6.0045878e-04  -1.4366996e-03
  -5.4796969e-02   2.2003608e-01   1.4748693e-01  -6.8387820e-04  -2.6676262e-04  -1.7492089e-03
  -4.4421113e-02   2.4712080e-01   1.0898469e-01   3.4217731e-04  -5.3620645e-04  -1.4229350e-03
  -3.0356707e-02   2.3957147e-01   1.0050167e-01   3.1594459e-04  -6.1447872e-04  -1.1518091e-03
  -4.8233196e-02   2.4495249e-01   1.3585902e-01  -4.5855649e-04  -4.8673808e-04  -1.7244698e-03
  -2.8342150e-02   2.3475241e-01   1.5034810e-01  -4.1976894e-04  -6.7447266e-04  -1.2869936e-03
  -3.2794922e-02   2.4032791e-01   1.6986987e-01  -3.9970632e-04  -6.3416128e-04  -1.4194913e-03
  -2.6876120e-02   2.3563042e-01   1.8374581e-01  -6.1747247e-04  -8.4185742e-04  -1.2521692e-03
  -2.9387639e-02   2.4450109e-01   1.7133544e-01  -1.0024362e-03  -1.0055535e-03  -1.2813110e-03
  -1.9618527e-02   2.6436287e-01   1.5771442e-01  -6.1899731e-04  -1.0117649e-03  -1.1671045e-03
  -2.5587355e-02   2.4814780e-01   1.6631508e-01  -4.5657271e-04  -8.2315421e-04  -1.3119594e-03
  -2.0505229e-02   2.3469692e-01   1.9442460e-01  -4.9232025e-04  -1.0067175e-03  -1.1678358e-03
  -1.2911167e-02   2.4094873e-01   1.6207596e-01  -6.3774112e-04  -1.0720867e-03  -1.0781883e-03
  -2.0604924e-02   2.4074811e-01   1.7553166e-01  -4.8841614e-04  -9.2766097e-04  -1.2917619e-03
  -3.4402608e-03   2.4171512e-01   1.8333468e-01  -6.4503975e-04  -1.2317601e-03  -9.0145468e-04
  -1.9933151e-02   2.5252230e-01   1.7474752e-01  -4.7146215e-04  -9.1709936e-04  -1.1125585e-03
  -9.8739215e-03   2.5499440e-01   1.7530254e-01  -6.9471534e-04  -1.0470055e-03  -1.2008138e-03
  -4.2509510e-03   2.4987777e-01   1.6478747e-01  -3.4652887e-04  -1.1563763e-03  -1.1127194e-03
   2.8982489e-03   2.6118230e-01   1.7308985e-01  -5.5828771e-04  -1.1792772e-03  -1.0654078e-03
   7.7736141e-03   2.5746800e-01   1.4645802e-01   2.4886821e-04  -1.3318984e-03  -8.0822923e-04
   1.6155863e-02   2.4611852e-01   1.5778350e-01  -6.0405052e-04  -1.4473832e-03  -6.4820726e-04
   8.0969306e-03   2.6607811e-01   1.0834744e-01   4.4243338e-04  -9.8609847e-04  -9.4531210e-04
  -8.6011515e-04   3.0867739e-01   1.0171994e-01  -2.8191047e-04  -1.1010523e-03  -1.0340846e-03
  -2.3859094e-03   2.8602182e-01   1.2582335e-01  -4.7518282e-04  -1.0953544e-03  -1.0520899e-03
   6.9567126e-03   2.1555892e-01   6.8379576e-02   1.1784433e-03  -1.4810440e-03  -6.2431659e-04
   1.0093492e-02   2.5729760e-01   9.0742507e-02  -6.8930090e-04  -1.9201579e-03  -7.9378454e-04
   4.5579919e-03   2.5955416e-01   1.1421675e-01  -3.1289327e-04  -2.2173925e-03  -9.4668588e-04
   1.1293312e-02   2.3510742e-01   1.5382439e-01  -9.4460220e-04  -2.0699819e-03  -9.2473040e-04
   2.0000823e-02   2.4150131e-01   1.4353857e-01  -5.5970634e-04  -2.1146974e-03  -8.2566674e-04
   2.1956638e-02   2.6524761e-01   1.1288248e-01  -4.4639543e-04  -2.2017038e-03  -9.1464330e-04
