   0.0000000e+00   0.0000000e+00   7.1054274e-15   0.0000000e+00   0.0000000e+00   0.0000000e+00
  -2.3726919e-03   2.8906840e-02   2.3888319e-03   1.8616928e-04  -5.4797981e-05  -2.7115214e-04
   3.3517315e-02   4.0585462e-02  -1.2263063e-02   8.4965644e-05  -4.4771486e-04   3.3448201e-04
   5.4715080e-02   1.9706268e-02   9.9021331e-03   2.8881708e-04  -4.9728259e-04   7.7279967e-04
   3.3985543e-02   2.8346429e-02  -3.2206858e-02   5.1538495e-04  -8.6728923e-04   2.2762811e-04
   5.5609224e-02   4.0416767e-02  -1.6716897e-02   1.0174984e-03  -6.7624439e-04   4.6352316e-04
   6.9191808e-02   6.0529225e-02   4.8363601e-03   9.8542096e-04  -4.1108747e-04   1.2757806e-03
   5.1952619e-02   7.7550947e-02   4.2311237e-02  -1.0810376e-03  -8.5422145e-04   3.6509181e-04
   4.8052958e-02   1.2659875e-01   1.0386723e-01   1.8061323e-03  -1.3143755e-03   7.4560668e-04
   6.8843605e-02   6.5540667e-02   2.3362692e-02   1.7143522e-03  -1.1666351e-03   9.4229952e-04
   7.8045708e-02   4.8547460e-02  -5.8199159e-03   1.7329706e-03  -1.2809734e-03   8.7752949e-04
   8.8036812e-02   7.4738676e-02   4.5224956e-02   9.5973272e-04  -1.2324739e-03   1.3763642e-03
   7.9140300e-02   1.0401437e-01   2.0251016e-02   1.7834120e-03  -1.6912076e-03   1.0409115e-03
   6.2881347e-02   1.8272685e-01   1.0321414e-01   2.1190544e-03  -1.7170362e-03   1.0391876e-03
   5.9721070e-02   1.1021756e-01   1.2712845e-01   7.3885456e-04  -9.9548622e-04   1.1020075e-03
   8.3320674e-02   9.2088394e-02  -2.2563673e-02   5.7166563e-04  -3.7976033e-04   1.4240139e-03
   9.7321814e-02   6.0933949e-02   2.9536854e-02  -1.7928811e-03  -7.9953870e-04   1.5716658e-03
   8.7768652e-02   7.1414722e-02   8.7801127e-02  -1.0738540e-03  -1.4023432e-03   1.2043351e-03
   7.8071019e-02   8.2437682e-02   1.1839662e-01  -9.7889374e-04  -1.7167500e-03   1.1030063e-03
   9.9408522e-02   7.6779312e-02   5.5760074e-02  -3.3641215e-04  -1.2223168e-03   1.6555298e-03
   1.0108309e-01   6.5684371e-02   6.4939172e-02  -7.4617767e-04  -1.4019336e-03   1.7943835e-03
   1.0805040e-01   7.0559236e-02   1.2668590e-02  -1.9389829e-04  -1.1461724e-03   1.8547017e-03
   1.0733027e-01   6.2389098e-02  -3.4601556e-03  -2.8650154e-04  -9.7053962e-04   1.8035743e-03
   9.6111840e-02   6.0241772e-02   1.3014190e-02  -5.2065057e-04  -1.5616737e-03   1.4995548e-03
   1.0854538e-01   7.7354425e-02   4.9083982e-02  -7.8853325e-04  -1.9846795e-03   1.5952467e-03
   1.0750316e-01   1.0486588e-01   2.6621053e-02  -8.2531944e-04  -1.2848464e-03   1.6313444e-03
   1.3777297e-01   6.8564975e-02  -8.1737772e-03  -3.7429442e-04  -1.1874513e-03   1.9140980e-03
   1.1893831e-01   9.0799589e-02   2.8889580e-02  -1.0976818e-03  -9.5114934e-04   1.6817280e-03
   1.2506461e-01   1.0643751e-01   6.8007064e-02  -5.0403446e-04  -8.9844100e-04   1.8111324e-03
   1.4206362e-01   7.9920091e-02   2.2063783e-02  -2.2378869e-03  -1.0190185e-03   2.2195801e-03
   9.1084135e-02   3.2609554e-01   2.8637527e-01   8.9955446e-04  -3.9240363e-04   1.6626659e-03
   1.1761186e-01   1.7945134e-01   2.5082263e-01  -7.3325254e-04  -1.1574281e-03   1.1401637e-03
   1.6306086e-01   1.1180594e-01   1.7572333e-02   4.4807763e-04  -1.2079608e-03   2.3124716e-03
   1.4822192e-01   1.2180832e-01   7.0332488e-02   7.8536774e-04  -1.3788608e-03   2.3276566e-03
   1.1721252e-01   1.0657845e-01   6.6707624e-02  -7.4186296e-04  -1.4937369e-03   1.7383831e-03
   1.3989710e-01   1.0496643e-01   6.6047472e-02  -3.6998345e-04  -1.8707471e-03   1.7903034e-03
   1.2259549e-01   1.0355944e-01   1.2131790e-01  -2.3930898e-03  -1.7820210e-03   1.5940696e-03
   1.2753897e-01   1.2959287e-01   8.6759668e-02  -1.8394101e-03  -1.8513617e-03   1.7936508e-03
   1.0081951e-01   1.2357071e-01   1.3140863e-01  -3.3539907e-03  -1.3780453e-03   1.2339690e-03
   1.0948912e-01   1.2144158e-01   1.2091860e-01  -2.9972013e-03  -1.5159275e-03   1.3378940e-03
   9.9610807e-02   1.2240987e-01   7.8666726e-02  -3.0062579e-03  -1.4490443e-03   1.1608759e-03
   9.1461346e-02   9.0167104e-02   8.3341145e-02  -3.5814828e-03  -1.3284602e-03   9.2762664e-04
   1.1599527e-01   8.9116878e-02   2.4897672e-02  -2.8049495e-03  -1.2610400e-03   1.5101742e-03
   1.0091319e-01   1.3727654e-01   9.3010412e-02  -3.8185222e-03  -1.7202037e-03   1.4411491e-03
   9.9826979e-02   1.0701205e-01   3.9050616e-02  -3.1745195e-03  -1.8409573e-03   1.1657065e-03
   8.2133477e-02   1.3065558e-01   8.1833780e-02  -3.0738026e-03  -1.7357778e-03   1.3586112e-03
   8.4289945e-02   8.3509758e-02   2.0638605e-03  -1.6270067e-03  -1.5700088e-03   1.2283524e-03
   9.6462623e-02   9.1972927e-02  -9.1451428e-03  -2.7004647e-03  -1.8872921e-03   1.9038943e-03
   9.5932959e-02   1.1735444e-01  -1.4878046e-02  -2.7829965e-03  -1.8208856e-03   1.8579249e-03
   1.0311440e-01   1.2044285e-01  -2.1459082e-02  -2.2217825e-03  -1.4824327e-03   2.1097995e-03
   7.4515432e-02   1.4953054e-01   7.2562633e-02  -2.7779733e-03  -1.6601746e-03   1.6793583e-03
   5.9771338e-02   1.2977123e-01   7.7971123e-02  -3.8161346e-03  -1.9374790e-03   1.4636212e-03
   5.4345419e-02   1.2151297e-01   1.8303336e-02  -2.5406673e-03  -1.6445229e-03   9.2874331e-04
   5.7001110e-02   1.0956519e-01   7.1377316e-03  -2.7328960e-03  -1.7982125e-03   1.0329231e-03
   4.8506299e-02   1.0886101e-01   1.9630405e-02  -3.3688270e-03  -1.8767602e-03   9.2700510e-04
   5.5750144e-02   8.1973956e-02  -1.2282625e-02  -2.5354611e-03  -1.7692347e-03   1.0471971e-03
   5.4319256e-02   9.7123155e-02  -2.6783216e-02  -3.0144407e-03  -1.7393572e-03   1.1113369e-03
   4.5389718e-02   1.4364522e-01   5.8379331e-02  -5.4079774e-03  -1.7841797e-03   9.9125333e-04
   4.6525968e-02   1.3425552e-01   4.3067847e-02  -4.4835351e-03  -1.2826471e-03   8.3513147e-04
   4.5175579e-02   1.3377790e-01   7.4533028e-02  -4.6764058e-03  -1.6235036e-03   1.0008459e-03
   2.2109159e-02   1.5802982e-01   9.2943900e-02  -5.0906219e-03  -2.2219677e-03   3.1238082e-04
   1.7664129e-02   1.4021582e-01   8.9072679e-02  -2.8806950e-03  -2.2792230e-03   5.3291646e-04
   2.4245430e-02   1.4363378e-01   1.5186535e-01  -4.5566658e-03  -2.4556349e-03   2.5370982e-04
   1.6441160e-02   1.1250038e-01   1.1408128e-01  -5.5718538e-03  -2.1025067e-03   3.5889634e-04
  -1.5771614e-04   1.5423292e-01   1.5806531e-01  -6.7155497e-03  -2.3511520e-03   1.0767833e-04
  -1.3740258e-03   1.3900174e-01   9.3891965e-02  -4.7462124e-03  -2.6101386e-03  -6.0270493e-05
  -7.2480101e-03   1.1402486e-01   9.5845860e-02  -5.4756938e-03  -2.4321160e-03  -6.2279794e-05
  -8.1832372e-02   2.8822015e-01   3.1538908e-01  -4.1153504e-03  -2.2905760e-03  -1.0003575e-03
  -3.8012455e-02   1.9008949e-01   2.3663017e-01  -4.1641450e-03  -2.5791802e-03  -7.3780261e-04
  -1.5010620e-02   2.0803468e-01   1.6642565e-01  -4.8637949e-03  -2.9666289e-03  -7.1185519e-04
  -3.0338803e-03   1.9166582e-01   1.5239999e-01  -4.0320116e-03  -2.6610837e-03  -5.9388373e-04
   1.1266953e-02   1.6967392e-01   1.3271551e-01  -4.7001823e-03  -2.7360196e-03  -3.4963948e-04
  -1.7161618e-02   1.7394469e-01   1.9213515e-01  -4.8787080e-03  -2.7460168e-03  -8.7462911e-04
  -1.2045556e-02   1.4414830e-01   1.1176289e-01  -4.9111502e-03  -2.5218161e-03  -8.6110880e-04
  -8.8569046e-03   1.5206507e-01   1.2959714e-01  -5.3647340e-03  -2.5442101e-03  -5.1820130e-04
  -3.1071790e-02   1.4846088e-01   1.5211715e-01  -5.3061860e-03  -2.7143379e-03  -1.1759981e-03
  -2.7915733e-02   1.5548664e-01   1.5661865e-01  -4.7760765e-03  -2.8099533e-03  -1.0759950e-03
  -2.3201134e-02   1.6294412e-01   1.4729832e-01  -4.4605833e-03  -2.8906027e-03  -8.4391334e-04
  -4.3579895e-02   1.6834873e-01   1.5317661e-01  -5.3935869e-03  -3.4889200e-03  -1.3034736e-03
  -4.1579386e-02   1.7679345e-01   1.6876039e-01  -4.7990283e-03  -2.8209020e-03  -1.1019632e-03
  -5.2917040e-02   1.9738886e-01   1.9050415e-01  -5.0115398e-03  -2.7336958e-03  -9.3682598e-04
  -4.6908507e-02   1.9085568e-01   1.4180630e-01  -4.1173272e-03  -2.5350963e-03  -1.2148975e-03
  -1.7625573e-02   1.9851320e-01   1.4419248e-01  -4.0008870e-03  -2.5548262e-03  -5.8237511e-04
  -1.6908656e-02   1.5814490e-01   8.9999319e-02  -3.7026880e-03  -2.4066952e-03  -5.4930220e-04
  -4.0599124e-02   1.9284290e-01   1.4879040e-01  -3.7806750e-03  -2.8041819e-03  -1.0033682e-03
  -2.1939004e-02   1.8446320e-01   1.3195012e-01  -3.2510871e-03  -2.8621364e-03  -6.6383129e-04
  -3.7196455e-02   1.9840429e-01   1.6808823e-01  -3.2777255e-03  -2.9896187e-03  -7.9910057e-04
  -1.3240590e-02   1.9306357e-01   1.2548263e-01  -3.8319276e-03  -3.4932255e-03  -4.3843598e-04
  -2.4703788e-02   1.9299027e-01   2.6391503e-01  -2.2864595e-03  -2.7181515e-03  -6.7068188e-04
  -4.8730750e-02   1.9041039e-01   1.6775987e-01  -1.8901931e-03  -2.5312572e-03  -9.4207645e-04
   2.1097845e-02   1.6424377e-01   3.2581874e-02  -1.9688579e-03  -2.6799149e-03   1.5788481e-04
   2.2926902e-03   1.5307450e-01   1.3201677e-01  -2.5278788e-03  -2.8521211e-03  -2.9367455e-04
   2.5489676e-03   1.6154329e-01   1.0687541e-01  -2.2543468e-03  -3.3816131e-03  -5.6126244e-04
  -2.3018276e-03   1.6444111e-01   1.1127868e-01  -2.6688325e-03  -3.4144102e-03  -4.9733548e-04
   1.2975074e-02   1.6752461e-01   5.1296995e-02  -2.3296743e-03  -3.2573025e-03  -4.7593582e-04
  -2.4765217e-02   1.6648752e-01   5.0243204e-02  -2.2228452e-03  -3.4764562e-03  -1.3369991e-03
  -4.1901370e-02   1.7481580e-01   5.3847918e-02  -3.0999343e-03  -3.4070386e-03  -1.4989325e-03
  -3.8242674e-02   1.6965246e-01   9.1289311e-02  -3.4179024e-03  -3.4129389e-03  -1.8134140e-03
  -3.9519953e-02   1.8964634e-01   8.0225788e-02  -3.2497485e-03  -3.1831584e-03  -1.6620877e-03
  -3.4765787e-02   1.9796151e-01   1.2712506e-01  -3.2510829e-03  -3.0290323e-03  -1.6473814e-03
  -4.6473631e-02   2.2365339e-01   1.4375531e-01  -2.5471360e-03  -3.1342154e-03  -1.5870012e-03
  -2.8227276e-02   1.9440335e-01   8.1497151e-02  -1.6394710e-03  -3.0174639e-03  -1.0806030e-03
  -4.7697443e-02   1.7386266e-01   1.3158679e-02  -2.5839116e-03  -2.9956092e-03  -1.5242042e-03
  -4.8791610e-02   2.3335657e-01   1.1909508e-01  -3.1435649e-03  -3.2372765e-03  -1.3409379e-03
  -5.7641062e-02   2.2635228e-01   1.5582096e-01  -2.7229035e-03  -3.3486433e-03  -1.9657510e-03
  -6.5594346e-02   2.1781833e-01   1.4859180e-01  -2.3650453e-03  -3.7529481e-03  -2.1917713e-03
  -5.0422143e-02   2.2079919e-01   1.3982712e-01  -2.7506306e-03  -3.9080500e-03  -1.9594497e-03
  -4.3093941e-02   1.9685994e-01   1.7102234e-01  -2.8270388e-03  -4.0527211e-03  -1.7744467e-03
  -5.0620439e-02   2.0220733e-01   1.3955112e-01  -2.8280313e-03  -3.5827320e-03  -2.0471225e-03
  -1.0634012e-01   3.7381683e-01   3.6627499e-01  -6.8405965e-04  -2.9392078e-03  -2.2711658e-03
  -4.7237614e-03   1.5246818e-01  -1.5790466e-02  -2.1155706e-03  -2.9650081e-03  -5.6026636e-04
  -2.4551189e-02   1.9413811e-01  -6.8590390e-04  -1.4000955e-03  -2.8619864e-03  -1.2521377e-03
  -6.0554779e-02   1.9029706e-01   1.1981366e-01  -2.0489366e-03  -3.6229891e-03  -1.8444078e-03
  -6.7863353e-02   2.2595463e-01   1.8753601e-01  -3.2344292e-03  -3.3900103e-03  -2.1325488e-03
  -6.5408453e-02   2.2737202e-01   1.4159871e-01  -2.9400396e-03  -3.3427063e-03  -1.6725165e-03
  -5.8057929e-02   2.5365955e-01   1.5836635e-01  -2.6066485e-03  -3.2982658e-03  -1.6559066e-03
  -6.9099361e-02   2.6653842e-01   1.7309588e-01  -3.0358183e-03  -3.1622375e-03  -1.8596288e-03
  -7.6846792e-02   2.7377643e-01   1.7804191e-01  -3.3217182e-03  -3.4713078e-03  -2.0486323e-03
  -1.0374053e-01   2.7938986e-01   2.2294891e-01  -3.4406215e-03  -3.1705039e-03  -2.4424791e-03
  -9.0418910e-02   2.5139536e-01   1.3160176e-01  -2.2330270e-03  -3.2738784e-03  -2.0483189e-03
  -9.7871382e-02   2.8172150e-01   1.8775858e-01  -3.3050301e-03  -3.2205074e-03  -2.3519161e-03
  -8.5518858e-02   2.5592775e-01   1.7297322e-01  -2.5944292e-03  -3.3916270e-03  -2.2453680e-03
  -6.5557971e-02   2.5126079e-01   1.5894213e-01  -2.6881628e-03  -3.5571534e-03  -2.0915683e-03
  -5.5320959e-02   2.7699798e-01   1.8986975e-01  -2.9052848e-03  -3.7320653e-03  -1.7523271e-03
  -8.1032619e-02   2.9595996e-01   1.9399015e-01  -2.7164372e-03  -3.7062658e-03  -2.3152730e-03
  -7.3051725e-02   2.6421481e-01   1.5151513e-01  -1.9414276e-03  -3.8019859e-03  -1.8541353e-03
  -4.0686500e-02   2.2292044e-01   2.3171039e-02  -6.2265619e-04  -3.3419891e-03  -1.3298605e-03
  -7.5500432e-02   2.4460602e-01   6.9550858e-02  -2.3047047e-03  -3.4345540e-03  -2.1254009e-03
  -3.7402791e-02   2.3678003e-01   9.4265308e-02  -2.1956783e-03  -4.0011881e-03  -1.5366185e-03
  -6.1468608e-02   2.5566568e-01   9.8269491e-02  -1.5782586e-03  -3.1944664e-03  -2.1066185e-03
  -3.0452259e-02   2.5724983e-01   6.9020454e-02  -1.5906554e-03  -3.6763397e-03  -1.3545081e-03
  -4.2734141e-02   2.6288434e-01   8.3151062e-02  -1.5027165e-03  -3.3282665e-03  -1.5241965e-03
  -2.0410247e-02   2.5891726e-01   7.4006100e-02  -1.5353347e-03  -3.3911467e-03  -9.7480104e-04
  -5.2807679e-02   2.6223968e-01   5.8347807e-02  -2.2974333e-03  -3.5301963e-03  -1.3681816e-03
  -7.0450135e-02   3.1860225e-01   6.4306100e-02  -2.9967327e-06  -3.3844398e-03  -1.2786699e-03
  -6.9035264e-02   2.6784246e-01   8.0908214e-02  -1.1394377e-03  -3.2662639e-03  -1.5340562e-03
  -7.1247883e-02   2.6402361e-01   5.0722990e-02  -7.4607319e-04  -3.3636001e-03  -1.5045863e-03
  -8.2854704e-02   2.5346987e-01   1.0749476e-01  -2.4770174e-03  -3.2921547e-03  -2.0583967e-03
  -8.8204245e-02   2.2412404e-01   4.5495075e-02  -5.3357290e-04  -3.0134488e-03  -2.0995930e-03
  -5.9842714e-02   2.2308238e-01   3.6324893e-02  -3.8656599e-04  -2.9562334e-03  -1.5061182e-03
  -9.5731875e-02   2.2638249e-01   8.4894046e-02  -1.7082417e-03  -2.6557975e-03  -2.2940654e-03
  -9.2784394e-02   2.4423582e-01   8.9059368e-02  -1.0553044e-03  -3.1800623e-03  -2.0505624e-03
  -1.1115092e-01   2.5771474e-01   1.3965845e-01  -1.2081661e-03  -2.7820899e-03  -2.5519188e-03
  -9.7457411e-02   2.3487566e-01   8.6591000e-02  -1.5003710e-03  -3.1114628e-03  -2.2768398e-03
  -1.1704921e-01   2.4618151e-01   8.4238383e-02  -2.6865291e-04  -2.4318527e-03  -2.5979853e-03
  -1.4982856e-01   3.3646555e-01   1.5671846e-01   1.9364110e-03  -2.4671899e-03  -2.8961378e-03
  -5.5075652e-02   2.6156972e-01  -2.2252491e-02   6.6225447e-04  -3.0746493e-03  -8.9981090e-04
  -1.1822714e-02   2.1260069e-01  -4.5347978e-02  -7.2090989e-04  -2.2468421e-03   4.4950647e-05
  -5.6241457e-02   2.1128099e-01  -2.3843283e-02   5.5507361e-04  -2.3230007e-03  -9.3886226e-04
  -6.9919128e-02   1.9540588e-01   2.3524625e-03   2.6092863e-04  -2.7066206e-03  -1.1197212e-03
  -6.3316200e-02   2.2188276e-01   1.6311394e-03  -3.6054559e-04  -2.6231066e-03  -9.1141354e-04
  -7.6248419e-02   1.9563101e-01  -4.9241562e-02   1.1490962e-03  -2.5020939e-03  -1.2124288e-03
  -6.9114997e-02   2.0898618e-01  -1.0177925e-02  -3.6982101e-04  -3.0673022e-03  -1.0558201e-03
  -6.6179781e-02   1.9953318e-01  -3.6016994e-02   5.9551307e-05  -2.6310191e-03  -1.0751633e-03
  -6.0864267e-02   2.3910759e-01  -5.3265712e-02  -5.1563003e-04  -2.5840384e-03  -7.8727433e-04
  -9.0276365e-02   2.2731976e-01  -9.9309533e-03  -1.5543617e-04  -1.9337613e-03  -1.2896025e-03
  -9.2734073e-02   2.0825467e-01  -2.8230870e-03   3.9561481e-04  -1.4753967e-03  -1.5400671e-03
  -1.1493305e-01   2.4140912e-01   4.2974858e-02   9.2979588e-04  -1.5960126e-03  -1.8278465e-03
  -1.1906200e-01   2.7557331e-01  -2.8463564e-02   1.3315611e-03  -2.2219234e-03  -1.6424734e-03
  -1.1421482e-01   2.0831125e-01  -1.4639530e-01   1.3947101e-03  -2.2409623e-03  -1.3000822e-03
  -1.3158194e-01   2.1232830e-01   2.9432648e-02   6.2131984e-04  -2.3508379e-03  -2.3000222e-03
  -1.2372385e-01   1.9958340e-01   1.5216834e-02   9.9265414e-04  -2.5431976e-03  -2.5560555e-03
  -1.0741400e-01   2.0892717e-01   2.5744735e-02   3.0254166e-04  -2.2808463e-03  -2.3600998e-03
  -1.0843227e-01   1.9634802e-01   4.7433364e-02   6.3044898e-04  -2.7734104e-03  -2.3246404e-03
  -1.1313174e-01   2.1461683e-01   6.9048696e-02   3.0312395e-04  -2.9779481e-03  -2.1629896e-03
  -1.2830464e-01   2.3597136e-01   3.8662076e-02   9.9007161e-04  -3.0154567e-03  -2.6106652e-03
  -1.0624482e-01   2.4132225e-01   6.2576660e-02   1.2930039e-04  -3.2128929e-03  -2.1081177e-03
  -1.1485643e-01   2.1689388e-01   3.5242250e-02   1.0076725e-03  -2.8581540e-03  -2.3372308e-03
  -1.2044961e-01   2.3190648e-01   3.9962444e-02   4.1736448e-04  -3.4064045e-03  -2.4825641e-03
  -8.3999386e-02   1.9085389e-01  -4.4954433e-02   1.3991984e-03  -3.1319960e-03  -1.4036569e-03
  -6.2642549e-02   2.0120022e-01  -8.8715215e-02   1.4479520e-03  -3.8360565e-03  -1.2633844e-03
  -1.0642220e-01   2.1874226e-01   7.6360497e-02   1.6586300e-03  -3.2918662e-03  -2.2504480e-03
  -6.8003510e-02   2.9900862e-01   1.0604045e-01   2.5225543e-03  -2.1043471e-03  -1.2305282e-03
  -7.2435170e-02   3.0111503e-01  -3.3406043e-03   2.0291146e-03  -2.5863943e-03  -1.0282472e-03
  -8.2716481e-02   3.0170039e-01   5.4220288e-02   2.1587867e-03  -2.2676350e-03  -1.2216689e-03
  -7.8305834e-02   2.8566176e-01   7.2391235e-02   1.7169947e-03  -2.0739201e-03  -5.3156042e-04
  -6.5320435e-02   2.7132802e-01   8.5796994e-02   8.9639206e-04  -1.3094180e-03  -4.7631342e-04
  -6.5670981e-02   2.8278724e-01   8.1242178e-02   8.2185776e-05  -1.5726902e-03  -6.9628438e-05
  -3.4948382e-02   2.5029365e-01   4.1620528e-02   1.7326590e-03  -1.4594058e-03   3.6982214e-04
