   0.0000000e+00   0.0000000e+00  -7.1054274e-15   0.0000000e+00   0.0000000e+00   0.0000000e+00
  -2.7336888e-01   1.1117143e-01  -8.7270075e-01   1.5212804e-02  -5.9888474e-03  -5.1064543e-03
  -2.6127810e-01   8.1130163e-02  -1.0226071e+00   1.0500784e-02  -5.3866039e-03  -4.5996780e-03
  -2.4401951e-01   6.5871302e-02  -8.2045998e-01   7.9026106e-03  -6.3004637e-03  -3.7545018e-03
  -2.4430491e-01   4.0856075e-02  -8.5847116e-01   6.2766936e-03  -6.2415250e-03  -3.6795977e-03
  -2.4387184e-01   3.0313101e-02  -8.5309161e-01   5.1892988e-03  -5.7341180e-03  -3.3237017e-03
  -1.7728310e-01   5.5635220e-02  -8.3386319e-01   5.7099848e-03  -6.1296685e-03  -2.7252176e-03
  -2.1236846e-01   4.7218088e-03  -7.7562220e-01   6.2741396e-03  -5.2655912e-03  -3.2403390e-03
  -2.0666760e-01   5.8705396e-02  -8.4482965e-01   3.7710762e-03  -4.8971774e-03  -3.1920630e-03
  -1.8559087e-01   8.5458162e-02  -8.1309881e-01   3.7455409e-03  -4.1111615e-03  -3.3908908e-03
  -1.9893307e-01   6.8548968e-02  -8.3541567e-01   2.4617110e-03  -4.2342033e-03  -2.9727762e-03
  -1.9360494e-01   1.5961682e-02  -7.1562003e-01   2.8785552e-03  -3.2611011e-03  -3.2607734e-03
  -1.8154503e-01   6.8248163e-04  -1.1309055e+00   3.7038615e-03  -2.9429452e-03  -3.3303718e-03
  -1.7493311e-01   9.5847623e-04  -9.8549959e-01   2.4803537e-03  -3.2553952e-03  -3.2314593e-03
  -1.7566307e-01   8.6631582e-02  -9.0587334e-01   3.1197439e-03  -2.9503575e-03  -3.5139606e-03
  -1.2685771e-01   6.7419455e-02  -6.4885515e-01   6.3134720e-04  -3.1833066e-03  -2.6772327e-03
  -2.1708947e-01   2.0332953e-03  -8.1796387e-01   1.0662106e-03  -2.0137959e-03  -3.4326458e-03
  -1.4607295e-01   8.8873923e-02  -7.1176644e-01   2.8765756e-03  -1.0678882e-03  -3.1549003e-03
  -1.8927495e-01   1.5294386e-02  -7.7263037e-01   1.6859242e-03  -1.1618241e-03  -3.3053538e-03
  -1.4765089e-01   8.7879127e-02  -7.6015334e-01   1.5529990e-03  -1.4816477e-03  -3.2937434e-03
  -1.4807503e-01   5.5099380e-02  -8.6480661e-01   2.8906517e-04  -1.3122642e-03  -3.4399320e-03
  -1.4338448e-01   1.0450232e-01  -6.7548963e-01   2.4741741e-03  -1.5521010e-03  -2.9321556e-03
  -1.7738481e-01   9.9912259e-02  -7.7269767e-01   3.3418218e-03  -9.1957350e-04  -3.2529644e-03
  -1.2562276e-01   1.1870019e-01  -8.3434437e-01   1.7345998e-03  -2.1532758e-03  -2.9608042e-03
  -1.8194914e-01   1.6597885e-01  -1.0215955e+00   9.3096266e-03  -8.0491449e-04  -3.2858186e-03
  -1.3132382e-01   1.7651667e-01  -1.3238101e-01   7.6447673e-03  -3.9100423e-03  -3.0952425e-03
  -2.3618614e-01   5.1833951e-02  -9.3927512e-01   9.0679498e-03  -8.2089283e-03  -1.0826804e-03
  -3.9311716e-01   1.7469600e-01  -1.2588344e+00   7.1170598e-03  -2.9443680e-03  -3.2921772e-03
  -3.5940641e-01  -3.0482615e-03  -8.1373215e-01   4.4438932e-03   3.9864187e-05  -3.6234691e-03
  -3.4985442e-01   1.3570262e-01  -1.0069529e+00   5.3136985e-03  -8.2827893e-04  -2.8492053e-03
  -3.1758470e-01   3.5231276e-02  -7.3484620e-01   4.3459202e-03  -1.7965556e-03  -3.4839448e-03
  -3.3826425e-01   9.7038844e-02  -8.8087344e-01   4.8739354e-03  -6.0826327e-04  -4.2903910e-03
  -2.7011999e-01   6.4980845e-02  -7.2641326e-01   4.0501418e-03  -2.3378434e-03  -3.8413317e-03
  -3.2700250e-01   1.0296445e-01  -7.7582137e-01   5.1147343e-03  -6.5569458e-04  -4.9417729e-03
  -2.7462249e-01   6.5947970e-02  -7.0876121e-01   4.2285424e-03  -2.0145175e-03  -4.4999327e-03
  -3.1766862e-01   1.1827493e-01  -8.5934947e-01   5.3888859e-03  -8.9396064e-04  -5.0352850e-03
  -3.0120213e-01   8.9989722e-02  -8.3983717e-01   2.8217147e-03  -2.3150847e-03  -4.1638318e-03
  -3.7869292e-01   8.2767700e-02  -7.6662765e-01   4.1525770e-03   5.8440818e-05  -5.1696054e-03
  -2.9789809e-01   1.0609186e-01  -7.7463752e-01   4.0923202e-03  -5.6785359e-04  -4.5500748e-03
  -3.2269272e-01   8.0999445e-02  -9.2345852e-01   7.4985713e-03   1.8869735e-04  -4.1159804e-03
  -3.3045140e-01   1.3536556e-01  -8.7265789e-01   4.1824666e-03   1.4720772e-04  -4.6308241e-03
  -3.2909133e-01   5.3896243e-02  -8.1588425e-01   5.0370730e-03   3.8572426e-04  -5.0331268e-03
  -2.8864774e-01   1.6623430e-01  -8.2667306e-01   4.2366234e-03   6.4022158e-05  -4.3192178e-03
  -2.9503564e-01   5.2166847e-02  -8.0068906e-01   2.9951153e-03   1.0492388e-04  -4.2465844e-03
  -3.0703443e-01   1.2557684e-01  -8.4731168e-01   3.3055103e-03   9.1776749e-04  -4.7822077e-03
  -3.4807124e-01   5.4856330e-02  -8.3920774e-01   2.0885254e-03   1.3351512e-03  -4.7867786e-03
  -3.3360473e-01   1.1350036e-01  -8.6596055e-01   3.4171272e-03   1.5840674e-03  -4.9213105e-03
  -3.4335639e-01   9.8237037e-02  -8.6596011e-01   2.1207923e-03   7.3459009e-04  -4.4405657e-03
  -3.1677834e-01   8.4176684e-02  -7.6187423e-01   3.6515603e-03   1.0144902e-03  -4.6532436e-03
  -3.1784103e-01   9.0939956e-02  -8.0216576e-01   1.8459604e-03   9.7416634e-04  -4.8153187e-03
  -3.0949438e-01   1.3885132e-01  -7.8238235e-01   1.9734502e-03   6.4264974e-04  -4.8002386e-03
  -3.2696359e-01   6.5928613e-02  -8.0321611e-01   3.3423080e-04   1.0616571e-03  -4.3141217e-03
  -3.1534679e-01   1.5147672e-01  -7.2878990e-01   1.2110109e-03   2.0778249e-03  -4.7295734e-03
  -3.2843515e-01   8.9637491e-02  -7.5649943e-01   3.6342154e-03   2.9286961e-03  -4.6986976e-03
  -3.5884408e-01   1.3208048e-01  -7.7452311e-01   2.1690766e-03   3.2597451e-03  -5.1550568e-03
  -3.6771781e-01   1.1546481e-01  -7.5106426e-01   3.3476161e-03   3.2969634e-03  -5.3731565e-03
  -3.2430188e-01   1.7289474e-01  -7.2540536e-01   3.1646581e-03   2.7599073e-03  -4.5542226e-03
  -3.0704274e-01   1.0306329e-01  -7.1134694e-01   1.1569180e-03   2.9254591e-03  -4.1641565e-03
  -3.0865209e-01   1.1618238e-01  -7.3860909e-01   1.8305815e-03   3.0786907e-03  -4.2807120e-03
  -3.0485004e-01   9.3807719e-02  -7.0345997e-01   2.1388823e-03   2.6779360e-03  -4.4580124e-03
  -3.1210728e-01   8.4320015e-02  -8.4338103e-01   2.5663758e-03   2.4964981e-03  -4.8136708e-03
  -3.1476901e-01   1.1026093e-01  -7.7168653e-01   3.6147319e-03   2.7474725e-03  -4.9965243e-03
  -3.2225927e-01   1.6154452e-01  -8.6233047e-01   1.5152721e-03   2.5099133e-03  -4.7627312e-03
  -3.1035038e-01   1.7762870e-01  -8.8228208e-01   1.3143549e-03   2.6427942e-03  -4.2167247e-03
  -3.1682925e-01   1.5839496e-01  -8.6109358e-01   7.8006412e-04   2.9201821e-03  -4.5488678e-03
  -3.2121725e-01   1.5497984e-01  -7.9363473e-01   1.6367630e-03   2.9980363e-03  -4.2209741e-03
  -3.4556001e-01   1.4175252e-01  -8.4022823e-01   1.0905288e-03   3.5929146e-03  -4.7152267e-03
  -3.0561665e-01   1.5904575e-01  -7.7481511e-01   2.0203313e-03   3.7444976e-03  -4.2671286e-03
  -3.4615220e-01   1.5517841e-01  -7.7527477e-01   7.3776980e-04   3.7391126e-03  -4.6113566e-03
  -3.5048406e-01   1.4997339e-01  -7.5440783e-01   1.6650216e-03   3.3695786e-03  -4.5017627e-03
  -3.7559590e-01   2.1270545e-01  -8.6027654e-01   4.4000936e-04   3.5328561e-03  -4.8302189e-03
  -3.4309185e-01   1.8681722e-01  -8.4514779e-01   8.2253036e-04   3.6535528e-03  -3.7965467e-03
  -3.7790829e-01   1.6774833e-01  -7.7353705e-01   1.9026630e-03   5.5496354e-03  -5.2549798e-03
  -3.2278991e-01   4.9498165e-01  -3.0585660e-01   5.7284989e-03   2.4690367e-03  -4.7347938e-03
  -2.2998047e-01   3.2638335e-01  -2.8643946e-02   8.0642728e-03   2.5496586e-03  -3.1063980e-03
  -2.6543608e-01   4.2160327e-01  -6.2186017e-01   5.9447305e-03   1.3290034e-03  -3.9220908e-03
  -3.0540790e-01   2.1234227e-01  -8.9764769e-01   2.5256400e-03   2.3846483e-03  -3.8329231e-03
  -3.0214233e-01   1.4952909e-01  -5.2701180e-01   4.3157654e-03   2.5896407e-03  -4.0067431e-03
  -2.5001341e-01   2.0291070e-01  -6.3560002e-01   3.8415591e-03   1.9836559e-03  -3.3827440e-03
  -3.3159650e-01   1.6353467e-01  -6.6613667e-01   2.8957943e-03   1.5736166e-03  -4.3554780e-03
  -1.9194064e-01   3.9129303e-01  -7.2744044e-01   8.2807893e-03   3.2773462e-03  -2.1218883e-03
  -2.4834351e-01   2.8501929e-01  -7.0946528e-01   7.8700393e-03   3.5606451e-03  -3.0484880e-03
  -2.7699904e-01   3.0640036e-01  -7.1506638e-01   7.2957525e-03   2.8197001e-03  -3.2300114e-03
  -2.6902017e-01   2.6378390e-01  -6.6918263e-01   6.9177281e-03   3.0141264e-03  -3.0520433e-03
  -2.3626614e-01   3.0489624e-01  -5.6523812e-01   7.2857407e-03   2.7010953e-03  -2.6143830e-03
  -2.6781408e-01   2.5748216e-01  -5.7129629e-01   7.7479859e-03   2.8230975e-03  -3.4487090e-03
  -3.1530954e-01   3.5331115e-01  -6.5637638e-01   7.3892865e-03   2.6176630e-03  -3.2042013e-03
  -3.1051004e-01   3.0807889e-01  -4.5786244e-01   8.4400226e-03   2.5632568e-03  -3.6920016e-03
  -6.2208653e-01   2.9737166e-01  -4.6341711e-01   1.2615593e-02  -2.1926289e-03  -7.0474921e-03
  -5.4403260e-01   3.0895465e-01  -4.9982286e-01   9.8685249e-03  -1.6427835e-03  -5.7970932e-03
  -4.9640987e-01   2.7617417e-01  -4.9563394e-01   9.9574561e-03  -1.6962591e-03  -5.7692238e-03
  -5.2884095e-01   2.5689445e-01  -5.1329990e-01   1.0652112e-02  -5.8773778e-04  -6.1627679e-03
  -5.6044024e-01   2.8013746e-01  -5.7526532e-01   9.8846525e-03  -6.0880852e-04  -6.5971696e-03
  -4.6753452e-01   2.9617164e-01  -6.0191011e-01   6.9494401e-03   2.5010189e-04  -5.2426398e-03
  -4.6409366e-01   3.0140996e-01  -6.0978712e-01   6.7527457e-03   1.5965750e-03  -5.3113928e-03
  -4.6146295e-01   2.8212805e-01  -6.7991809e-01   8.7647998e-03   9.9932978e-04  -5.0739681e-03
  -4.8167611e-01   3.0012952e-01  -7.6052271e-01   8.8108189e-03   9.4736200e-04  -5.4958521e-03
  -4.7259371e-01   3.0254957e-01  -7.3189920e-01   7.0514557e-03   9.7133996e-04  -5.4367924e-03
  -4.5549095e-01   2.7953692e-01  -7.3445358e-01   9.1820749e-03   6.9448149e-04  -5.3279972e-03
  -5.2029313e-01   3.0809794e-01  -8.0550233e-01   7.2368868e-03   1.0066362e-03  -6.0684743e-03
  -5.0885963e-01   2.6854181e-01  -8.2340252e-01   6.9326683e-03   4.0350665e-04  -6.0066526e-03
  -5.1732994e-01   3.1756335e-01  -8.5250917e-01   7.4766483e-03   1.1852480e-03  -6.2555885e-03
  -4.8979739e-01   3.3895524e-01  -8.3632731e-01   9.0444389e-03   9.4420143e-04  -6.2624625e-03
  -4.4788442e-01   3.8042733e-01  -7.7369989e-01   9.3168409e-03   1.4736639e-03  -5.6634628e-03
  -2.9697357e-01   3.9488976e-01  -8.1543825e-01   1.0730276e-02   1.5556217e-04  -4.1009379e-03
  -3.1344689e-01   3.3330556e-01  -7.5742329e-01   9.2094933e-03   5.4032760e-04  -4.3822810e-03
  -3.4675447e-01   2.8622999e-01  -8.2754454e-01   8.7368157e-03   1.7380459e-03  -5.0112980e-03
  -3.2305122e-01   3.3303276e-01  -6.8004153e-01   9.2072364e-03   1.4991445e-03  -4.4845323e-03
  -3.4746245e-01   3.4800344e-01  -8.6467175e-01   7.6215370e-03   1.5816065e-03  -4.5081292e-03
  -2.8046956e-01   3.4816109e-01  -7.2463106e-01   6.0374147e-03   1.1084649e-03  -4.1943082e-03
  -3.3798158e-01   2.9107529e-01  -8.6454095e-01   8.6334683e-03   1.6993745e-03  -4.8735632e-03
  -3.2044223e-01   2.9871676e-01  -7.2900367e-01   7.4738683e-03   7.6153068e-04  -4.7808109e-03
  -3.1135033e-01   2.8915747e-01  -6.2385103e-01   7.6760474e-03   1.3079954e-03  -5.0243197e-03
  -3.0648053e-01   2.7811290e-01  -7.5787049e-01   7.6340759e-03   1.2639009e-03  -4.9156984e-03
  -3.4803105e-01   3.1955438e-01  -9.1273502e-01   9.3098627e-03   1.0728356e-03  -5.1537777e-03
  -3.5266970e-01   3.3203029e-01  -8.0364531e-01   8.2385353e-03   8.7238179e-04  -5.1490264e-03
  -3.2754862e-01   3.2076681e-01  -8.0850212e-01   9.5354877e-03   1.0220177e-03  -4.8972660e-03
  -3.1367530e-01   3.7965338e-01  -9.0929160e-01   8.1967984e-03   1.0941486e-03  -4.7766615e-03
  -2.9824592e-01   3.5878234e-01  -9.5781744e-01   6.4021146e-03   8.8898940e-04  -4.6279448e-03
  -3.0202007e-01   3.4557576e-01  -7.9425052e-01   7.7408324e-03   7.1782495e-04  -4.5415305e-03
  -3.2388258e-01   3.6893380e-01  -1.0450956e+00   6.4852569e-03   9.0444056e-04  -4.8289659e-03
  -2.8067351e-01   4.7052990e-01  -3.6270049e-01   1.2127603e-02  -4.5760320e-04  -4.6611995e-03
  -2.7726394e-01   4.3598797e-01  -7.2425108e-02   1.3181597e-02  -3.6991447e-03  -3.7469714e-03
  -3.2263999e-01   3.5450686e-01  -3.7698165e-01   1.1965934e-02  -1.5379641e-03  -3.9956180e-03
  -2.7153768e-01   3.7674619e-01  -4.0007141e-01   9.0311090e-03  -2.9138099e-03  -3.2889542e-03
  -2.8344224e-01   3.1837138e-01  -5.2909431e-01   7.5197285e-03  -2.5200929e-03  -3.2590597e-03
  -3.0372223e-01   3.1334545e-01  -5.1202370e-01   9.8538982e-03  -9.3897490e-04  -3.4865975e-03
  -3.1316181e-01   3.3689499e-01  -6.2629113e-01   1.0926565e-02  -5.6026975e-04  -3.6814909e-03
  -3.3537412e-01   3.4996854e-01  -6.6042204e-01   8.6638086e-03  -6.2275882e-04  -3.8304532e-03
  -2.9036273e-01   3.3474254e-01  -7.0244655e-01   1.1964656e-02   1.3299701e-04  -3.8806731e-03
  -2.7647201e-01   4.5960687e-01  -6.6504153e-01   1.1480920e-02   2.0150100e-04  -3.4023852e-03
  -3.0473067e-01   4.0206383e-01  -7.1023999e-01   1.2006521e-02   4.6974430e-04  -3.6268296e-03
  -3.5656047e-01   4.0588571e-01  -7.3625909e-01   1.1681440e-02   1.3581332e-03  -3.9001853e-03
  -3.7449811e-01   3.5647379e-01  -7.8736870e-01   1.0336316e-02   1.5309211e-03  -4.2110782e-03
  -3.6303966e-01   3.4833215e-01  -7.8318497e-01   1.0831218e-02   1.8529366e-03  -4.0567884e-03
  -4.2402866e-01   3.7503781e-01  -9.2814242e-01   1.0412320e-02   2.2622285e-03  -4.7860095e-03
  -4.4185484e-01   3.4522953e-01  -8.9778770e-01   1.0411504e-02   2.4151057e-03  -4.6208674e-03
  -4.3217417e-01   3.5887740e-01  -8.6778647e-01   1.0617772e-02   2.8762453e-03  -4.8095246e-03
  -4.0284948e-01   3.8879270e-01  -7.8871754e-01   9.7435915e-03   2.5460932e-03  -4.5273874e-03
  -4.3042310e-01   3.7064923e-01  -8.4712377e-01   9.0805810e-03   2.9902023e-03  -4.6408137e-03
  -3.9874415e-01   3.9601441e-01  -7.7073783e-01   9.2619474e-03   2.5044259e-03  -4.5434156e-03
  -4.4870397e-01   3.5597810e-01  -8.7133669e-01   1.1132850e-02   3.0628545e-03  -4.4895745e-03
  -4.3620731e-01   3.6319971e-01  -8.5272901e-01   1.0285207e-02   2.8541196e-03  -4.5516085e-03
  -4.5065189e-01   3.5074368e-01  -8.6716183e-01   1.1006786e-02   3.1227404e-03  -4.8234403e-03
  -4.1247937e-01   3.7584299e-01  -9.3098446e-01   1.0055768e-02   2.4908400e-03  -4.1394696e-03
  -4.5773577e-01   3.8734123e-01  -9.0936157e-01   9.7244995e-03   2.5975449e-03  -5.0274284e-03
  -3.8149246e-01   3.8382412e-01  -8.4920918e-01   9.1032070e-03   1.4602616e-03  -3.9472315e-03
  -4.0258513e-01   4.2708894e-01  -8.5326857e-01   9.9425491e-03   9.2200250e-04  -4.2697159e-03
  -3.6997730e-01   3.5005599e-01  -7.9453866e-01   9.6291050e-03   3.3185914e-04  -3.8681187e-03
  -2.5319063e-01   4.8399942e-01  -1.3777539e-01   2.0094796e-02  -3.4150428e-03  -2.9874998e-03
  -2.6056381e-01   5.4134482e-01  -3.3421235e-01   1.4857835e-02  -4.7251473e-03  -2.5175519e-03
  -1.5187234e-01   3.8591985e-01  -6.6020407e-01   6.5208321e-03  -4.8147433e-03  -2.2051462e-03
  -2.3028616e-01   4.4192689e-01  -7.4428123e-01   1.1337093e-02  -3.4305721e-03  -2.8635804e-03
  -2.4749994e-01   3.9581567e-01  -7.6173112e-01   8.9137097e-03  -2.6407820e-03  -2.8132390e-03
  -2.7221295e-01   4.4234543e-01  -7.1584082e-01   1.1031449e-02  -2.1546180e-03  -3.2171018e-03
  -3.1029480e-01   4.3029136e-01  -7.7676586e-01   9.5237783e-03  -2.8606699e-03  -3.1289552e-03
  -2.8443312e-01   4.3894960e-01  -7.8783993e-01   1.0248530e-02  -2.4762864e-03  -3.4269710e-03
  -3.2615272e-01   4.1270640e-01  -8.2628239e-01   8.1608172e-03  -2.2064401e-03  -3.3631220e-03
  -3.0282907e-01   4.4912928e-01  -8.0788818e-01   9.4829866e-03  -1.7227307e-03  -3.3911500e-03
  -3.1517794e-01   4.5315979e-01  -9.3276267e-01   9.6140724e-03  -1.8611887e-03  -3.6550692e-03
  -3.1728102e-01   4.0906701e-01  -7.8733813e-01   1.0957711e-02  -1.2508132e-03  -3.8065115e-03
  -3.0383833e-01   4.5705414e-01  -7.7024107e-01   9.5369582e-03  -1.7361571e-03  -3.3873567e-03
  -3.5940460e-01   3.9809019e-01  -8.3332288e-01   1.0647158e-02  -1.5862276e-03  -4.0521753e-03
  -3.0605786e-01   4.8041355e-01  -8.4827373e-01   1.0217206e-02  -1.4143983e-03  -3.6585737e-03
  -3.3270964e-01   4.0550852e-01  -8.4097270e-01   9.5391645e-03  -1.2385149e-03  -3.4112951e-03
  -3.2412531e-01   4.9332423e-01  -9.0411834e-01   8.9168425e-03  -9.0241544e-04  -3.6934495e-03
  -3.6255694e-01   4.3214740e-01  -9.6302872e-01   9.3676211e-03  -9.8389385e-05  -4.4960212e-03
  -2.9588383e-01   4.5692044e-01  -7.8334087e-01   8.2575025e-03  -1.1026294e-04  -3.5458993e-03
  -3.2321214e-01   4.5908630e-01  -8.7284615e-01   8.7435225e-03   5.0017308e-04  -3.9202733e-03
  -3.3728004e-01   4.1641617e-01  -7.9282536e-01   7.8178373e-03   2.5698065e-04  -4.0465015e-03
  -3.4913970e-01   4.6059037e-01  -8.9654076e-01   7.7065647e-03   8.1059644e-04  -4.2410152e-03
  -3.3248452e-01   4.9706631e-01  -8.0931301e-01   7.8678761e-03   9.4646589e-04  -4.1383653e-03
  -3.6172500e-01   4.2376394e-01  -8.2639502e-01   7.6449294e-03   1.5167181e-03  -4.0563117e-03
  -3.7107624e-01   4.9578346e-01  -9.0673156e-01   8.0310661e-03   1.6855026e-03  -4.3428738e-03
  -3.5827056e-01   4.1675790e-01  -8.6699331e-01   8.0770582e-03   1.4235857e-03  -4.0540787e-03
  -3.4657859e-01   4.5124193e-01  -9.3942500e-01   7.7684399e-03   7.7158780e-04  -4.3048267e-03
  -4.0660051e-01   4.2245700e-01  -8.7894021e-01   8.1045149e-03   1.0192615e-03  -4.7114273e-03
  -3.9840727e-01   3.9746743e-01  -8.9700203e-01   7.7581793e-03   1.0848132e-03  -4.3212195e-03
  -3.8881078e-01   4.1178175e-01  -9.1500005e-01   7.8418296e-03   1.3395605e-03  -4.6411507e-03
