   0.0000000e+00   0.0000000e+00   0.0000000e+00   0.0000000e+00   0.0000000e+00   0.0000000e+00
   4.2327823e-03   1.6626637e-02   2.0310611e-02  -5.4545431e-04  -8.8546825e-05  -1.4065693e-04
  -1.8831710e-02   6.3088327e-02   4.6762239e-03  -1.0797034e-03   1.7263939e-04  -3.2790458e-04
   1.1225783e-02   6.9203903e-02   7.2281578e-02  -6.2781086e-04   4.5319130e-04   3.7777542e-04
  -1.6763570e-02   9.9433916e-02   5.0171466e-02  -2.1730467e-03   3.8654784e-04  -1.5812800e-05
   2.5475515e-02   1.5190401e-01   1.0411384e-01  -4.1161135e-03  -1.3839773e-04   1.3385199e-03
  -5.1562156e-02   1.3093351e-01   5.5821014e-02  -2.6343953e-03  -1.6315359e-04   5.5289730e-04
  -7.0870492e-02   7.4675905e-02   7.6245130e-02  -2.1474526e-03   4.2284861e-04   5.3858103e-05
  -4.7598439e-02   1.1965399e-01  -3.9841175e-02  -2.2637867e-03  -6.5752372e-05  -2.0923485e-05
  -3.5580320e-02   1.7709802e-01  -5.6467181e-02  -2.9097600e-03   8.2520845e-05   9.8250564e-04
  -5.6447174e-02   1.7204560e-01  -1.1508301e-01  -2.1044676e-03   2.9656147e-05   1.8673962e-04
  -4.3954127e-02   1.7369393e-01  -7.7336710e-03  -2.1887854e-03  -1.2400256e-04   9.6101936e-04
  -4.5357183e-02   1.7926086e-01   1.8548291e-02  -2.7172107e-03  -3.6463672e-04   8.6751810e-05
  -2.4771176e-03   2.2691522e-01   7.8237686e-03  -1.6951343e-03  -8.1498663e-05   9.6991257e-04
   3.3539487e-02   1.4806005e-01  -1.1105506e-01   9.2423403e-04  -1.2138479e-03   1.7866694e-03
   2.8137519e-02   2.6997503e-01  -7.0872487e-02  -1.2616874e-03  -2.9775370e-04   1.6751456e-03
   2.5721066e-02   2.7073897e-01  -8.8331263e-02  -1.6909578e-03  -1.8951065e-04   1.6195495e-03
   1.0823327e-02   1.8684733e-01  -3.7736135e-02  -1.7665484e-03  -1.7753251e-04   1.0920927e-03
   1.2059113e-02   2.2930200e-01  -1.3931351e-01  -1.0428316e-03  -7.8528291e-04   1.3767881e-03
  -2.7414710e-03   2.5275323e-01  -1.5661889e-01  -1.4577726e-03  -4.0215590e-04   1.3133499e-03
   3.8431413e-02   2.4910901e-01  -1.3340345e-01  -2.4312571e-03   4.0884451e-04   1.6920856e-03
   2.6160248e-02   2.1044660e-01  -5.4491914e-02  -1.8137489e-03  -3.0707937e-06   1.2262570e-03
   2.9820824e-02   2.5574186e-01  -6.9279735e-02  -2.9600472e-03  -5.6214008e-04   1.4949180e-03
   4.6726427e-02   2.8746812e-01  -1.6326451e-01  -2.6738929e-03  -7.4390729e-04   1.3567058e-03
   5.1222134e-02   2.8835582e-01  -9.6425652e-02  -3.2540432e-03  -6.7143779e-04   2.0294662e-03
   3.5295635e-02   2.3959427e-01  -5.7631919e-03  -3.8039711e-03  -1.2910126e-03   1.4745570e-03
   2.5325813e-02   2.5189003e-01  -6.4345901e-02  -2.4797713e-03  -6.7571886e-04   1.6136988e-03
   1.9720438e-02   2.2129244e-01   1.3984406e-02  -1.7338054e-03  -1.3184568e-03   1.5460791e-03
   1.7019879e-02   3.1917735e-01  -1.6468126e-01  -2.0046268e-03  -1.0038267e-03   1.5692970e-03
   2.2706871e-02   3.1435030e-01  -8.8726529e-02  -1.6562143e-03  -1.5406581e-03   1.7488399e-03
   1.2347669e-02   2.8472143e-01  -1.9934680e-02  -1.8216631e-03  -1.4184039e-03   1.5111274e-03
   1.2728432e-02   3.0923945e-01  -6.5892985e-02  -2.4634275e-03  -1.0207901e-03   1.7263778e-03
   4.9534751e-02   3.0292561e-01  -3.0468200e-03  -3.6243948e-03   3.4882772e-05   1.8276293e-03
   3.1997621e-02   3.1262557e-01  -3.9277129e-02  -3.1187597e-03  -5.9233956e-04   1.3876578e-03
   4.7596379e-02   3.0791137e-01  -2.5061922e-02  -2.8232084e-03  -3.8242328e-04   1.9204325e-03
   4.2769116e-02   3.1333924e-01  -6.4753743e-02  -2.5110028e-03  -7.5822789e-04   1.8106125e-03
   2.9057281e-02   3.0248896e-01  -2.3593890e-02  -2.9951981e-03  -6.4583168e-04   1.6468800e-03
   1.7413010e-02   3.1692114e-01  -8.3061743e-02  -1.0424959e-03  -1.8418440e-03   1.7364780e-03
   2.0485260e-02   3.3594332e-01  -7.2269866e-02  -2.5812121e-03  -1.2812760e-03   2.0982740e-03
   2.1384806e-02   3.4170676e-01  -1.4539613e-01  -1.9794073e-03  -1.3895458e-03   1.8600314e-03
   1.5744696e-02   3.7423857e-01  -1.4698819e-01  -2.4442348e-03  -7.2709884e-04   1.9785180e-03
   1.7051872e-02   3.3197180e-01  -8.5176243e-02  -2.6337479e-03  -1.4595558e-03   2.0376826e-03
   2.0460758e-02   3.1995469e-01  -2.1226521e-02  -2.4264267e-03  -1.1015067e-03   1.8235956e-03
   3.3530144e-02   3.2191323e-01   5.6967991e-02  -2.9240274e-03  -1.9095745e-03   2.2688940e-03
  -1.7076234e-03   3.3522993e-01   6.1380402e-02  -3.7869174e-03  -2.0485052e-03   2.3363688e-03
  -4.2133260e-03   3.6384758e-01  -5.8168941e-02  -3.4398669e-03  -1.2075151e-03   1.7645752e-03
   1.3499688e-02   3.8071996e-01  -1.7443388e-02  -3.6763408e-03  -1.2444269e-03   2.1106718e-03
   4.0255408e-03   3.6527181e-01  -3.9094735e-02  -3.5812734e-03  -1.4741479e-03   1.7160509e-03
   1.8611058e-02   3.4058298e-01  -2.8456043e-02  -3.6559689e-03  -1.4323598e-03   1.6232521e-03
   1.5811516e-02   3.3901236e-01  -6.2531382e-02  -2.6831983e-03  -1.2369586e-03   1.0049645e-03
   1.6508462e-02   3.2373394e-01  -4.4692870e-02  -3.1402350e-03  -1.8124495e-03   1.4882376e-03
   1.7977497e-02   3.7312318e-01  -7.3701157e-02  -2.9154156e-03  -1.4798703e-03   1.2127811e-03
   1.2478102e-02   3.9287038e-01  -8.5025522e-02  -2.6991389e-03  -1.9879348e-03   1.4337917e-03
   1.8270622e-02   4.0692471e-01  -1.3046250e-01  -2.8477574e-03  -2.0505688e-03   1.5465907e-03
   5.5529429e-03   4.1330263e-01  -1.8852714e-01  -2.9838348e-03  -2.2669429e-03   1.5376423e-03
   1.9726459e-02   4.0145195e-01  -9.5822668e-02  -3.4340806e-03  -1.9913032e-03   1.4151545e-03
   1.3355054e-02   3.8468845e-01  -7.6991083e-02  -2.7876574e-03  -2.4538101e-03   1.1734691e-03
   1.5098792e-02   3.9375309e-01  -7.7547166e-02  -3.1030853e-03  -1.7748127e-03   1.5595257e-03
   1.2462268e-02   3.6335486e-01  -6.8712543e-02  -2.1229941e-03  -1.8335523e-03   1.5351111e-03
   2.0003911e-02   4.0838404e-01  -1.2460432e-01  -1.1049648e-03  -2.1534676e-03   1.4206136e-03
   2.3178452e-02   4.6306417e-01  -1.5884819e-01  -1.8292939e-03  -2.0995532e-03   1.7073988e-03
   9.2070508e-03   4.3489059e-01  -1.3122451e-01  -1.8304660e-03  -1.5353281e-03   1.3931354e-03
   1.2387508e-02   4.2718386e-01  -1.3893073e-01  -1.5473156e-03  -1.9357365e-03   1.4745258e-03
   1.8285177e-02   4.4783906e-01  -1.0733183e-01  -2.3908973e-03  -1.2550054e-03   1.3555030e-03
   1.5216996e-02   4.2116692e-01  -1.3330617e-01  -1.3246520e-03  -1.9216970e-03   1.3798038e-03
   5.2634699e-03   4.1351450e-01  -1.3582258e-01  -1.2409936e-03  -1.7799678e-03   9.2366115e-04
   1.8094826e-02   4.3268727e-01  -9.5293159e-02  -2.4599636e-03  -1.7601039e-03   1.4379547e-03
   2.3481209e-02   4.2728228e-01  -8.3361803e-02  -3.0966965e-03  -2.0304091e-03   1.5036797e-03
   1.3072661e-02   4.3251866e-01  -9.0112679e-02  -2.1216488e-03  -1.5574350e-03   1.2963328e-03
   6.1637528e-03   4.4406517e-01  -1.1877996e-01  -1.8199972e-03  -1.8821015e-03   1.3523644e-03
  -1.7638559e-02   4.0156416e-01  -1.7851491e-01  -1.2277673e-04  -2.2695027e-03   9.7963612e-04
  -3.2990211e-03   4.5762259e-01  -1.6042762e-01  -9.4003251e-04  -1.8287632e-03   1.3209914e-03
  -8.4741468e-03   4.5866404e-01  -1.4189600e-01  -9.7462628e-04  -2.4408579e-03   1.2222921e-03
  -1.0025572e-02   4.3473777e-01  -1.5213316e-01  -1.3747462e-03  -1.8114330e-03   1.0284733e-03
   1.5976100e-03   4.4596156e-01  -1.8928406e-01   1.9186217e-04  -2.4071089e-03   1.2979670e-03
   1.8272895e-02   4.2521706e-01  -9.9274182e-02  -1.9958681e-03  -1.6954159e-03   1.3240581e-03
   2.5043737e-02   4.1648906e-01  -9.0677615e-02  -2.6799286e-03  -1.6727652e-03   1.3753566e-03
   3.1719971e-02   4.5211181e-01  -1.0136693e-01  -1.8246462e-03  -2.1614153e-03   1.5349444e-03
   1.7959012e-02   4.7142195e-01  -1.3427461e-01  -1.7789351e-03  -3.3412458e-03   1.7028530e-03
   4.7932864e-03   4.8183802e-01  -1.9092127e-01  -1.1096292e-03  -3.2745954e-03   1.8680144e-03
  -2.0557329e-03   4.6486043e-01  -1.3383854e-01  -8.9246678e-04  -2.9348071e-03   1.5235047e-03
   2.4971863e-03   4.5489557e-01  -1.2602155e-01  -1.1272928e-03  -2.5332528e-03   1.6335958e-03
   1.7955135e-02   4.5179398e-01  -1.0847676e-01  -1.2407278e-03  -1.4302980e-03   1.3667568e-03
   2.3720808e-02   4.6353446e-01  -1.0875789e-01  -2.0135461e-03  -1.7111640e-03   1.3654482e-03
   2.1650617e-02   4.8979858e-01  -1.1015197e-01  -2.1249384e-03  -1.7428799e-03   1.7585960e-03
   2.1877011e-02   4.9892913e-01  -1.2333505e-01  -2.0452115e-03  -2.2385251e-03   1.8190199e-03
   2.1071008e-02   4.9298733e-01  -1.1128772e-01  -1.9603920e-03  -1.8525841e-03   1.7215624e-03
   2.2385233e-02   5.0059174e-01  -1.1248518e-01  -1.7245979e-03  -2.1183968e-03   1.8392634e-03
   1.1593641e-02   4.9008241e-01  -1.1516800e-01  -9.3054327e-04  -2.4783788e-03   1.5901230e-03
   9.9091354e-03   4.9679238e-01  -1.1511388e-01  -1.3867238e-03  -2.8146413e-03   1.7349769e-03
  -1.8467668e-03   5.0199909e-01  -8.5618355e-02  -1.5692487e-03  -2.5598694e-03   1.4683928e-03
   7.8277752e-03   5.2274423e-01  -8.0964632e-02  -1.8451559e-03  -2.5415312e-03   1.6401014e-03
   2.5442202e-02   4.8887382e-01  -7.1365581e-02  -1.1553227e-03  -2.2847508e-03   1.5839844e-03
   3.2982685e-02   4.9468416e-01  -6.0698039e-02  -1.5566319e-03  -2.0656316e-03   2.0658240e-03
   3.1967932e-02   4.8730182e-01  -4.9087901e-02  -1.1194806e-03  -2.2338712e-03   2.0905831e-03
   1.7755696e-02   4.7292072e-01  -5.3989212e-02  -1.2164206e-03  -2.2713458e-03   1.8343965e-03
   1.4151221e-02   5.1361531e-01  -7.8170639e-02  -8.2402035e-04  -2.1004148e-03   1.8656751e-03
   1.4136691e-02   5.3009571e-01  -9.7643295e-02  -9.1364875e-04  -2.2081764e-03   1.6485745e-03
   1.4182750e-02   5.4338218e-01  -8.6593943e-02  -1.5543218e-03  -1.5415816e-03   1.3725413e-03
   2.6638545e-02   5.5483131e-01  -9.4962342e-02  -1.3306338e-03  -1.7785531e-03   1.7502335e-03
   1.5246334e-02   5.4539314e-01  -7.5944998e-02  -1.5748062e-03  -1.6855401e-03   1.4691245e-03
   2.3358846e-02   5.5366302e-01  -7.4750033e-02  -1.6946701e-03  -1.7716545e-03   1.9267672e-03
   6.4176612e-03   5.3368867e-01  -8.9195380e-02  -1.1270508e-03  -2.2073234e-03   1.5056173e-03
   5.6455596e-02   5.4054757e-01  -4.6670629e-02  -1.5655704e-03  -1.1270498e-03   2.6616864e-03
   6.1437165e-02   5.5842020e-01  -8.6013625e-02  -1.8095831e-03  -1.5714309e-03   2.6646297e-03
   5.4855588e-02   5.7560674e-01  -9.9411814e-02  -1.8412209e-03  -9.5527877e-04   2.0187311e-03
   6.7179603e-02   5.4265042e-01  -7.4534227e-02  -1.6419451e-03  -1.0348368e-03   2.2703575e-03
   4.6603012e-02   5.5507991e-01  -8.2746298e-02  -1.5147606e-03  -1.0264390e-03   1.7687645e-03
   6.4028730e-02   5.8946453e-01  -7.8382720e-02  -2.6444980e-03   1.5004675e-04   1.4524225e-03
   5.2823640e-02   5.7798606e-01  -1.0056158e-01  -1.4673362e-03  -8.1720197e-04   1.6936663e-03
   4.6571250e-02   5.7665739e-01  -9.1224994e-02  -1.5852382e-03  -8.3485294e-04   1.6311537e-03
   3.5633794e-02   5.7489310e-01  -7.9100641e-02  -2.3552150e-03  -5.9251509e-04   1.5322061e-03
   6.0558711e-02   5.8065735e-01  -1.0017335e-01  -1.8123126e-03  -6.8819588e-04   2.1319214e-03
   4.1793526e-02   5.6548210e-01  -1.0395404e-01  -9.1999511e-04  -5.3055057e-04   1.7861002e-03
   5.8686597e-02   5.8888959e-01  -1.0494281e-01  -1.7969293e-03  -3.0120661e-04   1.9306342e-03
   3.2551631e-02   6.0879786e-01  -1.1256589e-01  -1.4667468e-03  -9.8101247e-04   1.3912269e-03
   5.4335604e-02   5.8445273e-01  -9.1114542e-02  -1.3255789e-03  -5.9591888e-04   2.1434936e-03
   3.8661523e-02   5.7003337e-01  -9.8305065e-02  -1.2877758e-03  -8.6507301e-04   1.5078482e-03
   5.8475491e-02   5.7216968e-01  -7.8728617e-02  -1.4298179e-03   1.2511987e-04   1.6636551e-03
   6.3958926e-02   5.8223865e-01  -1.0077485e-01  -1.0299192e-03  -1.5579118e-04   1.7986260e-03
   6.1008482e-02   6.0293036e-01  -1.0675994e-01  -1.1016284e-03  -2.3061654e-04   1.9481128e-03
   3.8980098e-02   6.0943475e-01  -1.3224957e-01  -6.0191905e-04  -6.5438795e-04   1.3929920e-03
   4.8103651e-02   5.9300340e-01  -9.9757043e-02  -1.3250178e-03  -4.1923969e-04   1.8647662e-03
   3.7641671e-02   5.6574563e-01  -8.1922487e-02  -4.7966265e-04  -1.1202152e-03   1.4367059e-03
   4.2036153e-02   5.5661782e-01  -1.2655801e-01   6.4965468e-04  -1.0022859e-03   1.0160020e-03
   5.1537172e-02   5.9193235e-01  -9.8261547e-02  -4.4171459e-04  -5.9874428e-04   1.7391809e-03
   5.3519628e-02   5.7718564e-01  -1.0028915e-01  -1.2172565e-04  -2.7759835e-04   1.7216613e-03
   4.4901676e-02   5.5667120e-01  -8.6719164e-02   1.8011725e-04  -6.9523346e-04   1.4625426e-03
   3.8654580e-02   6.1209177e-01  -8.0638811e-02  -1.0556259e-03  -8.9541744e-04   1.7143913e-03
   3.7288308e-02   6.3307767e-01  -1.2215567e-01  -2.4850692e-04  -8.6269993e-04   1.4734850e-03
   2.8627951e-02   6.2084125e-01  -9.1083738e-02  -1.0082326e-03  -1.0687898e-03   1.1012388e-03
   4.3454374e-02   6.3390668e-01  -1.4251522e-02  -1.9209126e-03  -8.8571441e-04   1.4501484e-03
   4.1436502e-02   6.3185657e-01  -9.2753891e-02  -4.0464518e-04  -1.2623723e-03   1.2725340e-03
   3.9113177e-02   6.3403346e-01  -5.2049620e-02  -8.9930268e-04  -1.1542992e-03   1.9272385e-03
   3.3901010e-02   6.0815422e-01  -2.5956726e-03  -3.4059604e-04  -2.1000920e-03   1.7310966e-03
   4.0308491e-02   6.5100550e-01  -3.7936744e-02  -1.4309478e-03  -1.5148655e-03   2.1339975e-03
   2.4891400e-02   6.9147016e-01  -1.3228701e-01  -1.2846810e-04  -2.0652076e-03   1.9023580e-03
   2.8381000e-02   6.5562664e-01  -1.8323656e-02  -1.9237536e-03  -1.2769563e-03   1.6882163e-03
   3.1035567e-02   6.4781580e-01  -7.2758319e-02  -8.0154257e-04  -2.4890611e-03   1.7479044e-03
   4.1666739e-02   6.4508051e-01  -3.0769608e-02  -9.1244476e-04  -2.1528848e-03   2.2149146e-03
   4.2415628e-02   6.5079129e-01  -2.7576945e-02  -1.0203308e-03  -1.5940605e-03   1.6600738e-03
   2.6415238e-02   6.9697169e-01  -8.6790513e-02  -1.0188094e-03  -1.9943806e-03   1.8407752e-03
   3.5964758e-02   6.8407732e-01  -4.0683712e-02  -1.2034905e-03  -1.4851384e-03   1.7858955e-03
   3.4474224e-02   6.6946960e-01  -4.6563130e-02  -2.2344841e-03  -1.6277556e-03   1.1721482e-03
   4.6165633e-02   6.5245155e-01   2.2550743e-02  -1.8917825e-03  -1.6897900e-03   1.8674670e-03
   8.3064221e-02   6.4354623e-01   9.0043788e-02  -1.6763263e-03  -2.1542995e-03   2.5047778e-03
   5.8014026e-02   6.6233817e-01   5.2384140e-02  -1.8220993e-03  -1.6420795e-03   1.9194167e-03
   5.2525275e-02   6.7244143e-01   4.7661478e-02  -1.6591060e-03  -2.3049753e-03   2.0440940e-03
   4.0851315e-02   6.5539022e-01   6.1276691e-02  -2.3657963e-03  -2.4675685e-03   1.4602772e-03
   4.1630839e-02   6.9719398e-01   2.9181429e-02  -2.3078551e-03  -2.5857223e-03   1.7820950e-03
   4.8897175e-02   6.7106292e-01   1.0250117e-01  -2.7158489e-03  -2.1505354e-03   1.9989842e-03
   3.6251308e-02   6.7807137e-01   7.0708393e-02  -3.4656015e-03  -2.6268229e-03   1.9383219e-03
   3.2250746e-02   6.4106814e-01   1.9774059e-01  -1.6839365e-03  -3.0562899e-03   1.8215590e-03
   1.0304753e-02   6.7557211e-01   3.5912540e-01  -7.1161855e-03  -4.3902169e-03   1.6719076e-03
  -7.6874836e-02   6.6533501e-01   3.1836558e-01  -7.9864882e-03  -4.7846072e-03   1.1689628e-03
  -6.5454644e-02   6.4835680e-01   3.9823856e-01  -7.1477255e-03  -5.5211907e-03   1.4158625e-03
  -7.1767147e-02   6.3695927e-01   3.8741764e-01  -5.4942325e-03  -5.0683684e-03   1.5222762e-03
  -5.6720072e-02   6.3358186e-01   4.3034091e-01  -4.2303675e-03  -5.0015465e-03   2.1526519e-03
  -5.8858687e-02   6.4812685e-01   4.1633071e-01  -4.6956185e-03  -4.5740286e-03   1.8256208e-03
  -7.2142013e-02   6.5494779e-01   4.2585054e-01  -4.2904095e-03  -4.2747215e-03   2.3063919e-03
  -7.6406111e-02   6.9232701e-01   3.7519299e-01  -4.5432810e-03  -4.5610201e-03   2.0590739e-03
  -8.3884480e-02   6.8780748e-01   4.0446663e-01  -4.2347350e-03  -4.3383432e-03   2.2525521e-03
  -7.6257743e-02   6.8693776e-01   4.2877969e-01  -3.6295961e-03  -3.9470772e-03   2.0419695e-03
  -7.8358340e-02   6.8888682e-01   4.2655354e-01  -4.6987983e-03  -3.9845135e-03   2.1993626e-03
  -7.1979657e-02   6.7467754e-01   4.5845982e-01  -4.2072422e-03  -3.6552811e-03   1.7468106e-03
  -7.7957055e-02   6.8651072e-01   4.3174075e-01  -4.7142486e-03  -3.8150356e-03   1.9289736e-03
  -8.0617476e-02   6.5721567e-01   4.6083352e-01  -3.9839805e-03  -3.8283058e-03   1.8290280e-03
  -6.7916973e-02   6.2166139e-01   3.7143114e-01  -1.9900369e-03  -4.0901317e-03   1.7533296e-03
  -5.1023127e-02   6.7765892e-01   3.6651050e-01  -3.8468985e-03  -4.1380414e-03   2.4851937e-03
  -3.0007115e-02   6.3080130e-01   4.2484134e-01  -2.9765479e-03  -5.1373704e-03   2.3154941e-03
  -3.6830173e-02   6.8219967e-01   4.6497595e-01  -4.5244552e-03  -4.3855383e-03   2.6202562e-03
  -2.4486036e-02   7.0357759e-01   4.1737276e-01  -4.1073173e-03  -5.1517012e-03   2.7504142e-03
  -5.5718096e-02   7.1284917e-01   4.2781168e-01  -4.5577813e-03  -4.5327308e-03   2.2023470e-03
  -1.6694076e-02   6.9747206e-01   5.6452589e-01  -3.7598792e-03  -5.5057217e-03   3.0055043e-03
   3.1298355e-02   6.9853706e-01   5.9772260e-01  -4.5423752e-03  -4.9125873e-03   3.7547630e-03
  -7.4950592e-03   7.2668030e-01   4.2410746e-01  -2.6892272e-03  -3.1962152e-03   2.3967599e-03
   1.7118470e-02   7.0325007e-01   5.7923444e-01  -4.3524235e-03  -3.8593762e-03   2.8015098e-03
   1.0608147e-02   7.0770627e-01   4.9209228e-01  -5.1355829e-03  -3.5147624e-03   2.2561676e-03
   1.7599785e-02   7.0368665e-01   5.2349863e-01  -5.3608858e-03  -4.0813340e-03   2.6387799e-03
