   0.0000000e+00   0.0000000e+00   0.0000000e+00   0.0000000e+00   0.0000000e+00   0.0000000e+00
   2.4548972e-03   1.5209054e-02  -4.2806890e-02   7.3056599e-04   1.9155964e-05  -4.9048711e-05
   7.3807206e-03   2.4736670e-02  -3.0354107e-03   9.4085703e-05   2.8352338e-05   2.5274406e-04
   4.2895726e-04   3.0940164e-02   7.0198379e-03   8.5129783e-04   3.8222148e-04   4.7267368e-05
   2.6960191e-03  -2.4031939e-02   2.1871796e-01  -4.7659130e-03   3.2350314e-04   5.1817508e-04
   1.2997122e-02   5.4359648e-04   4.3059660e-01  -9.2788093e-03   7.6590443e-04   9.3271048e-04
   1.4516777e-02   3.8006488e-02   3.2332385e-01  -6.5879802e-03   6.0335103e-04   9.2015642e-04
   1.1018124e-02   2.5818378e-02   3.3730356e-01  -6.9450925e-03   6.0882531e-04   7.8676134e-04
   3.6311761e-02   2.7968049e-02   3.5630263e-01  -6.8292916e-03   7.5078731e-04   8.3480623e-04
   4.2795420e-02   1.9700567e-02   3.6961128e-01  -7.5657600e-03   6.8948278e-04   1.0785031e-03
   4.4024867e-02   3.7691790e-02   3.7559856e-01  -7.3488628e-03   8.7891695e-04   1.1324212e-03
   5.2909475e-02   6.2912359e-02   3.8001274e-01  -7.7011479e-03   9.8221710e-04   1.0069019e-03
   3.4339007e-02   2.9679865e-02   3.3168278e-01  -6.7279107e-03   1.0313242e-03   8.1427262e-04
   3.4311344e-02   5.4207663e-02   3.6699043e-01  -7.3838890e-03   1.0606053e-03   9.2259607e-04
   2.2887035e-02   5.2610377e-02   3.5234284e-01  -6.8597636e-03   9.9209477e-04   7.5796026e-04
   1.9870202e-02   4.6796341e-02   3.6540083e-01  -7.0948184e-03   9.8588480e-04   5.8086548e-04
   3.3363398e-02   5.3008115e-02   3.7294303e-01  -6.7724196e-03   9.1277817e-04   6.0177523e-04
   3.2455908e-02   3.7032442e-02   3.6603791e-01  -6.6828837e-03   8.4139698e-04   5.5141164e-04
   2.9000081e-02   4.9501359e-02   3.4324656e-01  -6.1139432e-03   8.9542402e-04   4.9447192e-04
   4.7124109e-02   1.6054273e-02   3.0234627e-01  -5.1573003e-03   5.6848912e-04   5.4163487e-04
   6.0485540e-02   3.4362257e-02   3.0383833e-01  -5.3850714e-03   4.3860533e-04   8.2903267e-04
   7.4998605e-02   2.1277547e-02   2.5045446e-01  -4.6138551e-03   1.7550381e-04   8.4450787e-04
   8.1062411e-02   7.9342986e-02   3.6950064e-01  -6.2007352e-03   5.3121383e-04   9.0685610e-04
   8.8765872e-02   2.3840789e-01   7.7446491e-01  -8.8576895e-03   7.9588930e-04   8.2676150e-04
   3.8466489e-02   5.2202604e-02   4.7043665e-01  -5.5637443e-03   1.6617596e-03  -1.9618009e-04
   3.4095738e-02   8.5928652e-02   3.5864656e-01  -4.6617993e-03   1.6942196e-03  -9.6793978e-05
   3.7495932e-02   8.2880814e-02   3.6287475e-01  -4.7674600e-03   1.4663861e-03  -2.5254457e-04
   3.7924169e-02   8.0410370e-02   3.9181876e-01  -5.7212700e-03   1.4859929e-03  -3.8593599e-04
   3.3174896e-02   4.6712763e-02   3.9896983e-01  -5.9233039e-03   1.4832774e-03  -4.5121514e-04
   4.0712936e-02   8.3703823e-02   3.5792211e-01  -5.7915066e-03   1.3359636e-03  -1.4889590e-04
   2.9608549e-02   6.6061830e-02   3.6151991e-01  -6.0313709e-03   1.3972483e-03  -2.1443654e-04
   4.1040570e-02   9.8030875e-02   3.4689394e-01  -6.1228629e-03   1.4133640e-03   4.3781744e-05
   3.0007790e-02   9.9970343e-02   3.1387076e-01  -5.7851791e-03   1.4904599e-03  -1.7686101e-04
   3.8391230e-02   1.2933362e-01   2.9955219e-01  -5.7405217e-03   1.3931139e-03  -5.0624013e-05
   2.7331767e-02   1.3464283e-01   2.9438277e-01  -5.9457953e-03   1.2135380e-03  -4.0172707e-04
   3.5238125e-02   1.4420575e-01   3.3345492e-01  -6.4892969e-03   1.2572598e-03  -2.3593312e-04
   2.5881886e-02   1.3105930e-01   3.2254758e-01  -6.5100939e-03   1.2187926e-03  -2.4170733e-04
   3.1923423e-02   1.3952551e-01   3.0809668e-01  -6.5129651e-03   8.9737742e-04  -9.0952608e-05
   1.8478417e-02   1.1539727e-01   2.9106196e-01  -6.0693417e-03   9.6802998e-04  -3.4487274e-04
   2.7922614e-02   1.2869211e-01   2.8985992e-01  -6.1199381e-03   9.2545339e-04  -3.9906688e-04
   2.1701845e-02   1.4380381e-01   2.5680114e-01  -5.7962820e-03   8.2640150e-04  -6.7714789e-04
   3.6108567e-02   1.8098420e-01   2.4055571e-01  -5.4356428e-03   8.0405609e-04  -4.4408301e-04
   4.6959605e-02   1.7688273e-01   2.2889999e-01  -5.6393330e-03   6.8918645e-04  -5.3747457e-04
   5.2248409e-02   1.5949835e-01   2.4448854e-01  -5.7896931e-03   6.4741048e-04  -3.7581625e-04
   5.1599673e-02   1.4925423e-01   2.1479079e-01  -5.2707879e-03   7.6375144e-04  -3.5079594e-04
   4.5258489e-02   1.4282429e-01   2.3871045e-01  -5.1242176e-03   8.5056928e-04  -3.7227359e-04
   6.4720890e-02   1.3489796e-01   1.9307992e-01  -3.6862457e-03   7.5981648e-04  -6.6215485e-05
   5.9623129e-02   1.7029613e-01   2.0365220e-01  -5.8720664e-03   7.9409011e-04   1.5087935e-04
   9.3081964e-02   2.5748647e-01   2.5768655e-01  -6.4086424e-03  -3.0878808e-05   2.7082439e-04
   9.1331473e-02   3.0560375e-01   2.9341123e-01  -5.1357436e-03   1.9048083e-04  -9.8146032e-04
   1.1159098e-01   2.9592811e-01   3.2403811e-01  -4.9752547e-03   2.9164339e-04  -4.3604282e-04
   1.1232392e-01   2.7102221e-01   3.6313307e-01  -4.8943489e-03   2.5224804e-04  -4.0480991e-04
   1.1702152e-01   2.4955798e-01   4.1128641e-01  -5.6507310e-03   1.4815338e-04  -3.7957885e-05
   1.1010167e-01   2.6342056e-01   4.4237842e-01  -6.6886453e-03   3.0537721e-04  -1.3605221e-04
   1.0915234e-01   2.5114681e-01   3.8213042e-01  -5.8311648e-03   3.2465231e-04  -6.6536080e-05
   1.0815564e-01   2.3549067e-01   4.0737358e-01  -6.3184087e-03   2.7630063e-04  -1.9844968e-04
   9.7710005e-02   2.4985510e-01   3.2594232e-01  -4.6907226e-03   4.8396654e-04  -1.0847249e-04
   1.0221180e-01   2.6791975e-01   3.1615188e-01  -4.3773853e-03   3.3478515e-04  -7.6713140e-05
   9.9282273e-02   2.7078323e-01   3.2038121e-01  -4.7965664e-03   4.5543896e-05   1.3300235e-04
   1.1803952e-01   2.4692448e-01   3.5577862e-01  -4.2483708e-03   6.3740763e-04   3.8221940e-04
   1.0457001e-01   2.5622949e-01   4.0174440e-01  -6.3969060e-03   1.1756475e-03   4.4310082e-04
   9.2720315e-02   2.8482244e-01   2.8262067e-01  -5.6705533e-03   1.4503435e-03   6.8483391e-04
   7.5862110e-02   2.8736443e-01   2.8049702e-01  -5.3721517e-03   1.2356834e-03   4.4000325e-04
   7.4813590e-02   2.5437982e-01   2.4680309e-01  -4.5103521e-03   1.2349970e-03   4.5249339e-04
   7.3655919e-02   2.3947926e-01   2.3768383e-01  -4.1410750e-03   1.1642523e-03   3.7750754e-04
   6.8346828e-02   2.3859015e-01   2.2911178e-01  -4.1517083e-03   1.1304998e-03   7.4724098e-07
   6.0750672e-02   2.4102021e-01   2.4189129e-01  -4.6599957e-03   1.1498529e-03   1.3337162e-04
   6.5296041e-02   2.3876433e-01   2.2493111e-01  -5.0214962e-03   9.7187501e-04   3.7737758e-04
   4.9108199e-02   2.6885808e-01   2.5966163e-01  -5.4241212e-03   1.2180845e-03   2.4406905e-04
   2.2218402e-02   2.7246370e-01   2.9400572e-01  -6.3999388e-03   1.1055059e-03   1.4929883e-05
   2.1848262e-02   2.3351380e-01   4.1113346e-01  -7.7217121e-03   8.4268273e-04   1.8548051e-04
   8.0748291e-02   2.5257257e-01   5.1305049e-01  -7.3141793e-03   1.8997435e-04   1.2705236e-04
   5.1915787e-02   2.8499907e-01   4.1830229e-01  -6.9886589e-03   4.3255886e-04   6.8242251e-04
   1.1470437e-01   2.6853288e-01   4.5947029e-01  -6.7697702e-03  -2.0950698e-04   3.8250827e-04
   4.4898050e-02   3.8196745e-01  -3.3435853e-02  -5.5488494e-03   4.1173690e-04   1.1623786e-03
   4.3861408e-02   3.7122995e-01   2.9227944e-03  -5.1785527e-03   2.8889893e-04   7.8006378e-04
   9.4305550e-02   3.3425556e-01   3.3525160e-01  -7.2272709e-03  -3.1965508e-05   7.5079139e-04
   9.9522027e-02   3.5966600e-01   9.3644312e-02  -6.2467998e-03  -1.2302969e-04   6.1789873e-04
   9.2628790e-02   3.1312927e-01   4.0137673e-01  -8.5365552e-03  -1.1768168e-04   1.3248079e-03
   1.0049739e-01   3.6336367e-01   1.5041087e-01  -6.7610923e-03  -1.1375035e-03   8.1933450e-04
   7.8205578e-02   3.8165814e-01   2.2520450e-01  -7.2783835e-03  -1.3210316e-03   1.2886367e-03
   9.3837100e-02   3.9081483e-01   1.0376366e-01  -5.8409328e-03  -1.2805378e-03   1.3133111e-03
   8.1951672e-02   4.1086107e-01  -7.7035005e-02  -2.4279335e-03  -1.5382342e-03   6.7891093e-04
   6.8870508e-02   4.4909401e-01  -9.8552945e-02  -2.3469024e-03  -1.8378477e-03   3.7956718e-04
   6.0355474e-02   4.5361619e-01  -8.4491857e-02  -2.2457361e-03  -1.9846963e-03   3.3623318e-04
   6.1313969e-02   4.3786782e-01  -7.6388382e-02  -1.7808430e-03  -2.2072239e-03   4.0502645e-04
   5.7351863e-02   4.2858495e-01  -6.5116900e-02  -1.4452762e-03  -2.3436877e-03   3.2214480e-04
   4.7290347e-02   4.3236788e-01  -5.8319564e-02  -1.5706327e-03  -2.4784773e-03   3.2436892e-04
   3.5128742e-02   4.2816697e-01  -2.6381326e-02  -2.2689055e-03  -2.4937625e-03   7.1395069e-05
   4.0979794e-02   4.4882047e-01  -5.6858892e-02  -1.6291686e-03  -2.4168056e-03   3.5596433e-04
   4.4476456e-02   4.3260119e-01  -3.4326088e-02  -1.4294111e-03  -2.4944266e-03   1.8620435e-04
   3.8536049e-02   3.8004364e-01   3.6750943e-02  -1.4519441e-03  -2.5390260e-03   6.6440033e-04
  -1.1718295e-02   3.5978299e-01   1.3372307e-01  -2.0876368e-03  -3.0307802e-03   6.8247641e-04
  -1.1380491e-01   4.5272479e-01  -8.2218926e-02  -2.4185240e-04  -1.8731513e-03  -3.3769130e-04
  -1.0674667e-01   3.6448339e-01  -7.2699589e-02  -7.4805445e-04  -1.1240199e-03  -7.9328191e-05
  -7.3907268e-02   3.7848391e-01  -1.6863653e-02  -9.2979866e-04  -1.6093172e-03   3.6423163e-04
  -6.3054309e-02   3.4622459e-01   3.6649898e-02  -1.3494639e-03  -1.4061020e-03   2.0075764e-04
  -4.5903739e-02   3.2561476e-01   6.8141209e-02  -1.5714395e-03  -1.5644493e-03   5.4795889e-04
  -5.5015861e-02   3.2050919e-01   3.6294434e-02  -1.5977527e-03  -1.3212144e-03   3.7206886e-04
  -4.2187689e-02   3.3309742e-01   1.8115766e-02  -1.2447954e-03  -1.6243706e-03   4.1871353e-04
  -4.7721224e-02   3.0561658e-01   2.4802835e-02  -1.4523010e-03  -1.5757009e-03   3.1981861e-04
  -4.0690157e-02   3.3975762e-01   3.3864374e-02  -1.0814879e-03  -1.4203533e-03   2.4956310e-04
  -5.7537862e-02   3.5177628e-01  -1.6726735e-02  -6.5484839e-04  -1.1183385e-03   6.4525910e-05
  -5.4767168e-02   3.7221986e-01  -3.4937639e-03  -5.3413522e-04  -1.5172359e-03   1.5624285e-04
  -5.5794539e-02   3.4579746e-01  -3.6328888e-02   5.4431628e-05  -1.5697223e-03   3.0581521e-05
  -4.4702690e-02   4.3187809e-01   9.4186687e-02  -2.0063821e-03  -1.1824429e-03  -8.5017255e-05
  -4.2888783e-02   4.6414481e-01   3.1372629e-01  -4.5263424e-03  -8.3829425e-04  -4.7984025e-04
  -5.7492424e-03   4.1492413e-01   7.6926757e-02   2.5962623e-04  -4.2668228e-04  -7.2277737e-04
   8.4328899e-03   4.0730967e-01   1.2034357e-01   8.9056193e-04  -5.3846618e-04  -1.0005610e-03
  -3.1558259e-03   3.6447888e-01   1.5651815e-01   6.1582998e-04  -1.0856481e-03  -1.1551059e-03
   7.1538575e-03   3.2867772e-01   1.8834605e-01   5.5194480e-04  -1.2283687e-03  -1.0695820e-03
   1.2996417e-03   3.4372415e-01   1.3678132e-01   8.3923407e-04  -1.2551094e-03  -9.3923432e-04
   1.4560040e-02   3.6355929e-01   1.6933643e-01   5.3648624e-04  -1.1092991e-03  -5.9265158e-04
  -2.2057583e-02   5.5595292e-01   1.1232598e-01  -7.5183396e-04  -2.2253680e-05  -1.0759487e-03
  -5.2986678e-02   4.4714943e-01   6.9424966e-03   8.9999879e-04   3.0119308e-04  -1.2013088e-03
  -4.8379807e-02   4.4101086e-01   7.2305993e-02   5.0320300e-05   1.2329403e-04  -1.0186360e-03
  -6.2775564e-02   4.4166454e-01   1.6138979e-02   9.2516693e-04   1.7291742e-04  -1.2639191e-03
  -4.9886362e-02   4.3794106e-01   9.5562796e-02   1.3274325e-04  -2.2500207e-05  -1.1264114e-03
  -5.1026937e-02   4.3746663e-01   6.6242335e-02   5.8400270e-04   1.5655772e-05  -1.0928552e-03
  -4.5668104e-02   4.0968535e-01   7.9916709e-02   5.3550184e-04   3.8126684e-05  -9.9579900e-04
  -5.7445986e-02   4.1471593e-01   6.8402255e-02   6.1588698e-04   2.2994790e-04  -1.2621346e-03
  -2.1073709e-02   4.1607308e-01   1.7523491e-02   1.7595367e-03  -7.5386049e-05  -5.8909616e-04
  -1.2506578e-02   3.9761139e-01   2.2031054e-02   1.6559905e-03  -1.9418744e-04  -3.1866740e-04
   6.3488681e-02   5.9833193e-01   4.0653524e-01  -3.0331997e-03  -1.5214347e-04  -2.1369779e-04
   5.2335370e-02   6.2530403e-01   2.1854472e-01  -1.9572845e-03  -1.1454452e-03   1.7920199e-04
   6.3767464e-02   5.1953945e-01   1.5037828e-01   6.8282854e-04  -9.7079888e-05   1.8274636e-05
   7.7144285e-02   5.0359820e-01   2.0856242e-01   8.1643740e-04   4.8238890e-04  -9.5356935e-05
   8.5396127e-02   4.5617887e-01   2.4698417e-01   3.3485348e-04   1.2537432e-04   1.8801977e-04
   9.5791774e-02   4.5531297e-01   1.9506437e-01   7.9386615e-04   1.0608982e-04   1.6927052e-04
   9.2221112e-02   4.3958077e-01   2.2685380e-01   4.3689994e-04   8.1541480e-05   2.1496840e-04
   9.2948811e-02   4.6974153e-01   1.7153914e-01   1.1287208e-03   4.2716788e-04   1.4505283e-04
   9.1350563e-02   4.6575119e-01   2.0393453e-01   1.0553780e-03   3.8133217e-04   5.0368134e-05
   8.4111372e-02   5.3793541e-01   7.9226067e-02   1.2640141e-03   2.9797240e-04   1.7632062e-04
   1.0221543e-01   4.8680274e-01   3.3941526e-01  -1.4676691e-03  -8.4740680e-05  -7.4294402e-05
   1.1783003e-01   4.5925081e-01   5.6418409e-01  -3.2032899e-03   4.3284245e-04   6.0544871e-04
   1.0724552e-01   5.1256634e-01   2.9595619e-01  -1.8283074e-03  -4.2243771e-04   4.8669323e-04
   1.4659267e-01   5.0730685e-01   2.7699170e-01  -1.5380438e-03  -1.0419186e-03   3.8976279e-04
   1.6311219e-01   4.6982704e-01   4.2839280e-01  -2.8723160e-03  -1.6627731e-03   1.2875542e-04
   1.4888225e-01   4.4010728e-01   3.6978403e-01  -2.1377231e-03  -9.5510950e-04   5.7502488e-04
   1.3837022e-01   4.6388819e-01   3.1329973e-01  -1.5854753e-03  -3.7804717e-04   7.6625590e-04
   1.5456113e-01   4.3923810e-01   2.7544894e-01  -9.6521585e-04  -1.3289348e-03   2.1062683e-04
   1.3586321e-01   4.1583697e-01   2.7855955e-01  -1.6344712e-03  -3.8090813e-04   6.1357955e-04
   1.4484899e-01   4.5814233e-01   1.9340401e-01  -1.4198259e-03  -8.4249638e-04   3.7096371e-04
   1.3547269e-01   4.6790568e-01   1.0065395e-01   6.1994315e-05  -9.7337336e-04   3.1557808e-04
   1.3726107e-01   4.3990360e-01   2.5183838e-01  -1.1116861e-03  -1.5590626e-04   7.3175613e-04
   1.2422596e-01   4.7745437e-01   2.4121242e-01  -1.2426734e-03  -2.2533301e-04   7.3390486e-04
   9.7177378e-02   4.9392209e-01   2.0796586e-01  -6.1014637e-04  -6.4330008e-04   4.1427541e-04
   8.5139655e-02   5.0183013e-01   2.2045395e-01  -8.7171748e-04  -5.1747955e-04   5.0552407e-04
   9.2886534e-02   5.3927958e-01   1.4847111e-01  -6.4860527e-04  -1.2480888e-03   1.2296104e-04
   1.0072481e-01   5.2860146e-01   2.1393051e-01  -1.3002940e-03  -1.7115635e-03   7.1931494e-05
   1.1409263e-01   4.9038643e-01   4.9325899e-01  -2.9562910e-03  -1.3283816e-03   1.9658097e-04
   1.0737288e-01   5.0699116e-01   2.6891198e-01  -1.2903210e-03  -9.0808217e-04   6.1918025e-04
   1.1906920e-01   5.1831696e-01   6.3335572e-02   9.0338067e-04  -6.9665784e-04   6.7779860e-04
   1.1442313e-01   5.3177003e-01   1.0790246e-01   3.5100950e-04  -7.1805666e-04   5.8724474e-04
   1.1857049e-01   5.4138170e-01   7.9665130e-02   7.9137760e-04  -7.1875647e-04   7.1367588e-04
   1.1963902e-01   5.4181657e-01   1.1457450e-01   5.7883533e-04  -4.4067473e-04   6.9648151e-04
   1.2257557e-01   5.3055513e-01   1.2375469e-01   7.2663011e-04  -5.4943240e-04   6.2426845e-04
   1.2509291e-01   5.2431943e-01   1.3272303e-01   6.4041869e-04  -8.6532628e-04   6.0594152e-04
   1.2341642e-01   5.2193036e-01   1.6561192e-01   5.8938139e-04  -6.5364059e-04   7.4707789e-04
   1.2161019e-01   5.2455014e-01   1.4839041e-01   2.7869837e-04  -9.5477591e-04   4.5024350e-04
   1.2595499e-01   5.2402833e-01   1.3137642e-01   9.0786580e-04  -8.6049685e-04   5.4138122e-04
   1.1162699e-01   5.0312751e-01   8.9876383e-02   1.9497556e-03  -8.8143581e-04   2.5763060e-04
   1.1537489e-01   5.0382911e-01   1.6317863e-01   7.1471653e-04  -6.0445377e-04   2.8446455e-04
   1.1391009e-01   5.1946962e-01   1.4402345e-01   7.6901384e-04  -4.8824625e-04   4.8890020e-04
   1.0796947e-01   5.6759888e-01   8.6286645e-02   1.9860445e-03  -5.7043583e-04   6.7112839e-04
   8.8744967e-02   5.1198334e-01   1.6784416e-01   2.2070143e-03  -2.6809047e-04   5.2201398e-04
   6.4255663e-02   5.5559280e-01   1.6480168e-01   1.2752625e-03   3.0102922e-04   4.6092473e-04
   5.6829242e-02   5.2309504e-01   1.4726171e-01   2.3812105e-03   3.9738184e-04   3.7946644e-04
   8.1096044e-02   4.9152926e-01   2.3183898e-01   2.3798527e-03   1.1500308e-04   6.7376039e-04
   8.1631461e-02   5.0459449e-01   2.2711371e-01   1.5575925e-03   6.0525014e-04   5.2605631e-04
   8.2540062e-02   5.3505167e-01   2.1350878e-01   1.7123384e-03   6.4411634e-04   5.3302563e-04
   7.6363878e-02   5.5727185e-01   1.9972555e-01   2.2763106e-03   4.5448780e-04   4.4786866e-04
   7.1279591e-02   5.5305189e-01   2.1747325e-01   2.0117982e-03   5.1054942e-04   3.1999289e-04
   7.0401681e-02   5.3952962e-01   2.1029319e-01   2.3909606e-03   6.0283101e-04   3.5804108e-04
   9.7119096e-02   5.1527481e-01   2.1798062e-01   1.9392585e-03   2.9060734e-04   7.0278882e-04
   8.0130755e-02   5.2159100e-01   2.0893105e-01   2.3688647e-03   7.2436688e-04   4.6710747e-04
   1.1087306e-01   5.4062223e-01   1.1644673e-01   3.2950699e-03  -3.7054691e-04   1.1475062e-03
   1.0616582e-01   5.5013356e-01   1.8733597e-01   2.2784013e-03  -4.5714505e-04   1.3658631e-03
   1.0182985e-01   5.7505623e-01   1.5545628e-01   2.7788355e-03   1.5446201e-05   1.0660703e-03
