   0.0000000e+00   0.0000000e+00   7.1054274e-15   0.0000000e+00   0.0000000e+00   0.0000000e+00
   7.0254767e-03   1.4730385e-02  -3.4027197e-02  -1.6405108e-03   6.5484685e-04  -2.5120460e-04
   2.8983215e-02   2.3989458e-02   2.0313389e-02  -2.7114302e-03   1.3641934e-03  -4.4124494e-04
   7.8894019e-02  -6.1655072e-03   1.4981261e-01  -3.5766441e-03   9.5076114e-04   1.1747029e-04
   2.3609259e-02   5.7682034e-02  -7.5390372e-02  -2.5696736e-03   1.4738280e-03   3.7892507e-04
   1.1799164e-02   5.6108856e-02  -1.4974760e-01  -1.7371792e-03   2.6434427e-03   4.7569601e-05
   1.6226156e-02   8.8339498e-02  -1.7780243e-01  -6.2698859e-04   3.5507375e-03  -1.6452084e-04
   4.3830823e-02   8.8062117e-02  -1.5994824e-01  -1.2548806e-03   3.8018929e-03  -1.4769498e-04
   1.6964272e-02   1.3101245e-01  -3.3005988e-01   2.0473022e-03   2.5593488e-03   8.5453434e-05
  -1.0113151e-01   2.1832030e-02  -5.1988124e-01   5.3154970e-03   3.2202602e-03   1.1165851e-04
  -7.1278792e-02   1.1158780e-01  -3.5006237e-01   1.1988552e-03   3.0227241e-03   9.6494795e-04
  -3.1163398e-02   1.3497657e-01  -3.6589722e-01   3.3719121e-03   3.9079024e-03   1.7241150e-03
  -5.3187097e-02   1.6990302e-01  -3.9108795e-01   3.8608637e-03   4.2425635e-03   6.7398343e-04
   6.1229593e-02   1.5434501e-01  -1.1830399e-01  -1.7954612e-04   4.0008895e-03   1.1781422e-03
   1.3449682e-01   5.9652826e-02   5.0290320e-02  -2.0708352e-03   2.9237001e-03   5.7982565e-04
   8.3466208e-02   1.6559095e-01  -2.2065699e-01   2.7555274e-04   3.9249359e-03   3.4782566e-04
   8.6419239e-02   6.2093115e-02  -6.2673974e-02  -2.4485099e-03   4.5187673e-03   2.8832013e-04
   6.2845431e-02   1.6684316e-01  -2.8121868e-01  -6.6926367e-04   4.8580603e-03   6.4356132e-04
   1.3187982e-01   1.3768834e-01  -1.0998228e-01  -6.7348456e-04   4.3534371e-03   1.1636158e-03
   1.4198907e-01   1.1866620e-01   1.2243290e-01  -2.8702988e-03   3.4421073e-03   5.3679374e-04
   1.4287862e-01   7.9562666e-02   9.9788268e-02  -2.1922111e-03   4.1703626e-03   4.0048026e-04
   1.3980042e-01   1.3634519e-01  -8.1277278e-02  -1.2889754e-03   4.5165664e-03   8.6770276e-04
   1.0612463e-01   1.1634076e-01   4.9821851e-03  -2.2940815e-03   5.5488963e-03   5.8761534e-04
   1.0495589e-01   1.7506929e-01  -1.2338516e-01  -4.0695617e-04   6.4845529e-03   5.1168827e-04
   1.0145926e-01   8.6880672e-02   1.5962270e-01  -1.1621726e-03   5.0073497e-03   1.3918532e-03
   1.7147702e-01   8.7035488e-02   3.6109681e-01  -2.9724230e-03   5.1351381e-03   2.0458897e-03
   2.2516102e-01   4.0113665e-02   6.1426569e-01  -3.4775541e-03   5.9390602e-03   6.9363042e-04
   2.2766029e-01   3.4689876e-02   1.7926899e-01  -2.3038038e-03   8.2429423e-03   2.1816478e-04
   1.4168825e-01   1.6825798e-02  -1.1061715e-01   3.5916362e-03   6.1210445e-03  -1.0957543e-04
   7.2179353e-02   5.4379825e-02   7.2548072e-02   2.0345304e-03   7.9345927e-03  -4.6851899e-04
   1.1925995e-01   7.4083166e-02   2.6813693e-01  -1.7688791e-03   9.9078068e-03  -1.7393456e-04
   1.7461892e-01   2.7059000e-02   4.4036995e-01  -3.3394226e-03   1.1434041e-02  -1.7213119e-04
   2.2937857e-01   6.1978630e-02   4.9815386e-01  -5.0809042e-03   1.1943562e-02   4.7126875e-04
   2.4534536e-01   3.5959521e-02   5.4203192e-01  -6.0818682e-03   1.1409252e-02   2.6229143e-04
   3.0993868e-01   4.1649145e-02   6.2809889e-01  -7.1499393e-03   1.1350394e-02   1.1262061e-03
   3.3717055e-01   2.5591432e-02   6.5246986e-01  -6.8922522e-03   1.1042608e-02   1.1705400e-03
   3.1970770e-01   5.0813085e-02   6.6477980e-01  -8.4400553e-03   1.1397445e-02   1.0260922e-03
   3.0393200e-01   6.7119851e-02   6.6245173e-01  -5.6557957e-03   9.9006477e-03   1.8973505e-03
   3.0722600e-01   1.5884637e-02   6.3023709e-01  -3.7751999e-04   9.0881555e-03   2.0504638e-03
   2.7679652e-01   6.4439406e-02   5.5109506e-01  -3.2791598e-03   9.5085673e-03   2.0191580e-03
   2.6566036e-01   1.0870513e-01   3.8519223e-01  -1.6696964e-03   9.5720464e-03   1.8630783e-03
   2.7915087e-01   5.1845696e-02   6.0567248e-01  -4.4649596e-03   1.1152534e-02   1.7278729e-03
   3.3337633e-01   7.0755669e-02   6.0049941e-01  -5.7751925e-03   1.1337378e-02   2.0047476e-03
   3.2450503e-01   8.0066961e-02   5.8845524e-01  -6.6007957e-03   1.1756848e-02   2.0334483e-03
   3.5685178e-01   1.1743442e-01   5.8637227e-01  -7.9698588e-03   1.2484013e-02   2.0057511e-03
   4.3925095e-01   7.3904388e-02   7.4155771e-01  -1.0456770e-02   1.3170907e-02   1.9079054e-03
   5.1458594e-01   8.6098816e-02   8.9948954e-01  -1.0185732e-02   1.1811037e-02   2.7024799e-03
   5.3525982e-01   4.7224134e-02   9.5563158e-01  -7.5474315e-03   9.4425614e-03   4.4181980e-03
   4.8642512e-01   4.3027501e-02   1.0651705e+00  -7.9526067e-03   1.0671313e-02   3.7187130e-03
   5.0519939e-01   3.4851481e-02   1.1007256e+00  -9.3129690e-03   1.1186534e-02   3.4657099e-03
   4.7561283e-01   5.8944517e-02   1.0573416e+00  -9.1335272e-03   1.1760477e-02   3.1761667e-03
   4.5205064e-01   1.2408523e-01   9.3459047e-01  -7.8489542e-03   1.2233152e-02   2.4097071e-03
   4.2612610e-01   2.5881918e-02   1.1144177e+00  -7.3608142e-03   1.2018248e-02   1.9042261e-03
   5.0683229e-01   9.4048998e-02   1.2747406e+00  -1.0982544e-02   1.3429415e-02   1.7724174e-03
   3.8809206e-01   1.3307547e-01   8.1859752e-01  -9.6551582e-03   1.2751278e-02   1.8838128e-03
   3.5801066e-01   1.2048191e-01   5.7877486e-01  -8.0626203e-03   1.3312672e-02   3.5057585e-03
   3.9751407e-01   1.4986095e-01   7.6925920e-01  -7.2937610e-03   1.5745278e-02   2.4964856e-03
   5.7022759e-01   9.3118638e-02   1.1765726e+00  -1.2197265e-02   1.5422327e-02   3.5310061e-03
   6.1752955e-01   8.6841807e-02   1.2790309e+00  -1.3598704e-02   1.5945269e-02   3.9447614e-03
   6.3674597e-01   8.2661128e-02   1.4216229e+00  -1.4426393e-02   1.5595412e-02   3.9469711e-03
   6.1854298e-01   3.3701701e-02   1.5735771e+00  -1.5935544e-02   1.5967307e-02   3.1287501e-03
   6.3801995e-01   6.8682522e-02   1.3798017e+00  -1.4833960e-02   1.4826156e-02   4.2932582e-03
   6.3621632e-01   7.9601653e-02   1.3813610e+00  -1.5673511e-02   1.6056901e-02   3.6790210e-03
   5.2023813e-01   4.7179208e-02   1.4104772e+00  -1.4385621e-02   1.5471281e-02   2.4868967e-03
   5.9097992e-01   5.2564679e-02   1.4915177e+00  -1.4885738e-02   1.5281082e-02   2.6765542e-03
   5.8376681e-01   2.0990760e-01   8.7661375e-01  -8.8966918e-03   1.3210667e-02   3.9807167e-03
   4.4016177e-01   1.1138366e-01   4.8008716e-01  -4.8611633e-03   1.4708362e-02   4.4969300e-03
   5.2912287e-01   1.8161509e-01   6.3520802e-01  -5.0050322e-03   1.4248647e-02   4.1263105e-03
   4.7940476e-01   1.8407919e-01   8.0426478e-01  -6.2932825e-03   1.2479292e-02   4.4161495e-03
   4.4552236e-01   1.0400945e-01   9.2986704e-01  -7.2991252e-03   1.4370008e-02   2.7081779e-03
   5.0064126e-01   1.1757340e-01   9.6963092e-01  -4.7225056e-03   1.1794567e-02   3.6842037e-03
   5.5358412e-01   1.2927230e-01   1.2021184e+00  -4.1573785e-03   1.0762391e-02   3.9507081e-03
   5.4833238e-01   6.3079039e-02   9.1785137e-01  -3.3754047e-03   1.0311553e-02   4.3997226e-03
   5.4362965e-01   1.1074421e-01   1.0763372e+00  -6.3661179e-03   1.2768878e-02   3.7527514e-03
   6.2356287e-01   1.1283055e-01   1.2444710e+00  -7.3755577e-03   1.5129803e-02   3.1693251e-03
   5.8323686e-01   1.3184503e-01   1.3200362e+00  -6.9335237e-03   1.5934846e-02   2.4273651e-03
   5.9222785e-01   8.6145718e-02   1.4269471e+00  -8.7235717e-03   1.7202307e-02   2.5628235e-03
   5.8535010e-01   1.3609809e-01   1.4192702e+00  -8.7661050e-03   1.6323313e-02   2.2233191e-03
   6.1800369e-01   6.9861113e-02   1.6840530e+00  -9.5971344e-03   1.5019689e-02   2.6425644e-03
   6.4526017e-01  -3.1048022e-02   1.9343287e+00  -1.1941924e-02   1.4471208e-02   2.6946357e-03
   6.2228145e-01   2.1481348e-02   1.8382109e+00  -8.4921232e-03   1.2951046e-02   1.6866002e-03
   6.3708208e-01   6.1064312e-02   1.5630212e+00  -4.5572131e-03   1.3017871e-02   2.6396054e-03
   6.2080202e-01   8.0265863e-02   1.5544106e+00  -4.8740029e-03   1.3904880e-02   3.0177278e-03
   6.7638897e-01   1.3839234e-02   1.9730698e+00  -1.0588102e-02   1.6290019e-02   3.5485090e-03
   6.9100207e-01   4.0968713e-02   1.9570491e+00  -1.1085864e-02   1.8436066e-02   2.2614442e-03
   6.5287234e-01   9.9798552e-03   1.6684102e+00  -9.5089914e-03   1.7892870e-02   2.3933488e-03
   6.9592808e-01   8.7007882e-02   1.8111606e+00  -1.0895372e-02   1.8180338e-02   2.3592753e-03
   7.8974923e-01   5.2673939e-02   1.9159497e+00  -1.1517117e-02   1.9262581e-02   2.6826672e-03
   7.5743909e-01   7.4533315e-02   1.9489389e+00  -1.3389749e-02   1.8447698e-02   2.1781316e-03
   6.9388778e-01   2.2918735e-02   2.0175097e+00  -1.5246533e-02   1.9465229e-02   1.6703421e-03
   7.2118199e-01   8.9884552e-02   1.8818448e+00  -1.4506575e-02   1.8275126e-02   2.4198695e-03
   7.0390337e-01   6.2677597e-02   1.9013903e+00  -1.4053232e-02   1.8989434e-02   2.1529743e-03
   7.2280404e-01   4.2415450e-02   1.9361337e+00  -1.5756511e-02   1.9739780e-02   2.1444610e-03
   7.2609590e-01   2.2130132e-02   1.9321528e+00  -1.6502317e-02   2.0853375e-02   1.4936609e-03
   7.4118955e-01   9.9710336e-02   1.7968220e+00  -1.5896600e-02   1.9515120e-02   2.6413177e-03
   7.3929694e-01   9.4765051e-02   1.7478503e+00  -1.0778741e-02   1.8113745e-02   3.8654983e-03
   6.5063689e-01   8.0787348e-02   1.7600843e+00  -1.3092310e-02   1.7918664e-02   2.8413560e-03
   6.3225620e-01   1.1809693e-01   1.7713673e+00  -1.4582666e-02   1.8419501e-02   2.6053292e-03
   6.6955059e-01   1.1329643e-01   1.8866508e+00  -1.6222560e-02   2.0101095e-02   2.2897544e-03
   6.6476091e-01   9.8884643e-02   1.8521936e+00  -1.5424834e-02   1.9192739e-02   2.8274420e-03
   6.8505995e-01   1.1827936e-01   1.8869340e+00  -1.6956301e-02   2.0008639e-02   2.3644935e-03
   6.5318660e-01   1.2071083e-01   1.9651515e+00  -1.7154049e-02   1.8398500e-02   2.1661326e-03
   6.6769558e-01   1.6416022e-01   1.9443691e+00  -1.8648271e-02   1.8945870e-02   2.3914469e-03
   6.6725929e-01   9.3257792e-02   1.9966737e+00  -1.7769464e-02   1.9478910e-02   1.9895476e-03
   6.7447195e-01   1.8352483e-01   1.2588655e+00  -1.1397691e-02   1.6354668e-02   4.3133050e-03
   6.4467839e-01   2.6241382e-01   1.2378887e+00  -1.2304836e-02   1.3771541e-02   6.0972070e-03
   5.3567024e-01   2.5713616e-01   1.0654048e+00  -8.5919011e-03   1.3680646e-02   5.3777948e-03
   6.0135669e-01   1.6926299e-01   1.3133520e+00  -8.6450817e-03   1.3473473e-02   5.5745850e-03
   6.1056512e-01   2.0411890e-01   1.1008902e+00  -6.3250839e-03   1.4081979e-02   5.8664899e-03
   5.7798543e-01   2.4722132e-01   1.0840441e+00  -8.0267287e-03   1.4613767e-02   5.8347808e-03
   5.7736476e-01   1.5892386e-01   9.6357515e-01  -7.0753351e-03   1.5376901e-02   6.1595948e-03
   6.5936161e-01   1.7938387e-01   1.4254654e+00  -1.1406545e-02   1.5955824e-02   5.3477040e-03
   7.0039552e-01   1.6089123e-01   1.6275175e+00  -1.1636335e-02   1.5668003e-02   5.7225903e-03
   7.7855427e-01   8.7706873e-02   1.8965119e+00  -1.4585937e-02   1.6621867e-02   6.2527318e-03
   7.9701243e-01   1.2349914e-01   2.0312404e+00  -1.5692441e-02   1.6305268e-02   5.5830864e-03
   7.7202573e-01   7.5177899e-02   2.2566259e+00  -1.7530192e-02   1.5290199e-02   5.5409116e-03
   7.8666907e-01   2.2740116e-02   2.3645842e+00  -1.7937399e-02   1.4952610e-02   5.5390633e-03
   7.0067741e-01   1.9202883e-02   1.7678838e+00  -1.0513533e-02   1.4231690e-02   5.8506222e-03
   6.7388547e-01   2.3966347e-01   1.3781549e+00  -9.3250214e-03   1.3050675e-02   7.2669064e-03
   6.2704668e-01   2.1505735e-01   1.2883392e+00  -6.7287031e-03   1.4730965e-02   6.3506214e-03
   6.3802948e-01   1.7832040e-01   1.5162248e+00  -8.6586264e-03   1.6435423e-02   5.5091721e-03
   6.4431316e-01   1.5363022e-01   1.4213495e+00  -5.2976645e-03   1.6317912e-02   4.9012464e-03
   6.3811167e-01   1.8036551e-01   1.5723002e+00  -7.6444835e-03   1.5645118e-02   5.4969374e-03
   6.6333364e-01   1.9624169e-01   1.5311402e+00  -8.3569843e-03   1.5954976e-02   6.2703667e-03
   6.6906357e-01   1.8883036e-01   1.5951354e+00  -8.9527172e-03   1.6544929e-02   6.3788736e-03
   6.4036552e-01   2.1545950e-01   1.4724485e+00  -7.5326463e-03   1.6133574e-02   6.3743496e-03
   6.2690183e-01   1.9135899e-01   1.4158469e+00  -6.8298989e-03   1.5963172e-02   6.0787772e-03
   6.5250677e-01   2.1072610e-01   1.5507940e+00  -8.4217654e-03   1.6321175e-02   6.1378916e-03
   6.3818508e-01   2.5551163e-01   1.5334233e+00  -8.6716377e-03   1.7689787e-02   5.1405609e-03
   6.0833224e-01   2.5909758e-01   1.4485765e+00  -6.0862887e-03   1.6724145e-02   5.6063747e-03
   5.7198586e-01   2.0065059e-01   1.2800100e+00  -4.1326872e-03   1.7999576e-02   5.4444166e-03
   6.8153020e-01   2.0780247e-01   1.6688864e+00  -8.4461128e-03   1.7930639e-02   5.7063081e-03
   6.9508975e-01   1.6217084e-01   1.7190052e+00  -7.2478173e-03   1.7245692e-02   5.9925671e-03
   7.0943254e-01   1.4360320e-01   1.7941030e+00  -9.6905971e-03   1.7720228e-02   5.3929622e-03
   7.2388800e-01   2.4338802e-01   1.8489986e+00  -6.2088328e-03   1.4505915e-02   5.7554653e-03
   6.5561022e-01   1.2685238e-01   2.1679921e+00  -8.0587826e-03   1.3335197e-02   5.4084872e-03
   6.7134857e-01   1.7758010e-01   2.0172127e+00  -8.8178954e-03   1.3663303e-02   5.7757103e-03
   6.6876731e-01   1.9926325e-01   2.0243377e+00  -8.6850076e-03   1.4113855e-02   5.8916709e-03
   6.8489133e-01   1.9828710e-01   1.9229731e+00  -9.2545730e-03   1.5025905e-02   6.3773387e-03
   6.6860823e-01   1.8349621e-01   1.8315018e+00  -6.9171334e-03   1.7231472e-02   5.6913717e-03
   6.5220038e-01   2.8548671e-01   1.5497090e+00  -8.3877046e-03   1.5184415e-02   6.8154598e-03
   6.9151115e-01   3.7857336e-01   1.5050607e+00  -5.1208478e-03   1.4267095e-02   7.6700506e-03
   6.9460363e-01   3.5203483e-01   1.4099163e+00  -3.4232423e-03   1.1971607e-02   8.5254299e-03
   6.4622246e-01   3.8133097e-01   1.3641115e+00  -3.4225252e-03   1.2171254e-02   7.9367826e-03
   6.2039235e-01   3.9062309e-01   1.3542515e+00  -4.4085456e-03   1.4703697e-02   8.2576218e-03
   6.9720998e-01   3.7768542e-01   1.3613907e+00  -5.4434661e-03   1.3903319e-02   8.5927339e-03
   7.6385586e-01   3.0763214e-01   1.5028798e+00  -5.7371882e-03   1.5388552e-02   9.5887279e-03
   6.6402649e-01   3.4032624e-01   1.4775381e+00  -6.2749322e-03   1.4843864e-02   8.5322426e-03
   6.5399899e-01   3.1640092e-01   1.4704361e+00  -7.1765800e-03   1.5125190e-02   7.9734360e-03
   6.0259941e-01   3.9674734e-01   1.1810166e+00  -6.7053125e-03   1.6433389e-02   7.5972861e-03
   6.9424263e-01   3.0599297e-01   1.4817378e+00  -7.5427595e-03   1.8815050e-02   7.9529359e-03
   6.7798730e-01   2.8339544e-01   1.6675807e+00  -8.8175143e-03   1.8558793e-02   8.2796046e-03
   6.5686389e-01   2.4707093e-01   1.8877249e+00  -1.0276826e-02   1.7813495e-02   7.4317456e-03
   6.7292164e-01   3.4212045e-01   1.8730886e+00  -1.1379807e-02   1.6648861e-02   6.9070558e-03
   5.6454890e-01   2.5879811e-01   1.5392894e+00  -6.2171899e-03   1.7227140e-02   6.5616410e-03
   6.1272924e-01   3.0853223e-01   1.5592503e+00  -8.2102667e-03   1.6371986e-02   7.3027169e-03
   6.7150555e-01   2.4488377e-01   1.9237143e+00  -9.5387699e-03   1.4629732e-02   5.8602916e-03
   7.2851275e-01   2.4645544e-01   2.0154424e+00  -9.8986752e-03   1.6778119e-02   6.8388195e-03
   6.9904659e-01   2.8356885e-01   1.8514576e+00  -9.6484439e-03   1.7600025e-02   6.3905089e-03
   6.9987189e-01   2.2757007e-01   1.7810687e+00  -1.0989005e-02   1.8754462e-02   6.2103712e-03
   7.6665681e-01   3.0151764e-01   1.8282112e+00  -1.0036482e-02   1.8610216e-02   7.5865846e-03
   7.9397447e-01   3.5039368e-01   1.4248824e+00  -8.6448593e-03   1.7755894e-02   8.9741022e-03
   7.2676993e-01   4.1517836e-01   1.2401498e+00  -7.4911121e-03   1.9102482e-02   8.6488761e-03
   8.2805523e-01   3.5421935e-01   1.5346277e+00  -9.6739719e-03   2.0656935e-02   8.8667083e-03
   9.2096674e-01   2.7094755e-01   1.7723995e+00  -1.4254110e-02   1.9671695e-02   9.5229470e-03
   9.0691492e-01   2.9907072e-01   1.7414784e+00  -1.3972009e-02   2.0703910e-02   9.3823702e-03
   9.1110297e-01   3.0150307e-01   1.7497253e+00  -1.4575142e-02   2.0002253e-02   9.5660714e-03
   8.8813155e-01   3.7146117e-01   1.5141313e+00  -1.3067094e-02   1.9306721e-02   9.6951410e-03
   8.5231017e-01   3.7207431e-01   1.2085344e+00  -1.0075625e-02   1.9837484e-02   9.8874741e-03
   8.4937697e-01   3.4106485e-01   1.4765782e+00  -1.2480675e-02   2.1347832e-02   9.1300592e-03
   8.1975312e-01   3.3644240e-01   1.5193382e+00  -1.1421933e-02   2.0145122e-02   8.7917876e-03
   8.0153639e-01   4.3497268e-01   1.3692241e+00  -1.0662952e-02   2.0306494e-02   9.0862376e-03
   8.5338122e-01   3.6035511e-01   1.6938251e+00  -1.5192971e-02   2.2537140e-02   8.5064022e-03
   8.9484060e-01   3.5032566e-01   1.8664343e+00  -1.3783502e-02   2.1476622e-02   8.7704583e-03
   8.5359925e-01   3.3294700e-01   1.9309991e+00  -1.3696845e-02   2.0174204e-02   8.6576675e-03
   8.4281576e-01   3.5489335e-01   1.7899922e+00  -1.3331078e-02   1.9771338e-02   9.0237619e-03
   8.4103956e-01   3.4995197e-01   1.8994634e+00  -1.5368883e-02   2.1292954e-02   8.8056774e-03
   8.4401578e-01   3.3274199e-01   2.0492469e+00  -1.5836342e-02   2.2963827e-02   7.9616216e-03
   7.8303635e-01   4.4691720e-01   1.7266719e+00  -1.4801545e-02   2.0123494e-02   8.5424301e-03
