   0.0000000e+00  -1.0066125e-14   7.1054274e-15   6.1629758e-33  -8.5528471e-50  -1.3283940e-17
   1.7514123e-02   2.2498260e-02   5.6914651e-03  -1.2820932e-03  -5.3574264e-04  -1.5670407e-04
   8.7263653e-02  -7.9060219e-02   6.7363661e-02  -4.7516410e-03  -3.8061608e-04   1.0406460e-03
   4.0539807e-02  -1.1184642e-01  -5.9603438e-02  -1.8448729e-03  -9.4822787e-04   1.5698862e-04
   2.8073174e-02  -1.2934615e-01   2.8462879e-02  -3.3395308e-03  -6.2063631e-04  -5.9352849e-04
   2.8834246e-02  -8.1057594e-02   6.4753297e-02  -2.3739134e-03  -1.2984141e-03  -5.5011211e-04
   3.1123626e-02  -7.3590655e-02   1.0201046e-01  -3.0470793e-03  -1.3864874e-03  -8.1479593e-04
   1.8714118e-02  -6.5617235e-02   1.6699757e-01  -4.9109578e-03  -1.7722807e-03  -9.0090219e-04
   1.7837122e-02  -1.0006396e-01   1.7078574e-01  -5.5921472e-03  -2.3353014e-03  -1.0604782e-03
   1.9882806e-02  -1.0716225e-01   2.4441029e-01  -7.4036944e-03  -1.3517411e-03  -8.7056125e-04
   3.7236722e-03  -7.6720147e-02   2.1376005e-01  -6.5431603e-03  -2.6434088e-03  -1.5557230e-03
   1.7686362e-02  -4.3970541e-02   3.1835408e-01  -6.2234368e-03  -2.4609122e-03  -1.8767593e-03
   3.6124351e-02  -3.5798938e-02   4.1636418e-01  -5.3610933e-03  -2.3013253e-03  -2.0081818e-03
   9.4655595e-02  -9.1773414e-02   4.4733954e-01  -7.8871276e-03  -2.4121964e-04  -4.6776971e-04
   4.1917370e-02   1.3919471e-02   6.1694256e-01  -8.5059656e-03  -2.2448139e-03  -2.5309956e-03
   3.6977938e-02   5.5974465e-03   6.3936110e-01  -8.8916122e-03  -2.1589615e-03  -2.3731706e-03
   5.2514830e-02  -2.0329202e-02   6.7642676e-01  -9.5892181e-03  -2.2523603e-03  -2.0200284e-03
   4.4714698e-02  -2.4832386e-03   6.2264418e-01  -9.5088767e-03  -2.6960957e-03  -2.2875922e-03
   8.7854832e-02  -3.8491741e-02   6.6700370e-01  -9.4557794e-03  -6.9032357e-04  -1.7229113e-03
   6.9269277e-02  -3.1132479e-02   7.1498917e-01  -9.5058925e-03  -1.5094615e-03  -3.5172998e-03
   9.1570957e-02  -7.6055401e-03   6.6605476e-01  -9.5622541e-03  -1.4835871e-03  -2.8194408e-03
   1.1709665e-01   2.3082133e-02   7.8893084e-01  -1.0193253e-02  -1.1323640e-03  -3.6655514e-03
   1.0618935e-01   3.9378286e-02   7.3588411e-01  -9.2317388e-03  -2.0727514e-03  -3.6390315e-03
   1.0170206e-01   5.1113885e-02   8.4310174e-01  -1.0519346e-02  -6.7113641e-04  -4.8022466e-03
   1.0915913e-01   2.1060236e-02   7.9953519e-01  -8.6337480e-03  -1.8254408e-03  -3.9903613e-03
   1.1567028e-01  -4.5411785e-03   7.3570890e-01  -9.9497081e-03  -7.8878216e-04  -3.0852954e-03
   9.3065967e-02   1.5275207e-02   8.2680287e-01  -1.1621839e-02  -8.4514221e-04  -4.4335321e-03
   1.1773065e-01   7.2288704e-02   7.6825113e-01  -1.0557940e-02  -1.2553920e-03  -3.6111805e-03
   1.1092652e-01   4.0805185e-02   7.8423383e-01  -1.0427313e-02  -2.1839911e-03  -3.8873675e-03
   8.2186278e-02   8.4395303e-02   7.9672752e-01  -1.1095430e-02  -1.9359316e-03  -3.4616692e-03
   1.0445988e-01   9.5993972e-02   7.5361621e-01  -1.0589103e-02  -2.8490912e-03  -2.8455735e-03
   1.1289951e-01   9.7000680e-02   7.3266113e-01  -1.0806858e-02  -3.4777095e-03  -2.6969282e-03
   9.8365683e-02   1.1864256e-01   8.2431164e-01  -1.2361570e-02  -2.4031767e-03  -2.5110495e-03
   1.1832485e-01   8.5415906e-02   7.9185549e-01  -1.0634182e-02  -1.8358316e-03  -3.1264840e-03
   1.5194381e-01   1.1923519e-01   8.2626232e-01  -1.2222855e-02  -2.8063905e-03  -1.8987841e-03
   1.2074252e-01  -3.4916224e-02   5.5487501e-01  -1.1291360e-02  -6.0158598e-05  -1.5700671e-03
   5.2793873e-02   6.3380258e-02   6.3132810e-01  -1.0825623e-02  -1.8057121e-03  -3.3384716e-03
   7.8050501e-02   7.1999392e-02   6.8202000e-01  -1.1182705e-02  -3.1130305e-03  -2.6561678e-03
   1.0629039e-01   7.8959220e-02   6.9725038e-01  -1.2198173e-02  -1.9515539e-03  -2.6079154e-03
   7.5698921e-02   8.0512719e-02   7.3671053e-01  -1.2342173e-02  -2.3941200e-03  -3.0570216e-03
   9.7029418e-02   8.7494941e-02   7.3260219e-01  -1.1257289e-02  -2.2528197e-03  -2.3977302e-03
   9.0564397e-02   6.3093256e-02   7.3216792e-01  -1.1117987e-02  -3.3393102e-03  -2.5346661e-03
   1.0351085e-01   8.0276562e-02   7.1050420e-01  -1.1976355e-02  -2.1960033e-03  -1.6603105e-03
   9.7731506e-02   5.2630077e-02   7.3223331e-01  -1.1934421e-02  -2.5586077e-03  -1.5057936e-03
   5.7596605e-02   6.0333902e-02   7.6662888e-01  -1.3680492e-02  -3.4882021e-03  -2.0466514e-03
   7.4764830e-02   1.0789180e-01   8.8685980e-01  -1.4545563e-02  -2.4334555e-03  -1.6635531e-03
   7.1359792e-02   7.8434478e-02   8.2555524e-01  -1.4710764e-02  -2.8030911e-03  -1.8578043e-03
   1.7810805e-02   7.8498433e-02   7.4686538e-01  -1.2794742e-02  -1.9772584e-03  -2.5023704e-03
   2.1164997e-02   8.4605512e-02   7.3218662e-01  -1.2146264e-02  -2.1351691e-03  -2.7438682e-03
   3.1083524e-02   1.4011406e-01   7.8259789e-01  -1.2096862e-02  -2.2470523e-03  -2.3549815e-03
   5.9545882e-02   9.0658721e-02   7.8293640e-01  -1.2680531e-02  -2.7506188e-03  -1.9401369e-03
   8.4539792e-02   1.3691557e-01   7.7344718e-01  -1.2867573e-02  -2.7837700e-03  -1.4535874e-03
   1.0804696e-01   7.6671749e-02   7.5034971e-01  -1.2753403e-02  -2.0535835e-03  -1.3138736e-03
   8.8972253e-02   8.4572103e-02   8.2679216e-01  -1.3048305e-02  -2.9564889e-03  -1.1815142e-03
   1.0269352e-01   9.8440378e-02   8.4476738e-01  -1.3071557e-02  -1.9344785e-03  -8.5408870e-04
   1.0395266e-01   6.2256247e-02   7.4667571e-01  -1.1573887e-02  -3.2527937e-03  -1.1823515e-03
   1.0140987e-01  -5.8628388e-02   6.5200275e-01  -1.3464943e-02  -6.1020757e-05   3.9098736e-04
   6.5806195e-02  -4.5346840e-02   6.3413323e-01  -1.3423599e-02  -1.8466994e-03  -1.8844980e-03
   8.0632577e-02   3.5138539e-02   7.0685130e-01  -1.4268120e-02  -2.6918432e-03  -1.0640684e-03
   4.5362524e-02   1.3192939e-02   6.4748630e-01  -1.3821099e-02  -3.4440948e-03  -1.9417154e-03
   7.2902204e-02   7.3972635e-02   6.9320590e-01  -1.3105690e-02  -3.0630651e-03  -1.4038911e-03
   1.2170983e-01   5.8044800e-02   6.4444726e-01  -1.3735663e-02  -3.0546906e-03  -8.9360176e-04
   1.1734000e-01   1.0808489e-01   7.5675602e-01  -1.5398433e-02  -2.6075959e-03  -5.9061374e-04
   1.1397577e-01   1.3498420e-01   7.7683893e-01  -1.5038233e-02  -3.6946635e-03  -8.0551966e-04
   1.1587155e-01   1.1078134e-01   7.4420714e-01  -1.4290142e-02  -3.7554234e-03  -8.6403571e-04
   9.8496292e-02   1.5062116e-01   8.4966230e-01  -1.5983639e-02  -3.0996099e-03  -1.4073926e-03
   9.7471426e-02   1.1798004e-01   7.0945413e-01  -1.5351561e-02  -3.8783513e-03  -1.5483820e-03
   8.8454596e-02   9.3276670e-02   7.0004517e-01  -1.4590454e-02  -4.5623754e-03  -1.3075502e-03
   5.8409962e-02   1.2798154e-01   7.3847247e-01  -1.4778900e-02  -5.2434572e-03  -2.0681492e-03
   5.1180217e-02   1.1539988e-01   8.0674758e-01  -1.5621439e-02  -4.5875702e-03  -1.9241604e-03
   2.4817239e-02   1.2670868e-01   7.6465802e-01  -1.5509218e-02  -5.5159751e-03  -2.4486400e-03
   2.1009973e-02   1.1834730e-01   7.5789857e-01  -1.5844295e-02  -5.1978715e-03  -2.4640218e-03
   1.6725582e-02   1.0817156e-01   7.9650907e-01  -1.6101653e-02  -5.2373606e-03  -2.6278998e-03
   3.8802482e-02   1.5910635e-01   8.2677202e-01  -1.5663024e-02  -4.7573988e-03  -2.5592134e-03
   2.5358284e-02   1.2450776e-01   7.3415987e-01  -1.5291469e-02  -5.5161313e-03  -3.1672080e-03
   2.3095694e-02   1.6347145e-01   8.0789177e-01  -1.6086096e-02  -5.1402744e-03  -2.8651289e-03
   1.6051851e-02   1.2376117e-01   7.3639632e-01  -1.5316535e-02  -5.0015605e-03  -3.4142665e-03
   5.7616100e-02   1.7717330e-01   7.9542880e-01  -1.5724906e-02  -4.7467635e-03  -2.6036609e-03
   7.0379914e-02   1.4871139e-01   7.0267147e-01  -1.5545473e-02  -4.8337395e-03  -2.6738602e-03
   8.2149938e-02   1.6074385e-01   7.5050791e-01  -1.6103404e-02  -5.0764857e-03  -2.5725425e-03
   6.2420892e-02   1.3107932e-01   7.5438988e-01  -1.6674527e-02  -5.4375059e-03  -3.7472205e-03
   3.9986295e-02   1.5455346e-01   7.4463512e-01  -1.7175512e-02  -5.8388669e-03  -4.5961392e-03
   4.2152697e-02   9.8934236e-02   6.7538827e-01  -1.6683753e-02  -5.3921702e-03  -4.6394542e-03
   4.0479620e-02   1.5584456e-01   7.1733182e-01  -1.7108621e-02  -5.4486811e-03  -4.7348686e-03
   3.9940923e-02   1.5106570e-01   7.7108797e-01  -1.7507602e-02  -5.6077770e-03  -4.5986283e-03
   5.3922026e-02   1.2107829e-01   7.4359277e-01  -1.7324756e-02  -5.5031316e-03  -4.3246979e-03
   6.6632777e-02   1.4411456e-01   7.2430545e-01  -1.6738895e-02  -5.3919293e-03  -4.1872051e-03
   7.1027446e-02   1.6586342e-01   7.4391093e-01  -1.7193697e-02  -5.6277227e-03  -3.9834139e-03
   7.9385637e-02   1.6214111e-01   6.8888423e-01  -1.5320305e-02  -6.2443951e-03  -3.9626595e-03
   7.6532137e-02   1.7280281e-01   7.3170072e-01  -1.5093603e-02  -5.7073237e-03  -3.1664337e-03
   9.1008606e-02   2.0078333e-01   8.2036133e-01  -1.6724073e-02  -5.6501543e-03  -3.7184032e-03
   9.2326200e-02   1.8098730e-01   7.8126672e-01  -1.6635304e-02  -5.6933999e-03  -4.2017231e-03
   1.1586179e-01   2.0264066e-01   7.7236502e-01  -1.6025055e-02  -6.0841066e-03  -3.4280987e-03
   8.3066306e-02   1.7040102e-01   7.5379418e-01  -1.6569101e-02  -6.9156208e-03  -3.9638893e-03
   6.4089524e-02   1.8593732e-01   7.3846611e-01  -1.6246620e-02  -7.0806935e-03  -4.0706572e-03
   5.3381244e-02   1.6656157e-01   7.5530509e-01  -1.6326002e-02  -7.7848734e-03  -4.1386944e-03
   3.2066317e-02   1.2916599e-01   6.5930017e-01  -1.5857681e-02  -7.4090078e-03  -4.4823778e-03
   8.6060057e-03   1.1767956e-01   6.1186062e-01  -1.4833264e-02  -7.1772396e-03  -4.3857570e-03
  -7.6224738e-03   1.5317343e-01   6.6949893e-01  -1.5998482e-02  -7.8997141e-03  -4.3912120e-03
  -2.4472257e-02   1.5239572e-01   6.4340032e-01  -1.5903499e-02  -7.2141616e-03  -4.7475604e-03
  -2.7674193e-02   1.8159787e-01   6.5874049e-01  -1.5964753e-02  -8.0369889e-03  -4.6475330e-03
  -7.2559630e-03   1.5391610e-01   6.0938087e-01  -1.5401666e-02  -7.4564147e-03  -3.7777185e-03
  -1.3368973e-02   1.7876130e-01   6.4985834e-01  -1.6593861e-02  -7.4008707e-03  -3.9451982e-03
  -1.5479409e-02   1.4184304e-01   6.2995805e-01  -1.5860038e-02  -7.5839144e-03  -4.0026371e-03
  -1.8977495e-02   1.1959400e-01   6.4158396e-01  -1.6908235e-02  -7.5938328e-03  -3.9522812e-03
  -2.9318235e-02   1.4911523e-01   6.8692441e-01  -1.5771852e-02  -7.4097166e-03  -4.6141410e-03
   1.0100169e-02   1.4615629e-01   7.2878702e-01  -1.6508391e-02  -6.1805827e-03  -3.6365077e-03
  -3.8908468e-03   1.3524474e-01   6.4241138e-01  -1.6819830e-02  -6.8809714e-03  -3.8844731e-03
   1.2442041e-02   7.5968737e-02   6.2245050e-01  -1.6570877e-02  -5.8676335e-03  -2.9190701e-03
   2.7013768e-03   8.3631736e-02   6.0804325e-01  -1.6893858e-02  -6.5838148e-03  -3.3903181e-03
   3.5110056e-02   8.4121514e-02   7.0147653e-01  -1.6707721e-02  -5.8270705e-03  -3.0094124e-03
   4.8031814e-02   7.0098677e-02   7.0851822e-01  -1.7376942e-02  -4.9067643e-03  -2.3816942e-03
   5.7441272e-02   1.0313133e-01   6.8109058e-01  -1.7260062e-02  -6.8663745e-03  -2.0368693e-03
   6.0110512e-02   1.1286970e-01   6.7912720e-01  -1.6213818e-02  -5.9205513e-03  -2.3107496e-03
   4.0595640e-02   1.0995206e-01   6.8763477e-01  -1.6870955e-02  -6.7037098e-03  -3.0197077e-03
   4.8118374e-02   8.0133934e-02   6.6852428e-01  -1.8052828e-02  -6.2923961e-03  -2.8882163e-03
   2.8196588e-02   1.0793472e-01   6.6066765e-01  -1.6639870e-02  -6.3864938e-03  -3.1903172e-03
   2.5660771e-02   1.1650591e-01   6.5171283e-01  -1.7144742e-02  -6.7911171e-03  -3.3408073e-03
   1.3903511e-02   1.0555419e-01   6.0392053e-01  -1.5677184e-02  -7.2182923e-03  -3.6893643e-03
   2.9803794e-02   1.2963420e-01   6.3105292e-01  -1.6349265e-02  -6.7548655e-03  -3.6101396e-03
   1.2201616e-02   1.4871000e-01   6.5512233e-01  -1.6898629e-02  -6.1607490e-03  -4.1767666e-03
   3.8603600e-02   8.0901231e-02   6.0419793e-01  -1.6707130e-02  -5.9690434e-03  -3.3883755e-03
   4.7042058e-02   1.2760369e-01   6.3108839e-01  -1.6759991e-02  -6.1702527e-03  -3.2049555e-03
   6.4554059e-02   1.5427271e-01   6.7636862e-01  -1.7586607e-02  -6.2239400e-03  -2.9455910e-03
   6.2661251e-02   1.5735938e-01   6.5187988e-01  -1.6860727e-02  -7.3361469e-03  -3.0686803e-03
   2.3488988e-02   1.7261339e-01   6.8818718e-01  -1.7242959e-02  -6.7105426e-03  -3.4713630e-03
  -3.2011386e-03   1.9649247e-01   7.8128567e-01  -1.6991464e-02  -6.8791453e-03  -4.1808725e-03
  -4.1952332e-03   1.9701742e-01   7.3288391e-01  -1.7380514e-02  -7.4544721e-03  -4.2067443e-03
   8.0164174e-04   1.4902394e-01   7.3897388e-01  -1.7071487e-02  -7.2372030e-03  -4.3844657e-03
   2.6285876e-02   1.6756030e-01   7.2482395e-01  -1.7613530e-02  -7.2152626e-03  -3.6327243e-03
   3.2031401e-02   1.5756189e-01   7.1921636e-01  -1.7679599e-02  -6.0140505e-03  -2.7412959e-03
   5.5553591e-02   1.4641815e-01   6.5442550e-01  -1.6958404e-02  -7.2193849e-03  -2.5933362e-03
   8.1692939e-02   9.3150282e-02   5.2063715e-01  -1.6515696e-02  -6.6147975e-03  -1.6764575e-03
   3.3002616e-02   1.3882721e-01   6.4140394e-01  -1.8166747e-02  -6.1188457e-03  -3.0841787e-03
   4.7734105e-02   1.5154277e-01   6.7485025e-01  -1.6940941e-02  -5.8634257e-03  -2.3744408e-03
   2.4178300e-02   1.3568472e-01   6.5843739e-01  -1.7153265e-02  -6.7909823e-03  -3.1644254e-03
  -9.5962716e-04   1.5646597e-01   6.7669257e-01  -1.7022401e-02  -7.1562843e-03  -2.5462230e-03
  -3.2369275e-03   1.1006444e-01   6.1826342e-01  -1.6054518e-02  -7.7073171e-03  -2.8208781e-03
   1.1112267e-02   1.3494192e-01   6.3315892e-01  -1.6331895e-02  -7.2198409e-03  -3.5589287e-03
  -7.7881464e-03   1.5580521e-01   7.5086359e-01  -1.8676841e-02  -6.0468059e-03  -4.2207768e-03
   3.4207052e-02   1.4107456e-01   6.7462186e-01  -1.7610646e-02  -7.2063716e-03  -3.8143188e-03
   5.5006469e-02   1.7745846e-01   7.5222107e-01  -1.7636401e-02  -5.4960299e-03  -3.6412175e-03
   8.6720559e-02   1.3324319e-01   6.3721566e-01  -1.5741857e-02  -6.6887262e-03  -3.4704543e-03
   7.0661089e-02   1.3675161e-01   6.4336415e-01  -1.5747357e-02  -6.8506842e-03  -3.8897548e-03
   9.3698443e-02   1.3004953e-01   6.8276558e-01  -1.6253074e-02  -6.3942522e-03  -4.1279466e-03
   9.2107049e-02   8.6116000e-02   6.1736621e-01  -1.5091325e-02  -6.0501011e-03  -4.1351766e-03
   4.8257938e-02   1.3933654e-01   6.8863872e-01  -1.6524925e-02  -6.8594398e-03  -5.1804047e-03
   5.7204794e-02   1.9788367e-01   7.9000872e-01  -1.7082925e-02  -6.0526411e-03  -4.7516923e-03
   5.7216854e-02   1.8596249e-01   8.1735248e-01  -1.6264506e-02  -6.7144021e-03  -5.3412972e-03
   7.8252218e-02   1.9138086e-01   7.3414319e-01  -1.6737771e-02  -6.5572354e-03  -4.8666227e-03
   9.6620728e-02   1.6112762e-01   7.2882921e-01  -1.7568064e-02  -6.1111314e-03  -4.4079135e-03
   8.1951714e-02   1.6639720e-01   7.3181675e-01  -1.7502600e-02  -7.5556792e-03  -4.2683157e-03
   7.3612037e-02   1.5503156e-01   7.7951713e-01  -1.7842855e-02  -6.2148545e-03  -4.7039493e-03
   7.0774340e-02   1.4346120e-01   7.3089492e-01  -1.6686278e-02  -7.7301860e-03  -4.6932669e-03
   7.8549050e-02   1.5413395e-01   7.4350291e-01  -1.7291610e-02  -7.5453902e-03  -4.6171286e-03
   7.2088848e-02   1.1993481e-01   7.3524257e-01  -1.7935863e-02  -6.6343468e-03  -5.2813259e-03
   6.0971376e-02   1.8429001e-01   6.9082145e-01  -1.6853420e-02  -7.1533065e-03  -5.6694494e-03
   8.2234462e-02   1.3983300e-01   7.0685413e-01  -1.6826897e-02  -6.5315387e-03  -6.0188016e-03
   1.0176719e-01   2.6071501e-01   8.2751613e-01  -1.6026061e-02  -6.9906851e-03  -5.7333650e-03
   1.3364970e-01   2.3068280e-01   8.4679361e-01  -1.6477514e-02  -6.7590868e-03  -4.7434993e-03
   1.1557667e-01   1.9658910e-01   8.0055812e-01  -1.8084992e-02  -6.8006858e-03  -5.1552499e-03
   1.1620545e-01   1.9598694e-01   8.2108099e-01  -1.7761599e-02  -6.7160748e-03  -4.7420083e-03
   1.0387345e-01   1.4401548e-01   8.2881189e-01  -1.8425224e-02  -6.4487516e-03  -5.1408925e-03
   1.1943126e-01   1.2722063e-01   7.0507593e-01  -1.6865572e-02  -6.7891079e-03  -4.7060960e-03
   9.0608345e-02   1.3310335e-01   6.8828197e-01  -1.6822714e-02  -7.0713994e-03  -5.0695383e-03
   6.6394239e-02   1.6118236e-01   7.5143824e-01  -1.7751610e-02  -7.3143635e-03  -5.9724092e-03
   9.0436780e-02   1.2763397e-01   7.1189049e-01  -1.7437094e-02  -7.0908309e-03  -5.4617744e-03
   6.5077674e-02   1.7718175e-01   7.0675546e-01  -1.7342291e-02  -7.4648540e-03  -6.0800680e-03
   7.8253225e-02   1.9428034e-01   7.1837657e-01  -1.8420786e-02  -7.2101744e-03  -5.8676239e-03
   7.3202420e-02   1.5954383e-01   7.2331948e-01  -1.8061161e-02  -7.5420645e-03  -6.0543358e-03
   5.1997444e-02   1.2908562e-01   7.2797339e-01  -1.8568433e-02  -6.6577089e-03  -6.8695354e-03
   4.2901677e-02   1.6318269e-01   7.3942896e-01  -1.8145807e-02  -7.1241649e-03  -7.1002851e-03
   6.2021549e-02   1.6318340e-01   7.7770942e-01  -1.8919494e-02  -6.0579984e-03  -6.4480601e-03
   5.1870521e-02   1.4698253e-01   7.2153587e-01  -1.8281935e-02  -6.6242799e-03  -7.2485272e-03
   3.7794202e-02   1.9055456e-01   6.9690543e-01  -1.8026334e-02  -7.2429546e-03  -6.8458614e-03
   4.3709557e-02   1.6640449e-01   6.5830791e-01  -1.7337329e-02  -7.4169187e-03  -7.0383575e-03
   4.8665303e-02   1.4602983e-01   7.1404924e-01  -1.8262427e-02  -6.7193749e-03  -7.1062944e-03
   8.1982268e-02   1.3106687e-01   7.4495270e-01  -1.8964032e-02  -6.0995897e-03  -6.2334335e-03
   7.4054263e-02   9.6592557e-02   6.2825889e-01  -1.7883219e-02  -5.2215318e-03  -6.6211753e-03
