   0.0000000e+00   0.0000000e+00  -6.8741604e-15  -6.3241598e-17  -7.2876900e-18  -4.6088516e-34
   4.7914631e-03  -9.9273383e-03  -5.7849062e-02   6.2172717e-04  -2.0723871e-04  -1.0131894e-04
  -1.1549372e-03   1.4306879e-02  -8.8961543e-02   1.6436817e-03  -2.4331281e-04  -3.9038870e-04
  -3.5265794e-03   4.8489483e-03  -6.6716556e-02   7.8155803e-04   2.3439758e-05  -5.5737019e-04
  -1.0232471e-02   5.1922659e-02  -6.8851094e-02   2.5390680e-03  -2.1984746e-04  -4.8491987e-04
  -4.8683885e-03   3.7024080e-02  -4.5060019e-02   1.9120044e-04  -1.3780660e-04  -5.0630977e-04
  -1.2219758e-02   3.2943413e-02  -6.7461184e-02   9.5639968e-04   1.0422069e-04  -3.5269247e-04
  -1.8476925e-02   3.1799968e-02  -5.0062711e-02   7.5633192e-04  -3.8893495e-06  -6.0326254e-04
   7.8696202e-03   2.0427597e-02  -4.3756923e-02   6.3631186e-04  -4.5835103e-05  -1.8829442e-04
   1.3345120e-02   2.8625172e-02  -1.1138708e-02  -2.1915517e-04  -3.4675899e-04  -3.4859308e-04
   3.0039541e-03   4.7256703e-02  -2.9157328e-02   8.6854044e-05  -3.4277381e-04  -8.4221830e-04
   1.5199834e-02   4.0425817e-02  -4.7958490e-02   1.4791248e-04  -5.6774945e-04  -6.8746593e-04
   1.4871222e-02   4.0886554e-02  -4.3591698e-02  -1.4487371e-04  -5.9768007e-04  -1.0906800e-03
   2.3067334e-02   5.2153109e-02  -5.4466148e-02   2.9100666e-05  -8.7337478e-04  -8.3255040e-04
   1.8440059e-02   5.3653095e-02  -3.6822943e-02  -2.6327825e-04  -8.7231437e-04  -1.1278033e-03
   1.2873343e-02   3.3686160e-02  -3.1938201e-02  -4.2686759e-04  -1.2074863e-03  -9.6874493e-04
  -4.6254274e-02   1.1533034e-01   2.3453780e-01  -2.1692953e-03  -2.9237037e-04  -1.0511430e-03
  -3.2465215e-02   8.3643375e-02   1.6493821e-01  -3.4924538e-03  -8.9458656e-04  -6.9081867e-04
  -4.8613039e-03   6.7828769e-02  -2.2436840e-02  -1.5623811e-03  -1.3243935e-03  -6.3840387e-04
   6.0676925e-03   9.1252569e-02   7.8863730e-03  -1.2776744e-03  -9.1876527e-04  -8.4622210e-04
   6.8801632e-03   6.9278480e-02  -3.0400315e-03  -4.3243220e-04  -1.3259721e-03  -5.7767385e-04
   1.6073130e-02   8.3539491e-02  -1.3675771e-02  -3.0515053e-04  -1.0454794e-03  -5.8601061e-04
   6.9155406e-03   6.5001996e-02   4.2033704e-02  -1.6463198e-03  -1.0044403e-03  -9.7561631e-04
   1.2135419e-02   7.5878620e-02   1.6721423e-02  -1.2249432e-03  -1.1015478e-03  -6.2260440e-04
   7.5436056e-04   9.9435637e-02  -1.2247794e-02  -3.7443232e-04  -1.2340760e-03  -8.3823484e-04
  -5.3930489e-03   9.2085491e-02   3.3402011e-02  -1.2207558e-03  -1.0225802e-03  -7.7155387e-04
  -4.3483517e-04   1.0290691e-01  -3.3673252e-02  -1.4110830e-04  -7.9670547e-04  -7.1875711e-04
   4.2286538e-03   1.0741936e-01  -4.2166185e-02   6.8392860e-05  -7.0151359e-04  -3.4915565e-04
  -7.0027064e-03   1.3071052e-01   2.1784844e-02  -1.4867052e-03  -7.6960615e-04  -6.5813830e-04
  -6.3444133e-03   1.3606693e-01  -1.4262947e-02  -1.1464847e-03  -8.7504974e-04  -5.3942285e-04
  -4.8462680e-03   1.2335640e-01  -1.1903001e-02  -1.5657581e-03  -6.2433342e-04  -5.9126375e-04
   1.0550496e-02   1.3902922e-01  -1.0073497e-02  -6.2793448e-04  -7.3637678e-04  -3.5073579e-04
   1.5241881e-02   1.4957141e-01  -2.5202747e-02  -2.6523996e-04  -9.2043184e-04  -3.9894781e-04
   1.7264045e-02   1.4541172e-01  -2.9442438e-03  -1.6386879e-04  -9.6718639e-04  -7.6842214e-04
   1.7641252e-02   1.4540475e-01  -3.9145124e-02   3.0755761e-04  -9.8431081e-04  -7.1167494e-04
   8.5211116e-03   1.4738914e-01  -4.3025266e-03  -8.1362972e-04  -7.3570831e-04  -8.9888297e-04
   5.4658745e-03   1.1626223e-01   3.7858482e-03  -8.2467978e-04  -8.5047730e-04  -9.1669408e-04
   1.3575854e-02   1.2585771e-01  -2.0647787e-03  -9.8476063e-04  -7.0310105e-04  -8.8116318e-04
   6.5032185e-03   1.3895841e-01  -1.5245646e-02  -8.2908961e-04  -8.7381861e-04  -7.3239364e-04
  -7.2905346e-03   1.4034813e-01  -2.0362084e-02  -6.2715601e-04  -1.1766521e-03  -7.8442439e-04
  -7.1532032e-03   1.4429222e-01  -1.5406611e-02  -8.5657429e-04  -1.0713127e-03  -6.6814835e-04
   5.8095964e-03   1.7176842e-01  -5.7780408e-02  -5.4991405e-05  -1.0572157e-03  -6.0795238e-04
  -3.1569692e-03   1.9129937e-01  -1.6128124e-02  -8.0395874e-04  -8.4948491e-04  -1.0443206e-03
  -1.2654619e-02   1.7064527e-01  -9.8405391e-03  -2.3486691e-05  -1.6843729e-03  -6.8255904e-04
   3.3769834e-03   1.9079698e-01  -7.0323080e-02   2.2787808e-04  -1.7667635e-03  -5.7414550e-04
   5.7834623e-03   1.7666495e-01  -5.5926008e-02  -5.3427767e-04  -1.3532476e-03  -5.0670538e-04
  -3.1175562e-04   1.9256372e-01  -3.2763552e-02  -4.8726078e-04  -1.1646358e-03  -6.3977980e-04
   5.6972592e-03   1.8879847e-01   2.6779472e-02  -2.5543623e-04  -1.1191520e-03  -6.1331141e-04
   6.2507218e-03   1.8509348e-01  -1.5544544e-02  -2.4908888e-04  -1.2558279e-03  -2.8649575e-04
  -5.9130691e-03   1.7850394e-01   2.2325983e-02  -1.6579523e-03  -1.1306519e-03  -3.8262432e-04
  -2.0284127e-02   1.7298086e-01  -4.3830222e-02  -1.1390938e-04  -9.5110420e-04  -3.5253889e-04
  -1.2650480e-02   1.4575384e-01  -2.4551407e-02  -3.1320069e-04  -8.1159432e-04  -2.6012693e-04
  -5.1666291e-03   1.4437730e-01  -2.0062096e-02  -6.4469916e-04  -7.8286176e-04  -4.8478052e-05
  -4.8295788e-03   1.8859521e-01   4.5467178e-02  -9.9295947e-04  -8.2041342e-04  -4.3274403e-04
  -3.3340373e-03   1.8663743e-01  -2.0090998e-02  -2.8202712e-04  -1.0357652e-03  -3.8215792e-04
  -7.8870537e-03   2.0668183e-01  -5.5045659e-02  -6.9986753e-04  -8.7936778e-04  -3.0938789e-04
  -2.1450933e-03   2.0655635e-01   3.4660068e-02  -1.5803350e-03  -8.9212093e-04  -2.2116935e-04
  -9.0136661e-03   1.7205482e-01   3.7765172e-02  -7.2767375e-04  -9.2106688e-04  -5.1759979e-04
  -6.6996597e-03   1.9643985e-01  -1.9377320e-02   4.1916825e-05  -9.7973495e-04  -5.8136637e-04
  -1.9326033e-03   2.0924908e-01  -2.7339413e-02  -8.4727943e-04  -9.2511949e-04  -8.4091307e-04
   5.5422388e-03   2.0428639e-01   4.0846217e-04  -1.1299967e-03  -1.0117847e-03  -7.0846688e-04
   6.8307393e-03   2.0338688e-01   1.5623230e-02  -1.4061664e-03  -1.0762044e-03  -8.5280312e-04
   2.7344352e-02   2.1860269e-01  -3.1609479e-02  -2.6370616e-05  -1.1369155e-03  -3.5793671e-04
   6.1203933e-03   2.2087807e-01  -1.6122301e-02  -1.4146840e-03  -1.1041729e-03  -8.6177920e-04
   3.0683149e-02   1.7882777e-01   1.6675943e-02  -1.9023160e-03  -1.4936456e-03  -2.5503216e-04
   1.9227772e-02   2.3222451e-01  -6.9166108e-02  -9.9333069e-04  -1.1758873e-03  -4.7014521e-04
   1.8120681e-02   2.3746087e-01  -5.5386380e-02  -1.4262908e-03  -9.5148279e-04  -3.9010300e-04
  -7.6898869e-04   2.2706586e-01  -7.4142793e-02  -1.9111791e-03  -9.9312469e-04  -4.6313115e-04
   4.8727939e-03   2.5793714e-01   9.6777356e-02  -1.7440582e-03  -9.0209366e-04  -5.5992080e-04
   1.7809323e-02   2.2533497e-01   1.5343345e-01  -2.8571914e-03  -1.9154662e-03  -1.2982354e-03
   3.0814396e-02   2.7318530e-01  -1.2703836e-01  -3.7132589e-04  -1.9158900e-03  -9.0204609e-04
   2.4079496e-02   2.3979682e-01  -5.2060487e-02  -8.0574266e-04  -1.5228604e-03  -6.7441638e-04
   2.2598106e-03   2.2831480e-01  -4.1617697e-02  -1.7451428e-03  -1.3261141e-03  -6.1005227e-04
  -7.1709939e-03   1.9102822e-01   3.8768385e-03  -2.1202796e-03  -1.0917681e-03  -7.5326014e-04
  -7.9182635e-03   2.1834729e-01  -5.3672882e-02  -1.4590497e-03  -9.9342276e-04  -4.1332985e-04
  -9.9052118e-03   2.4238564e-01  -5.5742109e-02  -7.2915111e-04  -9.4147860e-04  -6.0173027e-04
  -3.2385993e-03   2.4421391e-01  -1.0864188e-01  -1.0796632e-03  -8.2383776e-04  -1.8802217e-04
   8.2611608e-03   2.5657638e-01  -6.2794463e-02  -1.3486173e-03  -7.0814215e-04  -2.1385729e-04
  -2.5733160e-03   2.7536733e-01  -9.4616392e-02  -1.4166933e-03  -7.7106854e-04  -2.7812526e-04
  -8.3745713e-03   2.6089514e-01  -2.0378096e-02  -2.4717609e-03  -7.4460975e-04  -2.3739710e-04
  -2.1707048e-02   2.6818693e-01  -1.2131862e-01  -6.5231834e-04  -6.3141831e-04  -4.4157570e-04
  -1.8378844e-02   2.9486712e-01  -9.1183393e-02   4.3076211e-05  -7.0405874e-04  -7.1279225e-04
   1.4357180e-03   3.1643674e-01  -9.5332051e-02  -1.4722814e-03  -8.3433242e-04  -2.9162362e-04
  -8.6447218e-03   3.0583939e-01  -1.2358425e-01  -1.2496423e-03  -8.6974756e-04  -6.6287542e-04
   1.2573300e-03   2.9353496e-01  -9.3419848e-02  -1.3715601e-03  -7.9384966e-04  -3.7722480e-04
  -1.2771826e-02   2.7867311e-01  -6.4156799e-02  -2.0058248e-03  -6.4309411e-04  -9.9931256e-04
   1.3714148e-02   2.6400043e-01  -9.1105396e-02  -1.2790268e-03  -7.7452420e-04  -4.8742270e-04
   1.6236301e-02   3.0898668e-01  -1.1534493e-01  -8.1546641e-04  -9.1061237e-04  -5.1783409e-04
   2.3870968e-02   3.1144796e-01  -1.0639594e-01  -1.2815485e-03  -9.9311020e-04  -4.0066799e-04
  -5.7659291e-03   2.8670265e-01  -8.2652112e-02  -1.7372579e-03  -8.6605627e-04  -1.3102412e-03
   1.6042283e-02   2.7401633e-01  -8.6690243e-02  -1.5125749e-03  -1.1336618e-03  -7.5459244e-04
   3.0774402e-02   2.4328141e-01  -1.0168039e-01  -1.3035452e-03  -1.8086496e-03   9.4571064e-05
   3.5377393e-02   2.8134351e-01  -6.7190891e-02  -1.7938507e-03  -1.3555787e-03  -8.5456035e-04
   5.3973803e-02   3.2527416e-01  -1.0915001e-01  -1.5285933e-03  -1.4417607e-03  -4.4080710e-04
   2.9852059e-02   3.1903079e-01  -9.6230943e-02  -1.3236035e-03  -1.4668934e-03  -1.0281549e-03
   5.2306343e-02   3.2295893e-01  -1.1291417e-01  -1.5921601e-03  -1.5135832e-03  -5.6144756e-04
   3.3811320e-02   3.3302233e-01  -1.0830369e-01  -1.0292896e-03  -1.1209810e-03  -8.5859566e-04
   5.5021836e-02   3.1924771e-01  -9.9040984e-02  -1.3251275e-03  -1.4680366e-03  -6.9773114e-05
   5.5832434e-02   3.1582923e-01  -1.1293899e-01  -2.4247054e-03  -1.0981743e-03  -4.1728539e-04
   3.5732653e-02   3.4552530e-01  -1.6384633e-01  -4.2393963e-04  -1.0100439e-03  -5.6763357e-04
   3.7632466e-02   3.4365405e-01  -1.2222274e-01  -2.3375479e-03  -1.5865243e-03  -6.1462394e-04
   2.2147005e-02   3.4487844e-01  -1.5545271e-01  -1.0803116e-03  -1.4973042e-03  -4.3625275e-04
   3.2869055e-02   3.0024727e-01  -1.5308029e-01  -1.3117533e-03  -1.6729489e-03  -2.4275098e-04
   9.5334165e-03   3.3214143e-01  -1.1680363e-01  -2.5137621e-03  -1.2589847e-03  -5.9457424e-04
   2.3748712e-02   3.7012826e-01  -6.3463243e-02  -2.4725224e-03  -1.2317598e-03  -1.9350086e-04
   1.6567068e-02   3.2700461e-01  -1.4378084e-01  -1.3276811e-03  -1.3489019e-03  -5.6888244e-05
   1.6008155e-02   3.5496739e-01  -1.8134716e-01  -1.2249663e-03  -9.4474923e-04  -3.2947868e-04
   1.9372307e-03   3.4258419e-01  -1.7163420e-01  -1.2043444e-03  -9.7231631e-04  -4.6947458e-04
   3.5228011e-03   3.1946004e-01  -2.0991542e-01  -9.8891096e-04  -4.0145144e-04  -3.7407107e-04
   2.1232524e-02   3.4298174e-01  -1.7316287e-01  -1.3781963e-03  -8.4643279e-04  -4.8584667e-04
   2.1912479e-02   3.2379980e-01  -1.3705416e-01  -1.5671997e-03  -8.3861026e-04  -2.2931667e-04
   1.9153374e-02   2.9570112e-01  -1.2021436e-01  -1.5078121e-03  -6.3252251e-04  -1.1727590e-04
   9.3828224e-03   3.2615762e-01  -1.3256287e-01  -1.4126244e-03  -8.0542310e-04  -3.0195500e-04
  -2.3395336e-03   3.6996921e-01  -1.0724145e-01  -2.7704482e-03  -5.8330401e-04  -4.3938431e-04
   7.8476770e-05   3.3664077e-01  -1.2314866e-01  -2.8259895e-03  -6.0658946e-04  -3.8905464e-04
   4.9674235e-03   3.2788609e-01  -1.2424766e-01  -2.5669397e-03  -4.0157498e-04  -7.8123999e-06
   1.4156205e-02   3.5562614e-01  -1.6410207e-01  -1.6531469e-03  -6.9000637e-04  -2.7483159e-06
   1.4510188e-02   3.9813938e-01  -1.5718899e-01  -9.0295956e-04  -9.4463814e-04  -2.3559383e-04
   3.2466247e-02   3.8173714e-01  -1.9945748e-01  -1.2147553e-03  -1.0620760e-03  -3.0942835e-04
   1.8603477e-02   3.7810013e-01   6.7617860e-02  -4.4675100e-03  -9.8893049e-04  -1.0262570e-03
   1.8365338e-02   4.4504919e-01   3.9736955e-01  -5.6570037e-03  -5.4706808e-04  -1.6934142e-03
   4.1434003e-02   3.3357197e-01  -2.2150908e-02  -2.0745678e-03  -1.8015221e-03  -1.0647324e-03
   5.6732748e-02   3.4940669e-01  -3.3279324e-02  -2.4676607e-03  -1.7375624e-03  -7.6402652e-04
   6.3022480e-02   3.2577557e-01  -5.8794315e-02  -2.0345039e-03  -1.6315189e-03  -4.5909184e-04
   4.9603251e-02   3.1467425e-01   5.9055790e-03  -2.9885372e-03  -1.5004704e-03  -9.8423878e-04
   5.9081618e-02   3.2352890e-01  -3.1381029e-02  -2.6278440e-03  -1.6081092e-03  -8.6829499e-04
   6.8057889e-02   3.1268989e-01  -1.7513273e-02  -2.7862782e-03  -1.8046881e-03  -4.4285694e-04
   6.4536314e-02   3.4940489e-01  -8.1055655e-02  -1.6299950e-03  -1.6154965e-03  -5.9544165e-04
   5.2835067e-02   3.6198586e-01  -4.4688125e-02  -3.3555906e-03  -1.7894508e-03  -5.6823740e-04
   5.1736086e-02   3.4558738e-01  -7.2284800e-02  -2.0942057e-03  -1.7373765e-03  -3.8371295e-04
   3.6255144e-02   3.8899252e-01  -9.4380448e-02  -3.0530966e-03  -1.5433306e-03  -6.8571228e-04
   3.3109061e-02   3.6251824e-01  -7.1088319e-03  -3.2657087e-03  -1.5447099e-03  -6.6194855e-04
   3.1799703e-02   3.7496709e-01  -7.6147450e-02  -2.6861131e-03  -1.5276845e-03  -6.0096354e-04
   2.4208802e-02   3.8455570e-01  -4.9334517e-02  -3.4855790e-03  -1.0081594e-03  -7.4647278e-04
   1.2571098e-02   3.3068659e-01  -1.1903287e-01  -2.1085746e-03  -9.5890809e-04  -9.7110502e-04
   2.4869437e-02   4.1062402e-01  -1.3742180e-01  -2.1742578e-03  -8.7219568e-04  -8.6493917e-04
   2.1357357e-02   3.9631307e-01  -1.1892901e-01  -2.4515174e-03  -9.5211977e-04  -7.6554206e-04
   2.5642922e-02   3.8114640e-01  -1.2655923e-01  -2.6794327e-03  -8.8203496e-04  -8.0059732e-04
   1.0202792e-02   3.8378695e-01  -1.2927348e-01  -2.2192873e-03  -8.3745686e-04  -1.0046510e-03
   3.0873186e-02   4.0040957e-01  -1.5823506e-01  -2.1233069e-03  -8.8923621e-04  -4.2062711e-04
   4.9766508e-02   4.0633191e-01  -1.3309171e-01  -1.1605151e-03  -1.2715659e-03  -1.5347840e-04
   6.0698332e-02   4.0309026e-01  -1.1320969e-01  -1.7928300e-03  -1.4631027e-03  -5.0581279e-04
   5.8948006e-02   3.9144658e-01  -6.5063944e-02  -2.1795069e-03  -1.4945121e-03  -8.2996292e-04
   6.2701129e-02   4.0926144e-01  -1.0885448e-01  -1.3116688e-03  -1.3055155e-03  -5.1911016e-04
   5.8888265e-02   4.1830269e-01  -8.0197291e-02  -7.8140874e-04  -1.4933430e-03  -5.0712684e-04
   4.4793670e-02   3.9463934e-01  -3.7407289e-02  -2.4999966e-03  -1.3455865e-03  -7.0191197e-04
   3.1617604e-02   4.1692813e-01  -6.3055988e-02  -2.4740458e-03  -1.7262123e-03  -5.9181401e-04
   4.6162140e-02   4.1202115e-01  -9.1005968e-02  -1.2088857e-03  -1.8187467e-03  -5.4347730e-04
   4.4739575e-02   4.4034355e-01  -9.6473398e-02  -1.6515991e-03  -1.3740232e-03  -6.8387750e-04
   4.3239382e-02   4.5571077e-01  -1.3743740e-01  -7.3434252e-04  -1.4968771e-03  -5.0988850e-04
   3.8355705e-02   4.3259090e-01  -1.2167051e-01  -9.3575650e-04  -1.2860566e-03  -8.2479054e-04
   4.6057866e-02   4.5789367e-01  -9.0003763e-02  -1.8937604e-03  -1.3294720e-03  -5.8636200e-04
   4.9656415e-02   4.3557075e-01  -2.8647804e-02  -3.3930688e-03  -1.3033037e-03  -5.8837421e-04
   5.9520539e-02   4.1224208e-01  -8.8851776e-02  -1.8191341e-03  -1.4604412e-03  -4.9045265e-04
   6.3489780e-02   4.2612086e-01  -7.9140379e-02  -1.8490998e-03  -1.5835567e-03  -3.9144471e-04
   4.8044469e-02   4.0974760e-01  -1.0456167e-01  -1.8228011e-03  -1.6363000e-03  -7.3731296e-04
   5.6258921e-02   4.1443626e-01  -7.8927280e-02  -1.6466764e-03  -1.5691778e-03  -5.9714088e-04
   6.3430896e-02   4.0553936e-01  -8.2269090e-02  -1.7465102e-03  -1.6853954e-03  -5.0075326e-04
   4.9798923e-02   4.4964972e-01  -1.1943682e-01  -1.5388104e-03  -1.5005164e-03  -7.8847242e-04
   5.4195501e-02   4.4408175e-01  -9.3938939e-02  -1.4416698e-03  -1.4990003e-03  -3.9539676e-04
   3.4248579e-02   4.2638752e-01  -1.1441053e-01  -1.6053704e-03  -1.2172488e-03  -6.5111750e-04
   4.5097990e-02   4.0234084e-01  -4.2985879e-02  -2.2908890e-03  -1.4344806e-03  -5.8580175e-04
   6.1687775e-02   4.1369414e-01  -1.0011081e-02  -2.6469916e-03  -1.6726934e-03  -4.2527273e-04
   4.0411239e-02   4.1519508e-01  -1.2738678e-01  -1.1683080e-03  -1.3285785e-03  -6.0226596e-04
   4.4369275e-02   4.5967291e-01  -1.3092485e-01  -6.0298021e-04  -1.3649571e-03  -3.8170005e-04
   3.5317059e-02   4.3158255e-01  -1.1741262e-01  -9.7058890e-04  -1.4247102e-03  -6.9882357e-04
   4.7265326e-02   4.4725529e-01  -5.5062890e-02  -1.7052941e-03  -1.5010807e-03  -3.9549669e-04
   4.4335268e-02   4.2763043e-01  -1.0475717e-01  -1.4682072e-03  -1.3240709e-03  -6.2534236e-04
   4.2647999e-02   4.3744955e-01  -5.4885897e-02  -2.2630769e-03  -1.2971884e-03  -6.9623486e-04
   5.5129930e-02   4.3907054e-01  -4.6877917e-02  -2.0929199e-03  -1.4145221e-03  -6.7082870e-04
   6.1140470e-02   4.6760735e-01  -1.4006708e-01  -1.0448330e-03  -1.6871949e-03  -7.4615292e-04
   6.4335344e-02   4.4708469e-01  -1.1104030e-01  -1.4232817e-03  -1.5602899e-03  -7.6211712e-04
   6.1625036e-02   4.5359667e-01  -1.6075749e-01  -6.4976343e-04  -1.3680260e-03  -5.1095770e-04
   5.3000104e-02   4.4861512e-01  -1.2814627e-01  -3.1391859e-04  -1.2465479e-03  -7.8899022e-04
   5.2770790e-02   4.3194289e-01  -1.1501847e-01  -7.4396237e-04  -1.0714512e-03  -8.3747490e-04
   5.5433284e-02   4.8753629e-01  -1.8677196e-01  -1.7502931e-04  -1.1837101e-03  -5.9926070e-04
   6.0222953e-02   4.6999716e-01  -1.4412893e-01  -1.5734259e-03  -1.1149546e-03  -5.4092565e-04
   6.4032203e-02   4.7427590e-01  -1.7655085e-01  -6.4019878e-04  -1.1351389e-03  -2.5312536e-04
   4.2977544e-02   4.7216930e-01  -2.0558698e-01   5.1957279e-04  -1.0080853e-03  -5.2239249e-04
