   0.0000000e+00   0.0000000e+00   1.1019427e-15  -6.1879416e-17  -6.4293994e-18  -3.9784748e-34
   1.0531658e-02   1.2143091e-02   6.7575794e-02  -8.3586809e-04   1.0099885e-03  -6.3612269e-04
   2.7008453e-03  -5.1853716e-03   6.0068076e-02  -7.5655635e-04   2.8292583e-04   2.3935147e-05
  -8.3800394e-03  -2.1485183e-02   7.0623271e-02  -4.3768659e-04   2.3700871e-05   1.7066142e-05
  -1.1278831e-02  -5.4379549e-03   6.8324338e-02  -1.9338737e-04  -6.8164233e-05  -2.1096822e-04
  -3.2882918e-02   4.7422999e-02   7.0825850e-02  -6.3101575e-04   3.0640560e-04  -2.9214935e-04
  -1.0494033e-02   2.7855030e-02   6.6183387e-02  -3.5670717e-04   6.1625858e-05  -2.0603272e-04
  -1.8030620e-02   3.1046690e-02   6.5152119e-02  -8.2693980e-04  -5.7517906e-05   5.5138923e-06
  -1.1952229e-02   4.6466298e-02   5.3784725e-02  -4.2468186e-04  -3.7971681e-05  -1.7536723e-04
  -8.7568909e-03   3.8989424e-02   3.3623579e-02  -1.8966953e-04  -4.9736400e-04  -1.3649583e-05
  -1.2070668e-02   3.6656479e-02   6.0386081e-02  -4.9045150e-04  -1.6226447e-04  -2.3483078e-04
  -6.2384362e-03   3.9114606e-02   4.9490737e-02  -4.7438560e-04  -2.4599075e-04   2.3764561e-05
  -4.2381584e-03   2.1896701e-02   4.8195110e-02  -2.5147190e-04  -2.6090835e-04  -4.5982180e-05
  -1.3906838e-03   2.1112319e-02   7.6979758e-02  -2.0374397e-04  -3.4890517e-04   7.3042602e-05
  -3.1763336e-03   1.9963469e-02   6.6147622e-02   1.5689261e-04  -4.4584252e-04  -1.0842286e-04
  -8.2363012e-03   1.7689480e-02   6.7124797e-02   1.4839783e-04  -3.1348719e-04  -1.3373707e-04
   9.8893478e-03   4.2658374e-02   5.1792994e-02   5.3108037e-04  -4.1287280e-04  -7.1806303e-05
   1.4666018e-02   7.4380369e-02   5.6095470e-02   3.6749350e-04  -6.6017444e-04  -2.7113052e-04
  -2.5559019e-03   5.1569185e-02   1.8730326e-02   7.3817048e-04  -7.9666657e-04  -1.9666155e-04
  -1.5350645e-02   4.9543900e-02   5.6144303e-02   1.9157460e-04  -8.2381729e-04  -2.5841094e-04
   2.5228423e-02   1.1075751e-01   1.1005754e-01  -3.7071074e-04  -5.7620094e-04  -9.1247157e-04
   3.7996202e-02   7.5103021e-02   3.4298717e-02   5.3026211e-04  -6.8627954e-04  -5.3484106e-04
   3.3275032e-02   4.0411819e-02   8.2755538e-02   2.7664826e-04  -8.0110000e-04  -2.3100747e-04
   2.4114663e-02   6.2913130e-02   7.8427285e-02   4.6748865e-04  -6.6542030e-04  -4.9122011e-04
   2.0331212e-02   3.7679628e-02   8.7313104e-02   5.3477882e-04  -1.0160931e-03  -4.6412593e-04
   1.6729879e-02   9.1469347e-02   7.1928577e-02   4.8958412e-04  -6.7943633e-04  -1.8818714e-04
   1.2655864e-02   7.9120250e-02   9.7207739e-02   5.7363423e-04  -7.3570439e-04  -5.0021788e-04
   6.0453966e-03   8.8767374e-02   7.0494364e-02   9.2812940e-04  -8.0208213e-04  -4.9886158e-04
   4.2113288e-03   1.0068666e-01   9.6584902e-02   7.0852169e-04  -8.5426568e-04  -5.6745746e-04
   5.9841529e-03   9.9353129e-02   8.5673010e-02   9.3720888e-04  -7.9281324e-04  -5.3763941e-04
   1.5672294e-02   9.4106671e-02   9.3922124e-02   8.5204667e-04  -7.2961767e-04  -8.2856897e-04
   1.3522615e-02   9.1502987e-02   9.3549997e-02   1.0387507e-03  -7.9843911e-04  -8.2522626e-04
   2.2036448e-02   1.1012938e-01   7.8794542e-02   1.2472212e-03  -7.4536193e-04  -8.9905130e-04
   5.7605162e-03   1.0100412e-01   8.9234699e-02   1.2748610e-03  -7.1998368e-04  -1.4077122e-03
   1.4063731e-03   1.0606401e-01   8.3908303e-02   9.6105989e-04  -7.4138365e-04  -1.3813438e-03
  -1.4995231e-02   1.0753218e-01   8.3382095e-02   1.4296868e-03  -1.2109063e-03  -1.6932747e-03
  -3.0884700e-02   1.1052252e-01   6.7262586e-02   1.3677062e-03  -1.1027988e-03  -1.7128710e-03
  -2.2395342e-02   8.7418020e-02   8.4970424e-02   1.4724560e-03  -1.2903759e-03  -1.4358466e-03
  -4.9191897e-02   9.0024919e-02   5.2586173e-02   1.6589418e-03  -1.1676770e-03  -1.7846051e-03
  -5.5361724e-02   8.0698026e-02   5.9123519e-02   2.3229190e-03  -1.1989916e-03  -1.7188280e-03
  -5.9117614e-02   7.3263303e-02   1.0669776e-01   1.5607108e-03  -1.2546672e-03  -1.6871329e-03
  -5.8052422e-02   9.2160553e-02   7.8571646e-02   1.9298084e-03  -1.0008802e-03  -1.9043454e-03
  -5.5755591e-02   7.7651232e-02   9.1559846e-02   2.0269454e-03  -1.4433610e-03  -1.5729327e-03
  -6.8332302e-02   9.7509461e-02   7.3521948e-02   2.1468091e-03  -1.2037717e-03  -1.7731915e-03
  -6.9710001e-02   8.2277837e-02   9.4954622e-02   2.1801534e-03  -1.5770495e-03  -1.6871399e-03
  -8.5800374e-02   9.0857442e-02   8.1273327e-02   2.3984229e-03  -1.4346095e-03  -1.8592551e-03
  -8.5591143e-02   7.9133077e-02   9.2877734e-02   2.6553693e-03  -1.3284841e-03  -1.9123196e-03
  -8.7804726e-02   8.4561881e-02   1.0299319e-01   3.0389070e-03  -1.2986504e-03  -2.0477219e-03
  -7.9633913e-02   9.4632384e-02   9.3506538e-02   3.1192482e-03  -1.6924415e-03  -2.0433539e-03
  -8.2766412e-02   9.8850017e-02   8.0391306e-02   3.3825966e-03  -1.6625175e-03  -1.9787124e-03
  -9.1713404e-02   8.3082016e-02   1.0734200e-01   3.0629742e-03  -1.8118473e-03  -1.8083424e-03
  -9.1093268e-02   1.0639172e-01   1.2426346e-01   2.7058997e-03  -1.2553089e-03  -1.9875053e-03
  -8.6558318e-02   9.0705308e-02   9.3338767e-02   2.7682357e-03  -1.8024776e-03  -1.9217645e-03
  -9.8758908e-02   1.2389988e-01   1.0794293e-01   2.9601295e-03  -1.5747060e-03  -1.9697236e-03
  -8.7579601e-02   1.1310361e-01   1.1042547e-01   3.1685394e-03  -1.8101787e-03  -1.7819568e-03
  -1.1139443e-01   1.4098809e-01   1.3341867e-01   3.0118249e-03  -1.6964780e-03  -1.9539529e-03
  -1.0608667e-01   1.0438571e-01   7.6973253e-02   3.1996893e-03  -1.7204102e-03  -1.8577249e-03
  -9.2682559e-02   3.4378883e-01   2.7625598e-01   2.2984785e-03  -7.3673906e-04  -2.1392216e-03
  -4.0005738e-02   3.7531442e-01   1.7252738e-01   2.6862459e-03  -5.9738589e-04  -2.8732464e-03
  -7.2966651e-02   1.2815800e-01   5.0808411e-02   4.0471656e-03  -2.8406962e-03  -1.8036114e-03
  -9.7769836e-02   1.4433823e-01   1.0678723e-01   3.4621386e-03  -2.6887579e-03  -1.8169794e-03
  -9.6548096e-02   1.3594825e-01   8.8735281e-02   3.8735006e-03  -2.9268086e-03  -1.7207009e-03
  -1.0127563e-01   1.3279080e-01   1.3078040e-01   3.9053188e-03  -2.9111653e-03  -1.8401515e-03
  -1.0460037e-01   1.4574342e-01   1.2347046e-01   3.9170563e-03  -2.8823798e-03  -1.7354684e-03
  -1.1285388e-01   1.5339624e-01   1.4750054e-01   3.7817360e-03  -2.8031160e-03  -1.8167172e-03
  -9.5721886e-02   1.7190273e-01   1.5466182e-01   4.0298173e-03  -3.0439253e-03  -1.6979304e-03
  -8.9847797e-02   1.8337139e-01   2.0034757e-01   3.9159261e-03  -2.9207822e-03  -1.5608542e-03
  -8.2781400e-02   1.8086513e-01   1.6513148e-01   4.2799377e-03  -3.2436679e-03  -1.7278847e-03
  -7.8598545e-02   1.9981764e-01   2.0601097e-01   4.2915949e-03  -3.2954844e-03  -2.0661464e-03
  -9.8872983e-02   2.0272562e-01   1.6679100e-01   4.6719520e-03  -3.2751967e-03  -2.0330426e-03
  -9.9001713e-02   2.0873227e-01   2.2548297e-01   4.0809349e-03  -3.2584334e-03  -2.2378286e-03
  -1.0169118e-01   2.1382676e-01   1.7280441e-01   4.5975853e-03  -3.2227950e-03  -2.0949594e-03
  -1.1150619e-01   1.9373707e-01   2.0967369e-01   4.2857958e-03  -3.6901195e-03  -1.7855591e-03
  -1.3109064e-01   2.1572059e-01   1.9482148e-01   4.4734470e-03  -3.2530974e-03  -2.2829553e-03
  -1.1820981e-01   1.8614363e-01   2.3004264e-01   4.0513075e-03  -3.7109327e-03  -1.7688917e-03
  -1.7378330e-01   2.8503537e-01   2.2361570e-01   4.9598732e-03  -2.5316332e-03  -3.0446503e-03
  -1.4919852e-01   2.0451693e-01   1.5292425e-01   6.3122836e-03  -2.3568351e-03  -3.0141231e-03
  -1.3222520e-01   1.5884315e-01   2.1472284e-01   5.8180921e-03  -3.2026881e-03  -2.1734601e-03
  -1.4939434e-01   1.7711731e-01   1.9250388e-01   6.2957837e-03  -3.1329471e-03  -2.6342561e-03
  -1.2391588e-01   1.8826603e-01   1.7962888e-01   6.2797377e-03  -3.2030576e-03  -2.2608464e-03
  -1.4243514e-01   1.8522708e-01   2.2592068e-01   5.8043204e-03  -3.2149451e-03  -2.5829282e-03
  -1.4431191e-01   1.8025868e-01   2.3246068e-01   6.1058229e-03  -3.1674789e-03  -2.7871741e-03
  -1.4286717e-01   1.7681186e-01   2.5154414e-01   5.3838887e-03  -3.2318952e-03  -2.6411329e-03
  -1.5440903e-01   1.9146793e-01   2.3407845e-01   5.7301877e-03  -3.1405153e-03  -2.6218809e-03
  -1.5099607e-01   1.9135588e-01   2.4697065e-01   5.5952925e-03  -3.2232809e-03  -2.7073080e-03
  -1.4723443e-01   1.7485703e-01   2.1893255e-01   6.3816608e-03  -3.1635728e-03  -2.4363588e-03
  -1.4819641e-01   1.7974912e-01   2.6615286e-01   5.7552982e-03  -3.1003656e-03  -2.4311591e-03
  -1.5358190e-01   1.8202956e-01   2.2924668e-01   6.2015463e-03  -2.8906717e-03  -2.5373046e-03
  -1.5553092e-01   1.6721932e-01   2.9066100e-01   5.8114732e-03  -2.9871153e-03  -2.0632120e-03
  -1.4998070e-01   1.8289884e-01   2.3895480e-01   6.5897625e-03  -2.8477838e-03  -2.4109678e-03
  -1.4761020e-01   1.6079946e-01   2.7648918e-01   5.7299927e-03  -3.1500802e-03  -2.0284188e-03
  -1.5756556e-01   1.9150004e-01   2.3330941e-01   6.7897664e-03  -2.6609818e-03  -2.4462849e-03
  -1.6898896e-01   2.9857311e-01   2.7860793e-01   7.6179036e-03  -3.9990033e-03  -2.6870634e-03
  -2.4237006e-01   4.0517358e-01  -1.5042737e-01   1.5620501e-02  -1.9087351e-03  -4.0449205e-03
  -3.1967472e-01   4.0877850e-01  -4.0583401e-01   2.4809171e-02  -5.0898393e-04  -7.6695203e-03
  -2.7592868e-01   2.7469855e-01  -2.3990447e-02   1.3881702e-02  -2.4480872e-03  -5.9002325e-03
  -3.1140757e-01   2.8883711e-01   9.3318110e-02   1.0905151e-02  -2.3754980e-03  -6.2348079e-03
  -3.0580582e-01   2.7972736e-01   1.3206586e-01   1.1163590e-02  -2.7247285e-03  -6.3484465e-03
  -3.0276776e-01   2.7878682e-01   1.5649117e-01   1.1039184e-02  -2.4598447e-03  -6.4459503e-03
  -3.1047552e-01   3.5941134e-01   1.1375451e-01   1.2841024e-02  -2.8448185e-03  -7.2164099e-03
  -3.7233823e-01   3.7714886e-01   2.6219991e-02   1.4147078e-02  -2.5299979e-03  -7.7583797e-03
  -3.4111240e-01   3.1620056e-01   1.5158084e-01   1.2041476e-02  -3.2846434e-03  -7.2263591e-03
  -3.2636411e-01   3.2429277e-01   1.4777081e-01   1.2199855e-02  -2.9841090e-03  -6.9024620e-03
  -3.3480299e-01   3.1615469e-01   1.3726743e-01   1.2000839e-02  -3.1065504e-03  -6.8351325e-03
  -3.3910104e-01   3.1609932e-01   1.4582293e-01   1.1978880e-02  -2.8677567e-03  -7.2473411e-03
  -3.3169008e-01   3.0638467e-01   1.7096617e-01   1.1994341e-02  -3.1971726e-03  -7.0756852e-03
  -3.4174135e-01   3.1828083e-01   1.5322498e-01   1.2337028e-02  -2.9381272e-03  -7.4376813e-03
  -3.2613833e-01   2.9471576e-01   1.7292409e-01   1.1978828e-02  -3.3269116e-03  -6.9744288e-03
  -3.3868389e-01   3.1900231e-01   1.5375472e-01   1.2604224e-02  -2.9897595e-03  -7.4597968e-03
  -3.2044738e-01   3.0739433e-01   1.5941702e-01   1.2505791e-02  -3.2403642e-03  -6.9616992e-03
  -3.3349413e-01   3.0996868e-01   1.4764492e-01   1.2480183e-02  -3.2641348e-03  -7.3507294e-03
  -3.1757880e-01   3.0900992e-01   1.5036421e-01   1.2553401e-02  -3.4458108e-03  -6.9820775e-03
  -3.4450107e-01   3.0645517e-01   1.7548327e-01   1.2522123e-02  -3.1859377e-03  -7.1830892e-03
  -3.2504355e-01   3.2739629e-01   1.7085796e-01   1.2648709e-02  -3.2995843e-03  -7.0581439e-03
  -3.2969078e-01   3.1198020e-01   1.8334389e-01   1.2543455e-02  -3.3668787e-03  -6.9533958e-03
  -3.2338037e-01   3.2062494e-01   1.7690224e-01   1.2625208e-02  -3.3915148e-03  -6.7626092e-03
  -3.2330821e-01   3.3934879e-01   1.8433270e-01   1.2800960e-02  -3.3458367e-03  -6.6916321e-03
  -3.1745871e-01   3.3716090e-01   2.0486779e-01   1.2757741e-02  -3.3000469e-03  -6.5903456e-03
  -3.2617188e-01   3.1852499e-01   2.2572134e-01   1.3037663e-02  -3.0771965e-03  -6.3788347e-03
  -3.1829603e-01   3.3582336e-01   1.9746984e-01   1.3080975e-02  -3.0027335e-03  -6.7845673e-03
  -3.1170646e-01   3.3986808e-01   2.1062282e-01   1.3072842e-02  -3.1827479e-03  -6.6123157e-03
  -3.2629520e-01   3.6255537e-01   1.9953534e-01   1.2991564e-02  -3.1554114e-03  -6.9758168e-03
  -3.1548253e-01   3.6571207e-01   2.0335984e-01   1.3314310e-02  -3.2739020e-03  -6.6329233e-03
  -3.1456124e-01   3.8475439e-01   1.7892745e-01   1.3856809e-02  -3.1530612e-03  -6.7872072e-03
  -3.1017140e-01   3.8769290e-01   2.2486932e-01   1.2936894e-02  -2.9219113e-03  -6.8924143e-03
  -3.1528541e-01   3.7069409e-01   2.1947883e-01   1.2927202e-02  -3.2267603e-03  -6.9477965e-03
  -3.2776343e-01   3.9399773e-01   2.3053316e-01   1.2879691e-02  -2.9141533e-03  -7.1640414e-03
  -3.2443277e-01   3.7549469e-01   2.3332810e-01   1.2830332e-02  -3.3142241e-03  -6.9140969e-03
  -3.4133526e-01   3.8831830e-01   2.3869409e-01   1.2666493e-02  -3.0767934e-03  -7.0971208e-03
  -3.3040761e-01   3.6579208e-01   2.1843859e-01   1.2887514e-02  -3.3368108e-03  -6.8958072e-03
  -3.3884817e-01   3.6738115e-01   2.5332804e-01   1.2592738e-02  -3.0003752e-03  -6.9927456e-03
  -3.2692084e-01   3.6723694e-01   1.8913289e-01   1.3290852e-02  -3.3399584e-03  -6.8649831e-03
  -3.0972946e-01   3.6955129e-01   3.1353301e-01   1.1791463e-02  -3.0665828e-03  -6.3932434e-03
  -1.4403491e-01   5.5399981e-01   4.9610636e-01   8.9511141e-03  -2.7831690e-03  -5.7969126e-03
  -1.8879118e-01   3.3381898e-01   2.7038403e-01   1.2926990e-02  -4.0792958e-03  -4.7245154e-03
  -2.0835254e-01   3.3736719e-01   3.2639034e-01   1.2225854e-02  -4.2502837e-03  -4.4030695e-03
  -2.3882646e-01   3.5642605e-01   2.8358132e-01   1.2455873e-02  -3.9894649e-03  -4.6483825e-03
  -2.2973367e-01   3.3445829e-01   3.3958879e-01   1.2303259e-02  -4.0261144e-03  -4.1744573e-03
  -2.4316495e-01   3.2418563e-01   3.4078945e-01   1.2624807e-02  -3.9578433e-03  -4.3181655e-03
  -2.3981414e-01   3.5018776e-01   3.6971154e-01   1.2465311e-02  -3.6728183e-03  -4.3994706e-03
  -2.4654283e-01   3.3517590e-01   3.6865832e-01   1.2784674e-02  -3.4976360e-03  -4.1947751e-03
  -2.6799821e-01   3.3046869e-01   3.9705327e-01   1.2528452e-02  -3.1833607e-03  -4.4015422e-03
  -2.6548365e-01   3.2270644e-01   3.7980814e-01   1.2441161e-02  -3.4912816e-03  -4.2621135e-03
  -2.7675365e-01   3.3238561e-01   3.9893980e-01   1.2433773e-02  -3.0558390e-03  -4.4554678e-03
  -2.5960744e-01   3.2502796e-01   3.8901725e-01   1.2628850e-02  -3.1321461e-03  -4.3700649e-03
  -2.5560619e-01   3.4089748e-01   3.9084165e-01   1.2640642e-02  -3.0632662e-03  -4.4572645e-03
  -2.4395033e-01   3.3946817e-01   3.7876607e-01   1.2652143e-02  -3.1772810e-03  -4.3876164e-03
  -2.3904793e-01   3.4673111e-01   4.0593273e-01   1.2390278e-02  -3.2549519e-03  -4.4604282e-03
  -2.3631999e-01   3.4654736e-01   3.7976285e-01   1.2723778e-02  -3.2174961e-03  -4.3082044e-03
  -2.3142576e-01   3.6393018e-01   3.8012483e-01   1.2601223e-02  -3.2573561e-03  -3.9450983e-03
  -2.2212544e-01   3.8192593e-01   3.7940689e-01   1.2502700e-02  -3.1005957e-03  -4.1898958e-03
  -2.3059255e-01   3.7102220e-01   3.8063019e-01   1.2505092e-02  -3.2630403e-03  -4.2456498e-03
  -2.2220639e-01   3.7658837e-01   3.9134542e-01   1.2511444e-02  -3.1837886e-03  -4.2836259e-03
  -2.3226298e-01   3.7116748e-01   4.0373234e-01   1.2699587e-02  -3.2300818e-03  -4.3775712e-03
  -2.2950509e-01   3.9669205e-01   3.9700685e-01   1.2632078e-02  -2.9521387e-03  -4.3221677e-03
  -2.2384360e-01   3.8417449e-01   4.0356980e-01   1.2456849e-02  -3.0834213e-03  -4.3126953e-03
  -2.3572357e-01   4.1089035e-01   3.9750901e-01   1.2501326e-02  -2.8593018e-03  -4.4705007e-03
  -2.2028613e-01   3.7086749e-01   4.1658930e-01   1.2553837e-02  -3.0115187e-03  -3.9770684e-03
  -2.4210677e-01   4.0470744e-01   3.8988180e-01   1.3152294e-02  -2.5688904e-03  -4.6911864e-03
  -2.1308848e-01   3.5740408e-01   3.9722733e-01   1.3318751e-02  -2.7519244e-03  -4.0562505e-03
  -2.1775921e-01   3.3749150e-01   4.3567187e-01   1.2341493e-02  -2.8448777e-03  -3.7769939e-03
  -2.0118500e-01   3.6666840e-01   4.2179384e-01   1.2763020e-02  -2.7435911e-03  -3.9206557e-03
  -2.0685983e-01   3.4786956e-01   4.3218699e-01   1.2354590e-02  -2.6450831e-03  -3.9111487e-03
  -1.9605127e-01   3.7766186e-01   4.1194279e-01   1.2892238e-02  -2.6012911e-03  -3.7298789e-03
  -1.9225964e-01   3.6302998e-01   4.5123141e-01   1.2510736e-02  -2.2629680e-03  -3.8733308e-03
  -1.7336713e-01   3.7326698e-01   4.0179160e-01   1.3926382e-02  -2.3574316e-03  -3.0674736e-03
  -1.8405617e-01   3.4023208e-01   4.3922650e-01   1.3654712e-02  -2.1690380e-03  -3.0180819e-03
  -1.7616061e-01   3.4142666e-01   4.3648536e-01   1.3604036e-02  -1.7697680e-03  -3.1114345e-03
  -1.6350426e-01   3.4075080e-01   4.5752831e-01   1.3305277e-02  -2.0728726e-03  -2.6848224e-03
  -1.8637295e-01   3.2995450e-01   4.5358094e-01   1.3372115e-02  -1.9835762e-03  -3.3891050e-03
  -1.8211308e-01   3.8791389e-01   4.5543983e-01   1.4141845e-02  -1.7759827e-03  -3.3046616e-03
  -1.9266732e-01   3.4739616e-01   4.7330987e-01   1.3163261e-02  -1.9637471e-03  -3.4546168e-03
  -1.8979839e-01   3.6959397e-01   4.7528129e-01   1.3237374e-02  -1.7713610e-03  -3.2904123e-03
  -1.8747562e-01   3.5048331e-01   4.4681455e-01   1.3520441e-02  -2.1698470e-03  -3.0909039e-03
  -1.8420632e-01   3.6222820e-01   4.7296696e-01   1.3605523e-02  -1.7553686e-03  -3.3813686e-03
  -1.8450550e-01   3.5446350e-01   4.2288708e-01   1.2607618e-02  -2.6081246e-03  -2.8280920e-03
  -1.7696302e-01   4.2749739e-01   6.1615416e-01   9.6844015e-03  -5.1296267e-04  -4.0500958e-03
  -8.0381529e-02   6.4293139e-01   7.8993642e-01   8.5020151e-03   3.8967767e-04  -4.8225415e-03
  -2.8329222e-02   3.5628434e-01   5.0491955e-01   1.2692064e-02  -3.3616956e-03  -1.8501289e-03
