   0.0000000e+00   0.0000000e+00   0.0000000e+00   0.0000000e+00   0.0000000e+00   0.0000000e+00
  -1.3253124e-03   3.0520276e-02  -2.4540763e-02   1.1134145e-03  -2.9048657e-04   2.0836768e-04
   3.8773381e-03   1.5865630e-02  -3.2127281e-02   1.8264794e-04  -2.2457520e-04   5.8467421e-05
   7.3449878e-03   1.6873806e-02  -4.5497087e-02   7.3683463e-05  -1.6759944e-04   1.1993967e-04
   1.0821874e-02   2.8570374e-02  -7.9398223e-02   8.9860846e-04  -2.5116506e-05   4.3249241e-04
  -1.4754417e-02   3.9906686e-02  -5.5095569e-02   2.4469417e-04   5.0817214e-04  -1.5715164e-04
   1.1765514e-02   5.5361808e-02  -3.5080732e-02  -2.9809222e-04   2.2863975e-04   1.4299077e-04
  -2.6735871e-02   4.9037142e-02  -7.0512144e-02   1.0728091e-03   1.1776473e-04  -3.3307945e-04
  -5.4923761e-03   5.3597286e-02  -7.6325383e-04  -1.0547409e-03   3.7490636e-05  -3.9386806e-04
  -1.7272418e-02   4.4892648e-02  -9.4033488e-02   4.5090186e-04   5.2440428e-04  -4.2584291e-04
  -1.0148134e-02   6.5552133e-02  -8.9783733e-02   2.2708275e-04   4.2959403e-04   1.0451241e-04
  -1.9339879e-02   5.7948222e-02  -6.1614092e-02   1.2806985e-04   6.8611675e-04   1.0391053e-04
  -1.4057443e-02   7.7062793e-02  -9.1486525e-02   3.5139478e-04   4.9843875e-04   2.5808853e-04
  -2.5892623e-02   6.5659520e-02  -5.2620943e-02   4.0796238e-04   8.9635127e-04  -2.7047290e-04
  -5.1133986e-02   5.4875119e-02  -4.9072748e-02   1.0641337e-04   8.1173985e-04  -2.4023342e-04
  -2.3954827e-02   5.9775533e-02  -1.1291718e-01   5.7241548e-04   2.3593426e-04   2.8954682e-04
  -4.9688346e-03   3.8071752e-02  -8.9557541e-02   1.0968186e-04   3.7172479e-04   2.6032274e-04
  -5.2276213e-03   5.9067300e-02  -1.2685681e-01   1.2453849e-03   5.4581990e-04  -2.2371359e-06
   1.4781315e-02   3.5231101e-02  -8.7778408e-02   6.0663855e-04   4.8079947e-05   3.4831412e-04
   2.2281338e-03   5.2216825e-02  -1.1409877e-01   4.8022095e-04   2.5148375e-04   6.2976626e-06
  -3.9438473e-03   8.2834287e-02  -9.6917627e-02   3.9458382e-04   2.5622782e-04   3.0726923e-04
  -1.6387685e-02   1.1608617e-01  -8.2059492e-02  -2.6124446e-04   4.2293996e-04   2.7793443e-04
  -2.7051630e-02   1.3506859e-01  -1.2436873e-01   7.4947358e-04   3.2027263e-04   3.8752882e-05
  -1.7500967e-02   1.0201787e-01  -1.3859413e-01   7.5806226e-04   2.4648311e-04  -9.0625590e-05
  -1.4533659e-03   9.7013611e-02  -7.7835725e-02  -1.4906263e-04   2.3998077e-04   8.1138713e-05
   1.4475680e-02   9.5819292e-02  -6.7646187e-02  -5.6346015e-04   1.7041275e-05   2.0948155e-04
   6.7128696e-03   8.5553002e-02  -8.7405787e-02  -1.0910416e-04   8.5689422e-05   9.2552691e-06
  -8.1166511e-03   9.6657947e-02  -7.2469843e-02  -7.5073848e-05   2.5778765e-04  -8.2372450e-05
   2.7884666e-03   7.1294817e-02  -7.3392520e-02   5.3413797e-04   4.0206426e-05   2.9788530e-04
   1.8588429e-03   8.0924757e-02  -6.7749798e-02   4.3824059e-04  -3.8763473e-05   6.7665662e-05
  -2.5402323e-03   1.0920835e-01  -7.6525147e-02   8.5779042e-04   1.8215460e-04  -8.9817963e-05
   7.6707792e-04   1.0011566e-01  -6.1214138e-02   4.6218154e-04   1.9667223e-04  -8.0751984e-05
   1.7313089e-03   1.1411853e-01  -3.7016401e-02   4.4147001e-04   4.2342248e-05  -1.3884504e-05
  -8.9303495e-03   1.2682555e-01  -8.1803964e-02   9.7847892e-04   1.2082331e-04  -1.4685682e-04
   6.7869115e-03   1.1725114e-01  -4.1364804e-02   2.2113509e-04   4.1581714e-05   1.1862505e-04
   1.4890642e-02   1.1777063e-01  -8.5736691e-02   4.5499364e-04  -6.1342933e-05   3.9281872e-04
   8.9046400e-03   1.9133525e-01   2.6659827e-02  -1.7456807e-04  -7.8586666e-05  -8.5858997e-05
   4.9929988e-03   1.3737064e-01   2.6845334e-02  -9.1178280e-04  -6.9647611e-04  -9.3647082e-05
   7.4573084e-04   1.2561935e-01  -1.0347640e-01   1.0932007e-03  -5.5367445e-04   3.6078753e-05
  -2.8380805e-03   1.1562349e-01  -5.7512820e-02   1.4653357e-04  -4.8327396e-04  -1.1162588e-04
   2.6267892e-03   1.0502602e-01  -8.3977988e-02   1.5956947e-03  -1.0866731e-03  -2.4306392e-05
   9.6552640e-04   1.3181893e-01  -8.7836323e-02   6.4260985e-04  -7.1448301e-04  -1.5340780e-04
   7.2297670e-03   1.5762326e-01  -1.5134264e-01   1.1488400e-03  -6.3251198e-04  -3.9247474e-04
  -3.2018138e-02   1.3394882e-01  -1.0478453e-01   2.6268172e-04  -8.4276533e-04  -6.2569756e-04
  -5.4461998e-03   1.1260979e-01  -7.7129932e-02  -1.7165135e-04  -6.6943991e-04  -2.5839022e-04
  -4.0922677e-03   1.0457168e-01  -1.5544878e-01   1.1556127e-03  -3.7479371e-04  -5.1370171e-04
   3.3957437e-03   1.3354294e-01  -1.6914131e-01   4.8544633e-04  -3.7578198e-04  -3.9053133e-05
   5.6719953e-03   1.4798818e-01  -1.4001889e-01   1.0082785e-03  -3.5828050e-04  -3.1231399e-05
   4.0587038e-03   1.3614822e-01  -1.2806841e-01   1.3248269e-04  -4.4907614e-04  -3.1839626e-05
   1.0462559e-02   1.1981036e-01  -9.8311360e-02   6.1393127e-04  -2.8396110e-04   1.5842334e-04
   2.5492832e-02   1.5036142e-01  -1.7809653e-01   7.3941630e-05  -3.3029119e-04  -1.3588955e-04
   2.3199285e-02   1.7723870e-01   1.4394029e-01   1.9523644e-04  -5.7520220e-04  -3.3178673e-05
   2.6756140e-02   1.6277306e-01   1.4874801e-01  -4.7144006e-04  -1.3528771e-03  -5.1706703e-04
   5.0373637e-02   1.3804770e-01  -2.2522421e-01   1.3922763e-03  -1.6390443e-03  -1.9350803e-04
   6.3390173e-02   1.0233214e-01  -1.0459814e-01   1.5465560e-03  -1.4338370e-03   1.5817416e-04
   3.4151492e-02   1.0853372e-01  -1.0371228e-01   1.0687553e-03  -1.2523503e-03  -6.4502364e-04
   1.5041555e-02   1.0384622e-01  -2.7605659e-02   3.0287728e-04  -1.3848413e-03  -4.9860710e-04
   3.8666523e-02   1.3456656e-01  -1.1714160e-01   9.0761016e-04  -1.6563433e-03  -1.9156842e-04
   4.0071072e-02   1.4154342e-01  -7.2865624e-02   7.2871657e-04  -1.8742369e-03  -3.6360945e-04
   3.9005501e-02   1.2697729e-01  -8.6408075e-02   7.8327357e-05  -1.9702022e-03  -5.8804690e-04
   4.3270053e-02   1.2409484e-01  -9.8875870e-02   1.1179569e-03  -1.9731661e-03  -3.6819573e-04
   5.1097457e-02   1.3476975e-01  -1.3920700e-01   1.0986082e-03  -1.8395870e-03  -3.1790193e-04
   4.0186000e-02   1.3430602e-01  -9.3195707e-02   6.1940462e-04  -1.8296886e-03  -4.1040110e-04
   4.0216955e-02   1.3691369e-01  -1.1600931e-01   8.9354070e-04  -1.6321696e-03  -3.5320641e-04
   3.0574166e-02   1.5267000e-01  -7.6941187e-02   5.9819105e-04  -1.7845413e-03  -9.4951211e-04
   5.2517444e-02   1.7145055e-01  -9.9891462e-02   7.7279155e-04  -1.7300944e-03  -7.6010080e-04
   5.5028737e-02   1.7528686e-01  -1.2005514e-01   9.5691923e-04  -1.8132220e-03  -5.9861059e-04
   4.8789190e-02   1.8533423e-01  -1.5459043e-01   1.3593818e-03  -1.5131442e-03  -6.3395906e-04
   4.9624547e-02   1.8017151e-01  -1.0979122e-01   8.8473234e-04  -1.8034986e-03  -6.2906252e-04
   4.3973031e-02   2.0259191e-01  -6.9684436e-02   7.4658611e-04  -1.9313901e-03  -4.1007936e-04
   3.4662219e-02   1.9359108e-01  -6.6431518e-02  -8.9777787e-06  -1.3901595e-03  -4.4044298e-04
   3.9273194e-02   2.0515697e-01  -1.4772394e-01   1.0481778e-03  -1.3385364e-03  -1.7964421e-04
   3.4772116e-02   1.7776582e-01  -8.1434183e-02   5.5639804e-04  -1.1190206e-03  -2.7809944e-04
   5.0630870e-02   2.0869211e-01  -1.2577117e-01   1.1076367e-03  -1.2502699e-03   1.5097650e-04
   3.0228435e-02   1.8218095e-01  -7.1324319e-02   4.4324011e-04  -1.1491277e-03  -1.4963247e-04
   4.4452202e-02   2.0411202e-01  -1.5632730e-01   1.2901176e-03  -1.0012332e-03   1.6382162e-04
   1.9058802e-02   2.1464148e-01   1.6235947e-02  -3.7979627e-04  -1.0193906e-03  -3.9359369e-04
   1.5845009e-02   1.8497555e-01  -1.0860953e-01   8.6338533e-04  -1.1839133e-03  -3.3904840e-04
   2.8414651e-02   1.9355607e-01  -1.1314018e-01  -5.0623953e-05  -1.0286354e-03  -4.3296971e-04
   4.4641903e-02   2.1929926e-01  -1.6608616e-01   1.0341044e-03  -1.0708747e-03  -1.5455021e-04
   1.6649168e-02   2.1594154e-01  -1.0141911e-01   4.0175795e-05  -1.1604534e-03  -3.6644098e-04
   3.3251641e-02   2.2639296e-01  -1.8187967e-01   1.4413377e-03  -1.3965495e-03  -7.1096969e-05
   1.0981765e-03   2.2664982e-01  -1.2011381e-01   7.4218310e-04  -1.2559608e-03  -3.2999470e-04
  -4.5781975e-03   2.2930309e-01  -1.1925986e-01   4.3373352e-04  -1.7162419e-03  -2.3888850e-04
   1.8795999e-02   2.3383324e-01  -1.6189337e-01   1.1665015e-03  -1.3831249e-03   5.4743088e-06
   1.7725394e-02   2.1852251e-01  -1.4970784e-01   7.3732236e-04  -1.7136136e-03  -3.5594777e-06
   1.8786471e-02   2.1541843e-01  -1.2120097e-01   4.3762028e-04  -1.1539859e-03   1.1459366e-04
   4.8113380e-03   2.2059562e-01  -1.6766601e-01   1.1397138e-03  -1.2131802e-03  -1.3760838e-04
   2.5758421e-02   3.5976485e-01   3.0936137e-02   2.4749568e-03  -8.5363366e-04  -1.2706831e-04
  -7.9992052e-03   1.7064419e-01  -1.3585226e-01   1.6442292e-03  -1.4318785e-03  -3.8305811e-04
   2.3576197e-02   2.3674393e-01  -2.4832404e-01   2.8121543e-03  -1.2480964e-03  -7.2111665e-05
   2.4635937e-02   2.5195137e-01  -1.5606587e-01   8.7786678e-04  -1.1179071e-03   1.5147116e-04
   2.1357649e-02   2.4637153e-01  -1.7245198e-01   1.3195157e-03  -1.0664038e-03  -2.7052889e-04
   3.4811944e-02   2.2568777e-01  -1.2447877e-01   5.4833059e-04  -1.3184280e-03  -2.3891516e-04
   2.5132157e-02   2.1042093e-01  -1.6137784e-01   5.3934543e-04  -1.1567595e-03  -2.2065617e-04
   9.4271311e-03   2.2010534e-01  -8.6228481e-02   5.6754335e-04  -1.3828446e-03  -1.2656166e-04
   1.5467653e-02   2.5029583e-01  -2.0704541e-01   1.9073400e-03  -1.1105829e-03  -9.1918497e-04
   2.9318119e-02   2.5758426e-01  -2.2106658e-01   1.5863105e-03  -1.1002688e-03  -7.1500465e-04
   1.8854674e-02   2.6377960e-01  -2.5102390e-01   2.6137944e-03  -1.1349720e-03  -9.7652974e-04
   1.8456995e-02   2.7327196e-01  -2.1567925e-01   9.4086375e-04  -1.1105314e-03  -8.1105083e-04
   5.6757395e-02   2.5909457e-01  -2.3001692e-01   1.9662648e-03  -1.4779864e-03  -2.0340179e-04
   4.4351974e-02   2.5431261e-01  -1.8487686e-01   1.3430644e-03  -1.4683560e-03  -4.6578075e-04
   4.6607308e-02   2.3828901e-01  -1.4976974e-01   7.3594494e-04  -1.7044369e-03  -7.2582068e-04
   3.3638669e-02   2.6862282e-01  -2.2839013e-01   1.1508808e-03  -1.3405144e-03  -8.0517491e-04
   3.6574771e-02   2.7071282e-01  -1.8596720e-01   1.8452487e-03  -1.6795153e-03  -5.9108075e-04
   3.8854010e-02   2.8988522e-01  -2.1931273e-01   1.0758092e-03  -1.7043109e-03  -7.0668533e-04
   4.3184949e-02   2.6838058e-01  -1.9677535e-01   1.0841842e-03  -1.7480486e-03  -8.3390495e-04
   3.9413247e-02   2.5943193e-01  -2.5786178e-01   1.4622521e-03  -1.9362844e-03  -8.7472322e-04
   1.7992566e-02   2.7183813e-01  -1.8792088e-01   7.2355639e-04  -1.4963790e-03  -1.2492946e-03
   2.6389158e-02   2.4400684e-01  -2.6674818e-01   2.0415133e-03  -1.3294576e-03  -7.0385203e-04
   1.3683188e-02   3.0025569e-01  -2.3092107e-01   1.8008543e-03  -1.2085836e-03  -1.0617463e-03
   7.7059221e-03   2.8241011e-01  -1.9040265e-01   1.1041195e-03  -1.0415800e-03  -9.1118652e-04
   1.3963641e-02   2.9882174e-01  -1.4652097e-01   4.1755402e-04  -1.0892196e-03  -8.4202612e-04
   1.9207876e-02   2.5509570e-01  -1.9789095e-01   2.6719726e-04  -1.3268284e-03  -1.4612972e-03
   3.8904048e-02   3.7189798e-01  -3.4183620e-02   1.3851152e-03  -1.6749728e-03  -9.3871122e-04
   6.5656696e-02   3.3391756e-01  -1.4697933e-01   1.3867084e-03  -1.6492866e-03  -7.8069437e-04
   5.4920398e-02   2.6951292e-01  -2.2991038e-01   1.5289965e-03  -1.6613195e-03  -1.2796889e-03
   8.0784751e-02   2.6785665e-01  -1.9672395e-01   1.8548473e-03  -2.1210855e-03  -6.6036738e-04
   6.0411459e-02   2.8072643e-01  -2.1587493e-01   1.3048514e-03  -1.5714884e-03  -1.6522042e-03
   6.9736159e-02   2.9944133e-01  -1.8647681e-01   7.1578022e-04  -1.8369214e-03  -1.1696351e-03
   4.2375703e-02   2.6321456e-01  -2.4306285e-01   1.8945802e-03  -1.5432999e-03  -1.2505628e-03
   5.7100284e-02   2.7693385e-01  -1.8810577e-01   2.0721713e-03  -1.9180004e-03  -9.4288188e-04
   4.2995114e-02   2.7776489e-01  -2.1799106e-01   1.4486440e-03  -1.5741906e-03  -1.4144270e-03
   6.3489416e-02   2.8635199e-01  -2.4377109e-01   1.3589280e-03  -1.6933091e-03  -9.3806703e-04
   5.9261248e-02   2.9868532e-01  -2.2731926e-01   1.2454082e-03  -1.3340941e-03  -1.0535089e-03
   2.4260193e-02   2.9852554e-01  -1.9424540e-01   9.5120359e-04  -1.5404044e-03  -1.3853723e-03
   3.1035468e-02   2.9774985e-01  -1.9877748e-01   5.3527218e-04  -1.9818351e-03  -9.1848685e-04
   2.7856028e-02   3.2847526e-01  -2.5857981e-01   1.7118366e-03  -1.5353066e-03  -1.0405335e-03
   5.6983580e-02   3.5723579e-01  -2.4844081e-01   1.6477012e-03  -1.6400840e-03  -8.8456381e-04
   5.7484186e-02   3.1934419e-01  -2.5221821e-01   1.0292832e-03  -1.8104146e-03  -9.4588365e-04
   4.8714519e-02   3.0940555e-01  -1.8692533e-01   9.5296956e-04  -1.5990475e-03  -8.9098389e-04
   4.3564941e-02   3.2613390e-01  -2.3798150e-01   9.9543818e-04  -1.5577307e-03  -9.7851129e-04
   4.9531915e-02   3.1017737e-01  -2.1330450e-01   1.3843331e-03  -1.6530218e-03  -7.5553934e-04
   3.2768417e-02   3.3460577e-01  -2.7656413e-01   6.6875784e-04  -1.5831418e-03  -7.6667399e-04
   6.0538264e-02   4.6179037e-01   1.4410499e-01   6.0619788e-04  -4.2776698e-04  -1.5264628e-03
   3.4871579e-02   3.0036820e-01  -1.4417159e-01   2.5430940e-03  -2.0223738e-03  -2.2351041e-03
   7.7071124e-02   3.4395952e-01  -2.9539384e-01   3.5448313e-03  -2.7917326e-03  -8.1242064e-04
   4.9327497e-02   3.0263753e-01  -2.1095429e-01   2.7084263e-03  -2.0116060e-03  -1.2197681e-03
   3.1639150e-02   3.1132536e-01  -2.0567349e-01   2.2294170e-03  -2.1175723e-03  -9.8755658e-04
   3.0706693e-02   2.7687184e-01  -1.3035291e-01   1.3593320e-03  -1.6096022e-03  -1.1934755e-03
   3.7387245e-02   3.0013819e-01  -2.0634983e-01   1.8855046e-03  -1.9206354e-03  -7.5900981e-04
   3.5856048e-02   3.2667382e-01  -2.4864702e-01   2.2556817e-03  -1.3983816e-03  -7.7682253e-04
   3.9510894e-02   3.1269446e-01  -1.3625754e-01   5.4373907e-04  -1.8647493e-03  -5.7449028e-04
   8.1913139e-02   4.0597210e-01  -2.8553165e-01   2.6183150e-03  -6.0755499e-04  -1.3440457e-03
   3.2070291e-02   3.1023076e-01  -4.6766015e-01   4.5104941e-03  -1.3605199e-03  -1.4576928e-03
   4.1842104e-02   3.0531537e-01  -3.5562243e-01   3.2438427e-03  -1.8753911e-03  -8.3960161e-04
   5.2443342e-02   3.4841161e-01  -4.2145946e-01   4.4652728e-03  -1.7756946e-03  -1.3507796e-03
   6.0104330e-02   3.1278453e-01  -3.6987073e-01   4.8077789e-03  -1.9549733e-03  -1.1411712e-03
   5.7688601e-02   3.4720198e-01  -3.7204536e-01   3.6012241e-03  -1.7216593e-03  -1.1857451e-03
   5.2897307e-02   3.1663222e-01  -3.8132880e-01   4.0379693e-03  -1.9143860e-03  -1.4687284e-03
   5.7039082e-02   3.4317437e-01  -3.8598660e-01   3.6396891e-03  -1.8040750e-03  -1.4800039e-03
   6.3039583e-02   3.4359433e-01  -3.3839639e-01   3.2282212e-03  -1.9673388e-03  -1.0982630e-03
   8.0690996e-02   3.6541672e-01  -4.3902959e-01   4.3088980e-03  -1.9833335e-03  -7.8484103e-04
   5.3601690e-02   3.6403312e-01  -3.9155981e-01   3.7563520e-03  -1.8404109e-03  -1.3241478e-03
   6.1388439e-02   3.5291578e-01  -4.1235571e-01   3.5235183e-03  -1.9843503e-03  -1.1970040e-03
   5.8730858e-02   3.4222955e-01  -3.7086456e-01   3.9150916e-03  -1.6327891e-03  -1.2833154e-03
   5.3803181e-02   3.4577121e-01  -3.9410338e-01   4.2827644e-03  -1.9499210e-03  -1.2845961e-03
  -3.0961783e-02   4.4702228e-01  -1.9671399e-01   3.5994372e-03  -2.7220093e-03  -1.3035107e-03
  -2.4931699e-03   4.1404998e-01  -1.4103947e-01   1.3199230e-03  -2.2281857e-03  -1.5892326e-03
   1.8041571e-02   4.2130123e-01  -2.6437936e-01   3.0503494e-03  -2.0950490e-03  -1.7313050e-03
   8.1615148e-03   3.9983571e-01  -1.6454786e-01   1.6759065e-03  -1.9576135e-03  -1.9008514e-03
   2.4857601e-02   4.2058960e-01  -1.8047744e-01   2.2731591e-03  -2.0119880e-03  -1.9786800e-03
   3.2108743e-02   3.9929595e-01  -1.5225549e-01   1.5619339e-03  -1.9202416e-03  -1.7003944e-03
   4.5731435e-02   3.9972731e-01  -1.5398974e-01   2.0031941e-03  -2.1405233e-03  -1.7708007e-03
   2.8896286e-02   3.9083308e-01  -1.7705924e-01   2.1536405e-03  -1.8871309e-03  -1.8995420e-03
   4.2711610e-02   4.1644514e-01  -2.1706600e-01   3.1906588e-03  -2.0261795e-03  -1.6514043e-03
   4.4457586e-02   4.4637580e-01  -1.7005405e-01   3.3666915e-03  -2.0052237e-03  -1.5335737e-03
   3.3539470e-02   4.2177216e-01  -7.5481071e-02   2.3167773e-03  -2.0406232e-03  -2.1830826e-03
   3.3862170e-02   4.5961750e-01  -2.7035130e-01   3.3194488e-03  -1.9536325e-03  -1.5841772e-03
   4.0996496e-02   4.1210925e-01  -2.4643336e-01   2.1213279e-03  -2.0814514e-03  -1.5144571e-03
   3.3633660e-02   4.3873257e-01  -2.0219913e-01   2.5906399e-03  -1.9563703e-03  -1.8923578e-03
   4.0980447e-02   4.2248169e-01  -1.2672423e-01   1.5544082e-03  -2.3154720e-03  -1.9304431e-03
   6.3800723e-02   4.3721233e-01  -2.3045471e-01   3.0822939e-03  -2.2564064e-03  -1.5794944e-03
   6.9064890e-02   4.2918262e-01  -2.3381517e-01   3.2087948e-03  -2.3857841e-03  -1.5725732e-03
   5.7322360e-02   4.3273128e-01  -2.3060498e-01   2.2388813e-03  -1.8181222e-03  -1.6350540e-03
   4.1518875e-02   4.2419837e-01  -1.5360259e-01   8.7804195e-04  -1.9148498e-03  -1.8779970e-03
   5.1091250e-02   4.5567404e-01  -2.3699107e-01   2.0716633e-03  -1.8462944e-03  -1.4867574e-03
   5.3167828e-02   4.2024475e-01  -2.3250095e-01   2.5186790e-03  -1.8204894e-03  -1.3642453e-03
   6.4961692e-02   4.2443681e-01  -1.9769314e-01   1.7050576e-03  -1.6811578e-03  -1.3731753e-03
