   0.0000000e+00   0.0000000e+00  -7.1054274e-15   0.0000000e+00   0.0000000e+00   0.0000000e+00
  -3.2295304e-02   2.0039500e-02   4.4376140e-02  -1.3822297e-03   6.1546653e-04  -6.3589988e-04
  -2.1524966e-02   1.5808274e-02   7.2828352e-02  -1.3980141e-03   4.9465064e-04  -2.3822396e-04
  -3.1541865e-02   6.0802421e-02   3.2479285e-02  -1.2481011e-03   4.3988783e-04  -4.5486200e-04
  -2.1860687e-02   7.7046115e-02   8.8654114e-03  -3.4933101e-04   1.0841262e-04  -3.2164358e-05
  -5.3293007e-02   9.2091743e-02  -7.5866540e-03  -1.3393241e-03   9.1069646e-04  -3.9678932e-04
  -5.7467965e-02   7.8391596e-02   2.6909482e-02  -1.8512515e-03   8.4391886e-04  -4.5627374e-04
  -3.6749073e-02   6.2264461e-02   5.9886404e-02  -2.2255152e-03   6.2445196e-04  -1.4024284e-04
  -3.6281161e-02   2.2189024e-02   4.3754430e-02  -2.3278727e-03   8.1598554e-04   6.1392381e-05
  -4.9651409e-02   1.4858266e-02   9.4278980e-02  -2.2545429e-03   8.8752420e-04  -8.4752077e-05
  -3.4292514e-02   3.3654064e-03   4.7399674e-02  -2.2899091e-03   6.2557900e-04   8.3932213e-05
  -5.2994446e-02   9.8619329e-03   7.2732652e-02  -2.3277407e-03   8.7936296e-04  -3.2076867e-05
  -3.5828995e-02   3.2024530e-03   7.8341152e-02  -1.8713905e-03   8.3774342e-04   3.2489675e-04
  -2.9070728e-02   8.5729853e-03   5.5067376e-02  -1.3007256e-03   6.1009574e-04   4.0452109e-04
  -4.7908612e-02   1.9787176e-02   4.5652023e-02  -1.5753230e-03   7.8334730e-04  -6.1504081e-06
  -4.0560311e-02   1.6774047e-02   7.1694331e-02  -1.5222573e-03   6.1911637e-04   1.6488960e-04
  -3.9784854e-02   1.0015523e-02   9.2233412e-02  -1.6563530e-03   8.7371689e-04   1.8654946e-04
  -3.2216890e-02   4.6297321e-03   1.2098208e-01  -1.8682543e-03   7.5614642e-04   5.7235133e-04
  -3.4363245e-02  -4.4470952e-04   9.5735063e-02  -1.5069342e-03   8.4084187e-04   4.8799649e-04
  -2.0945220e-02  -7.1394186e-03   1.3662144e-01  -2.0191792e-03   8.0083430e-04   7.4412621e-04
  -5.2101195e-02   3.1975217e-04   1.4339876e-01  -1.7312308e-03   1.3461389e-03   1.9221685e-04
  -5.6523553e-02  -1.7538234e-02   1.2234706e-01  -1.5686690e-03   1.6599280e-03  -1.0941796e-04
  -5.0985353e-02   9.2768795e-03   1.4156289e-01  -2.0191330e-03   1.1860189e-03   6.7131740e-04
  -4.7497920e-02  -9.8920922e-03   1.4800894e-01  -1.3868758e-03   1.2603500e-03   4.9916095e-04
  -3.9687934e-02  -1.1284368e-02   1.5600885e-01  -1.6014222e-03   1.3554873e-03   7.7515844e-04
  -4.9424522e-02  -1.7849280e-02   1.8738519e-01  -1.4603045e-03   1.4212682e-03   7.9958436e-04
  -1.8145116e-02  -1.1925477e-03   1.8084185e-01  -1.6693320e-03   1.3621869e-03   1.0663998e-03
  -2.0367962e-02   2.1840739e-02   1.4551041e-01  -1.0298137e-03   1.5318459e-03   1.1365639e-03
  -2.0007806e-02   5.3387001e-02   1.4725053e-01  -1.9428769e-03   1.5029784e-03   1.0462552e-03
  -1.5273951e-02   1.0287534e-01   1.3789584e-01  -1.6930783e-03   1.5903757e-03   1.1825419e-03
  -1.9372588e-02   9.5271857e-02   1.2989893e-01  -1.6706001e-03   1.4730180e-03   1.3585767e-03
  -3.8929038e-02   9.3846515e-02   1.6214596e-01  -1.9865926e-03   1.8856377e-03   9.1433494e-04
  -2.4129506e-02   7.3242417e-02   9.6277540e-02  -1.4175239e-03   1.5181134e-03   1.4975587e-03
  -2.6625163e-02   2.8311071e-01   2.4562122e-01  -5.3408403e-04   2.4169481e-03   1.3299780e-03
   7.9139161e-03   1.1677738e-01   4.8040308e-02  -4.3325906e-04   2.1925247e-03   1.3567961e-03
   3.1223916e-02   1.1256573e-02   5.4971558e-02   5.8866479e-04   1.5855135e-03   2.0873866e-03
   1.8017116e-02   5.4557715e-02   1.0976371e-01   2.1723854e-04   1.7103205e-03   2.0066047e-03
   3.0696101e-02   4.8089900e-02   5.4364753e-02   6.9331231e-04   1.6476443e-03   2.3088800e-03
   1.9448929e-02   7.5725600e-02   1.2680197e-01   7.5513029e-04   1.7597885e-03   2.3431236e-03
   2.7817484e-02   1.0276365e-01   1.1158086e-01   5.6738542e-04   1.6494794e-03   2.3993429e-03
   2.2888830e-02   1.2680625e-01   8.7811947e-02   8.2295685e-04   1.7693885e-03   2.3884532e-03
   2.1866887e-02   1.2302689e-01   6.0404398e-02   4.8093922e-04   1.7070181e-03   2.5881579e-03
   3.7161500e-03   1.3257386e-01   6.9427313e-02   5.0977689e-04   2.0010297e-03   2.3632475e-03
   1.7804630e-02   1.1627435e-01   5.6731030e-02   6.1403674e-04   2.1976310e-03   2.5949647e-03
   1.7899087e-02   1.2063495e-01   7.3988113e-02   3.7272767e-04   2.2915981e-03   2.6102812e-03
   1.8324737e-02   7.6323058e-02   5.1620070e-02   5.4202061e-04   2.3418405e-03   2.5232392e-03
   2.7374051e-02   8.6711001e-02   6.8366775e-02   7.8042629e-04   1.9873712e-03   2.9022888e-03
   3.1744250e-02   9.6230203e-02   1.1042566e-01   7.5146128e-04   2.2660248e-03   2.7794932e-03
   5.0019795e-02   1.1244567e-01   9.4214421e-02   1.1744275e-03   1.8648595e-03   3.1508124e-03
   4.9723218e-02   1.3572708e-01   7.6807357e-02   1.7355261e-03   1.8520875e-03   3.1783293e-03
   3.3796042e-02   1.0450277e-01   1.0804299e-01   8.6405242e-04   2.3794102e-03   3.0423491e-03
   4.2490218e-02   1.4624264e-01   1.1159479e-01   9.6746210e-04   2.1543968e-03   3.0744387e-03
   6.1570679e-02   1.5937701e-01   9.9300282e-02   1.3883724e-03   2.2683823e-03   3.4506704e-03
   5.2541459e-02   1.5387344e-01   8.6390401e-02   1.5764099e-03   2.2462222e-03   3.4341532e-03
   6.0126819e-02   4.4503310e-02  -7.7577969e-02   2.1180941e-03   2.3433967e-03   2.8639760e-03
   2.3354946e-02   1.2145623e-01  -7.6765686e-02   2.9031786e-03   2.4978868e-03   2.8293165e-03
   2.1959280e-02   1.1066238e-01  -3.2084082e-03   2.5878168e-03   2.4235792e-03   2.7878423e-03
   1.5602648e-02   8.6659321e-02   2.9578586e-02   1.8345991e-03   2.8033488e-03   2.7078106e-03
   5.5264262e-03   9.4956901e-02   3.9790001e-03   2.0912424e-03   2.7891965e-03   2.6956514e-03
   7.4153527e-03   1.0689617e-01   1.6524963e-02   1.7142583e-03   2.7068156e-03   2.8472566e-03
  -4.1945314e-03   8.7097891e-02  -3.2655562e-02   2.6723433e-03   2.9165809e-03   2.5875872e-03
  -2.1258490e-02   6.1614520e-02   1.3746677e-03   2.8907457e-03   2.9983475e-03   2.1380532e-03
   2.2406722e-02   7.4045888e-02   1.8979022e-02   2.3279937e-03   2.5820008e-03   2.9142953e-03
   2.8765092e-02   7.0853640e-02   4.4305475e-02   2.3755237e-03   2.5486896e-03   3.1871112e-03
   2.6945005e-02   8.7629779e-02   6.8628814e-02   2.0629739e-03   2.7721277e-03   3.1097780e-03
   1.9758597e-02   6.8651957e-02   1.2697615e-02   2.6698346e-03   3.0101460e-03   3.0353295e-03
   2.2562501e-02   7.1368952e-02   1.4167775e-02   2.8150171e-03   3.5020280e-03   2.9245456e-03
   5.5339567e-02   8.1882286e-02   4.8313471e-02   2.7474992e-03   3.0848989e-03   3.7482249e-03
   9.7861216e-02   1.1169683e-01   5.8519589e-03   2.7502772e-03   2.9302943e-03   4.3535001e-03
   8.8717187e-02   1.1771057e-01  -3.3384052e-03   2.6549785e-03   3.3343436e-03   4.3426590e-03
   1.1601057e-01   1.4318437e-01   1.2122362e-02   3.9873339e-03   3.4398945e-03   4.5105823e-03
   1.0966772e-01   1.5265333e-01   4.5487824e-02   2.4527241e-03   4.0700400e-03   4.4910334e-03
   1.2400375e-01   1.2450558e-01   1.6006182e-02   3.0719970e-03   3.8629584e-03   4.8104269e-03
   1.1012453e-01   1.3380847e-01   3.7485854e-02   3.0324237e-03   4.2863806e-03   4.6446525e-03
   1.3148407e-01   1.1316736e-01  -6.1590392e-03   4.1291016e-03   4.0918704e-03   4.9054718e-03
   1.3090200e-01   1.6064643e-01   4.8390945e-03   3.8139167e-03   4.4289149e-03   4.9818780e-03
   1.1923241e-01   1.9678402e-01  -2.1237448e-02   3.6044612e-03   4.9704263e-03   4.8936735e-03
   1.4147513e-01   1.8998209e-01   2.9430348e-02   3.0981157e-03   4.5615745e-03   5.3571699e-03
   1.3911745e-01   1.6788054e-01  -1.7566155e-02   3.6182972e-03   4.8103584e-03   5.2925357e-03
   1.6934344e-01   1.5203663e-01   1.9011540e-02   3.2128361e-03   4.7544365e-03   5.8415844e-03
   1.6690865e-01   1.7474100e-01  -3.3816915e-02   4.2496307e-03   5.0522448e-03   5.7626670e-03
   1.5251589e-01   1.6617906e-01  -6.3450955e-02   4.7656931e-03   4.8728919e-03   5.4915294e-03
   1.7838371e-01   1.8765874e-01  -5.1831914e-02   3.6298592e-03   4.8026016e-03   5.8221893e-03
   1.8077282e-01   2.0680033e-01  -2.7379377e-02   3.4429111e-03   4.8467332e-03   5.9581108e-03
   1.8747174e-01   1.7405201e-01  -5.5637146e-02   4.1846972e-03   4.9068282e-03   6.2337659e-03
   1.7919237e-01   1.9232742e-01  -3.3085054e-02   4.2559650e-03   5.0260639e-03   6.3175736e-03
   1.5745895e-01   2.0468605e-01  -3.6004539e-02   4.0109379e-03   5.1552209e-03   5.8704392e-03
   1.5083244e-01   2.3289981e-01  -3.2457548e-02   3.3276629e-03   5.1090242e-03   6.0498367e-03
   1.5260348e-01   1.9820391e-01  -7.8474958e-02   4.5173651e-03   5.5571762e-03   6.0013004e-03
   1.3870505e-01   1.8933895e-01  -8.7678377e-02   4.5592162e-03   5.6747766e-03   5.9763947e-03
   1.4472336e-01   1.7025151e-01  -8.0238935e-02   5.1231473e-03   5.8635878e-03   6.0186554e-03
   1.1796496e-01   1.5780339e-01  -1.0635006e-01   5.7315495e-03   5.7139993e-03   5.6608870e-03
   1.0694508e-01   1.8836268e-01  -8.4556137e-02   5.0147893e-03   5.7406778e-03   5.6675711e-03
   1.4646342e-01   1.6601564e-01  -6.4629885e-02   5.0278168e-03   5.8251762e-03   5.9863255e-03
   1.1595690e-01   1.7536987e-01  -6.7007002e-02   5.4285351e-03   6.1450119e-03   5.6465555e-03
   6.9788076e-02   2.2147114e-01  -1.6699360e-01   5.2575417e-03   5.7131263e-03   4.8376074e-03
   8.2914538e-02   2.4934745e-01  -1.0962624e-01   3.9069546e-03   5.7801921e-03   5.4488373e-03
   8.7357040e-02   1.9857050e-01  -8.4838165e-02   4.4973195e-03   6.0727855e-03   5.4384111e-03
   1.0137064e-01   1.9140657e-01  -8.3813240e-02   4.6705836e-03   6.0149535e-03   5.8058116e-03
   1.0015277e-01   2.0203639e-01  -7.5660554e-02   5.2038764e-03   6.0001180e-03   5.7259673e-03
   1.1443293e-01   2.2206049e-01  -8.1840728e-02   5.1681192e-03   6.0628216e-03   5.9646741e-03
   1.2303334e-01   1.8667113e-01  -9.1983332e-02   5.4359505e-03   5.9020524e-03   6.0963751e-03
   1.1009192e-01   1.8724493e-01  -7.4270624e-02   5.0739003e-03   6.3181729e-03   5.9474762e-03
   1.1932223e-01   1.7962269e-01  -5.2093904e-02   5.1029456e-03   6.2871720e-03   6.1840354e-03
   1.3208748e-01   1.5910093e-01  -2.3363082e-02   5.0995790e-03   6.2481814e-03   6.4243067e-03
   1.3098658e-01   1.6491804e-01  -3.3173865e-02   4.7395998e-03   6.3357103e-03   6.2520277e-03
   1.3533558e-01   1.8636049e-01  -4.7492092e-02   4.5542413e-03   6.5153323e-03   6.6167100e-03
   1.3369157e-01   1.8454027e-01  -5.1220456e-02   5.2033329e-03   6.4637972e-03   6.6227673e-03
   1.3843162e-01   1.5311035e-01  -3.2996517e-02   5.3092769e-03   6.4425646e-03   6.5987717e-03
   1.3939949e-01   1.7927773e-01  -2.0843405e-02   4.8364445e-03   6.4057690e-03   6.6773264e-03
   1.2874502e-01   1.9384695e-01  -5.2406203e-02   4.9540925e-03   6.6241111e-03   6.4596156e-03
   1.4632447e-01   2.0654294e-01  -5.4552720e-02   5.3066268e-03   6.4957829e-03   6.6508315e-03
   1.4249846e-01   2.1158992e-01  -8.4127368e-02   5.4154854e-03   6.7472598e-03   6.6376770e-03
   1.4350668e-01   2.0835811e-01  -7.6352745e-02   5.4177334e-03   6.4898096e-03   6.5885558e-03
   1.3568903e-01   2.2024916e-01  -1.0559850e-01   5.4627757e-03   6.8152100e-03   6.7382106e-03
   1.1361819e-01   2.4539566e-01  -1.5126415e-01   6.8563468e-03   7.0297742e-03   6.2384697e-03
   1.2193187e-01   2.1815313e-01  -2.7441735e-01   8.2342610e-03   7.3403272e-03   6.1959103e-03
   1.2329998e-01   2.1011738e-01  -2.0077584e-01   7.6029353e-03   7.5039694e-03   6.4210323e-03
   1.4195477e-01   1.8841609e-01  -1.7712526e-01   7.0488913e-03   7.5328293e-03   6.5611941e-03
   1.4184006e-01   2.1314227e-01  -1.8223096e-01   6.7586195e-03   7.7690950e-03   6.7859798e-03
   1.4453273e-01   1.7953824e-01  -1.9140098e-01   7.1376854e-03   7.6260055e-03   6.9192098e-03
   1.2611784e-01   2.1413166e-01  -1.8188736e-01   6.9024352e-03   8.0106834e-03   6.9326144e-03
   1.2822058e-01   2.1140604e-01  -2.0092079e-01   6.6977944e-03   8.0800515e-03   6.8799515e-03
   1.1702289e-01   2.0948924e-01  -1.5989463e-01   7.2639710e-03   8.3161159e-03   7.1246604e-03
   1.1517428e-01   1.8948984e-01  -1.7906016e-01   7.4870897e-03   8.2993490e-03   7.0507158e-03
   1.0384701e-01   2.1736091e-01  -1.8990644e-01   6.8761805e-03   8.3987706e-03   7.0913327e-03
   1.1808075e-01   1.7750665e-01  -1.9736585e-01   7.6092812e-03   8.4795223e-03   7.0272427e-03
   1.1400215e-01   2.1887808e-01  -1.4573019e-01   6.9031929e-03   8.4866895e-03   7.3251549e-03
   9.8939505e-02   2.1504713e-01  -2.8403883e-01   7.7865366e-03   8.4349490e-03   7.0523233e-03
   7.8534041e-02   4.5274483e-01   1.9348919e-02   7.8552558e-03   9.5678429e-03   6.4553985e-03
   9.5218964e-02   3.5527543e-01  -1.8112282e-01   6.5011035e-03   8.8370453e-03   6.4498806e-03
   1.1557011e-01   1.9913602e-01  -3.1869035e-01   8.0689423e-03   7.7547965e-03   6.7377637e-03
   7.6961743e-02   2.3856881e-01  -3.1106757e-01   8.0778910e-03   8.2487431e-03   6.2629646e-03
   3.7207629e-02   1.4542995e-01  -4.7911369e-01   8.7885224e-03   8.3708330e-03   5.7984956e-03
   4.5356804e-02   2.2613978e-01  -3.3435411e-01   7.6603994e-03   8.5448256e-03   5.9192487e-03
   4.9126620e-02   2.4088092e-01  -2.8269889e-01   7.2596087e-03   8.8457028e-03   6.0119069e-03
   6.5692584e-02   2.4491059e-01  -2.3226608e-01   6.9398725e-03   8.3221996e-03   6.3506769e-03
   5.1222461e-02   2.4561137e-01  -2.5238686e-01   7.0497513e-03   8.7356723e-03   6.1245715e-03
   8.9137508e-02   2.7003472e-01  -2.7042116e-01   7.4820463e-03   8.1442775e-03   6.5878570e-03
   9.8600166e-02   2.9393740e-01  -3.8520854e-01   7.6113738e-03   7.6524561e-03   5.9877703e-03
   7.9670617e-02   3.1133373e-01  -3.9552100e-01   7.9397592e-03   7.3911209e-03   5.8728378e-03
   8.0181511e-02   3.1285164e-01  -3.9746747e-01   8.0809131e-03   7.2944379e-03   5.9640924e-03
   6.5163637e-02   3.2503707e-01  -3.4791198e-01   7.6404186e-03   7.4933847e-03   5.8399756e-03
   5.7477036e-02   3.3605154e-01  -3.5305168e-01   7.5448419e-03   7.6030439e-03   5.7511610e-03
   5.0899919e-02   3.3431555e-01  -3.2849027e-01   7.5698830e-03   7.6035225e-03   5.8906824e-03
   7.1551993e-02   3.2166226e-01  -3.3010306e-01   7.4267478e-03   7.5987695e-03   5.8185527e-03
   7.2817188e-02   3.2183871e-01  -2.8181486e-01   7.1936900e-03   7.6113110e-03   5.9025563e-03
   6.3791996e-02   3.3030654e-01  -2.9566497e-01   6.7583426e-03   7.7861969e-03   5.8489031e-03
   7.3410783e-02   3.1379730e-01  -3.0324541e-01   7.7361450e-03   7.5782445e-03   6.0842450e-03
   9.4106401e-02   3.1941399e-01  -3.1732269e-01   7.9807311e-03   7.1777145e-03   6.3914768e-03
   7.8441549e-02   3.0460522e-01  -2.6440103e-01   6.9976502e-03   8.0817359e-03   5.8218797e-03
   9.1678189e-02   2.8392869e-01  -3.6024422e-01   6.5615338e-03   7.7674016e-03   6.0683596e-03
   7.2601793e-02   3.3889911e-01  -3.1874855e-01   6.5681413e-03   7.8794344e-03   6.0421205e-03
   7.1346550e-02   3.4492032e-01  -3.0654126e-01   6.3353069e-03   7.9433901e-03   5.9586951e-03
   6.0513925e-02   3.5757989e-01  -3.5645952e-01   7.1014114e-03   7.9753241e-03   5.8546496e-03
   6.4370056e-02   3.5420495e-01  -3.7304230e-01   7.3169426e-03   7.9578624e-03   5.8612282e-03
   5.2217688e-02   3.4510101e-01  -3.2492856e-01   6.0566909e-03   8.0067604e-03   5.7190908e-03
   5.9437950e-02   3.8025340e-01  -3.2780060e-01   6.6648738e-03   8.0144617e-03   5.7514940e-03
   6.2363946e-02   3.7769672e-01  -3.3323489e-01   6.6667248e-03   7.8824065e-03   5.8246355e-03
   6.5501784e-02   3.6711463e-01  -3.3637593e-01   6.4989254e-03   7.8838231e-03   5.8930503e-03
   7.0099994e-02   3.5569818e-01  -3.3690170e-01   6.8037214e-03   8.0188555e-03   6.0855694e-03
   6.2487190e-02   3.4508373e-01  -3.2399933e-01   7.4529339e-03   8.1709572e-03   5.9696920e-03
   6.7297293e-02   3.2004080e-01  -2.6948306e-01   6.3889935e-03   8.0997681e-03   6.3139021e-03
   7.0592515e-02   3.5608996e-01  -2.7903517e-01   6.5976252e-03   8.1035267e-03   6.4106356e-03
   6.1757057e-02   3.8056743e-01  -3.0175154e-01   6.0307932e-03   7.9274243e-03   6.0143177e-03
   6.9654571e-02   3.7698450e-01  -3.1714252e-01   6.7562911e-03   7.8104756e-03   6.2285514e-03
   7.4396761e-02   3.4849193e-01  -2.9032606e-01   6.5134911e-03   7.6078576e-03   6.2213412e-03
   6.9403666e-02   3.4297588e-01  -3.0511693e-01   6.6926683e-03   7.9102411e-03   6.1603101e-03
   7.5760263e-02   3.5927762e-01  -3.1028418e-01   6.7873720e-03   7.7084042e-03   6.1659499e-03
   8.3573333e-02   3.4057175e-01  -3.2780502e-01   7.0984498e-03   7.7413732e-03   6.4805076e-03
   8.5629847e-02   3.9398926e-01  -3.3301714e-01   8.0126206e-03   7.6481411e-03   6.5732048e-03
   8.1055618e-02   3.8028247e-01  -3.4555924e-01   7.8864615e-03   7.3785822e-03   6.3213201e-03
   6.1854314e-02   3.8680065e-01  -3.4548185e-01   7.6412859e-03   8.0394209e-03   6.2328038e-03
   6.8478872e-02   3.4799642e-01  -3.6087484e-01   8.0536671e-03   7.4885195e-03   5.9480055e-03
   4.8729278e-02   3.6010394e-01  -3.0128085e-01   6.7249832e-03   7.9536941e-03   5.8460359e-03
   5.1812697e-02   3.4034083e-01  -4.0006358e-01   8.0265013e-03   7.4394245e-03   6.2438519e-03
   4.4885589e-02   3.2559331e-01  -3.7466352e-01   7.8244171e-03   7.6819859e-03   6.1460980e-03
   3.0038010e-02   3.3380409e-01  -3.5842782e-01   7.4634436e-03   8.0117161e-03   5.9483042e-03
   4.3766129e-02   3.3902181e-01  -3.5329809e-01   7.5097420e-03   7.7404673e-03   6.0371908e-03
