   0.0000000e+00   0.0000000e+00   0.0000000e+00   0.0000000e+00   0.0000000e+00   0.0000000e+00
   2.2238910e-01  -1.8071520e-01  -1.4665210e-01   6.8798697e-04   1.0335015e-03   1.3286367e-04
   2.3301423e-01  -1.0634228e-01  -7.2700819e-02  -4.3660888e-03   3.1766532e-04   8.6007498e-04
   2.4691592e-01  -1.5279620e-01   1.5371615e-01  -2.2404305e-03   6.0476871e-04   9.8520945e-04
   3.0439080e-01  -1.9068931e-01   2.9692741e-02  -4.0256929e-03   1.2873794e-03   2.3706999e-03
   2.6901994e-01  -2.1155229e-01   2.9053348e-02  -4.4156135e-03   8.0610543e-04   2.9982943e-03
   3.3451292e-01  -2.0492494e-01  -4.0727250e-02  -1.0369693e-02  -1.5243642e-03   4.7494529e-04
   3.9498361e-01  -1.8993479e-01   8.3579717e-03  -8.1730033e-03  -1.3335499e-03   1.6302470e-03
   4.2897815e-01  -2.3263614e-01  -1.2482161e-01  -9.5931148e-03  -2.1683051e-03   1.2520223e-03
   4.4634158e-01  -2.3151392e-01  -2.1090029e-01  -1.3295023e-02  -4.4548927e-03   1.8752782e-03
   4.9318185e-01  -2.5048684e-01  -1.2194759e-01  -1.3009604e-02  -2.6472383e-03   2.4712078e-03
   4.6739995e-01  -2.5394638e-01  -1.3094026e-01  -1.1324395e-02  -1.8570961e-03   2.0627526e-03
   4.1311626e-01  -2.4174612e-01  -1.4022493e-01  -8.4410614e-03   1.8619532e-03   2.2213917e-03
   2.9090655e-01  -2.2686461e-01  -1.3782585e-01  -1.0419844e-02   1.7279052e-03   4.5952333e-04
   3.8465597e-01  -2.2218964e-01  -2.9166718e-01  -9.1082089e-03   1.3864885e-03   2.6585866e-03
   4.2856645e-01  -2.6764894e-01  -2.0551601e-01  -1.0155725e-02   2.5672058e-04   2.7656674e-03
   4.6142951e-01  -2.4420280e-01  -5.9482192e-02  -1.0893733e-02   1.2728868e-03   3.7691687e-03
   4.4793967e-01  -2.0566648e-01  -4.3052407e-02  -1.1778799e-02   8.4672050e-04   2.9701300e-03
   4.3366468e-01  -2.4100604e-01  -7.0858753e-02  -1.1359943e-02   1.1133006e-03   3.3035912e-03
   4.3181435e-01  -2.3682143e-01  -1.3771552e-01  -1.1963162e-02   8.4151034e-04   2.6720611e-03
   4.4236745e-01  -2.3108747e-01  -1.2581210e-01  -1.1516874e-02   1.1052031e-03   3.1916245e-03
   4.5430969e-01  -2.0431448e-01  -1.5176545e-01  -1.1108272e-02   7.5498924e-04   3.6419931e-03
   4.4412156e-01  -1.9691946e-01  -1.0694673e-01  -1.1279581e-02   7.1916653e-04   3.1531199e-03
   4.5884000e-01  -1.0458862e-01   4.1517415e-03  -1.0647661e-02   6.2172071e-04   3.1094358e-03
   3.7409286e-01  -1.8011368e-01   1.2529996e-02  -1.1045586e-02   1.1485698e-03   2.4301612e-03
   3.4261472e-01  -2.4633815e-02  -4.3926179e-02  -1.4339663e-02  -1.0081405e-03   6.7489684e-04
   3.5850101e-01  -2.0775857e-01  -2.7238403e-01  -1.2284571e-02  -1.6843852e-03   2.5184659e-03
   3.4639219e-01  -1.6120370e-01  -1.0594858e-01  -1.3412176e-02  -1.2664452e-03   1.9830091e-03
  -1.3284836e-02  -7.8404928e-01  -1.1570602e+00  -1.1402165e-02  -4.4170167e-05   2.5477105e-03
   2.2960343e-01  -2.7547933e-01  -2.6867622e-01  -1.0966638e-02   5.9162361e-04  -1.0798052e-03
   3.6368959e-01  -3.0913928e-01   1.5312081e-01  -1.0707855e-02   1.8510709e-04   9.1576468e-05
   3.4587737e-01  -2.5184387e-01   1.3716167e-01  -1.0718347e-02  -9.5106019e-04  -6.5793034e-04
   4.9612981e-01  -2.2716568e-01   2.3199233e-01  -1.1067706e-02   3.0568154e-04   7.6463152e-04
   4.8947206e-01  -2.1058717e-01   1.1427946e-01  -1.2587953e-02  -1.4858969e-04   2.5026082e-03
   4.1303941e-01  -1.9845640e-01   1.2809603e-01  -9.0590191e-03   5.1084752e-04   2.4049931e-03
   3.6539360e-01  -1.5429356e-01   2.2053257e-01  -1.2553778e-02   8.8893335e-04   7.7248397e-05
   4.0368047e-01  -1.4691048e-01   2.0506409e-01  -1.2241702e-02   8.8753864e-05   1.4107151e-03
   3.9845920e-01  -1.7163093e-01   2.3878478e-01  -1.2533317e-02  -1.7348715e-05   3.7056609e-04
   4.2575436e-01  -1.1369338e-01   1.8307723e-01  -1.2310732e-02   1.4829863e-04   1.0637773e-03
   4.4133784e-01  -1.0533979e-01   1.6718286e-01  -1.2318531e-02   4.2123366e-04   7.4093927e-04
   4.4858726e-01  -5.4213950e-02   2.2847244e-01  -1.2641564e-02   6.6984954e-04   2.0647210e-03
   4.1802093e-01  -9.7049514e-02   1.8262202e-01  -1.2294803e-02   4.8698887e-04   2.0303307e-03
   3.9625467e-01  -4.8446153e-02   1.7860296e-01  -1.2147891e-02   1.0569845e-03   1.3600150e-03
   4.2951848e-01  -7.0005341e-02   2.0258683e-01  -1.2857082e-02   5.6812605e-04   1.6437177e-03
   4.2749732e-01  -6.2091622e-02   1.4673609e-01  -1.2054133e-02   1.5021885e-03   1.9687654e-03
   4.2788329e-01  -8.5995838e-02   2.5153800e-01  -1.4437493e-02   9.1559662e-04   2.5169674e-03
   4.0519420e-01  -1.2329218e-01   2.2476181e-01  -1.3875782e-02  -4.2994665e-04   1.8981723e-03
   4.4246905e-01  -1.2359115e-01   1.6110760e-01  -1.3540382e-02   5.0745363e-04   8.8049683e-04
   4.2027495e-01  -8.3160898e-02   3.1321010e-01  -1.4670175e-02   2.5043508e-03   3.3996944e-03
   5.0946796e-01  -1.1080047e-01   1.7247438e-01  -1.2531893e-02   1.3562365e-03   6.8129237e-03
   5.7201059e-01  -9.8740734e-02   2.3221020e-01  -1.3787735e-02   1.0550159e-03   6.6281977e-03
   5.5352578e-01   2.6524734e-02   1.7473810e-01  -1.2736787e-02   1.0237259e-03   7.3014298e-03
   5.7526968e-01   2.0632614e-01   8.4657760e-01  -2.1055671e-02   1.6224752e-03   5.9350946e-03
   4.5009138e-01  -5.3445455e-02   6.0558463e-01  -2.0273983e-02   3.0488924e-03   2.4890098e-03
   4.2396357e-01  -7.5911260e-02   4.9853896e-01  -1.9239921e-02   3.0740424e-03   1.4331680e-03
   4.3453912e-01  -8.1577169e-02   5.6504536e-01  -2.0571868e-02   2.7241074e-03   1.0804376e-03
   4.0320871e-01  -1.1211075e-01   4.4864106e-01  -1.9955521e-02   2.3737596e-03   6.2689892e-04
   3.8378573e-01  -1.2872711e-01   4.2685173e-01  -1.9472683e-02   2.0827006e-03   5.8421006e-04
   4.0640492e-01  -7.2434446e-02   4.0547332e-01  -1.8806970e-02   1.5287749e-03   1.3207035e-03
   4.5941749e-01  -1.0810871e-01   4.4110275e-01  -2.0292257e-02   1.4613299e-03   2.2171689e-03
   5.2909966e-01   5.0969427e-02   4.8260366e-01  -1.7264436e-02   2.0916496e-03   2.4236159e-03
   4.5272177e-01   7.9795255e-02   3.4889496e-01  -1.3682929e-02   2.1909742e-03   9.6550574e-04
   4.1509031e-01  -1.3084486e-02   1.9012157e-01  -1.1025171e-02   1.9126911e-03   5.0762575e-04
   4.3564055e-01   1.9883083e-03   3.4860497e-01  -1.6672267e-02   8.7864444e-04   1.1054100e-03
   4.4004603e-01  -2.3733888e-02   3.1782421e-01  -1.7468887e-02   1.0084588e-03   7.4501676e-04
   4.3542421e-01  -4.5544305e-02   3.1478062e-01  -1.8587893e-02   6.6102869e-04   8.4330218e-04
   4.7482483e-01  -4.7456206e-02   3.8708247e-01  -1.8358418e-02   7.5507231e-04   9.3612572e-04
   4.5906607e-01  -3.2135547e-02   2.9037772e-01  -1.7544481e-02   5.6682332e-04   1.0440639e-03
   4.6388762e-01  -3.9467949e-02   3.5740234e-01  -1.8240859e-02   4.9969519e-04   1.0159486e-03
   3.9959750e-01  -2.4215652e-02   3.3303536e-01  -1.7499530e-02   4.1475570e-04   2.6015988e-03
   3.5599959e-01  -1.9298715e-02   2.8999532e-01  -1.6855956e-02   1.6319825e-03   9.8674109e-04
   3.7766146e-01  -6.8516739e-02   2.4614852e-01  -1.6242964e-02   6.5349277e-04   8.2020970e-04
   3.7374197e-01  -6.7180243e-02   3.1371427e-01  -1.7684931e-02   6.6938552e-05   5.3655919e-04
   3.8721011e-01  -3.6596717e-02   2.8872292e-01  -1.7471727e-02  -2.7919320e-04   3.1992519e-04
   3.9496371e-01  -2.2124260e-02   2.9810447e-01  -1.8319397e-02  -6.9962157e-04   8.5453740e-04
   3.6725686e-01  -4.2745260e-02   2.0152512e-01  -1.6022925e-02  -5.1099073e-04  -6.8104310e-06
   3.8456694e-01   1.1875042e-01   2.0310129e-01  -1.3117977e-02   8.9085811e-04  -8.1019293e-04
   3.9366988e-01  -1.5922548e-02   2.6623636e-01  -1.8020749e-02  -1.2868535e-04  -3.0822947e-04
   3.7668770e-01  -1.2447060e-02   2.6147165e-01  -1.7149121e-02  -6.2846004e-05  -1.6812556e-04
   3.8551854e-01  -7.0895867e-03   2.5713690e-01  -1.8408792e-02  -2.3522978e-04  -3.2275674e-05
   3.5605126e-01   6.8644238e-03   2.9891927e-01  -1.8793141e-02   1.3683842e-04  -2.1118093e-04
   3.4748301e-01   1.7320712e-02   2.4748589e-01  -1.8196387e-02  -4.7555687e-04  -6.3205499e-05
   3.2629643e-01   3.0413457e-02   2.2550928e-01  -1.6997120e-02  -9.2939160e-04  -6.5062216e-04
   3.2836921e-01   1.2801553e-02   2.8721963e-01  -1.8420345e-02  -5.9639406e-04  -2.2148284e-04
   3.1444099e-01   6.4601325e-02   2.6687739e-01  -1.7943938e-02  -5.2959113e-04  -6.4392205e-04
   3.2237742e-01   7.3983212e-02   2.5906116e-01  -1.8535676e-02  -5.0627210e-04  -4.3329164e-05
   3.3400340e-01   4.1402400e-02   2.6946606e-01  -1.8243907e-02  -1.8788059e-04  -3.4002635e-04
   3.4531880e-01   5.5486864e-02   2.7414111e-01  -1.8386538e-02  -4.9850619e-04   5.8793414e-04
   3.9019405e-01   5.0373989e-02   4.0281291e-01  -1.7269557e-02   6.4249281e-04   5.4466524e-04
   4.2501472e-01   8.9997769e-02   3.2346990e-01  -1.5662221e-02   9.9956090e-04   8.4084505e-04
   3.2347810e-01   9.7892881e-02   3.0724056e-01  -1.9170795e-02   1.3959275e-04  -3.4881534e-04
   3.6290994e-01   1.3686375e-01   3.7302812e-01  -1.8340082e-02   1.0066575e-03   9.3552714e-05
   3.6034602e-01   1.2184316e-01   4.5271380e-01  -1.8852786e-02   2.9327231e-04  -2.7552022e-04
   3.6204552e-01   1.2187307e-01   4.9410935e-01  -1.9151355e-02  -7.7895323e-04  -2.6721406e-04
   3.9815145e-01   1.0508170e-01   4.3179149e-01  -1.9216085e-02  -6.2049789e-05   5.8880518e-04
   4.0948919e-01   7.7431498e-02   5.1533786e-01  -2.0319326e-02  -3.2119592e-04   3.9897581e-05
   4.1601955e-01   1.0642191e-01   5.9043178e-01  -1.9371411e-02  -8.8479051e-04  -3.4612400e-04
   4.0900345e-01   7.1081567e-02   5.1788011e-01  -1.9513783e-02  -8.9559972e-04  -2.2154150e-04
   4.1164674e-01   7.8501064e-02   5.5820923e-01  -1.9592785e-02  -1.2335935e-03  -7.3757414e-04
   3.6830208e-01   1.0689671e-01   4.6965894e-01  -2.0559823e-02  -1.4468552e-03  -1.5180335e-03
   3.6115826e-01   1.3960080e-01   5.8483351e-01  -2.0745097e-02  -1.0493467e-03  -1.9064716e-03
   3.9312836e-01   1.3805789e-01   5.9935171e-01  -2.0506502e-02  -1.0620271e-03  -2.7436839e-04
   3.8591594e-01   1.1464766e-01   5.1259555e-01  -2.1049761e-02  -2.0503462e-03  -1.3629743e-03
   3.6366870e-01   1.2110971e-01   4.1479986e-01  -2.2598514e-02  -1.7363047e-03  -9.1852576e-04
   3.4733901e-01   2.4512723e-01   6.4914246e-01  -2.3301170e-02   1.0726653e-04  -7.7100820e-04
   3.6798649e-01   2.1775722e-01   6.4180258e-01  -2.2697334e-02  -3.4297334e-05  -8.6340089e-04
   3.7337567e-01   1.9958501e-01   6.9527822e-01  -2.3308158e-02   2.5916158e-04  -2.3277202e-04
   3.9015861e-01   2.1324827e-01   7.1390748e-01  -2.3252149e-02  -3.8586615e-04  -6.9366697e-04
   3.6081336e-01   1.9149790e-01   5.6181291e-01  -2.3095543e-02  -1.0399761e-03  -8.4101438e-04
   3.7789732e-01   1.6567395e-01   5.9134604e-01  -2.2579119e-02  -1.5185690e-03  -9.2183008e-04
   4.0194754e-01   1.6584776e-01   6.0523384e-01  -2.1980373e-02  -2.0333958e-03  -7.6163308e-04
   3.8870883e-01   1.7768804e-01   6.9123301e-01  -2.3131882e-02  -1.8721147e-03  -7.5847062e-04
   3.9391393e-01   1.9680862e-01   7.1070127e-01  -2.3008253e-02  -1.8154736e-03  -8.5593002e-04
   4.1776447e-01   3.0271287e-01   7.8030646e-01  -2.3145956e-02  -9.3683270e-04   2.8082765e-03
   4.0258898e-01   3.7052670e-01   7.7633832e-01  -2.4862890e-02  -1.3950972e-04   1.9023146e-04
   2.8531672e-01   3.0408836e-01   3.2747326e-01  -2.0580903e-02  -3.0354662e-03  -1.8608492e-03
   4.3635061e-01   2.7029189e-01   4.9381410e-01  -1.7834297e-02  -3.2572456e-03  -1.8984159e-04
   4.5882234e-01   3.6448433e-01   4.7888143e-01  -1.6539206e-02  -2.6238880e-03  -1.2221643e-03
   4.9153582e-01   3.7023365e-01   5.1201525e-01  -1.8467240e-02  -3.4975473e-03   2.8545498e-05
   5.0145966e-01   3.5587040e-01   5.5855844e-01  -1.8715380e-02  -3.2041684e-03  -7.9781011e-04
   5.1384257e-01   3.6560165e-01   5.8168344e-01  -1.9516026e-02  -3.5944373e-03  -5.5800901e-04
   5.3489744e-01   3.7919005e-01   4.9901056e-01  -1.8011169e-02  -3.8887206e-03  -8.7228802e-04
   5.3674598e-01   3.6500724e-01   5.9758321e-01  -1.9481009e-02  -4.0753903e-03  -7.7967257e-04
   5.4504714e-01   3.8165554e-01   5.6255376e-01  -1.8477754e-02  -3.8443078e-03  -1.0031220e-03
   5.2726069e-01   3.7905187e-01   5.7015087e-01  -1.8622678e-02  -3.8826643e-03  -1.4236108e-03
   5.2991120e-01   4.4981404e-01   6.0907492e-01  -1.9315665e-02  -4.3887156e-03  -1.9353514e-03
   4.8023817e-01   4.0828840e-01   5.7075411e-01  -1.9555717e-02  -4.0254865e-03  -2.1935449e-03
   5.3806145e-01   4.6006136e-01   7.2161857e-01  -1.9509596e-02  -4.0061308e-03  -1.4840409e-03
   5.2656060e-01   4.2063838e-01   5.9506637e-01  -1.9220427e-02  -3.3182137e-03  -7.6532331e-04
   5.4942352e-01   5.4443819e-01   7.4277239e-01  -1.4867241e-02  -1.0297771e-03   2.0227249e-03
   4.7677232e-01   5.3605153e-01   6.7357686e-01  -1.9476998e-02  -2.6536061e-03   1.9825450e-04
   4.3896005e-01   3.9248696e-01   5.5926392e-01  -2.2991405e-02  -2.1091876e-03  -1.7426598e-03
   4.7948697e-01   3.8997355e-01   6.5761152e-01  -2.1180300e-02  -2.4050854e-03  -8.5249502e-04
   4.9797305e-01   3.9775450e-01   5.7663146e-01  -2.1209556e-02  -2.5825003e-03  -9.3071804e-04
   4.6918997e-01   3.7948912e-01   7.4609894e-01  -2.3130344e-02  -2.7150046e-03  -1.2349884e-03
   4.8243544e-01   3.7136716e-01   6.4295605e-01  -2.2067182e-02  -3.6036957e-03  -1.6449059e-03
   4.1669521e-01   4.0205050e-01   7.1776070e-01  -2.3543121e-02  -2.6460139e-03  -2.0838973e-03
   4.4819633e-01   4.0317270e-01   6.7779857e-01  -2.3816085e-02  -1.9403465e-03  -1.1753086e-03
   4.0582061e-01   4.1280677e-01   7.9378251e-01  -2.3899503e-02  -1.5944368e-03  -1.1253174e-03
   4.1132772e-01   4.1577149e-01   6.8335515e-01  -2.4144535e-02  -1.9759058e-03  -1.5922992e-03
   4.0756203e-01   4.5826451e-01   7.8955866e-01  -2.4377069e-02  -1.9578395e-03  -2.1720406e-03
   4.3643432e-01   4.6022357e-01   7.7221284e-01  -2.3626164e-02  -1.6336932e-03  -1.9946143e-03
   5.3291284e-01   3.9755042e-01   7.9309174e-01  -2.3130345e-02  -1.3186700e-03  -1.0101828e-03
   5.5088557e-01   4.0710698e-01   7.1294624e-01  -2.3431733e-02  -1.4324866e-03  -8.8991082e-04
   5.6439726e-01   4.0243055e-01   8.5453386e-01  -2.3584349e-02  -1.8833414e-03  -3.1535781e-04
   5.4300253e-01   4.5051878e-01   7.0433609e-01  -2.3221714e-02  -1.6503690e-03  -9.1438712e-04
   5.6492125e-01   4.4325099e-01   8.6283564e-01  -2.1816274e-02  -2.0440587e-03  -8.3877612e-05
   5.6733582e-01   4.5665660e-01   7.5770306e-01  -2.3458035e-02  -1.9328673e-03  -7.9770155e-04
   5.8782708e-01   4.6140321e-01   9.2270995e-01  -2.2559239e-02  -1.8286058e-03  -2.6823927e-04
   5.6947255e-01   4.5081740e-01   7.1496676e-01  -2.4464834e-02  -1.9494476e-03  -1.5911595e-03
   5.1629054e-01   4.7632806e-01   1.0522195e+00  -1.9584829e-02  -1.8940738e-03   1.2350236e-03
   5.9831264e-01   6.4745201e-01   1.0662447e+00  -1.7230932e-02  -1.4985369e-03   1.8470403e-03
   4.7249877e-01   5.0439639e-01   1.0341101e+00  -2.3536125e-02  -2.9547685e-04  -1.1443723e-03
   5.4706896e-01   5.6450757e-01   1.0327971e+00  -2.2204370e-02   1.8973966e-04  -5.7710996e-04
   4.8665805e-01   5.3697615e-01   1.2978371e+00  -2.2012862e-02   9.1879262e-04  -1.1143388e-03
   5.7111823e-01   5.4169652e-01   7.7987383e-01  -2.1022523e-02   4.8083321e-04   3.4649363e-04
   4.6105255e-01   5.0741959e-01   1.5876712e+00  -1.8417127e-02   1.1485643e-03  -1.0974664e-03
   1.2473073e-01   8.8676472e-01   2.0234702e+00  -2.4537591e-02  -1.5711466e-03  -5.5718519e-03
   2.0186485e-01   8.4183203e-01   1.8215779e+00  -2.7523251e-02  -3.1664307e-03  -4.2221097e-03
   2.4230410e-01   8.5828322e-01   1.6152392e+00  -3.0613211e-02  -2.5738113e-03  -4.4625379e-03
   3.6120973e-01   7.9390633e-01   2.0399655e+00  -3.2087547e-02  -7.5040072e-04  -3.9711828e-03
   3.5003767e-01   6.8292069e-01   2.4453013e+00  -3.5131561e-02  -6.2718526e-03  -3.9477673e-03
   2.7618411e-01   7.5744060e-01   2.2209839e+00  -3.5547025e-02  -6.4307268e-03  -6.1272879e-03
   2.3464477e-01   7.5341885e-01   2.4218445e+00  -3.3250318e-02  -6.1318675e-03  -5.1608733e-03
   2.8403972e-01   7.6897195e-01   2.1247366e+00  -3.2679320e-02  -6.6640540e-03  -4.1898310e-03
   3.0712797e-01   7.0837250e-01   2.3405127e+00  -3.1860102e-02  -6.8704364e-03  -3.7952092e-03
   2.8762196e-01   7.2711186e-01   2.1878578e+00  -3.2613413e-02  -6.8843734e-03  -4.6335902e-03
   3.0893194e-01   7.2369973e-01   2.3307532e+00  -3.2087250e-02  -6.6923564e-03  -3.4929853e-03
   2.7538516e-01   7.4945206e-01   2.3179929e+00  -3.3343356e-02  -6.9357456e-03  -4.7397064e-03
   2.6524839e-01   7.7781730e-01   2.4155860e+00  -3.3353974e-02  -5.7725880e-03  -4.3678554e-03
   2.9161961e-01   7.9111856e-01   2.3363156e+00  -3.3535735e-02  -5.6499598e-03  -3.7675198e-03
   2.7751487e-01   7.5136576e-01   2.3595232e+00  -3.2889543e-02  -5.3099181e-03  -4.1172706e-03
   2.6163927e-01   7.8895258e-01   2.3859111e+00  -3.2893886e-02  -5.6516193e-03  -4.2680055e-03
   2.6739819e-01   7.5117411e-01   2.4811631e+00  -3.3363932e-02  -5.0543381e-03  -3.8376439e-03
   2.7608965e-01   7.6779310e-01   2.3876335e+00  -3.2895046e-02  -6.1855475e-03  -4.0934897e-03
   2.5583053e-01   7.5368651e-01   2.4527679e+00  -3.3279936e-02  -6.2487205e-03  -4.1438485e-03
   2.5188292e-01   7.5523524e-01   2.3525487e+00  -3.1216409e-02  -6.4403505e-03  -4.4723513e-03
   2.6461020e-01   1.0652219e+00   1.9051252e+00  -2.0058965e-02  -5.5539373e-03  -4.3128200e-03
   2.1594816e-01   8.3092625e-01   1.8684399e+00  -2.5669292e-02  -4.7968780e-03  -3.0275625e-03
