   0.0000000e+00   0.0000000e+00   1.0479936e-16  -6.1609994e-17  -6.8390125e-19  -4.2135152e-35
  -2.1162170e-02  -8.2635850e-02  -2.7618496e-02  -7.3656309e-04  -8.0395602e-05  -5.2189931e-04
   2.7121212e-02   9.7737571e-02  -7.9183251e-02   3.8768441e-04  -6.2748437e-04  -2.7379547e-04
   2.1106973e-02   1.8719325e-01   1.5542901e-01  -1.1915961e-03   5.5252950e-04   4.6098780e-04
  -1.1389868e-02   2.4465914e-02   2.2351679e-01  -4.0098310e-03   4.4613249e-04   1.0997627e-05
  -4.6840890e-03   8.1478597e-02   1.2402752e-01  -2.7992162e-03   5.8526625e-04   2.7445847e-04
  -4.4335403e-04   4.5400944e-02   1.6443571e-01  -3.3345473e-03   7.9710079e-04   5.5846552e-04
  -1.4332021e-02   6.8762234e-02   2.5650623e-01  -2.6527935e-03   1.3771391e-03   1.6333212e-04
  -2.9402365e-02   7.0697981e-02   3.1381556e-01  -3.3339905e-03   2.9267993e-04  -1.6837702e-04
   4.0659486e-02   3.6454275e-01   3.1518251e-01  -1.5755245e-03   9.8298566e-04   4.9895283e-04
   4.0639650e-02   3.4108174e-01   4.1865669e-01  -1.7930623e-03   7.9973903e-04   3.3188513e-04
   4.3814513e-02   4.4119648e-01   4.5975340e-01  -3.9375004e-03   2.2902634e-04   5.1984363e-04
   2.8715057e-02   3.5761527e-01   4.8060059e-01  -4.1643019e-03   6.4959358e-04   1.8546510e-04
   2.4265548e-02   3.7178825e-01   5.3447632e-01  -5.3132746e-03  -8.7364076e-05   6.0769512e-04
   1.8802880e-02   3.8662782e-01   5.6771057e-01  -6.3294776e-03   2.4243714e-04   6.8907302e-04
   3.5464405e-02   4.1849756e-01   5.4548295e-01  -6.4273759e-03  -5.6103161e-04   5.6756302e-04
   3.3875178e-02   3.9314031e-01   5.6222099e-01  -6.3960221e-03  -6.8930030e-04   6.8681904e-04
   3.2329663e-02   3.6920202e-01   6.0426308e-01  -6.2249948e-03  -1.4207023e-03   5.8876135e-04
   4.0853688e-04   3.5178432e-01   6.2480552e-01  -6.8910652e-03  -1.3859329e-03   3.7322222e-04
   7.2846256e-03   3.7214983e-01   6.3915721e-01  -7.3659433e-03  -1.9384786e-03   4.3000072e-04
  -7.5899131e-04   3.8824742e-01   6.2633733e-01  -6.7943152e-03  -1.7149085e-03   1.3594722e-04
  -4.6465418e-03   3.5690821e-01   6.5045842e-01  -7.0070720e-03  -1.8617993e-03   5.2183718e-04
  -5.7838591e-03   3.7583952e-01   6.9932643e-01  -7.8192625e-03  -1.0837724e-03   7.2279619e-04
  -2.4351319e-02   3.6409735e-01   7.7774327e-01  -8.5849648e-03  -2.0244797e-03   3.3500692e-04
  -3.4009684e-02   3.6356398e-01   8.9925685e-01  -9.5350873e-03  -1.4875307e-03   1.5073361e-04
  -3.9077274e-02   3.4639387e-01   8.8215352e-01  -9.7357564e-03  -1.9291700e-03  -1.4892244e-05
  -2.0447056e-02   4.1183832e-01   9.0881985e-01  -9.9022543e-03  -1.6547045e-03   7.1465847e-05
  -3.7700757e-02   3.9329431e-01   9.2067475e-01  -1.0627340e-02  -2.4671890e-03  -7.4469527e-05
  -1.1608696e-02   4.2850190e-01   9.2518345e-01  -9.2496691e-03  -2.0857968e-03  -3.3596904e-04
  -3.3007689e-02   2.3438973e-01   7.9255361e-01  -6.8756008e-03  -3.2142387e-03  -4.7267071e-04
  -6.3373904e-02   2.8808184e-01   7.5373664e-01  -1.0493263e-02  -2.7021225e-03  -1.4699883e-04
  -5.9504704e-02   2.5227611e-01   9.6485383e-01  -1.0539885e-02  -3.4847604e-03  -4.1671108e-04
  -9.1839700e-02   2.3339606e-01   1.0602415e+00  -1.3404449e-02  -3.0400638e-03  -7.4317345e-04
  -7.9958779e-02   1.8392790e-01   9.8962131e-01  -1.0765491e-02  -2.2380859e-03  -1.9389228e-04
  -7.6261131e-02   2.1512035e-01   1.0639343e+00  -1.2524864e-02  -3.4680386e-03  -5.6612120e-04
  -8.2181509e-02   2.3479248e-01   9.4261278e-01  -8.8573192e-03  -3.0047635e-03  -4.4634240e-04
  -4.7314867e-02   2.1880757e-01   9.2529637e-01  -7.8802380e-03  -4.6700624e-03  -3.8048979e-04
  -7.8591298e-02   2.2234942e-01   1.0855977e+00  -1.3055193e-02  -3.9067472e-03  -7.8433451e-04
  -6.6912479e-02   2.3296458e-01   9.9844005e-01  -1.0729897e-02  -3.0194453e-03  -2.7076797e-04
  -6.3446982e-02   3.4432100e-01   1.1248436e+00  -1.2043770e-02  -1.9313626e-03  -2.8426817e-04
  -7.5544080e-02   2.8494665e-01   1.1031426e+00  -1.2900558e-02  -2.8796289e-03  -3.1074608e-04
  -8.5916945e-02   2.9993012e-01   1.1157977e+00  -1.3663993e-02  -2.8011734e-03  -2.8765071e-04
  -9.0681443e-02   2.4185912e-01   1.1357109e+00  -1.3579968e-02  -3.1470632e-03  -3.5486763e-04
  -9.5438730e-02   2.8466139e-01   1.1087939e+00  -1.4009721e-02  -2.9853912e-03  -3.2135171e-04
  -8.9318034e-02   2.5635589e-01   1.0917572e+00  -1.3526985e-02  -3.1120195e-03  -3.6649190e-05
  -1.0247445e-01   2.4680466e-01   1.1630418e+00  -1.4071919e-02  -2.8235421e-03  -3.9625858e-04
  -9.4433979e-02   3.1314902e-01   1.2003454e+00  -1.4139914e-02  -3.1332368e-03  -6.4597990e-04
  -7.6494386e-02   4.6604902e-01   1.2150435e+00  -1.4289764e-02  -2.3340628e-03  -3.2550911e-04
  -1.0978922e-01   2.9140961e-01   1.2573110e+00  -1.4899122e-02  -1.8214361e-03  -7.0861165e-04
  -1.1425523e-01   3.4379620e-01   1.3368088e+00  -1.6165413e-02  -2.8269450e-03  -7.4942922e-04
  -1.2248845e-01   3.1749783e-01   1.2044696e+00  -1.4712545e-02  -2.2623915e-03  -7.0329590e-04
  -1.1253397e-01   3.2365057e-01   1.2093417e+00  -1.5365142e-02  -2.9164168e-03  -1.0561470e-03
  -1.2402975e-01   3.4032671e-01   1.2306245e+00  -1.5017673e-02  -2.8343561e-03  -1.0362924e-03
  -1.0252174e-01   3.3661550e-01   1.2250034e+00  -1.5106668e-02  -3.7521756e-03  -1.0114987e-03
  -1.1676992e-01   3.2780575e-01   1.2306793e+00  -1.5045901e-02  -3.0617699e-03  -9.0359474e-04
  -1.0767295e-01   2.9231960e-01   1.2529628e+00  -1.4883695e-02  -3.8764725e-03  -1.0458176e-03
  -1.2478544e-01   2.8179624e-01   1.2777451e+00  -1.5068279e-02  -3.2728340e-03  -9.7375917e-04
  -1.1203888e-01   3.0018717e-01   1.2809701e+00  -1.6102934e-02  -4.0455436e-03  -1.0076358e-03
  -1.2107932e-01   3.0290993e-01   1.2878033e+00  -1.6140329e-02  -3.6634943e-03  -1.3187548e-03
  -1.2947024e-01   3.2128677e-01   1.2521188e+00  -1.6073150e-02  -2.7053702e-03  -1.1698079e-03
  -1.1841755e-01   3.3105817e-01   1.2475529e+00  -1.5940641e-02  -3.0489690e-03  -8.4147739e-04
  -8.5442612e-02   4.2619850e-01   1.2125715e+00  -1.3601074e-02  -2.5540829e-03  -7.2466034e-04
  -2.7971528e-02   7.6461376e-01   1.4042645e+00  -1.2808792e-02  -1.8424040e-03  -2.1336202e-04
  -7.2064348e-02   5.8984660e-01   1.4061578e+00  -1.5178432e-02  -1.5038226e-03  -2.2193592e-04
  -7.3175999e-02   3.9628839e-01   1.2799861e+00  -1.4383338e-02  -2.5029023e-03  -3.5438193e-04
  -8.4978478e-02   5.7836021e-01   1.3110651e+00  -1.4749003e-02  -1.6562152e-03  -3.9303021e-04
  -7.1721332e-02   5.1224719e-01   1.3730635e+00  -1.3981555e-02  -1.9651290e-03  -2.7114200e-04
  -5.7347080e-02   4.9580032e-01   1.0277918e+00  -1.2150518e-02  -2.7512772e-03  -1.3467407e-03
  -7.5675635e-02   5.0030905e-01   1.1270807e+00  -1.4322788e-02  -3.0925953e-03  -6.8709548e-04
  -1.0019531e-01   4.8615572e-01   1.2522899e+00  -1.5778531e-02  -3.2349733e-03  -1.1461285e-03
  -1.1009611e-01   6.1727351e-01   1.3131351e+00  -1.4238847e-02  -3.3366871e-03  -1.1193325e-03
  -8.3430416e-02   5.0257435e-01   1.1657431e+00  -1.2348483e-02  -2.3890994e-03  -8.3263619e-05
  -1.0859650e-01   4.8917655e-01   1.2039262e+00  -1.4658158e-02  -1.8462365e-03  -4.6549025e-04
  -1.1762680e-01   4.4056226e-01   1.2165985e+00  -1.4846995e-02  -2.4446833e-03  -8.6128621e-04
  -1.3675749e-01   4.3969392e-01   1.3011653e+00  -1.6373861e-02  -1.9728914e-03  -1.0219894e-03
  -1.1912496e-01   4.1225132e-01   1.3022188e+00  -1.6031966e-02  -2.7152438e-03  -8.5030956e-04
  -1.3412983e-01   3.8878407e-01   1.2451714e+00  -1.6150213e-02  -1.7227673e-03  -7.9907704e-04
  -1.2055887e-01   3.7682650e-01   1.2107998e+00  -1.5982804e-02  -2.1048296e-03  -4.3501128e-04
  -1.3234934e-01   4.0610538e-01   1.2468587e+00  -1.6067902e-02  -2.7458363e-03  -8.7818654e-04
  -1.3051242e-01   3.6427566e-01   1.2576326e+00  -1.5258863e-02  -2.7367529e-03  -7.5699752e-04
  -1.3801241e-01   3.5444313e-01   1.2714253e+00  -1.5845120e-02  -2.6934338e-03  -8.0812121e-04
  -1.4592983e-01   3.1732650e-01   1.3308992e+00  -1.6055157e-02  -2.4206840e-03  -8.2138269e-04
  -1.2105967e-01   4.4056834e-01   1.2857575e+00  -1.5830527e-02  -2.7544533e-03  -1.1981824e-03
  -8.8998695e-02   6.9429381e-01   1.3837277e+00  -1.5336543e-02  -2.5373050e-03  -7.2360874e-04
  -8.9230027e-02   7.2692701e-01   1.3669330e+00  -1.6594964e-02  -1.6260481e-03  -6.7086667e-04
  -9.0555917e-02   7.2923222e-01   1.3532621e+00  -1.4376464e-02  -1.6223289e-03  -1.9182737e-04
  -1.4268728e-01   5.6206624e-01   1.4496026e+00  -1.7971692e-02  -2.1319400e-03  -1.0672063e-03
  -1.4722680e-01   4.6326884e-01   1.1452195e+00  -1.1102034e-02  -3.1234853e-03  -6.7811231e-04
  -9.7704929e-02   4.1419528e-01   9.5930476e-01  -5.3826279e-03  -5.3979288e-03  -3.0224827e-04
  -1.5191715e-01   4.4117968e-01   1.2319468e+00  -1.3015699e-02  -3.9599236e-03  -1.2682616e-03
  -1.5828093e-01   4.2342779e-01   1.2810423e+00  -1.2394730e-02  -4.0994310e-03  -1.2416658e-03
  -1.7539866e-01   4.0975670e-01   1.3599453e+00  -1.5433313e-02  -3.5931384e-03  -1.3777297e-03
  -1.5738108e-01   4.1345298e-01   1.3489748e+00  -1.4694238e-02  -3.8351102e-03  -1.2299531e-03
  -1.0601471e-01   6.8614693e-01   1.4082598e+00  -1.5974836e-02  -2.9085117e-03  -9.9788733e-04
  -1.2466436e-01   6.0506302e-01   1.3530626e+00  -1.4427636e-02  -2.3032230e-03  -8.2370384e-04
  -1.2909843e-01   5.6037304e-01   1.3035219e+00  -1.5226340e-02  -2.3968176e-03  -7.7978367e-04
  -1.4089702e-01   4.9719544e-01   1.3282907e+00  -1.5553566e-02  -2.8234859e-03  -9.4907124e-04
  -1.4055454e-01   5.2952570e-01   1.3555422e+00  -1.6018124e-02  -3.1901191e-03  -9.6371771e-04
  -1.7540119e-01   5.1271824e-01   1.3619879e+00  -1.5845589e-02  -2.5936591e-03  -1.0967424e-03
  -9.3110534e-02   7.1335487e-01   1.4612226e+00  -1.5039291e-02  -3.0935962e-03  -9.7050841e-04
  -1.2783741e-01   6.2471333e-01   1.4012635e+00  -1.4750558e-02  -2.6216205e-03  -1.1045411e-03
  -1.4915778e-01   4.0824430e-01   1.3106767e+00  -1.5868512e-02  -2.9743619e-03  -8.8957570e-04
  -1.5347001e-01   4.4156120e-01   1.3266371e+00  -1.5527905e-02  -3.2855518e-03  -1.0383334e-03
  -1.6013655e-01   4.2174464e-01   1.3894133e+00  -1.7513911e-02  -3.6160945e-03  -1.4429777e-03
  -1.5084637e-01   4.7578517e-01   1.3779561e+00  -1.5821438e-02  -3.6680200e-03  -1.3452602e-03
  -1.6459856e-01   4.6078192e-01   1.3980025e+00  -1.6989547e-02  -3.6936746e-03  -1.2983687e-03
  -1.1064201e-01   6.2297363e-01   1.4566292e+00  -1.5014550e-02  -3.4278266e-03  -1.0236902e-03
  -1.0713943e-01   6.7289107e-01   1.4128507e+00  -1.4404396e-02  -2.4985749e-03  -3.1071866e-04
  -1.3610056e-01   5.7544985e-01   1.4755742e+00  -1.5752840e-02  -2.6969989e-03  -6.9576259e-04
  -1.4498741e-01   5.7730258e-01   1.4501066e+00  -1.5497444e-02  -3.0679207e-03  -1.0671574e-03
  -1.4363056e-01   5.6805952e-01   1.4698434e+00  -1.5612625e-02  -3.5229432e-03  -1.2538034e-03
  -1.3237148e-01   6.3238619e-01   1.3883949e+00  -1.6523724e-02  -3.5935073e-03  -1.0806552e-03
  -1.4216175e-01   5.6361092e-01   1.4504577e+00  -1.5818961e-02  -3.5346985e-03  -9.8931761e-04
  -1.4085766e-01   6.1347453e-01   1.3741881e+00  -1.6469023e-02  -3.3643208e-03  -1.2120545e-03
  -1.5480680e-01   6.0243853e-01   1.4494397e+00  -1.6328309e-02  -2.8203406e-03  -1.2342461e-03
  -1.2338118e-01   6.7708333e-01   1.3765602e+00  -1.7109686e-02  -3.1337763e-03  -1.0591555e-03
  -1.8731732e-01   6.2641279e-01   1.6234730e+00  -1.1818566e-02  -3.1113495e-03  -1.6471883e-03
  -1.1067822e-01   5.9246763e-01   1.6768287e+00  -1.1650636e-02  -2.8038447e-03  -1.7508410e-03
  -1.1786735e-01   6.1953146e-01   1.5820507e+00  -1.4748035e-02  -2.6514432e-03  -1.3620436e-03
  -1.2552492e-01   5.5950877e-01   1.5948460e+00  -1.3558091e-02  -3.2249906e-03  -1.3812479e-03
  -1.3396388e-01   5.5707572e-01   1.5329635e+00  -1.4295407e-02  -3.4671892e-03  -1.2632380e-03
  -1.4938553e-01   5.1881458e-01   1.5614618e+00  -1.3596048e-02  -3.1436653e-03  -1.4315721e-03
  -1.4019055e-01   5.3125662e-01   1.5336403e+00  -1.4841903e-02  -3.3776168e-03  -1.3387220e-03
  -1.3968427e-01   5.6208175e-01   1.5095254e+00  -1.3829154e-02  -3.2454054e-03  -1.3832193e-03
  -1.2829322e-01   5.3633196e-01   1.4577769e+00  -1.4973378e-02  -3.3922370e-03  -1.3672215e-03
  -1.3379397e-01   5.4924668e-01   1.4383840e+00  -1.4324764e-02  -3.4823536e-03  -1.4140589e-03
  -1.3697524e-01   4.9969593e-01   1.4572281e+00  -1.5830372e-02  -3.2762461e-03  -1.5026654e-03
  -1.4614777e-01   5.0648750e-01   1.4179631e+00  -1.5157004e-02  -3.5460265e-03  -1.3989608e-03
  -1.2772145e-01   4.9921552e-01   1.3997328e+00  -1.4853337e-02  -3.5360301e-03  -1.4720570e-03
  -1.0856093e-01   4.6705042e-01   1.3501961e+00  -1.4072118e-02  -4.0410371e-03  -1.4963198e-03
  -1.3671681e-01   5.1077335e-01   1.4381262e+00  -1.6728525e-02  -3.3827608e-03  -1.1644939e-03
  -5.1965837e-02   8.0807683e-01   1.2377051e+00  -1.1214138e-02  -2.2267895e-03  -4.9510142e-04
  -9.4533652e-02   7.5860464e-01   1.4032623e+00  -1.3127776e-02  -2.3579701e-03  -1.2024398e-03
  -6.7566555e-02   7.7746852e-01   1.5661607e+00  -1.4024537e-02  -2.8779560e-03  -1.1733430e-03
  -9.0365373e-02   8.0232067e-01   1.5308636e+00  -1.2932789e-02  -2.7296767e-03  -9.0704602e-04
  -8.6453121e-02   7.5449693e-01   1.5551186e+00  -1.3933798e-02  -2.9514671e-03  -8.9891383e-04
  -1.0033494e-01   7.7734476e-01   1.5311718e+00  -1.3991598e-02  -2.5207211e-03  -1.0076099e-03
  -8.9505637e-02   7.4658314e-01   1.6106219e+00  -1.5221240e-02  -2.8254549e-03  -9.7216375e-04
  -9.9837854e-02   7.8016733e-01   1.5184511e+00  -1.5372239e-02  -2.9365636e-03  -1.0289916e-03
  -9.7975952e-02   7.3104274e-01   1.5604202e+00  -1.5935685e-02  -3.2150011e-03  -1.1247429e-03
  -1.0707871e-01   7.1133717e-01   1.5452922e+00  -1.6069580e-02  -3.3709700e-03  -1.2583410e-03
  -1.0853150e-01   6.6600327e-01   1.5815639e+00  -1.5836161e-02  -2.9991358e-03  -1.1121021e-03
  -1.0940387e-01   7.4642027e-01   1.4955175e+00  -1.6850994e-02  -3.1794694e-03  -1.0068828e-03
  -1.2402250e-01   6.7598446e-01   1.4428350e+00  -1.6639286e-02  -2.9714855e-03  -1.1525018e-03
  -1.5148036e-01   5.7749080e-01   1.4607061e+00  -1.7026649e-02  -3.3953234e-03  -1.1068507e-03
  -1.3476605e-01   5.2291850e-01   1.4368298e+00  -1.5513061e-02  -3.2344819e-03  -9.6915446e-04
  -1.3732092e-01   4.4030862e-01   1.4907436e+00  -1.6879831e-02  -4.1753683e-03  -1.1392454e-03
  -1.1610431e-01   4.8964666e-01   1.5229990e+00  -1.4163410e-02  -3.1991673e-03  -6.7245141e-04
  -5.2620783e-02   4.1434217e-01   1.2669378e+00  -4.6564770e-03  -3.3933486e-03  -4.6952773e-04
  -1.3430692e-01   5.7783119e-01   1.4255407e+00  -9.1191488e-03  -5.0605792e-03  -2.0401985e-03
  -9.2725493e-02   5.1305848e-01   1.4920398e+00  -1.1129547e-02  -5.2725281e-03  -1.8665009e-03
  -8.8589584e-02   5.7795059e-01   1.5177019e+00  -1.1708304e-02  -5.8345733e-03  -2.4952604e-03
  -1.0011121e-01   5.4095881e-01   1.5787643e+00  -1.2203321e-02  -5.3646443e-03  -2.1645707e-03
  -6.1089364e-02   7.7467720e-01   1.5192765e+00  -1.2393021e-02  -4.2022833e-03  -1.8147995e-03
  -7.3515113e-02   6.7587542e-01   1.6159450e+00  -1.2280637e-02  -4.5648209e-03  -1.5528371e-03
  -8.3071282e-02   6.6233348e-01   1.5018549e+00  -1.3471666e-02  -5.1502958e-03  -1.8034972e-03
  -9.0204145e-02   6.8698151e-01   1.5578603e+00  -1.3142821e-02  -4.9575096e-03  -1.8263110e-03
  -9.4970750e-02   6.3372623e-01   1.4809622e+00  -1.3695614e-02  -5.2147165e-03  -2.0561403e-03
  -1.0329941e-01   5.7723351e-01   1.5913552e+00  -1.3962267e-02  -4.7617439e-03  -1.7839870e-03
  -8.9741192e-02   7.8242475e-01   1.3938048e+00  -1.4991859e-02  -5.4242044e-03  -2.0201030e-03
  -1.0737203e-01   6.4856930e-01   1.4284314e+00  -1.2666526e-02  -4.6837426e-03  -1.4868379e-03
  -1.5073941e-01   6.3381090e-01   1.6609503e+00  -1.3772214e-02  -4.1092081e-03  -1.9319950e-03
  -1.3539616e-01   5.5452241e-01   1.6063266e+00  -1.2598240e-02  -4.7152960e-03  -1.8987760e-03
  -1.4399103e-01   5.5188828e-01   1.5878581e+00  -1.2660244e-02  -5.1657325e-03  -2.1999337e-03
  -1.4028457e-01   5.1796486e-01   1.6211656e+00  -1.3931430e-02  -5.1972053e-03  -2.1251919e-03
  -1.3612207e-01   6.3506704e-01   1.6154438e+00  -1.3386521e-02  -5.2581215e-03  -2.1491382e-03
  -1.5091960e-01   5.6897612e-01   1.7003584e+00  -1.4065426e-02  -4.9282737e-03  -2.0218432e-03
  -1.4535182e-01   5.5660068e-01   1.6191408e+00  -1.4601232e-02  -5.4777558e-03  -1.7816893e-03
  -1.6708130e-01   5.2210630e-01   1.7874500e+00  -1.5514562e-02  -5.2944811e-03  -2.2777485e-03
  -1.1353114e-01   5.8977150e-01   1.2229652e+00  -1.1183064e-02  -4.4806454e-03  -1.7922241e-03
  -7.1619638e-02   8.5623540e-01   1.4034519e+00  -1.2644779e-02  -3.8439867e-03  -1.4372585e-03
  -1.1712911e-01   8.1751028e-01   1.3290654e+00  -9.6586284e-03  -5.2538653e-03  -2.3382536e-03
  -2.6029901e-02   9.4123267e-01   1.3494797e+00  -1.1138580e-02  -5.8849762e-03  -1.9919495e-03
  -3.1913765e-02   7.6383908e-01   1.6946709e+00  -1.3334632e-02  -5.6038489e-03  -1.2907142e-03
  -5.2871979e-02   7.8095030e-01   1.5430564e+00  -1.2355663e-02  -6.6742830e-03  -1.7537768e-03
  -7.0484736e-02   6.8838305e-01   1.6461502e+00  -1.3524461e-02  -6.1856587e-03  -1.5572190e-03
  -5.0874697e-02   6.8316881e-01   1.5406343e+00  -1.2291061e-02  -6.1302374e-03  -1.2641721e-03
  -8.1973377e-02   6.5693441e-01   1.6241806e+00  -1.4482697e-02  -5.0060543e-03  -1.2205617e-03
  -6.0376767e-02   6.7076985e-01   1.4883488e+00  -1.3030701e-02  -4.4049204e-03  -1.1846120e-03
