   0.0000000e+00   0.0000000e+00  -7.1054274e-15   0.0000000e+00   0.0000000e+00   0.0000000e+00
   3.7193915e-03  -7.7281727e-02  -8.2788652e-02  -3.9001861e-04  -4.3567246e-04   1.8967803e-03
   1.6967385e-03  -1.0372290e-01  -8.0898139e-02  -8.5984491e-04  -7.1643625e-05   1.8411753e-03
   3.1659575e-02  -1.4091429e-01   1.0691249e-02  -1.5982743e-03   2.7640429e-04   2.0500255e-03
   3.2292514e-02  -1.3325500e-01   1.3492856e-02  -2.7388884e-03   3.0790333e-04   2.4702932e-03
   1.3435282e-02  -1.3516761e-01  -4.1835308e-03  -2.2016588e-03   1.2637687e-04   2.2022416e-03
   1.0982818e-02  -1.2619963e-01  -2.1388020e-02  -2.5584228e-03  -1.7419309e-05   1.9753676e-03
   2.1079010e-02  -1.2252497e-01  -4.3526016e-02  -2.6639100e-03   3.5668239e-05   2.2358477e-03
   3.5408914e-02  -1.1960300e-01  -3.7085196e-02  -3.0561455e-03   3.2865499e-05   2.5492364e-03
   1.4302588e-02  -7.8073695e-02  -3.7986690e-02  -2.8021227e-03  -4.5680410e-05   1.8427001e-03
   3.7850867e-02  -1.0525642e-01  -2.0636161e-02  -2.9070756e-03   3.9035195e-04   2.4679864e-03
   2.0138989e-02  -1.2596127e-01   1.5659059e-02  -3.6579856e-03  -1.0618585e-04   2.0684814e-03
   3.1157671e-02  -1.0068456e-01  -1.1790030e-04  -3.9164474e-03  -1.5250493e-04   2.5400296e-03
   3.3520122e-02  -1.2674718e-01   1.4072570e-02  -4.1029920e-03  -2.0424808e-04   2.3810931e-03
   5.7955389e-02  -1.1889247e-01   4.0709022e-02  -4.5744559e-03   3.4549543e-04   2.6588404e-03
   5.2163441e-02  -1.5397019e-01   3.3073188e-02  -4.3708910e-03   3.7469350e-04   2.6223000e-03
   5.8713173e-02  -1.7381058e-01   4.0908959e-02  -4.7782835e-03   3.6751045e-04   2.5933521e-03
   4.8596118e-02  -1.6358969e-01   5.5101961e-02  -4.8265346e-03   6.0706530e-04   2.4183190e-03
   6.8996897e-02  -1.3823293e-01   1.7377899e-02  -5.1775785e-03   9.2663947e-04   2.9458396e-03
   4.9548420e-02  -1.1633398e-01   3.7024384e-02  -5.2519197e-03   4.3593180e-04   2.6017800e-03
   3.4089285e-02  -1.3326209e-01   6.1005609e-02  -5.7597950e-03   4.0849883e-04   2.5909705e-03
   1.1441667e-02  -1.2027788e-01   6.1642457e-02  -5.3358225e-03   6.6726548e-04   2.3127465e-03
   1.4848400e-02  -1.3305229e-01   6.1520286e-02  -5.4605999e-03   4.9937601e-04   2.0560563e-03
   4.6094646e-02  -1.0865223e-01   5.4828347e-02  -5.4082653e-03   5.9986074e-04   2.5487248e-03
   5.3219777e-02  -1.0317711e-01   3.4316275e-02  -5.3661191e-03   6.3299579e-04   2.5896174e-03
   9.3469352e-02  -8.3418949e-02   8.5140453e-02  -5.5988072e-03   9.9294070e-04   3.3706534e-03
   6.8063444e-02  -8.0112209e-02   7.7451237e-02  -5.5594549e-03   4.9751362e-04   2.5220948e-03
   9.7599453e-02  -6.2582136e-02   6.6545047e-02  -5.3942622e-03   8.5778672e-04   3.2698625e-03
   7.9594217e-02  -1.0020627e-01   9.4667750e-02  -5.9406644e-03   7.3898413e-04   2.8635902e-03
   9.4798788e-02  -7.0870153e-02   6.9031056e-02  -5.9324970e-03   1.1097418e-03   3.1581616e-03
   6.7395226e-02  -5.3012614e-02   1.0591220e-01  -6.3603516e-03   7.3139927e-04   2.6472064e-03
   6.9018314e-02  -6.8476418e-02   6.4660337e-02  -6.3969726e-03   8.7448314e-04   3.2243116e-03
   9.7255138e-02  -2.5405449e-02   9.9120195e-02  -6.6593930e-03   1.2909774e-03   3.4379568e-03
   7.1368693e-02  -2.3616815e-02   1.3491395e-01  -7.3134037e-03   6.6518676e-04   2.1140944e-03
   7.4468583e-02  -3.0187274e-02   1.4685726e-01  -7.5397559e-03   7.7737721e-04   3.2286470e-03
   7.4837708e-02  -2.7546345e-02   1.4373120e-01  -7.6975390e-03   6.5756441e-04   3.2211506e-03
   8.7577204e-02   6.6198890e-03   1.2609246e-01  -7.4027681e-03   7.9659786e-04   3.4770683e-03
   1.3347891e-01   1.0490126e-02   2.0189422e-01  -7.8125992e-03   1.6190839e-03   3.2288343e-03
   1.2410444e-01  -3.1601101e-03   1.6693512e-01  -8.1731727e-03   1.1423533e-03   3.6247949e-03
   1.1325227e-01   1.2525145e-02   1.9031694e-01  -8.2023051e-03   1.1627046e-03   3.9298922e-03
   1.2570637e-01   4.8669986e-03   2.2041506e-01  -8.8853874e-03   1.5193121e-03   3.8582145e-03
   1.2279461e-01  -8.6947872e-03   2.5097693e-01  -8.9008929e-03   1.5125836e-03   4.1485749e-03
   1.4144367e-01  -1.8955674e-03   2.1261715e-01  -9.2468185e-03   1.4305654e-03   4.4360513e-03
   1.2249836e-01  -8.4334947e-03   2.3969903e-01  -8.8439681e-03   1.0747486e-03   3.8676096e-03
   1.3171783e-01   1.4118791e-02   2.6138901e-01  -9.4503168e-03   1.4598800e-03   4.5260470e-03
   1.4240532e-01   3.1659839e-03   2.4769422e-01  -9.8794461e-03   1.1899549e-03   4.2645515e-03
   1.3717068e-01   1.5565023e-03   2.5648497e-01  -9.6026653e-03   1.2607509e-03   4.3243277e-03
   1.2853720e-01   2.5937799e-02   2.7216390e-01  -9.5924882e-03   1.1511397e-03   4.1766356e-03
   1.2340639e-01   4.7809221e-02   2.7607488e-01  -9.7292836e-03   6.1716567e-04   3.4310915e-03
   1.2447327e-01   1.5248309e-03   1.6498184e-01  -8.2346599e-03   6.9148467e-05   3.8187746e-03
   1.3145406e-01   3.9325888e-02   1.6863141e-01  -8.0885027e-03   6.2694984e-04   3.8600232e-03
   1.2805045e-01   1.9315025e-02   2.1543975e-01  -8.3804634e-03   6.3674377e-04   3.9919790e-03
   1.3756158e-01  -5.6636480e-03   2.2073857e-01  -9.2481616e-03   8.3631196e-04   4.1810261e-03
   1.1020110e-01   1.9485877e-02   2.7925530e-01  -9.2124965e-03   4.5768277e-05   4.0308881e-03
   1.0780956e-01   3.5751123e-02   3.0143906e-01  -1.0098452e-02  -1.4005052e-04   3.8225165e-03
   1.1236873e-01   3.5275271e-02   2.7603540e-01  -1.0551387e-02  -6.4856152e-04   3.9880708e-03
   8.4706965e-02   3.2040416e-02   3.2015641e-01  -1.1057625e-02  -4.5692748e-04   3.6267623e-03
   8.1325374e-02   5.7784582e-02   3.1699366e-01  -1.0134246e-02  -3.3343933e-04   3.8865615e-03
   1.0671202e-01   6.4430728e-02   3.6267904e-01  -1.0903822e-02  -1.6124350e-04   3.8573363e-03
   9.2989526e-02   8.3361016e-02   3.3694688e-01  -1.1316092e-02  -1.6444919e-04   3.9216424e-03
   9.2115089e-02   1.0438347e-01   3.2345785e-01  -1.0717645e-02  -2.3821559e-04   3.6507446e-03
   1.1790705e-01   1.1491132e-01   3.4928633e-01  -1.0871237e-02  -4.1272373e-04   3.6666642e-03
   8.7137483e-02   9.5258134e-02   3.3136375e-01  -1.1165842e-02  -4.6608674e-04   3.4723168e-03
   9.9737780e-02   1.7231435e-01   4.1715812e-01  -1.0338964e-02  -3.6116089e-04   2.5376839e-03
   1.2850506e-01   1.0562527e-01   3.5895741e-01  -1.0748685e-02   2.0920481e-04   3.8224799e-03
   1.3686571e-01   8.1837434e-02   3.4207639e-01  -1.1421635e-02  -6.0491841e-04   4.3868936e-03
   1.2689811e-01   8.2273152e-02   3.8520001e-01  -1.1587147e-02  -1.3194007e-03   4.0620542e-03
   1.0666530e-01   1.2017868e-01   4.4698840e-01  -1.2458164e-02  -5.1059012e-04   3.5294075e-03
   1.3004465e-01   1.0186045e-01   4.5526733e-01  -1.2591638e-02  -5.6850135e-04   3.9699588e-03
   1.3672614e-01   1.1584635e-01   4.5126907e-01  -1.2529601e-02  -3.0459228e-04   4.0950642e-03
   1.4068140e-01   1.0286600e-01   4.2684813e-01  -1.2625805e-02  -5.5341934e-04   4.2251504e-03
   1.7548440e-01   1.5132801e-01   4.1054756e-01  -1.1608769e-02   3.5634946e-04   5.4722414e-03
   1.9329653e-01   1.4281761e-01   4.2506799e-01  -1.1413846e-02   6.9945804e-04   5.9229634e-03
   1.8697864e-01   1.5172644e-01   4.0869288e-01  -1.2190542e-02   4.0792251e-04   5.5112136e-03
   1.9312345e-01   1.4338990e-01   4.6485598e-01  -1.2443883e-02   3.5661369e-04   5.5846190e-03
   1.7725562e-01   1.4656963e-01   4.5072310e-01  -1.2713828e-02   3.9861620e-04   5.3814596e-03
   1.7096258e-01   1.5784645e-01   4.2879011e-01  -1.2135443e-02   3.0675705e-04   5.4854351e-03
   1.5153668e-01   1.6427999e-01   4.1997028e-01  -1.2294482e-02   1.2269786e-05   5.2854185e-03
   1.6045719e-01   1.4649082e-01   4.5608203e-01  -1.2680299e-02   5.2804520e-05   5.3720302e-03
   1.6114645e-01   1.5722377e-01   4.0299657e-01  -1.2122672e-02  -5.5693178e-06   5.2482488e-03
   1.5398119e-01   1.8908936e-01   4.0565248e-01  -1.1669717e-02  -1.6923555e-04   5.2219036e-03
   1.3357354e-01   1.5726428e-01   3.9028761e-01  -1.1623441e-02  -3.7788415e-04   4.8038106e-03
   1.4175971e-01   1.5148909e-01   3.7293618e-01  -1.1853150e-02  -4.5355636e-04   5.2556261e-03
   1.3306957e-01   1.7683799e-01   3.9265131e-01  -1.1710495e-02  -6.4216202e-04   4.7038656e-03
   1.3591140e-01   1.7749125e-01   4.5949351e-01  -1.2753770e-02  -8.3128198e-04   5.0035479e-03
   1.2770306e-01   1.5008463e-01   4.5895133e-01  -1.2388658e-02  -1.2184445e-03   4.7362160e-03
   1.2985089e-01   1.5675347e-01   3.9862066e-01  -1.1117294e-02  -1.0415828e-03   4.6138294e-03
   1.0268405e-01   1.1596936e-01   4.1184899e-01  -1.1991649e-02  -8.2919059e-04   4.0938716e-03
   1.1555528e-01   1.7859652e-01   4.3369196e-01  -1.1286773e-02  -7.2810817e-04   3.9482584e-03
   1.1607776e-01   1.8845001e-01   4.3351987e-01  -1.1384045e-02  -9.1555264e-04   4.1023624e-03
   1.2509867e-01   1.8207060e-01   4.5794349e-01  -1.1518242e-02  -8.4220495e-04   4.0447536e-03
   1.2924786e-01   2.0832574e-01   4.1604044e-01  -1.1265762e-02  -1.2347342e-03   3.9162622e-03
   1.4309198e-01   1.9780509e-01   4.5246442e-01  -1.1346058e-02  -1.2097759e-03   4.5384589e-03
   1.3761949e-01   1.6694169e-01   4.5707105e-01  -1.1634942e-02  -1.2445420e-03   4.3275298e-03
   1.4441477e-01   1.6848190e-01   4.5663582e-01  -1.1655338e-02  -1.3997494e-03   4.4161136e-03
   1.3687042e-01   1.9195523e-01   4.4943014e-01  -1.1560777e-02  -1.6949528e-03   4.5209682e-03
   1.3328870e-01   1.9561828e-01   4.1550892e-01  -1.1394057e-02  -1.6979741e-03   4.4837274e-03
   1.4554521e-01   1.8450141e-01   4.8017758e-01  -1.2029549e-02  -1.5439662e-03   4.5374585e-03
   1.2938957e-01   1.8184732e-01   4.5541279e-01  -1.1893180e-02  -1.5218989e-03   4.2297103e-03
   1.4437888e-01   1.9549802e-01   4.7387170e-01  -1.1850547e-02  -1.8021497e-03   4.5340087e-03
   1.3275707e-01   1.9520444e-01   4.5703993e-01  -1.1745181e-02  -1.7738606e-03   4.4846190e-03
   1.3553235e-01   1.8176017e-01   4.5647742e-01  -1.2071366e-02  -1.5470545e-03   4.5356115e-03
   1.3387702e-01   1.9468066e-01   4.8099266e-01  -1.2576430e-02  -1.8047551e-03   4.7216595e-03
   1.2113316e-01   1.9789644e-01   4.8467068e-01  -1.2937713e-02  -2.2706240e-03   4.2768447e-03
   1.3284317e-01   2.7182417e-01   5.6228332e-01  -1.2588502e-02  -2.3996092e-03   3.4657312e-03
   1.3292374e-01   2.4445982e-01   4.8247677e-01  -1.2248922e-02  -2.4746102e-03   3.9049496e-03
   1.2650505e-01   2.5220374e-01   4.7013066e-01  -1.2653957e-02  -2.0647020e-03   4.2167363e-03
   1.3839864e-01   2.4208006e-01   4.7237764e-01  -1.2323654e-02  -2.4451011e-03   4.3888043e-03
   1.3256173e-01   2.5620003e-01   5.1322118e-01  -1.3374429e-02  -2.4834363e-03   4.3546803e-03
   1.2063369e-01   2.3187042e-01   6.2991634e-01  -1.3458572e-02  -2.4032423e-03   4.1614261e-03
   1.4638395e-01   2.4163655e-01   5.8367008e-01  -1.3534252e-02  -2.5781006e-03   4.7563917e-03
   1.2613068e-01   2.4761401e-01   5.5381805e-01  -1.3424242e-02  -2.4303179e-03   4.3066899e-03
   1.4304397e-01   2.7445392e-01   5.6669696e-01  -1.3765901e-02  -2.3036339e-03   4.3488905e-03
   1.3317083e-01   2.5840320e-01   5.8412106e-01  -1.3875485e-02  -2.1654063e-03   4.6761307e-03
   1.1869048e-01   2.4727338e-01   5.7407506e-01  -1.4541688e-02  -2.1625055e-03   4.5362590e-03
   1.1895409e-01   2.5823589e-01   5.4799054e-01  -1.3929617e-02  -2.3290298e-03   4.4604706e-03
   1.0751940e-01   2.6092620e-01   5.7351160e-01  -1.4438407e-02  -2.2835838e-03   4.2415826e-03
   1.1351711e-01   2.4188172e-01   5.5565187e-01  -1.4317160e-02  -2.5268622e-03   4.3221819e-03
   1.1749994e-01   2.8140041e-01   5.5919844e-01  -1.4765889e-02  -2.4314717e-03   4.6985351e-03
   1.0061235e-01   7.2198298e-01   8.1201758e-01  -1.0963979e-02  -2.2628100e-03   5.0044272e-03
   5.8454059e-02   5.8413501e-01   7.1241184e-01  -9.2350369e-03  -3.2591500e-03   2.8346808e-03
   5.7260802e-02   5.9899750e-01   7.3475966e-01  -9.6888412e-03  -2.9632643e-03   2.9291622e-03
   4.5378241e-02   5.9024682e-01   7.2413753e-01  -9.8703225e-03  -3.0707478e-03   2.5907039e-03
   5.1711552e-02   5.7594698e-01   7.1804761e-01  -9.9833556e-03  -3.0827865e-03   2.8613755e-03
   4.5395699e-02   5.9781323e-01   6.9482158e-01  -9.0559740e-03  -3.3318293e-03   2.7090927e-03
   3.6562590e-02   5.6881548e-01   7.6762755e-01  -1.0396294e-02  -2.7789146e-03   2.6213741e-03
   3.9401398e-02   5.5828902e-01   7.2517279e-01  -1.0248299e-02  -2.9123263e-03   2.6860915e-03
   4.3613294e-02   5.4703831e-01   7.3272401e-01  -1.1006112e-02  -2.7525471e-03   2.6712006e-03
   4.2199826e-02   5.4410851e-01   7.1751898e-01  -1.0835183e-02  -2.8509001e-03   2.4886243e-03
   3.4762723e-02   5.5332546e-01   7.1800792e-01  -1.0747136e-02  -2.5719127e-03   2.5991805e-03
   2.9639577e-02   5.3528892e-01   7.1732582e-01  -1.0836482e-02  -2.6607061e-03   2.3364108e-03
   6.3684930e-02   5.3035007e-01   7.0134295e-01  -1.0885807e-02  -2.6133320e-03   2.9720138e-03
   2.9925864e-02   5.6935963e-01   7.1305522e-01  -1.0165107e-02  -2.7733655e-03   2.4333150e-03
   3.5336861e-02   6.0730677e-01   7.3483744e-01  -9.1268437e-03  -2.5844163e-03   2.0592430e-03
   3.4210716e-02   5.9035527e-01   6.7338803e-01  -9.1809824e-03  -2.1508105e-03   2.3098818e-03
   4.2547635e-02   5.6432782e-01   6.8430973e-01  -9.3905915e-03  -2.3738828e-03   2.5739313e-03
   4.6392556e-02   5.8224851e-01   6.5270548e-01  -8.8956801e-03  -2.4252859e-03   2.7103070e-03
   5.4175234e-02   5.7441262e-01   7.0939703e-01  -8.5801422e-03  -2.2700523e-03   2.6586500e-03
   5.2877001e-02   5.5883214e-01   7.2622471e-01  -9.2245702e-03  -2.1968115e-03   2.6130873e-03
   4.5990460e-02   5.5130395e-01   6.6773951e-01  -9.2122236e-03  -2.2891270e-03   2.5190475e-03
   4.4040145e-02   5.7451277e-01   6.5941027e-01  -8.1338993e-03  -2.2595622e-03   2.3929171e-03
   4.4758111e-02   5.6872797e-01   6.6262173e-01  -8.2591089e-03  -2.3248754e-03   2.3375009e-03
   4.8293729e-02   5.4781158e-01   7.0066363e-01  -8.9037227e-03  -2.2396025e-03   2.2342053e-03
   3.6336446e-02   5.7945236e-01   6.8152886e-01  -8.5087402e-03  -2.5416076e-03   1.9204735e-03
   3.1025048e-02   6.0225117e-01   6.5088086e-01  -7.9211922e-03  -2.5390715e-03   1.9731109e-03
   3.5040514e-02   5.9591017e-01   6.4496470e-01  -8.2286093e-03  -2.5861859e-03   2.0674436e-03
   3.5918763e-02   5.8219739e-01   6.4874220e-01  -8.2814563e-03  -2.4410598e-03   2.1449225e-03
   3.6868561e-02   6.0498452e-01   6.9238139e-01  -9.0611852e-03  -2.3105273e-03   2.3239347e-03
   4.7459150e-02   5.9357192e-01   6.7279338e-01  -8.7254356e-03  -2.2352509e-03   2.2480504e-03
   4.2113896e-02   5.8511097e-01   6.7217749e-01  -9.0213247e-03  -2.0763071e-03   2.2945952e-03
   5.6588849e-02   5.8076871e-01   6.3589058e-01  -8.5820459e-03  -2.3763775e-03   2.5122837e-03
   4.5253834e-02   5.9530334e-01   6.2117127e-01  -8.3020497e-03  -2.3803556e-03   2.2550184e-03
   4.7640710e-02   5.7162442e-01   6.7248512e-01  -8.9713232e-03  -1.9700459e-03   2.1415871e-03
   4.7152623e-02   6.0855175e-01   6.4443834e-01  -8.8157698e-03  -2.2648019e-03   2.1242156e-03
   6.7653266e-02   6.0310719e-01   6.5862216e-01  -8.6379880e-03  -1.7928567e-03   2.7537720e-03
   6.6731471e-02   6.1990582e-01   6.8557834e-01  -8.9251923e-03  -1.7022583e-03   2.6883271e-03
   6.0625882e-02   6.1358778e-01   6.9505385e-01  -8.3264050e-03  -1.6262924e-03   2.2117329e-03
   6.6272264e-02   6.0636314e-01   6.6832312e-01  -8.4397933e-03  -1.7279595e-03   2.9514447e-03
   5.3620844e-02   6.0770402e-01   6.8585045e-01  -8.6516675e-03  -1.7024515e-03   2.5713380e-03
   6.2415856e-02   6.2533979e-01   6.5873937e-01  -7.6267280e-03  -1.5553073e-03   2.7039877e-03
   6.6425532e-02   6.1195654e-01   6.7180586e-01  -8.1459336e-03  -1.6387850e-03   2.6174923e-03
   6.4855924e-02   6.1151881e-01   6.4731294e-01  -8.2308011e-03  -1.5887192e-03   2.6799887e-03
   7.4214325e-02   6.1633442e-01   5.8937945e-01  -7.5365259e-03  -1.7303943e-03   3.0380596e-03
   6.2310640e-02   6.0966865e-01   6.5641273e-01  -8.1320051e-03  -1.5610467e-03   2.7025298e-03
   5.7406931e-02   6.1655052e-01   6.0535051e-01  -7.5874498e-03  -1.5825819e-03   2.6738457e-03
   6.7067243e-02   6.3609632e-01   6.0762351e-01  -7.3961938e-03  -1.4600650e-03   2.9304624e-03
   7.0108615e-02   6.2113802e-01   6.1389780e-01  -6.9477932e-03  -1.2023664e-03   3.2272732e-03
   8.0055530e-02   6.3186458e-01   5.8556037e-01  -6.8674623e-03  -9.5674101e-04   3.2690847e-03
   7.8502371e-02   6.3241461e-01   5.8673734e-01  -6.6227499e-03  -9.0754090e-04   3.4131883e-03
   8.4529863e-02   6.3614853e-01   5.9963428e-01  -7.0493000e-03  -9.0830921e-04   3.2754023e-03
   9.1239998e-02   6.2243732e-01   5.8166325e-01  -6.8726829e-03  -9.4533582e-04   3.4948769e-03
   9.6367425e-02   6.5593622e-01   5.8238647e-01  -6.5511682e-03  -1.1516366e-03   3.3192085e-03
   8.7868665e-02   6.8788030e-01   6.2602428e-01  -7.1514820e-03  -1.0111726e-03   2.8095890e-03
   9.2553725e-02   6.8493521e-01   5.9022837e-01  -6.3577566e-03  -8.8309578e-04   3.1714140e-03
   7.9708581e-02   6.7315120e-01   6.1421397e-01  -6.7023934e-03  -7.0827124e-04   3.0533125e-03
   7.7452215e-02   6.6942441e-01   6.3046787e-01  -6.5406432e-03  -6.5795864e-04   3.0871884e-03
   7.7640768e-02   6.7144181e-01   6.6696031e-01  -7.3511397e-03  -7.5110919e-04   3.1821280e-03
   8.9775888e-02   6.8366059e-01   6.3676639e-01  -6.9096162e-03  -7.0176670e-04   3.3947085e-03
   8.4340970e-02   6.4957289e-01   6.7140607e-01  -8.3345900e-03  -7.3103368e-04   3.1824804e-03
