   0.0000000e+00   0.0000000e+00   0.0000000e+00   0.0000000e+00   0.0000000e+00   0.0000000e+00
  -8.1752178e-03   9.9792772e-03  -1.5628367e-02  -6.3707100e-05   2.3026969e-04  -5.6220385e-04
  -6.9105570e-03   9.1257109e-02  -4.3943951e-03  -1.4011835e-03  -2.0104635e-04  -5.7249657e-04
  -1.1557796e-02   1.0753335e-01   5.2296870e-02  -1.2802518e-03  -3.1176021e-04  -1.5815993e-04
  -1.5134947e-02   5.2407476e-02   7.0110921e-02  -2.0829169e-03   4.6539938e-04  -8.4329339e-04
  -1.1371799e-02   8.8176338e-02   6.0973068e-02  -1.6258700e-03  -1.1037744e-04  -7.1987794e-04
  -1.4666210e-02   1.1977694e-01   5.4672665e-02  -8.6338706e-04  -2.6832670e-04  -8.3946026e-04
  -4.3914842e-03   8.5440478e-02   4.8746737e-02  -2.7691392e-03   3.2830878e-05  -1.1362723e-03
  -1.7676589e-03   3.4666569e-02   4.2734156e-02  -1.1042877e-03  -2.5582937e-04  -1.4987274e-03
   4.4532448e-04   8.6581858e-02   9.3508205e-02  -2.3213202e-03   6.6740680e-05  -1.0278297e-03
  -5.6207743e-03   7.1149397e-02   6.2305559e-02  -1.6873911e-03   4.0300679e-04  -2.1079781e-03
  -6.4843624e-03   1.1664855e-01   1.2799885e-01  -3.8399564e-03   1.5407159e-04  -1.8533593e-03
  -7.6512913e-03   8.2349409e-02   9.8636228e-02  -3.4159469e-03   3.8777044e-04  -1.9408650e-03
  -3.2832913e-03   9.2945210e-02   1.2730148e-01  -3.2159432e-03   1.3324040e-04  -2.1438332e-03
  -6.4681302e-03   5.3065796e-02   1.1131458e-01  -4.6559929e-03   2.6786228e-04  -2.4303939e-03
   7.3074546e-04   7.2577359e-02   1.2453500e-01  -3.5827099e-03   1.2851039e-04  -2.4497342e-03
   9.3089812e-03   1.1031750e-01   1.3479113e-01  -4.9476221e-03   2.6941675e-04  -1.9521816e-03
   5.9054133e-03   8.4246982e-02   1.6979042e-01  -3.5785377e-03   2.2527310e-05  -2.1779371e-03
   1.5745760e-02   9.2534165e-02   2.0300410e-01  -5.4308862e-03   3.3077012e-05  -2.4090398e-03
   4.6465135e-03   3.0348462e-02   2.3425075e-01  -6.2761199e-03  -2.9498532e-05  -3.2579783e-03
   9.1161387e-04   8.8426290e-02   1.7991564e-01  -4.3729653e-03  -2.5184182e-04  -2.3360947e-03
  -9.2923808e-03   8.0302636e-02   1.7141173e-01  -3.9071448e-03  -7.9600242e-05  -3.5515532e-03
  -2.8020707e-03   1.4963927e-01   1.8019509e-01  -5.4617054e-03  -4.2680696e-04  -2.9013562e-03
  -1.7639748e-02   9.1732928e-02   2.0738039e-01  -4.4926326e-03  -3.7523068e-04  -3.5936444e-03
  -1.2504785e-02   8.7932825e-02   2.1589994e-01  -4.7545535e-03   2.1100887e-04  -3.7954617e-03
  -1.1665916e-02   9.8479028e-02   2.2818444e-01  -5.0072786e-03   2.0298496e-04  -4.0981935e-03
  -1.1664894e-02   5.6586048e-02   2.6906923e-01  -4.0260977e-03   7.2609581e-04  -3.9705621e-03
  -7.4517404e-03   7.5591182e-02   3.0365644e-01  -4.2090357e-03   1.0114736e-03  -3.5650908e-03
  -1.3623363e-02   1.0496428e-01   3.0180885e-01  -3.4287397e-03   9.3764410e-04  -3.8213149e-03
  -2.1856288e-02   1.1553447e-01   3.2336177e-01  -4.0436855e-03   1.2168448e-03  -4.3057643e-03
  -1.3726207e-02   1.4391343e-01   3.8345171e-01  -5.6733943e-03   1.0132050e-03  -3.9961823e-03
  -2.0090385e-02   1.0616641e-01   3.5311688e-01  -5.6447986e-03   1.1639697e-03  -4.0336309e-03
  -2.0911089e-02   1.0349223e-01   3.5135460e-01  -4.2365665e-03   9.8804849e-04  -4.1616018e-03
  -2.4480442e-02   1.5367926e-01   3.7042939e-01  -5.6110912e-03   1.3535023e-03  -4.0862097e-03
  -2.8553789e-02   1.4856005e-01   3.7201677e-01  -5.4527049e-03   1.4052625e-03  -4.0165595e-03
  -3.7409316e-02   1.5794959e-01   4.0369337e-01  -6.4327902e-03   1.7227746e-03  -4.1654536e-03
  -3.0561781e-02   1.5391248e-01   4.4743732e-01  -7.9193291e-03   1.6903269e-03  -4.1657811e-03
  -2.9566042e-02   1.5257365e-01   4.1722169e-01  -6.6809823e-03   1.8869803e-03  -4.5542996e-03
  -1.9346042e-02   1.2862836e-01   4.0800951e-01  -5.4381524e-03   2.0543710e-03  -4.4397756e-03
  -1.9051549e-02   1.5119562e-01   4.2245363e-01  -7.2041328e-03   1.8925559e-03  -4.5578355e-03
  -2.1087601e-02   1.6245443e-01   3.9968901e-01  -6.6909101e-03   2.1528033e-03  -4.3281006e-03
  -1.8541144e-02   1.6967497e-01   4.1747877e-01  -6.6004561e-03   1.9423397e-03  -4.2592177e-03
  -2.4862419e-02   1.7834252e-01   4.5243807e-01  -7.1179339e-03   1.8365443e-03  -4.2203819e-03
  -2.6282718e-02   1.7675453e-01   4.6747581e-01  -8.5884911e-03   2.0279953e-03  -4.2670612e-03
  -3.2931761e-02   1.6081088e-01   4.1634868e-01  -6.1975135e-03   1.9554030e-03  -4.8933220e-03
  -3.7363254e-02   1.9754614e-01   4.0121665e-01  -4.6651184e-03   1.8493481e-03  -5.0840904e-03
  -3.1783266e-02   2.3813693e-01   4.2117280e-01  -5.1375924e-03   1.7822986e-03  -4.5933156e-03
  -2.3691450e-02   2.1718613e-01   4.3561864e-01  -6.1372245e-03   1.6063128e-03  -4.6385171e-03
  -1.9954440e-02   1.7292705e-01   4.4401834e-01  -6.4148521e-03   1.9066296e-03  -4.6772147e-03
  -2.8050552e-02   1.3733526e-01   4.3825436e-01  -5.1892084e-03   1.7961276e-03  -5.2227708e-03
  -1.9223907e-02   1.6230586e-01   4.8768176e-01  -7.5433454e-03   1.9922207e-03  -5.1567323e-03
  -2.4237112e-02   1.2905850e-01   4.4349583e-01  -5.8604737e-03   1.7902663e-03  -4.7550897e-03
  -2.5317867e-02   1.9979214e-01   4.4440347e-01  -6.0283682e-03   1.5748488e-03  -4.8921629e-03
  -2.8666971e-02   2.1661994e-01   4.0830296e-01  -5.7693972e-03   1.5111993e-03  -5.1443192e-03
  -2.7425283e-02   2.3812215e-01   4.4535108e-01  -6.8126132e-03   1.7681881e-03  -5.1197837e-03
  -3.4819579e-02   2.7750172e-01   4.8111184e-01  -5.9713948e-03   1.7112651e-03  -5.2584807e-03
  -4.9463181e-02   2.6833232e-01   5.0610588e-01  -6.1618201e-03   1.6383082e-03  -5.9516405e-03
  -5.1670006e-02   2.2901043e-01   4.8416291e-01  -5.9148768e-03   1.7663269e-03  -6.2135183e-03
  -6.1304995e-02   2.2560759e-01   4.7970409e-01  -5.6479667e-03   1.2565270e-03  -6.8888293e-03
  -6.7471351e-02   1.9451492e-01   5.0079310e-01  -6.5450756e-03   1.3368272e-03  -6.8471697e-03
  -9.0476811e-02   2.0386826e-01   4.5585799e-01  -4.6599406e-03   9.7273211e-05  -7.2035305e-03
  -8.3131735e-02   2.1605698e-01   4.9767214e-01  -6.3224498e-03   3.2595818e-04  -7.1914192e-03
  -7.1353864e-02   2.2501018e-01   4.9072258e-01  -5.8615654e-03   4.9089179e-04  -6.9206676e-03
  -7.4328467e-02   2.8115569e-01   5.1020674e-01  -7.2528143e-03   3.5922627e-04  -6.7596085e-03
  -7.7177966e-02   2.2442066e-01   5.2625870e-01  -6.7153341e-03   1.6479970e-04  -7.0571098e-03
  -7.2933562e-02   2.4977179e-01   5.4874831e-01  -9.2695135e-03   3.6308013e-04  -6.9317914e-03
  -7.5849534e-02   2.2665954e-01   5.2908549e-01  -8.3748047e-03   4.8439897e-04  -7.1315740e-03
  -7.8582143e-02   2.4298596e-01   5.2551035e-01  -7.5691059e-03   5.2535426e-04  -7.2049511e-03
  -8.4038709e-02   2.8007170e-01   4.9688698e-01  -7.4930256e-03   3.8273710e-04  -7.1837369e-03
  -8.2539430e-02   2.7998117e-01   5.6400476e-01  -9.7632970e-03   4.7407396e-04  -7.1877509e-03
  -8.4070268e-02   2.5979471e-01   5.7114667e-01  -1.0745673e-02   4.1842336e-04  -7.0861541e-03
  -7.8493217e-02   2.4506169e-01   5.6459521e-01  -9.2250309e-03   1.8256364e-04  -7.1016967e-03
  -7.2284309e-02   2.6165916e-01   5.4973003e-01  -8.6880023e-03   1.3290403e-04  -7.0485740e-03
  -8.1715825e-02   2.8596973e-01   5.7302059e-01  -1.0167258e-02   1.8414593e-04  -7.4522815e-03
  -8.3347627e-02   3.0710698e-01   5.6970440e-01  -9.3814384e-03   3.4102740e-05  -6.9176927e-03
  -8.6311115e-02   3.1183153e-01   6.2809530e-01  -1.1015811e-02   2.5739924e-04  -7.2913921e-03
  -8.0889932e-02   2.9570901e-01   5.8346434e-01  -9.4404930e-03  -1.2021296e-04  -7.3752146e-03
  -6.8518653e-02   3.1166180e-01   6.3917891e-01  -9.9090188e-03   1.5038520e-04  -7.4439490e-03
  -7.1291979e-02   3.0405635e-01   6.0217848e-01  -8.0652059e-03  -3.5229840e-05  -7.3343430e-03
  -6.7490994e-02   2.7280235e-01   6.3623936e-01  -7.5331383e-03  -1.9125180e-05  -7.4472387e-03
  -6.5613348e-02   2.7812809e-01   6.4684959e-01  -9.1741299e-03  -2.8784991e-05  -7.4397720e-03
  -6.3051889e-02   2.6676592e-01   6.4304949e-01  -7.7240008e-03  -2.6467842e-04  -7.5680422e-03
  -6.2902857e-02   3.3736600e-01   6.3910153e-01  -8.1824533e-03  -5.8504526e-05  -7.2522348e-03
  -7.3462215e-02   2.9815642e-01   6.7687433e-01  -9.2497026e-03   7.5885701e-05  -7.5378889e-03
  -7.6277375e-02   2.8313386e-01   6.4472601e-01  -8.0625759e-03   3.6483816e-04  -7.4161467e-03
  -7.1328795e-02   3.0524485e-01   7.2163553e-01  -1.0235539e-02   3.3070073e-04  -7.4168963e-03
  -6.7378288e-02   2.9603521e-01   6.2468696e-01  -7.9385740e-03   2.7241145e-04  -7.5392152e-03
  -6.3140938e-02   3.1501000e-01   6.7228112e-01  -8.5399865e-03   3.3542780e-04  -7.5082421e-03
  -1.1133674e-01   2.0375254e-01   2.5095964e-01  -5.8147630e-03   4.3205299e-04  -9.5443758e-03
  -9.2682131e-02   3.8936422e-01   4.4054244e-01  -2.3443609e-03   1.2532490e-03  -9.3280456e-03
  -9.4864136e-02   3.6823983e-01   6.4649456e-01  -1.4293094e-03   1.2828131e-03  -1.0189073e-02
  -8.3312885e-02   3.2798062e-01   6.2504276e-01  -4.2430446e-03   1.4376404e-03  -9.9390561e-03
  -7.9286014e-02   3.2408931e-01   6.2953934e-01  -4.4274252e-03   1.7535888e-03  -9.4563020e-03
  -7.5747749e-02   3.5133963e-01   5.9532036e-01  -5.7381737e-03   1.1428091e-03  -9.3383300e-03
  -8.2103917e-02   3.3781309e-01   6.4284593e-01  -4.5969153e-03   1.2074336e-03  -9.6828559e-03
  -8.2419561e-02   3.0899907e-01   6.2665095e-01  -4.4522896e-03   1.1448610e-03  -9.7402787e-03
  -7.6093880e-02   3.6776139e-01   6.2394452e-01  -5.7894970e-03   1.0035424e-03  -9.0047462e-03
  -7.9743818e-02   3.6555435e-01   6.5707917e-01  -5.7178489e-03   1.3688099e-03  -9.1267468e-03
  -8.6399690e-02   3.3899337e-01   6.5943761e-01  -5.5461171e-03   1.5129785e-03  -9.0705617e-03
  -8.4446446e-02   2.9008189e-01   6.5402167e-01  -6.2585917e-03   1.5738177e-03  -9.6157468e-03
  -8.5371795e-02   3.4302131e-01   6.5305356e-01  -6.4789174e-03   1.0549405e-03  -9.3259223e-03
  -8.7712652e-02   3.2815502e-01   6.5077827e-01  -7.3419205e-03   1.0453921e-03  -9.3408083e-03
  -7.9020103e-02   3.3752252e-01   7.0660601e-01  -7.7970372e-03   1.1787289e-03  -9.1949289e-03
  -7.4848198e-02   3.6062503e-01   6.7415099e-01  -8.1290611e-03   1.1293621e-03  -8.9532295e-03
  -7.7651984e-02   3.9115495e-01   6.9732983e-01  -8.5562926e-03   1.1236598e-03  -8.7319382e-03
  -7.9880884e-02   3.4688343e-01   6.8598806e-01  -8.8166427e-03   1.2616001e-03  -9.3059690e-03
  -7.4397331e-02   3.1185944e-01   6.9658701e-01  -8.7495841e-03   1.2589799e-03  -9.2055668e-03
  -7.0530597e-02   3.4241195e-01   7.0630954e-01  -8.7686730e-03   1.2504434e-03  -9.2557943e-03
  -7.4988199e-02   3.7018713e-01   6.5485839e-01  -8.6760193e-03   6.5499273e-04  -8.7369330e-03
  -7.6311108e-02   3.8317043e-01   6.8152325e-01  -8.7564761e-03   6.4466731e-04  -9.2474696e-03
  -7.4891489e-02   3.7758237e-01   6.9640519e-01  -9.6772295e-03   9.3830919e-04  -8.9813306e-03
  -7.3785151e-02   3.4880001e-01   7.2214197e-01  -1.0955079e-02   8.8995402e-04  -9.2870643e-03
  -8.1213342e-02   3.5457714e-01   6.7744421e-01  -8.8184055e-03   9.8551179e-04  -9.3279053e-03
  -9.4947226e-02   3.5369331e-01   6.5036829e-01  -7.7615613e-03   7.9588779e-04  -1.0032050e-02
  -9.9320758e-02   4.0041688e-01   6.7604230e-01  -9.8187432e-03   1.0686690e-03  -9.9573010e-03
  -9.5091151e-02   3.8217124e-01   6.9532628e-01  -9.9991472e-03   8.6301490e-04  -9.9715354e-03
  -9.4633166e-02   3.9475319e-01   7.1298170e-01  -9.5466297e-03   6.8360840e-04  -9.3965929e-03
  -9.5716861e-02   3.6287671e-01   7.0979542e-01  -9.6685951e-03   7.6765025e-04  -9.7232920e-03
  -1.0140907e-01   3.3887465e-01   7.0268382e-01  -1.0183222e-02   5.1892584e-04  -1.0516834e-02
  -9.5402406e-02   3.7380629e-01   6.8004985e-01  -8.0648363e-03   5.6671919e-04  -1.0251977e-02
  -9.2794869e-02   3.7670650e-01   6.8829289e-01  -8.0683685e-03   6.5250537e-04  -1.0122818e-02
  -1.0474885e-01   3.7306310e-01   6.8439973e-01  -9.2037900e-03   1.2146177e-03  -1.0089764e-02
  -1.0694206e-01   3.4342879e-01   6.8141030e-01  -7.8244383e-03   1.0678041e-03  -1.0499196e-02
  -1.1111137e-01   3.5680841e-01   7.1388200e-01  -9.8770308e-03   1.1007919e-03  -1.0496355e-02
  -1.0541099e-01   3.1056904e-01   6.6495724e-01  -8.3747484e-03   8.1209634e-04  -1.0485084e-02
  -1.1549976e-01   3.3981213e-01   6.9221387e-01  -9.3268699e-03   8.2608774e-04  -1.0862770e-02
  -1.2229642e-01   3.5953968e-01   6.8777047e-01  -9.6866121e-03   8.4382269e-04  -1.0651970e-02
  -1.1598726e-01   3.7530336e-01   7.2456347e-01  -1.0698042e-02   1.0236679e-03  -1.0524063e-02
  -1.2158114e-01   3.6990740e-01   6.7001069e-01  -8.7574507e-03   8.2195731e-04  -1.0784019e-02
  -1.1839930e-01   3.9141604e-01   6.6919349e-01  -8.6354531e-03   1.0174994e-03  -1.0919209e-02
  -1.1649941e-01   4.5933602e-01   6.6984273e-01  -8.6602246e-03   9.5473206e-04  -1.0897120e-02
  -1.2209462e-01   3.9276540e-01   6.6929808e-01  -7.7247884e-03   6.2862589e-04  -1.0712870e-02
  -1.2415579e-01   3.8677190e-01   6.7824775e-01  -8.3267593e-03   9.4830856e-04  -1.0985809e-02
  -1.0261882e-01   4.1588092e-01   7.6132794e-01  -8.5836929e-03   1.4817202e-03  -1.0873998e-02
  -1.0531417e-01   4.0485625e-01   7.8759322e-01  -8.5960020e-03   2.0647415e-03  -1.1050391e-02
  -9.8711498e-02   3.7780344e-01   7.6544809e-01  -7.9535944e-03   1.5363597e-03  -1.0838070e-02
  -9.7023365e-02   4.0284752e-01   8.0563191e-01  -8.6342685e-03   1.6616531e-03  -1.1082350e-02
  -1.1052473e-01   4.3485312e-01   7.3038519e-01  -7.0116533e-03   1.5169373e-03  -1.1215442e-02
  -1.1099211e-01   4.0254422e-01   7.9143584e-01  -8.2509020e-03   1.8288199e-03  -1.1609180e-02
  -1.0690519e-01   3.4892081e-01   7.9661908e-01  -8.3912352e-03   1.4539682e-03  -1.1757816e-02
  -1.1103852e-01   3.8407751e-01   8.3624920e-01  -1.0858849e-02   1.1642795e-03  -1.1709276e-02
  -1.0237623e-01   3.8372728e-01   7.5924625e-01  -8.3565221e-03   8.7895145e-04  -1.1632215e-02
  -1.0173285e-01   4.4534079e-01   7.9221533e-01  -9.7430388e-03   1.1377686e-03  -1.1547035e-02
  -9.8287260e-02   4.4613872e-01   7.7549387e-01  -8.0463407e-03   6.7261933e-04  -1.1409064e-02
  -9.9178766e-02   4.4486207e-01   7.9316123e-01  -8.0226353e-03   8.0039210e-04  -1.1572118e-02
  -1.0131398e-01   3.8637786e-01   8.0853430e-01  -9.6176178e-03   1.0811471e-03  -1.1780881e-02
  -9.6801072e-02   4.6872904e-01   8.0146535e-01  -9.0218665e-03   7.6768298e-04  -1.1329939e-02
  -1.0411499e-01   4.1386542e-01   7.9017704e-01  -8.1339428e-03   5.8526898e-04  -1.1856786e-02
  -9.8165233e-02   4.0027023e-01   7.9030926e-01  -8.1699347e-03   1.0699541e-03  -1.2381832e-02
  -9.6327697e-02   4.4453936e-01   7.6489002e-01  -7.6050688e-03   5.1750324e-04  -1.1716450e-02
  -9.5520347e-02   4.8018922e-01   8.2035478e-01  -9.8591297e-03   8.5907555e-04  -1.1904840e-02
  -1.1132779e-01   4.7265736e-01   8.0786908e-01  -8.4589909e-03   6.7498519e-04  -1.1928475e-02
  -1.1391557e-01   4.3013842e-01   8.2048582e-01  -8.4197272e-03   1.0018768e-03  -1.2290119e-02
  -1.0531443e-01   4.4682175e-01   8.0381899e-01  -9.2089510e-03   5.5729937e-04  -1.2015169e-02
  -1.0720986e-01   4.5254555e-01   8.2870978e-01  -9.4398706e-03   8.1785156e-04  -1.2199345e-02
  -9.7031045e-02   4.4357652e-01   8.2321057e-01  -8.5495107e-03   8.2305658e-04  -1.1635817e-02
  -8.9752891e-02   4.4874176e-01   8.5028974e-01  -9.6231591e-03   8.3881612e-04  -1.1883239e-02
  -9.1617048e-02   4.2933396e-01   7.9127666e-01  -8.3407634e-03   4.0976893e-04  -1.1738861e-02
  -9.7674845e-02   4.6889466e-01   8.0813170e-01  -8.8195739e-03   3.3763321e-04  -1.1677210e-02
  -9.4772959e-02   4.7624134e-01   8.2451945e-01  -9.4528959e-03   4.9935351e-04  -1.1728511e-02
  -9.4376033e-02   4.6551025e-01   8.3694202e-01  -8.6967202e-03   1.3463819e-03  -1.1680998e-02
  -9.0478357e-02   4.9083198e-01   8.8381732e-01  -1.1738944e-02   1.3719971e-03  -1.1551470e-02
  -8.9349960e-02   4.6927552e-01   8.7502093e-01  -1.0429499e-02   1.5586435e-03  -1.1934119e-02
  -8.9660799e-02   4.9327559e-01   8.5943423e-01  -9.0091290e-03   1.3662391e-03  -1.1939253e-02
  -7.8357823e-02   4.6879439e-01   8.5399897e-01  -9.2708350e-03   8.5741900e-04  -1.1625017e-02
  -8.3840279e-02   4.8314589e-01   8.7800237e-01  -9.5538259e-03   1.1276208e-03  -1.1721763e-02
  -8.5656765e-02   5.0940844e-01   9.0257984e-01  -1.0444971e-02   1.0575912e-03  -1.1916078e-02
  -9.4234993e-02   5.2141021e-01   9.2127051e-01  -1.1206051e-02   1.0820848e-03  -1.2232035e-02
  -9.8854760e-02   4.5307008e-01   8.6686004e-01  -9.9186809e-03   1.2029566e-03  -1.2622807e-02
  -1.0354152e-01   4.5203656e-01   8.5110603e-01  -8.9004977e-03   1.1475639e-03  -1.2709135e-02
  -8.5305545e-02   4.9782882e-01   8.4749758e-01  -9.0820801e-03   9.7091608e-04  -1.2245628e-02
  -9.2104844e-02   5.0835095e-01   8.6904093e-01  -1.0497291e-02   1.2018979e-03  -1.2483316e-02
  -8.3632920e-02   5.2126649e-01   8.4097355e-01  -9.4132189e-03   1.3417437e-03  -1.2353537e-02
  -7.9688867e-02   4.7879120e-01   8.2764373e-01  -7.9070935e-03   1.4087807e-03  -1.2493796e-02
  -8.7736284e-02   4.9415699e-01   8.9481925e-01  -1.0843754e-02   1.4705956e-03  -1.2842717e-02
  -7.0843156e-02   4.7160018e-01   9.0549440e-01  -1.0939173e-02   1.1822630e-03  -1.2251463e-02
  -7.0491997e-02   4.5103184e-01   8.7946387e-01  -1.0525285e-02   1.3448331e-03  -1.2872459e-02
  -6.8818175e-02   4.8498378e-01   8.4513052e-01  -9.1669205e-03   1.2008681e-03  -1.2408416e-02
  -6.1259949e-02   5.1175457e-01   8.3466343e-01  -8.9776794e-03   1.0768866e-03  -1.1975885e-02
