   0.0000000e+00   0.0000000e+00  -7.1054274e-15   0.0000000e+00   0.0000000e+00   0.0000000e+00
   2.8221794e-02   3.3778376e-02   8.1945992e-02  -4.9991320e-04   5.0156000e-04   9.5425299e-05
   1.5090132e-02   4.8361793e-02   1.1425107e-01  -2.4129616e-04   1.2381989e-03   4.2984201e-04
   7.9343279e-03   4.4577749e-02   1.2447672e-01  -7.6287470e-05   1.3744004e-03   5.5936404e-04
  -9.0213177e-03   3.9511615e-02   1.4482446e-01  -1.2391887e-04   1.6151767e-03   8.7363799e-04
   3.3387937e-03   3.6340285e-02   1.5025363e-01   2.6688473e-04   1.4381631e-03   8.4786353e-04
  -9.7047396e-04   6.3755119e-02   2.4641053e-01  -5.8301714e-04   1.8975648e-03   6.1725731e-04
  -2.9155583e-04   5.6702496e-02   2.1812502e-01  -9.0246092e-04   1.6960033e-03   4.4442895e-04
   1.3491629e-02   7.4643323e-02   2.6890594e-01  -1.7843160e-03   1.7279922e-03   4.9162755e-04
   3.4125203e-03   5.4111875e-02   2.1883069e-01  -1.3844839e-03   1.9574247e-03   4.5822792e-04
   8.5968544e-03   7.1679472e-02   2.7658471e-01  -1.7999313e-03   1.6330924e-03   3.0086377e-04
   1.0734486e-02   4.8572607e-02   2.5126889e-01  -1.5480662e-03   1.7557059e-03   4.4626965e-04
  -1.5558887e-03   6.7135023e-02   2.1293223e-01  -2.2793431e-03   1.4475063e-03   2.7219599e-04
   7.0572974e-03   6.3810364e-02   1.7590454e-01  -1.5149076e-03   1.8590412e-03   1.6899451e-04
   2.3819632e-02   1.1296586e-01   4.4370781e-01  -3.6684136e-03   1.5295564e-03   1.7154105e-04
   3.4139002e-02   2.8995481e-01   5.5830053e-01  -6.5977883e-03   2.6296024e-04  -3.2400830e-04
   1.9621303e-02   1.1429513e-01   2.2113127e-01  -3.6045148e-03   2.5143250e-03  -2.8954372e-04
   1.7858058e-02   5.1498168e-02   2.1551899e-01  -3.8910687e-03   2.4709335e-03  -5.3709868e-04
   3.9670744e-03   4.9861595e-02   2.5313094e-01  -3.8478137e-03   1.9688976e-03  -6.0951713e-04
   1.8127371e-02   2.0241571e-02   4.1334987e-01  -4.7311862e-03   2.0773309e-03  -6.1207987e-04
   9.3568780e-03   3.4630166e-02   3.2981037e-01  -3.9894787e-03   1.6391806e-03  -6.5277966e-04
   2.8025742e-02   1.3840795e-02   4.9032111e-01  -6.7997130e-03   1.5525022e-03  -9.0327873e-04
   1.4132573e-02   3.9789661e-02   4.9413239e-01  -5.8775036e-03   1.3556879e-03  -1.0991032e-03
  -9.6967286e-03   2.8995619e-02   4.9396065e-01  -5.9169553e-03   1.9001556e-03  -1.3800181e-03
   8.1969140e-05   1.7838194e-02   4.2470644e-01  -5.5051837e-03   1.5645085e-03  -8.7045967e-04
   1.9546550e-02   3.8437629e-02   4.6283230e-01  -5.7801923e-03   1.2788256e-03  -6.0914715e-04
   3.6088257e-02   5.5491300e-02   4.7060337e-01  -6.1229891e-03   1.7563374e-03  -4.6780670e-04
   5.4182282e-02   8.8027335e-02   4.5462304e-01  -6.3913830e-03   1.0276037e-03  -2.1930612e-04
   4.0545722e-02   7.4401912e-02   4.6132895e-01  -5.9486286e-03   1.3002968e-03  -4.6238458e-04
   4.4990398e-02   8.3853527e-02   4.3973650e-01  -5.8082104e-03   1.3027775e-03  -5.8795929e-04
   2.0598815e-02   8.0994864e-02   4.3212514e-01  -4.9636125e-03   1.4174042e-03  -8.8743959e-04
   3.1649137e-02   7.2263640e-02   4.7693089e-01  -5.5040369e-03   1.6747356e-03  -8.0652663e-04
   4.1849278e-02   7.4291042e-02   4.8618435e-01  -5.2247796e-03   1.0530636e-03  -6.5314484e-04
   3.1406069e-02   6.0931127e-02   4.7575509e-01  -5.6296333e-03   1.3156619e-03  -4.7260313e-04
   2.2909187e-02   6.5294607e-02   4.6342754e-01  -5.1592808e-03   1.2385118e-03  -6.3138183e-04
  -3.9386010e-03   8.3157790e-02   4.6696167e-01  -5.4641010e-03   1.5878068e-03  -8.9066510e-04
  -3.1677226e-02   8.1925491e-02   3.9838145e-01  -4.8129725e-03   1.8116769e-03  -1.0700125e-03
  -6.0728826e-03   8.4355139e-02   4.1434948e-01  -4.7072838e-03   1.6333225e-03  -9.4131643e-04
   1.2136242e-02   6.9290345e-02   4.4729090e-01  -4.8973562e-03   1.4003493e-03  -4.2178257e-04
   1.7028880e-03   7.0402398e-02   4.1490505e-01  -5.5101191e-03   1.4010751e-03  -9.3038533e-04
   1.9437070e-02   9.9824468e-02   4.8184418e-01  -5.3590515e-03   1.5669274e-03  -5.1647713e-04
   1.4478573e-02   9.6504323e-02   4.6548200e-01  -4.9092125e-03   1.8215087e-03  -5.2245063e-04
   2.9956866e-02   1.0030037e-01   4.5287732e-01  -5.0234809e-03   1.7219509e-03  -4.1964102e-04
   1.2434702e-02   8.2165796e-02   4.2365052e-01  -4.6809726e-03   1.3973646e-03  -5.6176338e-04
  -5.8259769e-03   7.5606620e-02   4.1855018e-01  -4.7620308e-03   1.7232472e-03  -9.3896168e-04
  -3.2048140e-03   9.1812584e-02   4.5301900e-01  -4.7899158e-03   1.6253154e-03  -8.3775992e-04
  -2.5846902e-02   8.9044492e-02   4.2005144e-01  -4.9633298e-03   2.0109099e-03  -1.1459156e-03
  -2.2374575e-02   8.1789875e-02   4.1529454e-01  -4.8287751e-03   2.1591366e-03  -1.2865671e-03
  -7.5682657e-03   8.7582396e-02   4.5124475e-01  -4.7184819e-03   2.6323411e-03  -1.2159830e-03
   2.7283832e-04   8.0245077e-02   4.7270096e-01  -5.0823840e-03   2.5807433e-03  -1.0237630e-03
   6.4780081e-03   7.2939881e-02   4.4891630e-01  -4.2949062e-03   2.2110492e-03  -5.6566942e-04
   7.7879423e-04   9.5668201e-02   4.8419728e-01  -5.2064649e-03   2.2981632e-03  -6.9670058e-04
   3.7269998e-03   1.1767505e-01   4.7541614e-01  -5.4678737e-03   2.3969633e-03  -7.4888864e-04
  -1.0417013e-02   1.0518976e-01   4.1891497e-01  -4.7868018e-03   2.6761287e-03  -1.1655657e-03
  -7.0431868e-03   1.0382398e-01   4.1668177e-01  -4.5353900e-03   2.5586625e-03  -1.0914754e-03
  -3.6379377e-04   1.1035922e-01   4.3536359e-01  -4.3957092e-03   2.9483962e-03  -1.2130791e-03
  -3.3754911e-03   9.8852842e-02   4.3487139e-01  -4.2134863e-03   2.6267550e-03  -9.9663207e-04
  -2.1403974e-02   9.8701533e-02   4.0473384e-01  -4.5870751e-03   2.7714323e-03  -1.6472208e-03
  -1.6324802e-02   8.8617005e-02   4.2310675e-01  -4.1408535e-03   2.5834972e-03  -1.1812500e-03
  -3.1007705e-02   9.5792550e-02   4.0958486e-01  -5.0890269e-03   3.0191767e-03  -1.5755139e-03
  -1.0636443e-02   7.9896352e-02   3.6804625e-01  -4.3305368e-03   2.9282665e-03  -1.0183405e-03
  -4.6972507e-02   1.0299628e-01   3.1966266e-01  -5.4256876e-03   2.8855052e-03  -2.0430035e-03
   4.5714947e-03   1.4396974e-01   3.3574366e-01  -3.8579372e-03   1.7047986e-03   2.5513526e-04
   4.8645506e-02   1.6722029e-01   3.3708403e-01  -3.0369964e-03   1.3100368e-03   2.9234662e-03
   2.0901321e-02   1.4862759e-01   3.3707036e-01  -3.8603967e-03   2.1265883e-03   1.4060689e-03
   4.2412320e-02   1.5452910e-01   3.2278570e-01  -3.2900508e-03   2.0640850e-03   1.8916108e-03
   4.1395186e-02   1.4761414e-01   3.4971781e-01  -3.7719973e-03   2.2855336e-03   1.4422398e-03
   3.9380460e-02   1.4106088e-01   3.4236872e-01  -3.7021053e-03   2.0288344e-03   1.4298593e-03
   2.6723130e-02   1.4806229e-01   3.1218718e-01  -3.6748098e-03   2.5052714e-03   1.1083316e-03
   2.5519825e-02   1.4779499e-01   2.9976985e-01  -3.1655726e-03   2.4012520e-03   1.1644691e-03
   1.9556034e-02   1.5981882e-01   2.9291389e-01  -3.3879788e-03   2.6995656e-03   1.0179158e-03
   1.2856840e-02   1.4585145e-01   2.7728396e-01  -3.0588109e-03   2.9457826e-03   8.5727408e-04
   2.2991992e-02   1.5092043e-01   3.3322722e-01  -3.5883962e-03   3.3705543e-03   9.2631552e-04
   2.1548685e-02   1.3012999e-01   3.2899161e-01  -3.3530197e-03   3.1848852e-03   1.0059668e-03
   1.5346922e-02   1.2587057e-01   3.7239112e-01  -3.6224895e-03   3.1369072e-03   7.9716250e-04
   1.8188002e-02   1.3180145e-01   3.5840492e-01  -3.7113411e-03   3.0315671e-03   8.7948518e-04
   2.3911946e-02   1.5146180e-01   3.2788163e-01  -3.3405967e-03   3.1227791e-03   8.5186386e-04
   2.7673558e-02   1.3993525e-01   3.0610844e-01  -3.3118186e-03   2.9240247e-03   7.3206130e-04
   3.8211221e-02   1.4525958e-01   3.4095654e-01  -3.3922265e-03   3.1251134e-03   7.2543900e-04
   4.2848586e-02   1.5967233e-01   3.5904556e-01  -4.0902529e-03   3.3576478e-03   7.7528190e-04
   3.0943477e-02   1.7700736e-01   3.7621283e-01  -4.3938030e-03   2.9212882e-03   5.9612421e-04
   2.4796103e-02   1.7385633e-01   3.2489737e-01  -3.8310949e-03   3.2937690e-03   6.8129015e-04
   2.5627950e-02   1.6015213e-01   2.8677410e-01  -3.2462608e-03   3.5586047e-03   8.7240657e-04
   1.4073786e-02   1.5272946e-01   2.9805089e-01  -3.0470507e-03   3.3872837e-03   7.9910650e-04
  -5.9336882e-05   1.3877671e-01   3.0090700e-01  -3.5153202e-03   3.8162913e-03   2.2818853e-04
   1.9379270e-03   1.2904095e-01   2.7657503e-01  -3.2434267e-03   3.7086177e-03   3.2021483e-04
   2.6218830e-03   1.4870852e-01   3.3973464e-01  -3.3008786e-03   3.9883501e-03   2.1482860e-04
   2.9877048e-03   1.4707132e-01   2.7054320e-01  -3.4256886e-03   4.0670479e-03  -9.5159349e-06
   9.5826184e-03   1.4548708e-01   3.3190324e-01  -3.4898333e-03   3.9047423e-03   5.6065061e-05
   1.3995245e-04   1.5927502e-01   2.0096020e-01  -3.3624294e-03   3.9933887e-03  -4.2725983e-05
   1.7857189e-02   1.8504586e-01   4.0972354e-01  -5.5496227e-03   3.5442671e-03  -2.9935397e-05
  -3.1922603e-03   2.0772630e-01   4.3503696e-01  -5.6638270e-03   3.7087374e-03  -1.0286515e-03
  -1.2664756e-02   1.9744549e-01   3.1067390e-01  -4.2795485e-03   4.4278429e-03  -1.4042402e-03
   9.4144286e-03   1.7253437e-01   3.5484429e-01  -4.1026762e-03   4.2124937e-03  -8.6676582e-04
  -6.4121103e-03   1.4831057e-01   3.1552475e-01  -3.8584969e-03   4.4737505e-03  -7.7351773e-04
  -2.3129432e-02   1.5734040e-01   3.1167037e-01  -3.8303597e-03   3.7406455e-03  -1.1841262e-03
  -2.1953853e-02   1.5599763e-01   3.4975557e-01  -3.4802987e-03   4.6149764e-03  -1.2532742e-03
  -1.6185080e-03   1.6772135e-01   3.0542500e-01  -4.2316100e-03   4.7009530e-03  -1.1747245e-03
  -2.0188594e-02   1.5332216e-01   3.8195068e-01  -3.5911484e-03   5.0471148e-03  -1.0758551e-03
  -4.2357886e-02   1.5354441e-01  -3.3779625e-01  -3.1969371e-03   2.4686216e-03  -1.8951135e-03
   3.0209755e-02   8.6822087e-02  -3.3519086e-01  -5.3264253e-03   2.1586285e-03  -1.1516219e-03
   9.9565916e-03   4.0060422e-02  -5.2136979e-02  -5.3568397e-03   2.9140388e-03  -6.0984468e-04
  -8.1432233e-03   9.1583134e-02  -1.5517084e-01  -5.4373710e-03   2.8609609e-03  -9.0277205e-04
   2.4438203e-02   1.4654672e-01   2.6177992e-01  -8.8797247e-03   2.5874595e-03  -4.9499520e-04
  -1.2667335e-02   2.3426577e-01   2.8495898e-01  -6.5766609e-03   2.4918216e-03  -2.5192047e-03
  -8.3866751e-02   1.4530163e-01   3.1034096e-02  -4.4241251e-03   4.6636572e-03  -3.0783433e-03
  -6.6591354e-02   1.3522119e-01   5.3074401e-02  -5.2017910e-03   4.4364818e-03  -3.0697360e-03
  -8.4540551e-02   9.5391931e-02   1.5795447e-01  -4.1963246e-03   5.0951064e-03  -3.4538416e-03
  -6.8342991e-02   9.4619808e-02   1.4620190e-01  -5.1450634e-03   4.4353565e-03  -3.1998324e-03
  -7.3147524e-02   7.7652359e-02   2.0673513e-01  -4.8561178e-03   4.7238192e-03  -3.1692521e-03
  -7.7403138e-02   1.0918271e-01   2.1644056e-01  -5.3754732e-03   5.0229264e-03  -3.3435697e-03
  -8.6918430e-02   1.1264678e-01   1.9704760e-01  -5.1349541e-03   5.2136387e-03  -3.6783072e-03
  -7.5769930e-02   1.1212146e-01   1.9618960e-01  -5.3849929e-03   4.9485064e-03  -3.4180156e-03
  -8.5213792e-02   1.3893817e-01   1.9018633e-01  -5.2760319e-03   5.0994307e-03  -3.6934426e-03
  -7.9972138e-02   1.4351288e-01   1.4915363e-01  -5.8363421e-03   4.9113499e-03  -3.0068981e-03
  -1.0621557e-01   1.7320582e-01   2.8282078e-01  -6.7075979e-03   5.5040699e-03  -3.7371280e-03
  -9.6676938e-02   1.8057712e-01   2.5155379e-01  -6.8220795e-03   5.2985810e-03  -3.6872033e-03
  -1.0710417e-01   1.6541300e-01   2.8006406e-01  -5.5059283e-03   5.3305473e-03  -3.5309400e-03
  -7.1942348e-02   1.9873280e-01   4.6099593e-02  -6.5446844e-03   4.2395283e-03  -3.2079706e-03
  -8.3850251e-02   1.7905193e-01   9.5261758e-02  -6.8278002e-03   3.6775193e-03  -3.2170996e-03
  -8.8241816e-02   1.5639333e-01   2.4296507e-01  -5.8516199e-03   4.2486494e-03  -3.2612837e-03
  -9.9838575e-02   1.7066463e-01   1.3541575e-01  -5.5971464e-03   4.1646129e-03  -3.7083440e-03
  -1.1072880e-01   1.5664290e-01   2.0631604e-01  -5.8504867e-03   4.4888049e-03  -3.6926299e-03
  -1.1453454e-01   1.6362461e-01   1.3763044e-01  -4.8417956e-03   3.5462931e-03  -3.5246174e-03
  -1.3223084e-01   1.4940959e-01   2.3892312e-01  -5.6403041e-03   4.0058894e-03  -3.9006990e-03
  -1.4383667e-01   1.6130262e-01   2.5690477e-01  -6.2190014e-03   3.9590689e-03  -3.9916292e-03
  -1.5870619e-01   1.4826253e-01   2.3413125e-01  -5.8425242e-03   4.4849250e-03  -4.2791743e-03
  -1.5168562e-01   1.5385699e-01   2.2251990e-01  -5.8878540e-03   4.4549124e-03  -4.2160671e-03
  -1.4283295e-01   1.5817085e-01   2.6340796e-01  -6.1086125e-03   4.7111377e-03  -4.1190028e-03
  -1.3938420e-01   1.5230452e-01   2.3541404e-01  -5.8656471e-03   4.4306514e-03  -3.9761820e-03
  -1.5371935e-01   1.7073697e-01   3.2201064e-01  -6.7835962e-03   4.6191607e-03  -4.2241434e-03
  -1.5770871e-01   1.6647673e-01   1.9635218e-01  -6.0025014e-03   4.3855272e-03  -4.3559526e-03
  -1.5799996e-01   1.5127659e-01   2.6850286e-01  -6.9923810e-03   4.6104971e-03  -4.5035876e-03
  -1.6940471e-01   1.5943148e-01   3.4524417e-01  -6.7128854e-03   4.6231181e-03  -4.5519873e-03
  -1.7576743e-01   1.7631301e-01   3.1733801e-01  -6.2920783e-03   4.9182482e-03  -4.5811655e-03
  -2.0591045e-01   1.8905604e-01   3.1499224e-01  -6.0786703e-03   4.8190221e-03  -4.8056724e-03
  -1.7787115e-01   2.0637760e-01   3.4313966e-01  -6.9835278e-03   4.2433362e-03  -4.3813467e-03
  -1.1686105e-01   2.7414656e-01   3.0025331e-01  -6.1741273e-03   3.6078216e-03  -3.6024951e-03
  -1.8163383e-01   2.1663356e-01   2.4216567e-01  -4.9129313e-03   4.2482318e-03  -4.1713849e-03
  -1.6547675e-01   1.9828163e-01   2.4431045e-01  -5.3019272e-03   3.9035275e-03  -4.1044784e-03
  -1.7659432e-01   1.8722645e-01   2.3170237e-01  -4.6007309e-03   3.7737982e-03  -4.0670642e-03
  -1.6609696e-01   1.8733984e-01   2.4604398e-01  -4.9238218e-03   3.6944490e-03  -4.0353156e-03
  -1.6791125e-01   1.8405968e-01   2.5959825e-01  -5.1868031e-03   4.0879399e-03  -4.1863521e-03
  -1.7496824e-01   1.9814581e-01   2.7404212e-01  -5.4357181e-03   4.0022068e-03  -4.1824646e-03
  -1.8384523e-01   2.1900774e-01   2.4967896e-01  -5.4888533e-03   4.1002359e-03  -4.5162454e-03
  -1.7553746e-01   1.9589194e-01   2.6173476e-01  -5.2806058e-03   3.8743963e-03  -4.3389922e-03
  -1.8196215e-01   2.0620342e-01   2.4652522e-01  -5.3205137e-03   4.1033746e-03  -4.4763776e-03
  -1.7963076e-01   2.0640254e-01   2.3490051e-01  -5.3077603e-03   3.9787338e-03  -4.5355699e-03
  -1.7804025e-01   2.3186251e-01   2.2670525e-01  -5.0711170e-03   4.2411861e-03  -4.6192984e-03
  -1.4991728e-01   2.3098864e-01   1.8639814e-01  -5.1514969e-03   3.7198761e-03  -4.3146762e-03
  -1.7077266e-01   2.3576985e-01   1.9314863e-01  -6.0064524e-03   3.5445789e-03  -4.3484215e-03
  -1.9258447e-01   2.3448333e-01   2.2825230e-01  -6.4787743e-03   3.9952111e-03  -4.9542314e-03
  -2.0927182e-01   2.5329433e-01   2.3048062e-01  -6.4994491e-03   3.6180923e-03  -5.3557331e-03
  -1.9974291e-01   2.7565945e-01   2.9097363e-01  -6.5040236e-03   3.8596501e-03  -5.1451452e-03
  -1.9974376e-01   2.5080083e-01   3.2255658e-01  -6.6592335e-03   3.7225257e-03  -5.4279667e-03
  -1.9461332e-01   2.5595481e-01   3.3723894e-01  -6.6808727e-03   4.0896197e-03  -5.1436912e-03
  -1.9154242e-01   2.4978713e-01   3.0249655e-01  -6.0268522e-03   4.0916428e-03  -5.2714432e-03
  -1.9218348e-01   2.5410788e-01   3.0020791e-01  -6.2252484e-03   4.1806710e-03  -5.2984943e-03
  -1.9033740e-01   2.5138726e-01   2.7502911e-01  -6.0851969e-03   4.1524458e-03  -5.3204428e-03
  -2.0183928e-01   2.5983414e-01   2.6260571e-01  -6.2341167e-03   4.2994453e-03  -5.5794259e-03
  -2.0289757e-01   2.4152403e-01   2.7024603e-01  -6.3535953e-03   4.3198986e-03  -5.6217002e-03
  -1.9226977e-01   2.3902951e-01   2.7489863e-01  -6.7366769e-03   4.4460493e-03  -5.4525431e-03
  -2.0023412e-01   2.1284845e-01   2.6686656e-01  -6.3876669e-03   4.3129644e-03  -5.4358552e-03
  -2.0759162e-01   2.0392674e-01   2.4422229e-01  -6.4443903e-03   4.2367646e-03  -5.9096087e-03
  -2.2453034e-01   2.2393170e-01   2.6681641e-01  -6.4248631e-03   4.6659375e-03  -6.2612604e-03
  -2.2290073e-01   2.2503082e-01   2.5864462e-01  -6.5774348e-03   4.6059175e-03  -6.4000087e-03
  -2.2118984e-01   2.3797316e-01   2.2249192e-01  -5.0941429e-03   4.6494855e-03  -6.2064313e-03
  -2.0432873e-01   2.3851109e-01   2.6615631e-01  -7.2237449e-03   4.2866019e-03  -6.3162302e-03
  -1.5537044e-01   3.6435098e-01   4.4113396e-01  -7.6398732e-03   2.8048671e-03  -5.8633284e-03
  -2.6708415e-01   2.7165357e-01   3.5301584e-01  -5.9476341e-03   4.0405698e-03  -7.5000076e-03
  -2.4853178e-01   2.5192434e-01   3.5152961e-01  -6.8712073e-03   4.4993205e-03  -7.5312918e-03
  -2.3700748e-01   2.2736551e-01   3.8625430e-01  -6.1253061e-03   4.3014473e-03  -7.3270973e-03
  -2.5032657e-01   1.8604442e-01   4.1607034e-01  -6.6875113e-03   4.2885016e-03  -7.5717537e-03
  -2.3233219e-01   1.9750199e-01   3.9000186e-01  -5.8455063e-03   4.2399518e-03  -7.2843317e-03
  -2.3334099e-01   2.2384523e-01   3.6224707e-01  -6.4302503e-03   4.4064759e-03  -7.1489374e-03
  -2.4929214e-01   2.3071130e-01   3.6592246e-01  -6.4540477e-03   4.1452886e-03  -7.5318029e-03
  -2.5361272e-01   2.4434972e-01   3.6556294e-01  -6.8737287e-03   4.7250761e-03  -7.7084849e-03
  -2.5476852e-01   2.5024484e-01   3.5468233e-01  -6.4673147e-03   4.6494683e-03  -7.6451329e-03
  -2.4241300e-01   2.5682890e-01   2.9221494e-01  -6.5722382e-03   4.6362411e-03  -7.3723443e-03
