   0.0000000e+00   0.0000000e+00   7.1054274e-15   0.0000000e+00   0.0000000e+00   0.0000000e+00
  -2.3036229e-01   3.8585659e-01  -6.4699727e-01   3.5352801e-02  -2.0884043e-03  -4.4993999e-03
  -2.9147094e-02   4.4271470e-01  -1.1271795e+00   4.1015969e-02  -1.4582679e-03  -4.7591725e-03
  -2.1724143e-01   2.9203967e-01  -7.4997502e-01   2.9854065e-02  -4.3117922e-04  -8.8390538e-03
  -8.8447809e-01   3.1334408e-01  -6.4915609e-01   1.3380545e-02  -1.2404805e-02  -2.5638150e-02
  -4.6130095e-01   3.8103935e-01  -8.1232133e-01   1.8278278e-02  -1.0593972e-02  -1.6551393e-02
  -4.5576271e-01   3.3863266e-01  -6.4339145e-01   2.0080785e-02  -8.4226370e-03  -1.6878765e-02
  -3.2694017e-01   4.0025868e-01  -8.1244068e-01   2.2154635e-02  -7.3533842e-03  -1.4627339e-02
  -3.2045824e-01   4.0188180e-01  -7.0753228e-01   2.1497655e-02  -6.6070423e-03  -1.4872588e-02
  -3.1467919e-01   3.4313418e-01  -6.9901229e-01   2.2905656e-02  -4.9108234e-03  -1.4046336e-02
  -3.2870998e-01   3.8719762e-01  -6.0554157e-01   2.4331101e-02  -3.8852242e-03  -1.4792766e-02
  -3.2870814e-01   3.5611117e-01  -6.0677841e-01   2.3842299e-02  -3.7486474e-03  -1.3855874e-02
  -3.3809505e-01   4.0881824e-01  -5.7446724e-01   2.4092673e-02  -3.8388790e-03  -1.4265661e-02
  -3.1528627e-01   4.0683597e-01  -5.9788983e-01   2.4001604e-02  -3.0625672e-03  -1.3917744e-02
  -3.2474142e-01   4.0654786e-01  -5.7339309e-01   2.3996716e-02  -2.4266631e-03  -1.4113471e-02
  -3.2147493e-01   4.0281875e-01  -5.7194523e-01   2.3338835e-02  -1.5544146e-03  -1.4331442e-02
  -3.1914772e-01   3.9504081e-01  -5.5534940e-01   2.4272488e-02  -1.2741290e-03  -1.4439332e-02
  -3.0494850e-01   3.9635233e-01  -5.0756630e-01   2.3470457e-02  -9.8876748e-04  -1.3619378e-02
  -3.5754666e-01   4.1337124e-01  -5.9287496e-01   2.4769030e-02  -4.4318672e-04  -1.4444152e-02
  -2.8931891e-01   4.2621305e-01  -5.2628713e-01   2.3831066e-02  -3.2526243e-04  -1.3831441e-02
  -3.1364244e-01   4.4373370e-01  -5.3461097e-01   2.4471893e-02  -2.6115991e-04  -1.4193624e-02
  -2.5004498e-01   4.4473892e-01  -4.6923421e-01   2.2610183e-02  -7.6686160e-04  -1.3227970e-02
  -2.9950630e-01   4.5081327e-01  -4.8443314e-01   2.2950803e-02  -7.6473977e-04  -1.3898440e-02
  -2.7528493e-01   4.5756973e-01  -4.8434074e-01   2.2310409e-02  -6.7333883e-04  -1.3481813e-02
  -3.0465574e-01   4.3760203e-01  -4.8155983e-01   2.2857283e-02  -7.2623034e-04  -1.3885376e-02
  -2.8850572e-01   4.5450799e-01  -5.3458681e-01   2.4411275e-02  -4.4882602e-04  -1.3793114e-02
  -2.7347164e-01   4.3583450e-01  -5.0857715e-01   2.3716230e-02  -4.7266878e-04  -1.3970886e-02
  -2.7966391e-01   4.5955681e-01  -5.5399370e-01   2.3687935e-02  -4.2967990e-04  -1.3839114e-02
  -2.9031728e-01   4.5030640e-01  -4.9661093e-01   2.3356126e-02  -1.0592112e-03  -1.4003290e-02
  -3.0394395e-01   4.5638933e-01  -5.3719033e-01   2.3881905e-02  -3.7091376e-04  -1.4072848e-02
  -2.9287719e-01   5.0770341e-01  -6.1113440e-01   2.3487083e-02  -8.2090243e-04  -1.4383385e-02
  -2.9653625e-01   4.6289669e-01  -6.5087894e-01   2.5010284e-02  -3.9026802e-04  -1.4072002e-02
  -3.2943575e-01   4.6933204e-01  -5.7852549e-01   2.3916382e-02  -2.7220483e-05  -1.4346933e-02
  -3.2867148e-01   4.4967169e-01  -5.6339418e-01   2.5652351e-02  -2.8063624e-04  -1.4253341e-02
  -3.5227164e-01   4.8968056e-01  -5.8547847e-01   2.4066646e-02   3.4201358e-04  -1.4427182e-02
  -3.0687651e-01   4.5943174e-01  -5.6623329e-01   2.4953990e-02   3.2324207e-05  -1.3849383e-02
  -2.3644567e-01   5.1938318e-01  -6.3552078e-01   2.4815248e-02  -2.3075301e-04  -1.3879624e-02
  -2.4025220e-01   5.1658848e-01  -6.1112848e-01   2.3772493e-02  -7.8311204e-04  -1.3798345e-02
  -2.3634540e-01   5.0471369e-01  -5.5514064e-01   2.4188191e-02  -1.0489670e-03  -1.3612313e-02
  -2.7688183e-01   4.7453543e-01  -5.8868609e-01   2.3656775e-02  -2.7147767e-04  -1.4237598e-02
  -2.6035818e-01   4.9608359e-01  -5.4228308e-01   2.4813319e-02  -8.9879352e-04  -1.3798896e-02
  -2.5058003e-01   5.2496844e-01  -6.0666898e-01   2.3568864e-02  -7.2019268e-04  -1.3835274e-02
  -2.8205630e-01   5.1268348e-01  -6.0052891e-01   2.4296004e-02  -1.1841851e-03  -1.3770307e-02
  -2.9907384e-01   5.0941460e-01  -6.1231347e-01   2.4513106e-02  -8.3515486e-04  -1.4161618e-02
  -3.1110431e-01   4.8252208e-01  -6.5217159e-01   2.2979846e-02  -9.7441865e-04  -1.4290810e-02
  -2.5872441e-01   5.2129090e-01  -5.2349148e-01   2.2999959e-02  -6.1402417e-04  -1.3877077e-02
  -2.7925895e-01   5.3832237e-01  -4.5965048e-01   2.1691672e-02  -1.8024017e-03  -1.3225854e-02
  -2.4412511e-01   6.0148547e-01  -2.7500682e-01   2.1856412e-02  -1.5835227e-03  -1.3189055e-02
  -2.9697399e-01   5.6102964e-01  -3.9064394e-01   2.1240282e-02  -2.1388930e-03  -1.3562070e-02
  -3.1347371e-01   5.3281879e-01  -5.0730763e-01   2.3637133e-02  -1.3684439e-03  -1.3604867e-02
  -3.4425825e-01   5.4088131e-01  -5.0385779e-01   2.3861041e-02  -5.9323391e-04  -1.3966428e-02
  -3.1650372e-01   5.1728395e-01  -5.3568993e-01   2.4182648e-02  -1.1097564e-03  -1.3527861e-02
  -2.9989993e-01   5.3398972e-01  -5.1726960e-01   2.5366283e-02  -7.7435557e-04  -1.3464467e-02
  -3.1979600e-01   5.5522353e-01  -5.7887874e-01   2.4225164e-02  -1.0855640e-03  -1.3740574e-02
  -3.3802798e-01   5.3622223e-01  -5.9762656e-01   2.5208798e-02  -1.4785848e-03  -1.3776185e-02
  -3.4085087e-01   5.8880832e-01  -6.0420336e-01   2.3349979e-02  -1.7823811e-03  -1.3554429e-02
  -3.3081775e-01   5.5204294e-01  -5.6632108e-01   2.3810728e-02  -1.6662968e-03  -1.3487324e-02
  -3.3783214e-01   5.6600685e-01  -6.1682133e-01   2.4618680e-02  -1.6105724e-03  -1.3627210e-02
  -3.2632144e-01   5.9963341e-01  -6.5283305e-01   2.3732858e-02  -1.5943758e-03  -1.3606809e-02
  -3.5435522e-01   5.8017890e-01  -6.3579086e-01   2.4988348e-02  -1.4398595e-03  -1.3469580e-02
  -3.5784554e-01   5.9752057e-01  -6.7080421e-01   2.5058158e-02  -1.1533172e-03  -1.3714904e-02
  -3.6360966e-01   5.6995194e-01  -6.4032608e-01   2.5126453e-02  -1.0328721e-03  -1.3581588e-02
  -3.4945221e-01   6.1309689e-01  -5.9579028e-01   2.3719569e-02  -1.9381719e-03  -1.3459359e-02
  -3.4531312e-01   5.9197968e-01  -6.2903671e-01   2.4365359e-02  -1.8361819e-03  -1.3237995e-02
  -3.6866196e-01   6.4782699e-01  -6.6539987e-01   2.4886742e-02  -1.5004189e-03  -1.3614969e-02
  -3.7724494e-01   5.6775643e-01  -6.2792104e-01   2.4205100e-02  -1.5611816e-03  -1.3590196e-02
  -3.4686928e-01   6.3246716e-01  -6.1369059e-01   2.4921005e-02  -1.6751558e-03  -1.3227361e-02
  -3.3900937e-01   5.8977195e-01  -5.9826173e-01   2.4230251e-02  -1.7583345e-03  -1.3196188e-02
  -3.4014296e-01   6.3880179e-01  -5.9216283e-01   2.4598214e-02  -1.9704291e-03  -1.3437477e-02
  -3.1640412e-01   6.1779270e-01  -5.9312465e-01   2.4330247e-02  -2.6371604e-03  -1.3060600e-02
  -3.0366800e-01   6.7723647e-01  -6.5404676e-01   2.4447514e-02  -3.1106956e-03  -1.3322320e-02
  -2.9967125e-01   6.4804066e-01  -5.9402267e-01   2.2792549e-02  -2.9949413e-03  -1.2993101e-02
  -3.1484769e-01   6.4853994e-01  -6.6766334e-01   2.4347831e-02  -3.2107284e-03  -1.3194858e-02
  -2.8430736e-01   6.7885154e-01  -6.1860532e-01   2.3908962e-02  -3.0894391e-03  -1.2624073e-02
  -3.7146009e-01   6.7267888e-01  -6.8252448e-01   2.3842924e-02  -2.6906325e-03  -1.3373744e-02
  -3.2301082e-01   6.6084819e-01  -6.4946641e-01   2.4002894e-02  -2.6921830e-03  -1.3115466e-02
  -3.3718720e-01   7.1185897e-01  -7.0116861e-01   2.3234537e-02  -2.8344813e-03  -1.3226434e-02
  -3.2572169e-01   6.7815743e-01  -6.7223260e-01   2.3262041e-02  -2.3262227e-03  -1.3327557e-02
  -3.3587132e-01   6.9349317e-01  -6.9285737e-01   2.3628750e-02  -2.4146224e-03  -1.3227935e-02
  -2.9710595e-01   7.1017168e-01  -6.7322231e-01   2.2716904e-02  -2.7813882e-03  -1.2838306e-02
  -3.1257854e-01   7.1122401e-01  -7.3832264e-01   2.3589703e-02  -2.5667184e-03  -1.3100906e-02
  -2.6909364e-01   6.9922961e-01  -7.0437414e-01   2.2136691e-02  -2.8706783e-03  -1.2603944e-02
  -3.1687993e-01   7.0219335e-01  -7.1546801e-01   2.4926185e-02  -1.9648908e-03  -1.3147487e-02
  -3.2651692e-01   7.0375331e-01  -7.0624605e-01   2.4480183e-02  -1.7107245e-03  -1.3304827e-02
  -3.5155684e-01   6.6700246e-01  -6.7689690e-01   2.4641504e-02  -1.5754358e-03  -1.3262400e-02
  -3.3309270e-01   6.9730793e-01  -6.7418328e-01   2.3494940e-02  -2.2261862e-03  -1.3174274e-02
  -3.4183993e-01   6.8057523e-01  -7.0920988e-01   2.4891204e-02  -2.3611775e-03  -1.3319022e-02
  -3.5980252e-01   7.2960398e-01  -7.2864766e-01   2.3701369e-02  -1.6685913e-03  -1.3593327e-02
  -3.3699915e-01   7.0519026e-01  -7.5818840e-01   2.5842392e-02  -2.1196625e-03  -1.3080211e-02
  -2.5958014e-01   7.1271898e-01  -5.4009769e-01   2.8788050e-02  -1.4262908e-03  -1.2003122e-02
  -2.5839352e-01   7.0435155e-01  -4.0074116e-01   2.3873288e-02  -4.3118616e-04  -1.1791549e-02
  -2.6702590e-01   7.0279858e-01  -5.8674532e-01   2.4559393e-02  -1.6256703e-03  -1.2150580e-02
  -2.9104261e-01   6.9194479e-01  -5.7109414e-01   2.5220774e-02  -8.7880168e-04  -1.2606044e-02
  -2.8568609e-01   7.3495353e-01  -6.3616578e-01   2.4303696e-02  -7.4602900e-04  -1.2410245e-02
  -3.0678564e-01   6.5625197e-01  -5.5311544e-01   2.4332465e-02  -7.7177100e-04  -1.2500433e-02
  -3.1307542e-01   7.4107046e-01  -6.6339410e-01   2.3557480e-02  -9.0413665e-04  -1.2382954e-02
  -3.2343225e-01   7.4074072e-01  -6.0329132e-01   2.1530470e-02  -1.2774344e-03  -1.2323453e-02
  -3.4084338e-01   7.3510308e-01  -6.2343878e-01   2.1671063e-02  -1.4416052e-03  -1.2429305e-02
  -3.0422032e-01   7.4244617e-01  -6.1983893e-01   2.2075851e-02  -1.3481229e-03  -1.2375852e-02
  -2.9783544e-01   7.6043554e-01  -6.2802218e-01   2.1945541e-02  -1.8661739e-03  -1.1873091e-02
  -3.0232733e-01   7.3770286e-01  -5.7837762e-01   2.2177296e-02  -1.3049237e-03  -1.2116581e-02
  -3.0164240e-01   7.6983581e-01  -6.7212206e-01   2.2189931e-02  -1.2172857e-03  -1.2249807e-02
  -3.0219442e-01   7.4376789e-01  -6.3985854e-01   2.2476854e-02  -1.3142151e-03  -1.2280630e-02
  -3.1165898e-01   7.7462994e-01  -6.6921014e-01   2.2487943e-02  -1.2445773e-03  -1.2239287e-02
  -2.9242990e-01   7.6351642e-01  -6.1368860e-01   2.1195747e-02  -1.7893889e-03  -1.1933441e-02
  -2.9849527e-01   7.7718372e-01  -6.4675965e-01   2.2782299e-02  -1.3092537e-03  -1.2081152e-02
  -2.6150796e-01   7.9924349e-01  -6.4649880e-01   2.1817825e-02  -1.2259218e-03  -1.1777250e-02
  -2.9619983e-01   7.6288088e-01  -6.2210845e-01   2.1563438e-02  -1.3380248e-03  -1.2049145e-02
  -2.8780555e-01   7.7369445e-01  -5.8741398e-01   2.1959286e-02  -1.1445275e-03  -1.2123392e-02
  -2.8575831e-01   7.5218533e-01  -5.7125238e-01   2.2359367e-02  -1.6819327e-03  -1.2113509e-02
  -2.6746239e-01   7.5940779e-01  -5.8754587e-01   2.2160864e-02  -1.6875083e-03  -1.1986810e-02
  -2.2340493e-01   7.8289073e-01  -5.9017927e-01   2.1016118e-02  -1.8578741e-03  -1.1623986e-02
  -2.6817144e-01   7.7436630e-01  -6.1429232e-01   2.1637056e-02  -1.6389958e-03  -1.1882003e-02
  -2.8655474e-01   8.0218178e-01  -6.2274870e-01   2.2838224e-02  -1.3589013e-03  -1.2169816e-02
  -2.7627621e-01   7.4749748e-01  -5.4731015e-01   2.1337024e-02  -1.3123737e-03  -1.2141620e-02
  -2.0927126e-01   9.0224831e-01  -5.3598324e-01   2.4430325e-02  -2.6666063e-03  -1.2118210e-02
  -1.7717991e-01   8.2949096e-01  -6.7593198e-01   2.9089503e-02  -3.9986744e-03  -1.0986749e-02
  -1.8145610e-01   8.2851744e-01  -5.8883346e-01   2.3304042e-02  -3.8448537e-03  -1.0948716e-02
  -1.8423293e-01   8.1072929e-01  -5.9644430e-01   2.3548006e-02  -3.7612198e-03  -1.0611242e-02
  -2.1843565e-01   8.1567363e-01  -6.2001684e-01   2.3398481e-02  -3.7983347e-03  -1.1032475e-02
  -2.1312410e-01   8.1660853e-01  -6.2994732e-01   2.3728269e-02  -3.6943404e-03  -1.1069984e-02
  -2.2798042e-01   8.1581903e-01  -7.1626813e-01   2.3592712e-02  -3.5299209e-03  -1.1126599e-02
  -2.0964130e-01   8.2705630e-01  -6.6785930e-01   2.2560418e-02  -3.9161852e-03  -1.1072415e-02
  -2.5435551e-01   8.2254052e-01  -7.0794786e-01   2.2814135e-02  -3.2275605e-03  -1.1289768e-02
  -2.2897948e-01   8.4906027e-01  -7.5555400e-01   2.1971676e-02  -3.2310616e-03  -1.1098686e-02
  -2.7616966e-01   8.3212384e-01  -7.8430577e-01   2.2711966e-02  -2.6124295e-03  -1.1419891e-02
  -2.4863255e-01   8.2123051e-01  -7.5992625e-01   2.3041740e-02  -2.3999066e-03  -1.1231327e-02
  -2.5344847e-01   7.9060435e-01  -7.1141187e-01   2.3243362e-02  -2.7156619e-03  -1.1336573e-02
  -2.3171987e-01   8.3990417e-01  -7.7147290e-01   2.2811186e-02  -2.9806466e-03  -1.0852190e-02
  -2.2917978e-01   8.0791749e-01  -1.2036614e+00   2.4710813e-02  -2.1264158e-03  -1.0861842e-02
  -2.2480811e-01   8.6042079e-01  -9.1884942e-01   2.2266473e-02  -2.3402396e-03  -1.0915197e-02
  -1.9566358e-01   8.4315580e-01  -6.5182826e-01   1.9755965e-02  -2.9226358e-03  -1.0706741e-02
  -2.1800149e-01   8.6245476e-01  -7.1392924e-01   2.0350467e-02  -3.2930497e-03  -1.0504922e-02
  -2.2242277e-01   8.7245327e-01  -6.8885196e-01   2.1095526e-02  -2.3074730e-03  -1.0846205e-02
  -2.3908771e-01   8.7592988e-01  -7.2802422e-01   2.0762451e-02  -2.3201107e-03  -1.0687917e-02
  -2.4224267e-01   8.7016348e-01  -6.5878742e-01   2.1142467e-02  -2.7145289e-03  -1.0795501e-02
  -2.4159633e-01   8.7901551e-01  -6.7515926e-01   2.0584863e-02  -2.7161142e-03  -1.0477688e-02
  -2.1648007e-01   8.7376830e-01  -6.4167585e-01   1.9861089e-02  -3.1048597e-03  -1.0187948e-02
  -2.2330274e-01   8.8677165e-01  -6.6265097e-01   2.0319407e-02  -3.1990803e-03  -1.0246205e-02
  -2.1905989e-01   8.8821730e-01  -6.7663857e-01   1.9819411e-02  -3.2955881e-03  -1.0436970e-02
  -2.4504207e-01   9.1825830e-01  -6.9186055e-01   2.0108446e-02  -2.9232319e-03  -1.0718567e-02
  -2.1645241e-01   8.8945473e-01  -6.8919464e-01   2.0313654e-02  -3.0322413e-03  -1.0388928e-02
  -1.9470410e-01   8.9390193e-01  -7.1136802e-01   2.0353817e-02  -3.3931319e-03  -1.0200853e-02
  -1.6070204e-01   8.5829708e-01  -6.6178528e-01   1.9398036e-02  -3.7264476e-03  -9.7277923e-03
  -1.6931312e-01   9.4646570e-01  -7.8549629e-01   2.0559031e-02  -3.9085736e-03  -9.8927937e-03
  -1.7474442e-01   9.0017293e-01  -7.6615030e-01   1.9753350e-02  -3.8901697e-03  -9.5926125e-03
  -2.1209574e-01   9.1672376e-01  -7.8507987e-01   1.9891905e-02  -3.4253050e-03  -9.9787817e-03
  -2.2743404e-01   9.2880048e-01  -8.3289313e-01   1.8583545e-02  -3.0012743e-03  -9.8618340e-03
  -2.3301580e-01   9.6008240e-01  -8.3255667e-01   1.8729738e-02  -2.4824150e-03  -1.0092333e-02
  -2.0842797e-01   9.4250241e-01  -9.0423230e-01   1.8211693e-02  -3.0724943e-03  -9.8165282e-03
  -1.8719210e-01   9.3717304e-01  -8.7670188e-01   1.8604452e-02  -3.1280905e-03  -9.7249517e-03
  -1.8703788e-01   9.4994479e-01  -8.6947031e-01   1.7976878e-02  -3.5322735e-03  -9.3689500e-03
  -2.1390335e-01   9.5255821e-01  -8.8485383e-01   1.8695985e-02  -3.1483039e-03  -9.6620275e-03
  -2.4641426e-01   9.5242581e-01  -8.8315672e-01   1.8155708e-02  -2.5289646e-03  -9.9876399e-03
  -2.4662866e-01   9.7158184e-01  -9.4346541e-01   1.9282575e-02  -2.6546630e-03  -1.0014820e-02
  -2.2454177e-01   9.9789509e-01  -9.4336740e-01   1.8546799e-02  -2.5759798e-03  -9.7800514e-03
  -2.0159524e-01   9.5362288e-01  -9.7569574e-01   1.9001066e-02  -2.3428753e-03  -9.6546699e-03
  -1.9472692e-01   1.0225597e+00  -1.1427213e+00   1.8190462e-02  -2.3146387e-03  -9.2524120e-03
  -6.9126932e-02   1.0217128e+00  -1.1943031e+00   1.5777223e-02  -1.7290944e-03  -7.6971079e-03
  -9.7577721e-02   1.0034448e+00  -1.1983262e+00   1.6569528e-02  -1.5325591e-03  -8.0269049e-03
  -1.3106882e-01   9.8823967e-01  -1.1255757e+00   1.5842048e-02  -9.9640378e-04  -8.2300951e-03
  -1.4023424e-01   9.8931801e-01  -1.2002212e+00   1.8179461e-02  -7.2129167e-04  -8.3736085e-03
  -1.3722807e-01   9.9410379e-01  -1.0697583e+00   1.6456433e-02  -1.0686407e-03  -8.1475143e-03
  -1.4576796e-01   9.9234934e-01  -1.0846558e+00   1.6665785e-02  -1.1511711e-03  -8.3867121e-03
  -1.4265548e-01   1.0379109e+00  -1.1131695e+00   1.5770450e-02  -1.1683180e-03  -8.0570781e-03
  -1.7038157e-01   9.9671974e-01  -1.0864793e+00   1.6792265e-02  -1.0880750e-03  -7.9948598e-03
  -1.3389570e-01   1.0337944e+00  -1.1951597e+00   1.6885826e-02  -8.5923514e-04  -8.1410164e-03
  -1.5019612e-01   1.0790226e+00  -1.2215651e+00   1.6508508e-02  -8.4063339e-04  -8.2457695e-03
  -1.5820540e-01   1.0195739e+00  -1.2102228e+00   1.6326779e-02  -6.5993535e-04  -8.2128231e-03
  -1.8620551e-01   1.0332268e+00  -1.1816119e+00   1.5550630e-02  -7.9750863e-04  -8.3188659e-03
  -1.6059720e-01   1.0216392e+00  -1.2213429e+00   1.6496407e-02  -6.1729382e-04  -8.6006264e-03
  -1.8761750e-01   1.0618552e+00  -1.1853560e+00   1.5423440e-02  -6.2127514e-04  -8.3163314e-03
  -1.5051838e-01   1.0141521e+00  -1.2222850e+00   1.5970353e-02  -8.0237476e-04  -8.3650731e-03
  -1.7053935e-01   1.0653136e+00  -1.1979674e+00   1.5263415e-02  -1.1139339e-03  -8.2516653e-03
  -1.9646274e-01   1.0340706e+00  -1.1791743e+00   1.5410761e-02  -8.3461258e-04  -8.4309366e-03
  -2.0778357e-01   1.0359191e+00  -1.3586824e+00   1.4631749e-02  -3.2403230e-04  -8.3057672e-03
  -1.6908636e-01   1.0812091e+00  -1.4277650e+00   1.3705040e-02  -2.4107642e-04  -8.4533181e-03
  -1.4719971e-01   1.0863328e+00  -1.4831412e+00   1.3746214e-02  -1.5197170e-04  -8.4878750e-03
  -1.4221650e-01   1.0786438e+00  -1.3273417e+00   1.1274071e-02  -3.6501382e-04  -8.1205999e-03
