   0.0000000e+00   0.0000000e+00  -7.1054274e-15   0.0000000e+00   0.0000000e+00   0.0000000e+00
  -4.7180005e-04  -3.1767786e-03   2.8989835e-02  -4.4529930e-05   9.8447768e-05  -1.6746239e-04
   8.3609462e-03   9.2794388e-03   3.8743749e-02  -7.7213408e-04  -4.1267661e-04  -1.0468215e-05
  -7.2813960e-03   7.0306008e-03   4.1838963e-03  -6.1611024e-04  -5.3860148e-04  -3.2925178e-04
  -2.4256006e-02   4.1974120e-03   1.6657056e-02  -1.5792006e-03  -6.9104578e-04  -4.3694879e-04
  -3.1543833e-02   2.6314453e-03  -4.3455625e-03  -4.1989564e-04  -7.4798574e-04  -1.7855646e-04
  -9.2005294e-03   3.6581673e-02  -3.2335316e-02   2.1110046e-04  -7.4844852e-04   1.8380930e-05
  -4.0324447e-02   2.0102851e-02   5.5357068e-02  -1.8305041e-03  -7.9926543e-04  -4.8258328e-04
  -3.7444229e-02   3.9969946e-03   2.5297684e-02  -1.1760745e-03  -8.2324554e-04  -3.4690106e-04
  -3.8968850e-02  -1.3746825e-02   7.9100912e-03  -1.0651319e-03  -6.4831226e-04  -1.3629480e-04
  -4.4851371e-02  -2.2292639e-03   2.3877415e-02  -1.1569416e-03  -6.9788299e-04  -1.7414576e-04
  -4.5971416e-02   1.5815445e-03  -2.2100856e-02  -8.8090804e-04  -5.8350207e-04   9.5607654e-05
  -4.0421287e-02   2.0335285e-02  -1.6404469e-02  -9.7324536e-04  -6.2998889e-04  -9.2806783e-05
  -4.1251456e-02   5.3673098e-03   5.0403427e-02  -1.8536971e-03  -6.8642794e-04  -3.6500159e-04
  -4.0328680e-02   2.0183433e-02   7.7297331e-02  -2.6122114e-03  -1.0056249e-03   6.1937332e-05
  -4.7211844e-02  -2.2454387e-05   6.0092273e-02  -2.0431856e-03  -9.2683753e-04   2.1436027e-05
  -4.5486849e-02   2.1404007e-02   7.2505750e-02  -2.4011180e-03  -7.1054760e-04  -6.9134898e-05
  -3.4976298e-02   1.9964749e-02   3.2102849e-02  -1.5535624e-03  -6.9304085e-04   3.3074265e-04
  -3.0027150e-02   3.4280012e-02  -8.9391178e-04  -1.5742790e-03  -5.9024377e-04   8.2545109e-04
  -5.6111115e-02  -6.8079023e-03   9.4272314e-02  -3.7580769e-03  -6.9439396e-04   2.3386020e-04
  -3.3748076e-02   2.2926617e-02   1.1573142e-01  -4.4080282e-03  -1.1030142e-03   3.9410766e-04
  -6.5880545e-02   9.2855323e-02   2.2496326e-01  -2.1306562e-03  -2.6213130e-03  -1.2212074e-03
  -5.0627679e-02   6.7943907e-02   9.7506064e-02  -3.0613139e-04  -2.0971070e-03  -5.1916534e-04
  -4.2007903e-02   4.9655152e-02   1.3381240e-01  -2.5311238e-03  -2.2468220e-03   9.9669928e-05
  -3.9828709e-02   2.1093948e-02   1.6642034e-01  -2.3604325e-03  -1.7349642e-03   6.4127718e-04
  -1.6183643e-02   1.2469715e-02   1.6161819e-01  -2.7221529e-03  -1.4858223e-03   9.4136713e-04
  -5.0578261e-03   5.5276118e-03   1.6132278e-01  -3.6690036e-03  -9.4231053e-04   1.2189488e-03
  -2.1092869e-03   2.1306958e-02   1.7135479e-01  -3.4001454e-03  -8.7137724e-04   1.1751807e-03
   1.2153345e-02   4.3946564e-02   1.2276062e-01  -2.9067720e-03  -1.0330471e-03   1.5733034e-03
   1.3541044e-03   5.1118133e-02   1.3180147e-01  -3.7076898e-03  -8.8464715e-04   1.3444851e-03
   9.6368076e-03   5.7578722e-02   8.3348276e-02  -2.8076912e-03  -6.5626748e-04   1.6083675e-03
  -2.2153785e-03   4.6232130e-02   1.4609674e-01  -4.7774937e-03  -6.5136721e-04   1.0821494e-03
   1.3486308e-02   5.9217350e-02   9.8596968e-02  -4.2276440e-03  -9.2192577e-04   1.4455461e-03
   2.8920603e-02   6.3074963e-02   1.1603856e-01  -3.6104172e-03  -4.7742890e-04   1.4667030e-03
   2.7587150e-02   4.2389058e-02   1.0326877e-01  -3.6082898e-03  -7.4631765e-04   1.5938436e-03
   5.7047158e-03   6.0525057e-02   1.0027197e-01  -3.0895696e-03  -1.2128670e-03   1.4755892e-03
   1.9926285e-02   9.2968150e-02   1.0158420e-01  -3.1286211e-03  -7.8520475e-04   1.7516865e-03
   2.6408997e-02   5.6897844e-02   1.3891129e-01  -3.4510604e-03  -6.8780509e-04   2.0485534e-03
   2.5822251e-02   6.7729215e-02   1.2511653e-01  -3.3073739e-03  -3.1527861e-04   2.2960556e-03
   1.8715705e-02   7.9199630e-02   1.0226475e-01  -2.9208024e-03  -5.3107333e-04   2.2141845e-03
   9.4686543e-03   1.0596473e-01   1.0108747e-01  -4.2447139e-03   5.7056471e-05   1.7564282e-03
  -3.4012581e-03   8.8158461e-02   1.0201594e-01  -4.0517864e-03  -2.2229621e-04   1.5613796e-03
   1.5165554e-02   8.4697480e-02   1.2528379e-01  -5.3900947e-03  -2.5487751e-04   1.9855402e-03
  -1.1622525e-02   1.8611710e-01   2.8132646e-01  -3.0142355e-03  -9.6357272e-04  -1.1588402e-04
   1.4845051e-02   1.2049877e-01   1.4343093e-01  -1.2227696e-04  -5.8807998e-04   4.8676645e-04
   2.0933408e-02   1.2161469e-01   1.6640926e-01  -2.8215538e-03  -7.3136630e-04   1.2520686e-03
   1.9023404e-02   8.7933255e-02   2.0222212e-01  -2.7289957e-03  -2.7579524e-04   1.8079533e-03
   1.2076171e-02   5.8047674e-02   2.2315210e-01  -2.9770291e-03   3.4920187e-04   1.8704675e-03
   1.7261806e-02   4.8827063e-02   2.1695822e-01  -3.3606052e-03   4.3591111e-04   2.1143656e-03
   3.8660082e-02   8.1321274e-02   1.4715016e-01  -2.8111302e-03   2.3774335e-04   2.6925085e-03
   3.8561847e-02   8.3757048e-02   1.4475630e-01  -3.0128002e-03   6.1735800e-04   2.7909827e-03
   3.7218647e-02   9.3806606e-02   1.8553066e-01  -4.5507095e-03   1.1737332e-04   2.1517103e-03
   3.1187807e-02   8.9254333e-02   1.6485674e-01  -3.4619418e-03  -2.5314333e-04   2.0548819e-03
   5.3791163e-02   1.0555008e-01   1.3739370e-01  -3.9524133e-03   8.7180687e-06   2.8396869e-03
   6.0024746e-02   1.1786548e-01   1.5669549e-01  -3.6638016e-03  -2.5836766e-04   2.8100324e-03
   6.7751195e-02   1.1399538e-01   1.1047543e-01  -3.2468465e-03  -1.3167215e-03   3.1399347e-03
   5.2895401e-02   8.3203501e-02   1.7087550e-01  -4.6513979e-03  -6.9465578e-04   2.6226827e-03
   5.0934568e-02   9.9654955e-02   1.4955462e-01  -4.9983223e-03  -6.5826601e-04   2.5199759e-03
   7.8666226e-02   1.0320684e-01   1.4726234e-01  -4.2419172e-03  -6.9364487e-04   3.2106639e-03
   5.7225925e-02   1.4004818e-01   1.0647247e-01  -3.4764622e-03  -8.0858060e-04   2.8392712e-03
   3.5353310e-02   1.2780761e-01   2.1290131e-01  -4.3291966e-03  -6.6683422e-04   2.7030292e-03
   5.4539287e-02   1.1717642e-01   1.8344462e-01  -4.6141858e-03  -6.3267283e-04   3.2929287e-03
   5.5914184e-02   1.1653390e-01   1.6299726e-01  -3.6866667e-03   5.8643358e-06   3.4673140e-03
   4.4343515e-02   1.2269657e-01   2.0956054e-01  -5.3340105e-03  -2.6193749e-04   2.8358273e-03
   6.9531254e-02   3.4486053e-01   3.4822912e-01   7.0800034e-04   6.8142272e-04   1.3195571e-03
   5.3287929e-02   1.2733739e-01   1.8514769e-01   2.8011614e-03  -4.6831407e-04   1.8853705e-03
   5.9724704e-02   1.3152969e-01   1.7420769e-01   1.0754884e-03  -8.8603904e-04   2.8034122e-03
   8.1117810e-02   1.0662606e-01   2.4089110e-01  -2.8736191e-04  -3.5205444e-05   3.6131740e-03
   9.0450156e-02   1.0379268e-01   2.8991905e-01  -1.1375557e-03   1.6043617e-04   3.7677336e-03
   1.1299542e-01   1.0151431e-01   2.9706218e-01  -1.1835691e-03   4.7308114e-04   4.3115020e-03
   1.0218286e-01   1.1544085e-01   3.1016538e-01  -2.4158073e-03   6.3083151e-04   3.8766839e-03
   1.2103854e-01   1.2943901e-01   3.1290799e-01  -2.1145069e-03   3.9263622e-04   4.1313912e-03
   1.0529173e-01   1.2139105e-01   2.8388379e-01  -2.2936138e-03   2.1507567e-04   3.7426009e-03
   7.8686226e-02   1.3112042e-01   2.7311629e-01  -2.5450949e-03  -5.3595715e-04   3.2504429e-03
   9.0792029e-02   1.4254191e-01   2.8674754e-01  -2.9991598e-03   9.6204584e-05   3.6700391e-03
   9.7802556e-02   1.2526176e-01   2.9192168e-01  -2.8046342e-03   4.8664921e-05   3.7578716e-03
   9.7905735e-02   1.1989389e-01   2.7806943e-01  -2.4975354e-03   1.9430247e-04   4.1999634e-03
   9.8969402e-02   1.2674199e-01   2.8001619e-01  -2.9624898e-03   4.8274662e-05   3.9628543e-03
   7.3303848e-02   1.5784270e-01   2.2195695e-01  -2.8265579e-03   2.8541258e-04   3.7448453e-03
   5.4306967e-02   1.8297104e-01   2.1755587e-01  -3.8667333e-03   2.0484098e-04   3.2203025e-03
   5.8106054e-02   1.5094365e-01   2.2160098e-01  -3.7178243e-03   1.4018577e-05   3.3316029e-03
   6.9993682e-02   1.3634088e-01   2.1522897e-01  -3.3547570e-03   2.7190010e-04   4.0715842e-03
   7.9522025e-02   1.4077393e-01   2.3805387e-01  -2.6183661e-03  -1.7186816e-04   3.2021085e-03
   8.0257685e-02   1.6286658e-01   2.4036520e-01  -3.1725270e-03  -1.4313440e-04   3.0691019e-03
   6.2268553e-02   1.4626701e-01   2.0940907e-01  -2.2831003e-03  -6.7810891e-04   3.1938990e-03
   9.8783589e-02   1.7987142e-01   2.2819893e-01  -1.9383363e-03  -2.1692318e-04   3.7840686e-03
   7.5132066e-02   1.4345860e-01   2.4640864e-01  -2.6283430e-03  -3.1634621e-04   3.3750759e-03
   2.5352947e-03   1.4674077e-01   2.9893979e-01  -2.9393733e-03  -1.1810636e-03   1.7496423e-03
  -3.5250154e-03   1.7084853e-01   2.8233794e-01  -3.7349019e-03  -1.1514904e-03   2.0785861e-03
   1.6225036e-02   1.5522391e-01   3.1830849e-01  -4.0911024e-03  -7.2862479e-04   2.4202133e-03
   7.2031033e-03   1.6612452e-01   3.0534462e-01  -3.8644686e-03  -5.7900690e-04   2.5588406e-03
   1.7368550e-02   1.5884679e-01   3.3939509e-01  -4.7689707e-03  -3.2812958e-04   2.4561244e-03
   3.8617973e-02   2.0115917e-01   2.8012650e-01  -4.2674722e-03  -1.6491132e-04   2.6926393e-03
   2.1295601e-03   1.9714989e-01   2.9873800e-01  -4.9544158e-03  -7.9143771e-04   2.3894997e-03
   2.5461457e-02   1.8609695e-01   2.6071018e-01  -3.6974147e-03  -5.3985294e-04   2.7975983e-03
   3.2674504e-02   1.8772593e-01   2.7910157e-01  -3.0979933e-03  -3.0918422e-04   2.8039998e-03
   5.1854839e-03   2.0771126e-01   3.3747908e-01  -5.0745120e-03  -6.0522143e-04   2.1630644e-03
   1.5502151e-02   2.5450845e-01   4.7110261e-01  -5.4074200e-03  -1.3818677e-03   1.9724617e-03
   2.2778236e-02   2.0979107e-01   3.9255413e-01  -4.2279667e-03  -9.6079503e-04   3.0042213e-03
  -1.6241651e-02   1.9819793e-01   3.6617446e-01  -4.6124430e-03  -1.5945334e-03   3.2085363e-03
  -1.1109866e-02   1.8094490e-01   3.5127026e-01  -5.1553075e-03  -4.6267325e-04   3.0642770e-03
   2.4838380e-03   1.8946884e-01   3.2907107e-01  -5.0268237e-03  -3.4100321e-04   3.8609215e-03
   5.5448219e-03   1.6677391e-01   3.3191995e-01  -4.9782636e-03  -4.4082047e-04   3.8616765e-03
   7.6643202e-03   2.0985465e-01   2.8172690e-01  -3.9009153e-03  -1.0288187e-03   3.6769932e-03
  -2.5372294e-02   2.1752700e-01   3.5686339e-01  -5.6255662e-03  -8.9562429e-04   3.2278683e-03
  -4.3661193e-03   2.2338957e-01   2.5507066e-01  -4.7557974e-03  -2.6404895e-04   3.9287378e-03
  -1.1232777e-02   2.1185313e-01   2.1108615e-01  -5.3175781e-03   1.1886591e-03   4.6873049e-03
  -6.3201149e-02   1.7119899e-01   3.2811436e-01  -6.5109763e-03   3.4351554e-04   4.1491751e-03
  -1.6936825e-02   1.9101303e-01   3.3427566e-01  -5.0984869e-03  -3.8577479e-05   4.2937554e-03
  -3.6390503e-03   1.7896413e-01   2.7631000e-01  -4.5437512e-03   1.5424654e-04   4.0646478e-03
  -1.8299630e-02   2.1854267e-01   3.8916654e-01  -5.7096712e-03  -4.3954694e-06   3.4410434e-03
   9.5347211e-03   2.0688185e-01   3.5803109e-01  -3.9882372e-03  -5.5758820e-04   3.0079639e-03
  -1.1216546e-02   2.3731611e-01   3.9128087e-01  -5.7171470e-03  -6.6741518e-04   3.0147374e-03
  -5.8561451e-03   2.1546604e-01   3.3581832e-01  -5.3409602e-03  -7.9058429e-04   3.8352805e-03
  -2.0544190e-02   1.7353273e-01   4.1987303e-01  -6.2391475e-03  -5.3727795e-04   4.2126369e-03
   6.0065504e-03   1.8972846e-01   4.1787333e-01  -5.2564447e-03   4.6566752e-04   4.2635372e-03
   1.2126913e-02   2.0198592e-01   4.0477803e-01  -5.9995998e-03   5.5032726e-05   4.1769210e-03
   2.9509693e-02   1.8622738e-01   3.8254183e-01  -5.4126398e-03   1.7019263e-04   4.6055877e-03
   6.7748005e-04   1.8571153e-01   3.7269922e-01  -5.2668945e-03   1.8702261e-04   4.3265681e-03
   7.9035875e-03   1.9458064e-01   3.3799215e-01  -5.3353480e-03   3.5880536e-04   4.4089044e-03
   3.8584708e-03   1.9785457e-01   3.0681633e-01  -4.9541006e-03  -4.0140196e-04   4.5511258e-03
  -1.2546868e-03   2.0066631e-01   3.6375317e-01  -6.1701993e-03   2.3241981e-05   4.2328154e-03
   1.9659148e-02   2.3504038e-01   2.6594980e-01  -4.2479237e-03   6.9451837e-05   4.7985672e-03
   7.4601074e-02   2.8063212e-01   3.2469127e-01  -4.6023189e-03   3.2135086e-04   5.2592919e-03
   5.9623106e-02   2.4175468e-01   3.5735696e-01  -5.0451636e-03  -1.5307086e-04   4.8478153e-03
   7.2296149e-02   2.3306869e-01   2.7225440e-01  -4.2714518e-03   6.0986949e-04   5.9839624e-03
   3.0597461e-02   2.1819443e-01   3.4604673e-01  -4.7192207e-03   1.0923426e-03   4.2426450e-03
   3.1677759e-02   2.5202622e-01   3.0902943e-01  -4.2055415e-03   1.2526239e-03   4.1723171e-03
   3.2337306e-02   2.6691687e-01   3.0584569e-01  -4.2431534e-03   8.5199678e-04   4.7062279e-03
   5.8465867e-03   2.4447868e-01   3.7470212e-01  -4.2725839e-03   6.6344156e-04   4.1666362e-03
   4.0892426e-04   2.3970349e-01   3.4310471e-01  -4.1585182e-03   7.9271914e-04   4.0273988e-03
  -1.0999542e-02   2.8260088e-01   2.9164878e-01  -3.5236275e-03   4.1996794e-04   4.2606709e-03
  -8.6733496e-03   2.5354257e-01   3.5797022e-01  -4.1280788e-03   5.4920135e-04   4.0340615e-03
  -4.3151846e-03   2.4586371e-01   3.5428847e-01  -3.7134297e-03   1.0850493e-03   4.1554803e-03
   8.9019288e-03   2.3998694e-01   3.7278652e-01  -4.0995045e-03   1.0347524e-03   4.6999918e-03
   1.0552093e-02   2.3332117e-01   3.3258591e-01  -3.3851242e-03   1.6195431e-03   4.5016581e-03
   1.8753931e-02   2.3487050e-01   3.7755002e-01  -4.6128290e-03   9.5113235e-04   4.6072179e-03
   4.0178120e-03   2.6826042e-01   3.6509861e-01  -4.3139073e-03   1.2902990e-03   3.6247598e-03
   2.6827536e-02   2.6687582e-01   3.3878721e-01  -3.7706347e-03   1.1420160e-03   4.6181852e-03
   2.0567167e-02   3.4697244e-01   4.0099520e-01  -3.5649570e-03  -1.0022422e-04   3.0688006e-03
  -1.2360951e-02   2.4982661e-01   3.0068578e-01  -1.2953975e-03  -3.1712385e-04   3.0296844e-03
   9.6377139e-03   2.4466957e-01   3.1395139e-01  -1.8779169e-03   1.0068111e-03   4.3986864e-03
   1.4011988e-02   2.5920079e-01   3.0700387e-01  -1.7597762e-03   8.8543668e-04   4.7719114e-03
   3.0333602e-02   2.5602602e-01   2.9702345e-01  -1.8511078e-03   2.0202777e-03   5.4929632e-03
   5.1423876e-02   2.4653260e-01   3.0324948e-01  -2.6605792e-03   1.9117096e-03   5.5826982e-03
   7.4610683e-02   2.8059093e-01   2.3156130e-01  -1.0845661e-03  -1.0599715e-04   6.7006172e-03
   3.1534936e-02   2.6171474e-01   2.5766204e-01  -2.1625053e-03   4.0973425e-04   5.6283668e-03
   1.8381460e-02   2.8446116e-01   2.3404183e-01  -1.4392487e-03  -9.5164636e-05   5.5975088e-03
   6.4570255e-02   2.7852648e-01   3.3424928e-01  -3.4615204e-03   8.7813594e-04   5.7368686e-03
  -3.3503926e-02   2.9142712e-01   2.3656304e-01  -1.1171417e-03  -1.2420766e-03   5.5150431e-03
  -3.3654964e-02   2.4336918e-01   2.6574393e-01  -1.4452636e-03  -1.4915527e-03   4.6842514e-03
   2.2738229e-02   2.6445829e-01   2.4331190e-01  -1.2178737e-03  -8.6416594e-04   5.2957510e-03
   5.3771747e-02   2.8608353e-01   2.2251883e-01  -6.2034836e-04  -1.1667915e-03   5.8790985e-03
   3.1694086e-02   2.7496508e-01   2.1466737e-01   3.8089751e-04  -1.2761747e-03   6.0771308e-03
   2.5650426e-02   2.6871942e-01   2.7616586e-01  -1.7753256e-03  -1.3578453e-03   5.6954564e-03
   2.6222781e-02   2.7907423e-01   1.9104921e-01   3.7965535e-04  -1.9607228e-03   5.8522753e-03
   3.0862218e-02   2.7390561e-01   2.3063232e-01  -4.1412760e-04  -1.1803628e-03   5.9118020e-03
   2.2999659e-02   2.7713006e-01   2.0103147e-01  -4.1906960e-04  -1.1353725e-03   5.8621934e-03
  -1.8242006e-03   3.1365357e-01   1.8985787e-01  -2.6201457e-04  -1.8930923e-03   5.5284475e-03
   8.3851700e-03   2.9836462e-01   2.4725440e-01  -6.0938509e-04  -1.1158997e-03   5.3501049e-03
  -3.5269876e-02   3.1636058e-01   2.0252785e-01   1.7329434e-05  -2.6772802e-03   5.4513632e-03
   1.4298682e-01   3.0270852e-01   2.8216262e-01   1.7234197e-03   8.9961983e-04   6.4488383e-03
   1.0839528e-01   2.5835679e-01   2.6809037e-01   2.1000680e-03   3.5949880e-03   5.0897832e-03
   7.6684087e-02   3.2065790e-01   1.7319565e-01   1.2884024e-03   1.2281771e-03   4.6055470e-03
   6.7164430e-02   2.9374887e-01   2.4225886e-01   1.6337743e-03   8.5279591e-04   4.6971248e-03
   3.6689440e-02   2.7541977e-01   2.0525749e-01   1.8326176e-03   1.4916984e-03   4.5703757e-03
   4.7447784e-02   2.9650583e-01   2.3626824e-01   1.9757282e-03   1.0947299e-03   4.8248578e-03
   1.7513300e-02   3.0307606e-01   1.9372028e-01   2.7264032e-03   7.2064206e-05   5.2771533e-03
   1.9469762e-02   3.1816977e-01   2.2703310e-01   1.5169112e-03   8.0371445e-04   4.5753820e-03
   1.4308025e-02   3.0580665e-01   2.1899444e-01   1.8716020e-03   8.2798665e-04   4.0537406e-03
  -4.5891935e-02   2.9146109e-01   2.0337248e-01   1.7163992e-03  -1.2030693e-03   2.7299394e-03
  -1.8158865e-02   2.7593010e-01   1.4673807e-01   3.1045336e-03  -6.3372476e-04   3.9097628e-03
  -2.2514145e-02   3.3840530e-01   2.4270672e-01   1.2474264e-03  -5.8492024e-04   3.3114617e-03
   4.0875336e-03   3.2675829e-01   2.2745314e-01   2.0075650e-03  -5.9157184e-04   3.7608913e-03
  -2.3202939e-02   3.1658771e-01   2.1754658e-01   1.6026750e-03   1.1913598e-04   3.7505055e-03
  -3.5614218e-02   3.0076730e-01   2.3202845e-01   1.8729991e-03   1.7319014e-04   4.0062216e-03
  -4.6574160e-02   3.0282381e-01   2.0845360e-01   1.1128596e-03   2.1668299e-04   4.0874257e-03
  -4.5014456e-02   3.0315280e-01   2.1643890e-01   8.6040775e-04   9.2295774e-04   3.7832753e-03
  -3.6786243e-02   2.9436648e-01   2.2470734e-01   1.2449836e-03   5.9302912e-04   3.3840916e-03
