   0.0000000e+00   0.0000000e+00  -1.4160753e-14  -5.7898789e-17  -6.5590475e-18  -3.7976091e-34
  -1.2657979e-02   1.0457291e-01  -1.2809944e-01  -7.4665947e-04  -6.0263966e-04  -2.6672930e-04
  -6.0260388e-02   7.3041511e-02  -1.5508930e-01  -6.1968697e-04  -4.1914406e-04  -9.4514131e-05
  -8.6593103e-02   9.5351213e-02  -1.2911918e-01  -2.1819524e-04   6.7832143e-04  -3.1643421e-04
  -9.4737778e-02   5.4514371e-02  -4.3674687e-01  -2.2318703e-03   1.7185443e-03  -5.0149703e-04
  -1.6427982e-01   1.0691377e-01  -5.4356684e-01  -3.3921285e-03   2.3285306e-03  -8.6089083e-04
  -9.5505838e-02   6.6703322e-02  -4.3998089e-01  -3.9929242e-03   1.4123787e-03  -3.9461772e-04
  -1.0756459e-01   7.9950739e-02  -3.6365878e-01  -2.5840693e-03   2.6349073e-03  -7.5510263e-04
  -5.9097124e-02   1.0387296e-01  -3.6081392e-01  -4.9296415e-03   2.7854175e-03  -9.4038414e-04
  -7.0412763e-02   8.0745892e-02  -3.5433795e-01  -4.0864889e-03   3.4164313e-03  -8.4898089e-04
  -1.1039208e-01   1.3012531e-01  -3.8322991e-01  -4.5269584e-03   3.4762660e-03  -7.9557480e-04
  -8.1735515e-02   1.0574051e-01  -4.0149336e-01  -5.1212539e-03   3.2785264e-03  -9.3170320e-04
  -6.7116636e-02   5.8072649e-02  -3.6470296e-01  -6.3608695e-03   3.4968872e-03  -3.9742781e-04
  -5.7663082e-02   1.2067509e-01  -3.3555332e-01  -5.6056988e-03   3.9589963e-03  -2.9377181e-04
  -5.6401385e-02   1.0096677e-01  -2.8388311e-01  -5.1860499e-03   3.5973374e-03  -2.1641242e-04
  -5.1525857e-02   9.9818312e-02  -2.7239973e-01  -4.2805824e-03   4.2063818e-03  -3.1998304e-04
  -7.6723271e-02   9.0466966e-02  -2.6337824e-01  -4.3441595e-03   4.1613100e-03  -5.6522010e-04
  -7.8504865e-02   1.5663075e-01  -2.7699176e-01  -6.0673035e-03   4.0653098e-03  -6.6351823e-04
  -5.2601344e-02   7.1022979e-02  -6.8289939e-03  -8.2846911e-03   3.8273310e-03  -3.4661372e-04
   7.7094186e-02   3.7744070e-01   5.0527166e-01  -3.7536311e-03   5.3059673e-03   6.9332645e-04
   1.4966012e-02   3.0943788e-01   3.2695654e-01  -1.9462261e-03   5.2727479e-03   5.0234776e-04
   1.3589095e-03   1.8200773e-01   1.1908865e-01  -4.7907227e-03   4.8416072e-03  -4.1680409e-05
  -6.7069132e-03   9.1559008e-02   9.9997204e-02  -5.8665616e-03   4.8136152e-03  -9.7399060e-06
  -1.4388183e-02   1.4488186e-01   1.0532315e-01  -5.6710270e-03   5.7509270e-03   2.3135894e-04
  -2.9878353e-02   1.0855063e-01   1.5519888e-01  -6.7184412e-03   5.6722471e-03  -1.4905131e-04
  -2.4592167e-02   1.8621121e-01   1.2817593e-01  -5.4676526e-03   5.2571525e-03  -2.1574894e-04
  -2.8760928e-02   1.3321557e-01   1.3717203e-01  -6.3343529e-03   5.8441183e-03  -1.8077483e-04
  -1.4387617e-02   1.7358029e-01   1.2966630e-01  -5.8526634e-03   5.9099934e-03  -1.7846788e-04
   5.9901387e-03   2.3641700e-01   2.1126211e-01  -5.9438038e-03   6.0104323e-03   2.5284255e-04
   1.7831278e-02   2.1138723e-01   2.1293765e-01  -5.0019517e-03   6.9241996e-03   5.0617213e-04
  -1.0100558e-02   1.6955990e-01   1.9903481e-01  -3.1819458e-03   6.9622584e-03  -1.0001114e-04
  -1.4734479e-02   2.0609068e-01   1.3378414e-01  -4.3845980e-03   6.7576343e-03  -1.8005212e-04
  -9.2469575e-03   2.0863378e-01   1.5737639e-01  -3.3708185e-03   6.6482828e-03  -2.5297344e-04
   4.4637146e-03   2.4091492e-01   1.9396556e-01  -5.3081010e-03   5.8353430e-03   1.1171042e-04
   1.9936594e-02   1.9958225e-01   1.9902972e-01  -5.2562756e-03   5.8148455e-03   6.3325454e-05
   2.5734171e-02   3.1716104e-01   2.2489868e-01  -6.3790563e-03   6.5528652e-03   6.0551364e-04
   6.3984574e-02   2.4799182e-01   2.4264466e-01  -6.7777188e-03   6.0864856e-03   5.9322169e-04
   4.0984812e-02   2.6674452e-01   3.1962837e-01  -7.0079469e-03   6.6803324e-03   6.1013563e-04
   3.0231897e-02   2.4317139e-01   2.3828043e-01  -6.5859366e-03   7.1160794e-03   6.9293908e-04
   4.7476566e-02   2.7120353e-01   3.4191664e-01  -7.5357809e-03   7.2091793e-03   5.3665507e-04
   5.1109109e-02   2.3594672e-01   3.9289986e-01  -8.4817500e-03   6.9335800e-03   7.4052790e-04
   4.5969047e-02   2.3429955e-01   1.8428116e-01  -6.0638060e-03   6.8751809e-03  -2.0553451e-04
  -6.0816974e-03   2.2231294e-01   7.8724264e-02  -7.0666043e-03   7.0106215e-03   1.6196790e-05
   2.6108030e-02   2.2451283e-01   1.5561881e-01  -8.5449178e-03   7.1322130e-03   1.3353601e-04
   1.2816833e-02   2.3554456e-01   2.1150118e-01  -8.0449017e-03   7.5558830e-03   2.5111033e-04
   1.0883802e-02   1.7915636e-01   1.6891337e-01  -1.0540028e-02   7.6294911e-03   7.7218639e-04
  -2.6320740e-02   2.2894880e-01   2.3984974e-01  -1.0247005e-02   9.0551201e-03   3.4942699e-04
  -6.5800011e-02   2.4640798e-01   2.5290944e-01  -1.0371757e-02   9.4726884e-03  -1.3279205e-04
  -3.4606000e-02   2.4013174e-01   2.4437110e-01  -1.1080549e-02   8.8746782e-03   3.6093551e-04
  -3.1571202e-02   2.5208898e-01   2.2743645e-01  -9.5997197e-03   9.5819982e-03   1.7700285e-04
  -3.8957328e-02   2.4307470e-01   3.1037067e-01  -1.0665946e-02   9.3944011e-03   2.9135570e-04
  -6.4784149e-02   1.7976586e-01   2.5075051e-01  -1.1882341e-02   1.1373887e-02   1.6677303e-04
  -9.9565013e-02   2.9345112e-01   2.6789201e-01  -1.1760367e-02   1.4273718e-02  -2.1733977e-04
  -5.9591959e-02   2.2388355e-01   2.3753263e-01  -9.6709500e-03   1.2185533e-02  -3.5362455e-04
  -1.1106217e-01   2.6753263e-01   2.4153806e-01  -1.1775769e-02   1.2729499e-02  -6.5792064e-04
   9.1020366e-04   2.4007510e-01   1.4933054e-01  -8.3490415e-03   1.0538429e-02   3.4415797e-04
  -2.1613238e-02   2.4163091e-01   2.0503245e-01  -8.9947911e-03   1.1180921e-02  -5.1090630e-04
  -5.9333129e-02   2.2919632e-01   1.9989825e-01  -1.1021876e-02   1.1311699e-02  -2.3993960e-04
  -8.8267174e-02   2.9336854e-01   1.2125794e-01  -9.5068509e-03   1.1473942e-02  -5.0228794e-04
  -4.6651903e-02   2.7584604e-01   1.6347145e-01  -9.1595257e-03   1.0751549e-02  -3.0111160e-04
  -6.6881731e-02   2.6580839e-01   2.5395166e-01  -9.7319093e-03   1.1183518e-02  -6.4348529e-04
  -3.3532384e-02   2.7616875e-01   1.8111150e-01  -1.1133285e-02   1.0551179e-02   1.4675038e-05
   9.3375046e-03   2.6152003e-01   2.4454482e-01  -9.2886962e-03   1.0331962e-02   1.6708614e-04
  -2.6975028e-02   2.9810532e-01   1.6458174e-01  -1.2047730e-02   1.0085361e-02   1.2790690e-04
  -8.6142363e-03   2.6062728e-01   1.3620190e-01  -1.3139761e-02   1.0174541e-02   4.5461215e-04
  -6.6183542e-03   3.2230264e-01   1.8371162e-01  -1.2518259e-02   1.0555354e-02   4.2760703e-04
  -6.8590102e-03   2.5273269e-01   2.7308656e-01  -1.3641782e-02   1.0528592e-02   4.0875472e-04
  -1.4560522e-02   3.0170373e-01   2.8836702e-01  -1.2746002e-02   1.0779416e-02   1.2809019e-04
   1.4561376e-02   2.6669269e-01   3.2375894e-01  -1.3249748e-02   1.0093862e-02   2.4792286e-04
  -3.3029846e-02   3.2589287e-01   1.9447509e-01  -1.3228624e-02   1.0799284e-02  -2.2836318e-04
  -2.1470793e-02   2.7510952e-01   2.4755851e-01  -1.4119961e-02   1.0846955e-02   3.6412312e-05
  -4.3256390e-02   2.8365148e-01   2.2848692e-01  -1.3010119e-02   1.0919079e-02  -1.4530003e-04
  -2.6801966e-02   3.1570049e-01   3.2477835e-01  -1.4786493e-02   1.0670618e-02  -2.9742249e-04
  -4.7483805e-02   3.0640562e-01   2.1043843e-01  -1.3507688e-02   1.0327653e-02  -1.3758448e-04
   4.0475320e-03   2.5991856e-01   5.0459809e-01  -1.3305312e-02   1.1042419e-02  -8.1772705e-05
   6.2004178e-03   3.4552032e-01   5.4086501e-01  -1.4097489e-02   1.1737633e-02   1.9709669e-05
   1.0208835e-01   6.1913098e-01   1.0528105e+00  -1.1359494e-02   1.1335347e-02   1.0879406e-03
   4.4426749e-02   3.7678278e-01   1.0074800e+00  -1.4308747e-02   1.1256315e-02   1.5317829e-03
   1.6792231e-01   3.2701807e-01   5.9985139e-01  -1.5882609e-02   1.0316676e-02   1.7315069e-03
   7.0663536e-02   2.7452635e-01   6.6888646e-01  -1.6516310e-02   1.1507730e-02   5.5484838e-04
   1.5098616e-01   2.8676223e-01   7.8711946e-01  -1.3113525e-02   9.9161569e-03   2.1899908e-03
   5.7312154e-02   2.3604165e-01   3.0980987e-01  -1.1571522e-02   8.7083632e-03   3.6692609e-03
  -1.7744180e-01   3.2015291e-01   6.3240761e-02  -1.6376937e-02   1.3955033e-02   8.2400278e-05
  -1.1298609e-01   2.9548124e-01   4.1080353e-01  -1.4263139e-02   1.3875639e-02   1.2299007e-04
  -1.5796635e-01   3.1847208e-01   5.0465716e-01  -1.3957444e-02   1.3719602e-02  -7.9871190e-04
  -1.1158308e-01   3.0955383e-01   5.0595875e-01  -1.3409626e-02   1.2707611e-02  -3.1004431e-04
  -6.6681589e-02   2.7330418e-01   7.3615443e-01  -1.5371955e-02   1.2124808e-02  -6.2405385e-04
   4.4735526e-02   2.3489869e-01   1.0122746e+00  -1.3319379e-02   1.0713276e-02   2.6070013e-04
   1.0188242e-02   3.6860312e-01   7.8791259e-01  -1.3575081e-02   1.0798066e-02   3.3920983e-04
   2.6276688e-02   2.9391999e-01   6.5537119e-01  -1.1321568e-02   1.0159697e-02   1.9994128e-04
   6.0008350e-02   3.4792781e-01   6.6775774e-01  -1.2915964e-02   9.9272706e-03   2.8946674e-04
   1.7824858e-02   3.0806896e-01   7.0097508e-01  -1.2808680e-02   9.9544610e-03  -2.0537593e-04
   2.8549491e-02   3.5476994e-01   6.2526583e-01  -1.4151618e-02   9.7818003e-03   4.9604249e-04
   2.9530017e-02   3.2962834e-01   5.5746246e-01  -1.3968649e-02   9.4201737e-03   5.1877549e-05
   2.8939405e-02   3.7458022e-01   4.8559947e-01  -1.6023167e-02   9.9224316e-03   3.6460737e-04
   2.5545275e-02   3.5194216e-01   4.2725344e-01  -1.5742670e-02   8.9322265e-03   9.0751301e-04
  -2.2306882e-02   3.3959331e-01   4.6958237e-01  -1.4608868e-02   8.4143849e-03   9.2184527e-04
   2.8704515e-02   3.2067244e-01   5.7002481e-01  -1.5120296e-02   8.3615294e-03   7.2321832e-04
   3.9679843e-02   3.5194025e-01   4.8109797e-01  -1.4168437e-02   8.7183625e-03   7.7505088e-04
   1.0319204e-01   3.8967312e-01   6.1624792e-01  -1.4668108e-02   8.7673855e-03   1.3282990e-03
   6.2779334e-02   4.0226342e-01   6.1610619e-01  -1.6068880e-02   9.7035345e-03   1.0323536e-03
   5.2491175e-02   3.0832055e-01   6.2485788e-01  -1.6418283e-02   9.5002823e-03   9.5349479e-04
   2.5665067e-02   3.5719459e-01   5.4707175e-01  -1.6619839e-02   1.0190998e-02   8.2088531e-04
   4.4910447e-02   2.7382856e-01   5.6184389e-01  -1.6397424e-02   1.0250160e-02   9.2339338e-04
   1.0176230e-01   3.1979388e-01   8.1697924e-01  -1.6997014e-02   1.0093773e-02   1.5216876e-03
   5.5472550e-02   3.1251019e-01   4.6333016e-01  -1.6181792e-02   1.0943171e-02   1.2023320e-03
   8.7203184e-02   3.6351574e-01   3.1128596e-01  -1.2878070e-02   1.1227905e-02   1.1464429e-03
   8.0414851e-02   2.9948560e-01   5.5427260e-01  -1.7950270e-02   1.0604344e-02   1.0581647e-03
   1.3001850e-01   3.4533536e-01   5.4599503e-01  -1.8202869e-02   1.0607382e-02   1.5199971e-03
   9.9136210e-02   3.9521890e-01   4.7856910e-01  -1.9192750e-02   1.0255957e-02   1.2089417e-03
   9.9625594e-02   3.7069339e-01   5.0598627e-01  -1.6086076e-02   1.0145603e-02   4.9336345e-04
   1.1985180e-01   3.7641969e-01   4.7187334e-01  -1.5502002e-02   9.8941219e-03   7.5242082e-04
   1.1825366e-01   3.5971548e-01   5.5128155e-01  -1.6232036e-02   9.9274885e-03   1.0496794e-03
   1.3184436e-01   4.0249174e-01   4.8980549e-01  -1.4930460e-02   9.8398439e-03   1.3760607e-03
   1.2954715e-01   3.9706322e-01   6.5420797e-01  -1.4643261e-02   1.0268057e-02   8.0494112e-04
   1.6993139e-01   4.2145448e-01   5.8142157e-01  -1.6119950e-02   9.9448060e-03   1.3708757e-03
   6.4430638e-02   4.0689913e-01   8.4250239e-01  -1.6252061e-02   1.0277071e-02   1.2346515e-03
   1.1699029e-01   4.2241582e-01   9.1555984e-01  -1.7493882e-02   1.0067273e-02   1.7160457e-03
   1.2661618e-01   4.5709250e-01   5.5068940e-01  -1.6218818e-02   1.0588568e-02   1.6451074e-03
   9.8072648e-02   3.9578123e-01   7.0502349e-01  -1.6165830e-02   1.0567697e-02   1.2583817e-03
   1.1029559e-01   4.3328192e-01   6.2701743e-01  -1.6551418e-02   1.0749947e-02   1.1908704e-03
   1.6689912e-01   4.6799032e-01   8.4833476e-01  -1.5082383e-02   1.0020611e-02   1.7811337e-03
   1.5249286e-01   3.8038162e-01   7.3319354e-01  -1.5151639e-02   1.0202466e-02   1.7141040e-03
   1.6443753e-01   4.5051965e-01   7.2820203e-01  -1.5260655e-02   1.0407870e-02   1.7648771e-03
   1.7836025e-01   4.2859861e-01   7.0603487e-01  -1.5854272e-02   1.0366185e-02   2.1823365e-03
   1.4927112e-01   4.2126265e-01   7.1815956e-01  -1.6623940e-02   1.0338887e-02   1.7017777e-03
   1.4324649e-01   4.3947712e-01   7.0057588e-01  -1.6440167e-02   1.0229093e-02   1.6589308e-03
   1.1669598e-01   4.3017286e-01   7.4235369e-01  -1.7033149e-02   1.0630470e-02   1.4138250e-03
   1.2010246e-01   4.4239912e-01   7.0125521e-01  -1.7301618e-02   1.0708942e-02   1.5074355e-03
   9.3600013e-02   4.5954283e-01   6.3460245e-01  -1.9433590e-02   1.0841829e-02   1.4479136e-03
   6.8705887e-02   4.5336710e-01   6.0546488e-01  -1.8692726e-02   1.1138302e-02   1.1676477e-03
   7.9922407e-02   4.6985195e-01   7.0744871e-01  -1.9199978e-02   1.1239153e-02   1.2537506e-03
   8.1564555e-02   5.0151803e-01   6.3252400e-01  -1.7386882e-02   1.1575827e-02   1.3216052e-03
   5.2932944e-02   4.3652450e-01   6.9675518e-01  -2.0210745e-02   1.1372053e-02   1.4111511e-03
   7.1794316e-02   4.4369628e-01   6.1073957e-01  -1.9032280e-02   1.1341915e-02   1.3651949e-03
   5.2772448e-02   4.3031817e-01   6.4878821e-01  -1.9656260e-02   1.1656076e-02   1.0762536e-03
   8.8585984e-02   4.5039953e-01   6.2827134e-01  -1.7052418e-02   1.1451211e-02   1.2568020e-03
   9.2531764e-02   4.2466317e-01   6.5403379e-01  -1.6737742e-02   1.1496850e-02   1.2669146e-03
   9.2393916e-02   4.5440557e-01   6.1314153e-01  -1.6960173e-02   1.1376410e-02   1.3761663e-03
   9.6618339e-02   4.9806946e-01   6.9848164e-01  -1.7072628e-02   1.1231672e-02   1.6696122e-03
   9.9496391e-02   4.9698244e-01   6.1410745e-01  -1.7330910e-02   1.1252331e-02   9.7580839e-04
   1.5623861e-01   6.6005683e-01   1.3387574e+00  -1.5766933e-02   7.9200926e-03   1.8936175e-03
   1.2836616e-01   5.7960959e-01   1.2673247e+00  -1.5165132e-02   8.3068202e-03   1.9329612e-03
   1.2841781e-01   5.7843033e-01   1.0371061e+00  -1.4517883e-02   9.4807417e-03   1.8724740e-03
   1.2297627e-01   4.3372823e-01   1.0125963e+00  -1.6093161e-02   9.7083232e-03   1.9335405e-03
   1.3887882e-01   4.2466734e-01   7.5539247e-01  -1.7651635e-02   9.6717347e-03   1.7791975e-03
   1.0887339e-01   4.0257510e-01   7.3331812e-01  -1.7165746e-02   1.0500677e-02   1.6464462e-03
   1.5360736e-01   4.6530330e-01   6.6521382e-01  -1.6316534e-02   9.8565187e-03   1.9860222e-03
   1.4419801e-01   4.3755723e-01   6.1865677e-01  -1.4467697e-02   9.6109641e-03   1.5883753e-03
   1.6606699e-01   4.7439984e-01   5.2919089e-01  -1.7668476e-02   9.3829177e-03   1.8685255e-03
   1.4923171e-01   4.5830780e-01   4.1201118e-01  -1.7645163e-02   9.3624158e-03   1.5755602e-03
   1.3048095e-01   4.3462718e-01   4.6274598e-01  -1.7268508e-02   9.7546437e-03   1.3830874e-03
   1.0264234e-01   4.6402623e-01   3.4971966e-01  -1.7768867e-02   1.0255648e-02   1.5681736e-03
   1.1303957e-01   4.6496133e-01   4.1586407e-01  -1.6874174e-02   1.0052913e-02   1.6676208e-03
   1.1970445e-01   4.5670615e-01   4.8642745e-01  -1.7076124e-02   9.9010336e-03   1.2543878e-03
   1.1466280e-01   5.0732074e-01   3.4847782e-01  -1.8278152e-02   9.6890152e-03   1.4842156e-03
   1.3101309e-01   4.6663362e-01   3.9214259e-01  -1.9448726e-02   9.3830268e-03   1.7845202e-03
   9.2228623e-02   5.1237048e-01   3.2976055e-01  -2.0209932e-02   9.6792202e-03   1.6525095e-03
   1.1495439e-01   5.0060658e-01   4.2838295e-01  -2.0729407e-02   9.5858307e-03   1.8721595e-03
   7.9102373e-02   4.8383556e-01   3.7013875e-01  -1.9985745e-02   1.0030095e-02   1.6931265e-03
   7.7944198e-02   5.1811947e-01   3.9757167e-01  -2.0737764e-02   1.0050931e-02   1.5124864e-03
   3.4063783e-03   4.5482134e-01   3.0667959e-01  -1.9997624e-02   9.7019610e-03   1.0936535e-03
   6.3340152e-02   4.8792792e-01   3.1802782e-01  -2.3368852e-02   8.7247709e-03   2.3705220e-03
   4.6314844e-02   4.8272690e-01   2.8497683e-01  -2.3145632e-02   9.4451631e-03   2.0143262e-03
   3.6666276e-02   4.7912466e-01   3.2308277e-01  -2.1769756e-02   9.9462603e-03   2.0276198e-03
   2.8882567e-02   5.0576141e-01   3.0380018e-01  -2.2968077e-02   1.0056129e-02   1.7492868e-03
   4.6741623e-02   4.9467793e-01   3.9321731e-01  -2.1955583e-02   9.8053861e-03   1.6812475e-03
   4.1383118e-02   5.1274612e-01   3.8824425e-01  -2.1974679e-02   1.0242627e-02   1.7181051e-03
   4.3711124e-02   4.9977951e-01   3.8559384e-01  -2.1834699e-02   1.0241429e-02   2.1158447e-03
   4.8910218e-02   5.0561310e-01   3.6212860e-01  -2.0001827e-02   1.0686749e-02   1.8773384e-03
   4.0169464e-02   4.6940605e-01   4.2869657e-01  -2.1482703e-02   1.0473277e-02   1.6553034e-03
   4.0957366e-02   5.4961159e-01   4.9438547e-01  -2.1342054e-02   1.0253829e-02   1.8202010e-03
   3.8753051e-02   5.2386481e-01   2.8626900e-01  -2.0158647e-02   9.9207097e-03   1.9553549e-03
   6.1893845e-02   5.3473719e-01   2.7385884e-01  -2.1655135e-02   9.9477591e-03   2.1798022e-03
   7.1915530e-02   5.2771757e-01   1.9778055e-01  -2.1333536e-02   9.8881041e-03   2.0467217e-03
   7.6643871e-02   5.2637176e-01   2.2412125e-01  -2.2274640e-02   9.9381710e-03   2.1861392e-03
   5.5171792e-02   5.3681326e-01   2.1979169e-01  -2.1204528e-02   1.0341987e-02   1.9414664e-03
   4.5303793e-02   5.3018443e-01   3.0232132e-01  -2.0956328e-02   1.0603061e-02   1.8762992e-03
   5.1063183e-02   5.3771842e-01   2.9291019e-01  -2.1805070e-02   1.0208430e-02   1.8196075e-03
