   0.0000000e+00   0.0000000e+00  -1.3238427e-14  -6.2803787e-17   1.1370822e-18   7.1413071e-35
  -2.0653260e-02   7.2884875e-02  -2.1052155e-02   3.2934499e-04   2.9095261e-04  -5.4088856e-04
   3.1073192e-02   8.9732034e-02  -4.8896326e-02   1.7694562e-04   1.2536491e-03  -1.2598346e-04
   5.6229538e-02   2.1678209e-02  -3.9003796e-02   7.7374907e-04   2.3274154e-03   4.9243329e-04
   6.0692829e-02   3.1843265e-02  -7.2836581e-02   4.9572872e-04   2.4527598e-03   8.2527856e-04
   9.2519390e-02  -5.5276368e-03  -6.5967838e-02   8.0086578e-04   2.7943265e-03   1.4196273e-03
   1.0883385e-01   2.1426416e-02  -3.4830048e-02   5.9686779e-05   2.7628965e-03   1.7587790e-03
   1.0362758e-01   2.3940295e-02  -5.4326771e-02   3.5490166e-04   3.3626957e-03   1.7784788e-03
   9.0736039e-02  -5.5361400e-03  -5.8884494e-02   8.6248715e-05   2.8957233e-03   1.8064839e-03
   9.0401791e-02   4.9610235e-03  -1.0515255e-01   2.4082471e-03   2.9364827e-03   1.6202618e-03
   8.3695607e-02  -1.3295234e-02  -2.1713346e-01   6.9224076e-03   3.3069737e-03   1.1576421e-03
   5.4526896e-02   3.0518960e-02  -1.6622991e-01   4.6421926e-03   3.2984145e-03   1.1466602e-03
   7.2891090e-02   4.3545549e-02  -1.4102459e-01   4.0533447e-03   3.5564619e-03   1.7196084e-03
   7.1972100e-02   2.3622914e-02  -1.9063127e-01   3.8451740e-03   3.9936461e-03   1.5379395e-03
   7.6410671e-02   3.6365496e-02  -1.6207206e-01   4.0758047e-03   4.1010859e-03   1.7358444e-03
   5.9881370e-02   4.8283924e-02  -1.2056708e-01   3.5663778e-03   2.4373568e-03   1.5370468e-03
   9.7800768e-03   5.7097919e-02  -9.3232713e-02   3.6497129e-03   2.3170269e-03   5.2706200e-04
   6.3979478e-02   1.5530927e-01  -6.8843091e-02   2.9562418e-03   4.5479572e-03   1.1274101e-03
   2.6913719e-02   1.1621700e-01  -8.0337893e-02   2.7702353e-03   3.1814012e-03   6.7180181e-04
   4.1714679e-02   8.3210227e-02  -1.0070416e-01   3.0810043e-03   3.9704710e-03   8.7875169e-04
   2.2770481e-02   9.7923250e-02  -7.7892216e-02   3.0282461e-03   3.6503141e-03   7.0042340e-04
   1.7326431e-02   7.7264358e-02  -2.0661319e-02   2.0561053e-03   4.8147477e-03   5.8868438e-04
  -7.2745311e-03   1.0608642e-01  -9.3279888e-02   3.7247145e-03   3.9801852e-03   4.6792370e-04
   6.6566506e-02   1.1347933e-01  -6.0686006e-02   3.1986442e-03   6.0358083e-03   9.9902459e-04
   2.6832216e-02   1.1379764e-01  -3.8180507e-02   2.4391032e-03   4.2009218e-03   1.0233433e-04
   2.3939257e-02   5.5277087e-02   5.9581448e-04   2.7359117e-03   4.2358543e-03   4.3779362e-04
   4.2695266e-02   5.8594575e-02  -4.7184897e-02   3.2606622e-03   4.2001725e-03   8.2436133e-04
   5.2696255e-02   8.4444776e-02  -5.0451382e-02   3.7260189e-03   3.6090444e-03   8.4833623e-04
   7.1997130e-02   1.1198608e-01  -4.8850605e-02   3.7259009e-03   3.8641196e-03   1.2110299e-03
   4.9651496e-02   1.1676646e-01  -6.6735546e-02   3.2289767e-03   3.6826783e-03   7.9041769e-04
   5.8562770e-02   1.2024740e-01  -9.3102506e-02   3.8522435e-03   4.0059517e-03   9.2079296e-04
   5.2856163e-02   1.2302747e-01  -5.8755368e-02   3.4514622e-03   3.2711576e-03   8.9286967e-04
   6.2768215e-02   9.9901917e-02  -6.2643520e-02   3.9760151e-03   3.7192008e-03   9.9700810e-04
   7.8984403e-02   1.3195606e-01  -6.6087340e-02   3.4649744e-03   3.1736518e-03   1.0577177e-03
   8.6054491e-02   1.3703562e-01  -5.1985676e-02   3.5675634e-03   3.6229817e-03   1.1927212e-03
   4.5865185e-02   9.3354647e-02  -5.6973253e-02   3.1469388e-03   3.4956856e-03   1.0301666e-03
   5.6492188e-02   1.1095787e-01  -7.9469989e-02   3.4440584e-03   4.0289042e-03   1.3176895e-03
   6.6443771e-02   1.2549639e-01  -5.4459114e-02   3.2114799e-03   3.7222933e-03   1.3866971e-03
   5.0654269e-02   1.1618805e-01  -4.9412525e-02   3.0389291e-03   3.8332014e-03   1.1074898e-03
   5.4336106e-02   1.3565409e-01  -7.0605336e-02   2.8223716e-03   3.6046586e-03   9.3579653e-04
   4.1753572e-02   1.2777009e-01  -5.5580196e-02   3.6926892e-03   3.7180901e-03   8.3109633e-04
   5.5892469e-02   1.2643758e-01  -6.3514510e-02   3.3779968e-03   3.6490973e-03   1.1192016e-03
   4.7946396e-02   1.1607331e-01  -7.2657854e-02   3.6716852e-03   3.8577025e-03   9.3642972e-04
   5.0536331e-02   1.3844847e-01  -5.8835973e-02   2.8121319e-03   3.8260389e-03   9.5350201e-04
   7.2146177e-02   1.4970953e-01  -8.3687178e-02   3.1503762e-03   4.1762606e-03   1.4198279e-03
   1.0069747e-01   1.7753455e-01  -7.1414268e-02   2.5981718e-03   3.5900620e-03   1.8205782e-03
   7.8398967e-02   1.8352497e-01  -4.2651911e-02   2.1802691e-03   3.7128334e-03   1.1110666e-03
   6.7337003e-02   1.6651995e-01  -2.2989658e-02   2.1896959e-03   3.8955027e-03   1.0004707e-03
   6.1659828e-02   1.7425697e-01  -6.6822215e-02   2.0112903e-03   3.2673781e-03   8.7222106e-04
   9.7613112e-02   1.3587235e-01   8.3138540e-03   1.9315088e-03   3.1249633e-03   1.3034982e-03
   8.6307960e-02   1.7852171e-01  -4.4352590e-02   2.6257355e-03   3.1371481e-03   1.4189332e-03
   8.4472959e-02   1.3837879e-01  -1.0154552e-02   2.1769887e-03   3.4257060e-03   1.4800373e-03
   9.4346222e-02   1.3109919e-01  -1.9244051e-02   2.6773639e-03   3.3044747e-03   1.7103716e-03
   9.6677424e-02   2.1229350e-01   6.1529581e-03   2.1380030e-03   3.7416785e-03   1.4587701e-03
   6.7500278e-02   1.8685463e-01  -3.7637921e-02   2.5089569e-03   3.7830425e-03   1.1265514e-03
   7.6078802e-02   1.3618611e-01   1.3088455e-02   2.3768807e-03   3.8399579e-03   1.4448805e-03
   6.1971437e-02   1.9249211e-01  -2.3874329e-02   2.0792929e-03   3.7973200e-03   1.0898569e-03
   4.1895017e-02   1.1230039e-01  -3.7204691e-03   3.4594001e-03   3.1964106e-03   6.0492117e-04
   2.3662716e-02   4.3700972e-01  -1.2843944e-01   1.6854087e-03   3.7419485e-03   4.9477971e-04
   1.0559600e-01   2.8391042e-01  -1.7527219e-01   9.7189870e-04   3.4483145e-03   7.3490637e-04
   1.8598000e-01   1.7776340e-01  -5.9663192e-02   1.5203445e-03   4.0662538e-03   1.9418130e-03
   1.3417674e-01   1.8588561e-01  -1.1068345e-01   1.8542755e-03   3.4030629e-03   1.8398264e-03
   1.9726156e-01   1.3467806e-01  -5.8080991e-02   3.3463373e-03   3.3344141e-03   2.8212934e-03
   1.5977206e-01   1.7587706e-01  -4.8348866e-02   1.7765978e-03   2.7745936e-03   2.3715853e-03
   1.3904744e-01   1.9002220e-01  -4.0673099e-02   1.8076915e-03   2.6379926e-03   1.8863328e-03
   1.4521221e-01   1.7204733e-01  -5.2155169e-02   2.5428123e-03   3.2871794e-03   1.8719514e-03
   1.6891954e-01   1.8677562e-01  -3.5683893e-02   2.2010927e-03   3.5753041e-03   2.3083397e-03
   1.6308157e-01   1.9722850e-01  -4.5479121e-02   2.1933575e-03   3.6771520e-03   2.1548261e-03
   1.7561654e-01   1.9064127e-01  -7.3664204e-02   2.6588903e-03   3.4796220e-03   2.3519541e-03
   1.8472054e-01   1.9682769e-01  -8.0332039e-02   2.2319674e-03   3.5058499e-03   2.4106000e-03
   1.7614677e-01   1.8927141e-01  -4.4611849e-02   2.1082389e-03   3.7325257e-03   2.3397148e-03
   1.9572350e-01   2.3203875e-01  -9.1420760e-02   2.6629743e-03   3.6041240e-03   2.6272558e-03
   1.7320819e-01   2.6385803e-01  -2.9026603e-02   1.2759647e-03   3.9582505e-03   2.4871550e-03
   1.8670539e-01   2.3999227e-01  -3.7278566e-02   1.0281746e-03   3.8631106e-03   2.6902792e-03
   1.7334515e-01   2.2487926e-01  -5.9642998e-02   1.6331060e-03   3.2125636e-03   2.4078158e-03
   2.0325222e-01   2.0551518e-01  -9.6924625e-03   1.2992533e-03   3.5549876e-03   2.7192443e-03
   2.1213449e-01   2.1010960e-01  -1.8006225e-02   1.8450876e-03   3.6559389e-03   2.9508348e-03
   2.1105347e-01   2.3723443e-01   2.1242431e-02   1.2058082e-03   3.9962935e-03   2.7126720e-03
   2.0846950e-01   2.5574038e-01  -5.3246424e-02   1.1759845e-03   3.8382149e-03   2.8810898e-03
   2.3175240e-01   2.7296631e-01  -7.8234491e-02   1.6725554e-03   4.1572641e-03   3.4509849e-03
   2.3523399e-01   2.5564194e-01  -4.8900113e-02   1.3729584e-03   4.1767223e-03   3.3976061e-03
   2.1449510e-01   2.7615010e-01  -7.1863285e-02   2.1535437e-03   3.6247690e-03   3.2035896e-03
   2.4222577e-01   2.5463983e-01  -4.0578523e-02   1.8478991e-03   4.2270681e-03   3.7874509e-03
   1.9329683e-01   2.9788211e-01  -8.1329322e-02   2.0242048e-03   3.6411671e-03   2.8253726e-03
   2.2159188e-01   2.1644685e-01  -5.2909547e-02   1.8425007e-03   3.1078680e-03   3.3432278e-03
   2.6637771e-01   2.9936959e-01  -5.0488713e-02   1.3857578e-03   3.7353437e-03   4.1414024e-03
   2.5579002e-01   3.0214316e-01  -6.3322988e-02   1.2878578e-03   3.2948523e-03   4.0561930e-03
   2.5764459e-01   2.8950724e-01  -3.9931041e-04   4.5877762e-04   4.5145445e-03   3.9839818e-03
   2.3325147e-01   2.8536983e-01  -1.1091558e-01   1.6986852e-03   2.4097110e-03   3.6625753e-03
   2.9810539e-01   2.9799619e-01  -7.3214247e-02   6.8892354e-04   1.9539970e-03   4.5127248e-03
   3.0709674e-01   2.5519071e-01  -5.6270204e-02   1.1770039e-03   2.8918275e-03   4.7535673e-03
   3.1372569e-01   3.0825359e-01  -6.2338217e-02   1.1791142e-03   3.0897326e-03   4.9364511e-03
   3.3541576e-01   2.9322209e-01  -2.1427211e-02   7.2910762e-04   3.7300461e-03   5.0810056e-03
   3.3954262e-01   2.9691081e-01  -6.9183264e-02   1.1662877e-03   3.5653188e-03   5.2823461e-03
   3.4933546e-01   3.0396358e-01   1.9773374e-03   3.8899073e-04   3.6149625e-03   5.5541363e-03
   3.2284227e-01   3.1430196e-01  -5.2680496e-02   6.7425997e-04   3.6767308e-03   5.0573274e-03
   3.4085393e-01   2.7514236e-01  -1.2203054e-01   1.3498352e-03   3.4365122e-03   5.8085265e-03
   3.7177772e-01   2.8521652e-01  -5.8069840e-02   5.0117434e-04   4.0258762e-03   6.4047643e-03
   3.8358777e-01   3.1579777e-01  -6.7376499e-02   1.0507653e-03   3.8522923e-03   6.5817525e-03
   3.7236637e-01   2.8567288e-01  -7.8413341e-02   4.5232190e-04   3.9062027e-03   6.3473259e-03
   3.7276272e-01   3.0055014e-01  -4.4092027e-02   3.8782317e-04   3.7206193e-03   6.0930173e-03
   3.8257445e-01   3.0993852e-01  -4.8044788e-02   5.1466813e-04   4.4510142e-03   6.4186268e-03
   3.9266517e-01   2.7997413e-01  -8.0806359e-02   9.7097850e-04   4.0609196e-03   6.5608823e-03
   4.0735044e-01   2.8191816e-01  -5.4798124e-02   6.8444167e-04   4.2910312e-03   7.0334275e-03
   3.8907535e-01   2.8264773e-01  -4.6651484e-02   3.6503376e-04   3.9883578e-03   6.5439352e-03
   4.1786948e-01   2.4503370e-01  -2.5757065e-02   5.0560338e-04   4.3816494e-03   7.1963194e-03
   4.3135191e-01   2.7367847e-01   1.7308054e-02  -7.8617735e-05   3.8098054e-03   7.1761920e-03
   3.9322464e-01   2.8345923e-01  -8.5418102e-02   6.0378171e-04   3.3352526e-03   6.8308991e-03
   3.9650110e-01   2.8056367e-01  -4.2220388e-02   7.2423712e-04   4.0616779e-03   6.6505744e-03
   4.0743951e-01   3.2430771e-01  -1.6360170e-02  -1.2923221e-04   3.7345958e-03   6.9341613e-03
   4.1372717e-01   3.1846118e-01   1.3865930e-02  -6.5909779e-04   3.9684987e-03   6.8484393e-03
   4.2230587e-01   3.3666296e-01  -2.7350181e-02  -1.4115835e-04   2.4370611e-03   6.9334128e-03
   3.9102863e-01   2.6407620e-01   7.7570687e-02  -5.5217320e-04   3.6390366e-03   6.5741697e-03
   3.7446424e-01   3.1952894e-01  -3.0613304e-03  -5.9328285e-04   2.6695379e-03   6.3052215e-03
   3.9797163e-01   2.7337487e-01  -1.5990941e-03   2.9878964e-04   3.4300917e-03   6.6794076e-03
   3.8917635e-01   3.0594357e-01  -1.7079619e-03  -6.0807609e-04   2.1834446e-03   6.5023182e-03
   3.7737450e-01   3.1836198e-01   2.9687558e-02  -1.1041810e-03   2.0484820e-03   6.3448591e-03
   3.9212017e-01   3.1838676e-01   5.9811025e-02  -1.4261980e-03   3.2530516e-03   6.6353346e-03
   3.9862585e-01   3.2257359e-01   5.8244245e-02  -9.7351414e-04   3.2840035e-03   6.8779883e-03
   3.7627148e-01   3.2727150e-01   6.3692459e-02  -8.0067070e-04   3.5087702e-03   6.4898362e-03
   4.0294430e-01   3.2136413e-01   1.1399507e-01  -1.6093027e-03   3.6323302e-03   6.8770236e-03
   4.0311177e-01   3.2826313e-01   8.4594999e-03  -7.7038058e-04   2.4400620e-03   7.1311262e-03
   4.0462595e-01   3.4178110e-01   5.0639000e-02  -1.0334281e-03   2.9386745e-03   6.9346801e-03
   3.2834513e-01   3.5917607e-01   4.8335353e-02  -8.9679686e-04   8.4630892e-05   5.9911439e-03
   3.7330822e-01   3.2237923e-01   9.2844642e-02  -1.0695289e-03   2.1623672e-03   6.9515323e-03
   3.9202119e-01   3.6460596e-01   1.0529296e-01  -1.5200609e-03   2.3675236e-03   7.0084081e-03
   3.9478184e-01   3.1483491e-01   9.5329921e-02  -1.4375812e-03   2.4221010e-03   7.2063956e-03
   3.8333023e-01   4.8192505e-01   1.1947155e-01  -1.0965719e-03   3.0246095e-03   6.9663277e-03
   3.5024384e-01   3.9135654e-01  -1.7960610e-03  -1.1560898e-03   3.2424046e-03   6.2181375e-03
   3.8933042e-01   3.2125219e-01   1.1385877e-01  -1.2977759e-03   4.2831800e-03   6.6152717e-03
   3.2675221e-01   3.5150366e-01   4.2740876e-02  -4.9889979e-05   3.5284448e-03   5.8185912e-03
   4.0781229e-01   3.2820770e-01   1.0356544e-01  -8.2422957e-04   4.0082510e-03   7.2365005e-03
   3.8432916e-01   3.5041955e-01   1.4114872e-01  -9.9384673e-04   4.4210838e-03   6.6038211e-03
   3.8669140e-01   3.2678936e-01   1.3494265e-01  -1.4236638e-03   4.6333024e-03   6.5073816e-03
   3.5433365e-01   3.6561312e-01   1.1800652e-01  -1.3604084e-03   4.6209558e-03   6.1338400e-03
   3.7834758e-01   3.5710906e-01   1.3192986e-01  -1.9596311e-03   4.1082062e-03   6.4094736e-03
   3.4202476e-01   3.1904622e-01   1.3083866e-01  -1.5281096e-03   4.0468622e-03   5.9435423e-03
   3.3854720e-01   3.6066059e-01   1.3466612e-01  -1.4729745e-03   3.6573156e-03   5.8994723e-03
   3.4639904e-01   3.2767611e-01   1.8430865e-01  -1.5703638e-03   4.1957578e-03   5.8664862e-03
   3.4377860e-01   3.7709768e-01   1.4965666e-01  -1.8497299e-03   4.2270845e-03   5.7978851e-03
   2.0381315e-01   3.4989236e-01   1.0678704e-01  -4.4674679e-04   6.4818723e-03   3.0674518e-03
   2.7974003e-01   3.8026608e-01   1.0400283e-01  -4.7677871e-04   5.4621341e-03   3.8293971e-03
   3.3317133e-01   3.6625866e-01   1.7764489e-01  -1.8568810e-03   4.6860082e-03   5.0125874e-03
   3.1353466e-01   4.0293709e-01   1.5964419e-01  -2.5812369e-03   4.1663131e-03   4.8358160e-03
   2.7652009e-01   3.8528127e-01   1.3936526e-01  -1.5300018e-03   2.4408407e-03   3.9149077e-03
   3.3012957e-01   3.9455157e-01   2.1084333e-01  -2.6391382e-03   4.6682557e-03   4.7249084e-03
   3.2346709e-01   3.9262812e-01   1.9163071e-01  -1.5027898e-03   4.7414811e-03   4.6679108e-03
   3.0230085e-01   3.8314036e-01   1.7669079e-01  -2.5388267e-03   2.9228383e-03   4.5556305e-03
   2.7264343e-01   3.9028708e-01   2.6420533e-01  -2.8200051e-03   2.4707558e-03   3.8484285e-03
   2.8756872e-01   3.8734689e-01   2.3615267e-01  -3.0703420e-03   2.5094903e-03   4.5164201e-03
   3.1020878e-01   4.1562968e-01   2.3741089e-01  -2.6530888e-03   2.9383370e-03   4.7625121e-03
   2.9206453e-01   4.1214375e-01   1.9587572e-01  -3.0027806e-03   3.3465286e-03   4.4854332e-03
   3.0279266e-01   4.1360352e-01   2.0572923e-01  -3.3152273e-03   2.3094772e-03   4.3974494e-03
   3.3273107e-01   3.9266488e-01   2.6108627e-01  -3.7047603e-03   3.7863410e-03   4.7530502e-03
   3.0476933e-01   4.4289675e-01   1.7807917e-01  -3.4501247e-03   1.9052118e-03   4.6979162e-03
   3.2655185e-01   3.8961291e-01   2.5896672e-01  -3.0942501e-03   3.8954577e-03   4.9525204e-03
   3.0288430e-01   4.3828332e-01   2.3946211e-01  -3.7273499e-03   3.4768665e-03   4.2038960e-03
   3.1918115e-01   4.1530462e-01   2.4302514e-01  -3.3363718e-03   4.3341909e-03   4.5210719e-03
   3.2340199e-01   4.6313398e-01   2.4855953e-01  -3.1307607e-03   4.3788936e-03   4.4526103e-03
   3.0559513e-01   4.5266453e-01   2.3582809e-01  -2.5073222e-03   3.9737586e-03   4.0743179e-03
   3.2670533e-01   4.4126963e-01   3.1040421e-01  -2.7006998e-03   4.3781521e-03   4.4085212e-03
   3.1188003e-01   4.3732404e-01   2.5785608e-01  -3.1347897e-03   3.7221955e-03   4.2583889e-03
   3.1991398e-01   4.4819942e-01   3.1398679e-01  -2.9315254e-03   4.0109959e-03   4.0132206e-03
   3.0383703e-01   4.4509281e-01   2.6683403e-01  -3.1256597e-03   3.8673270e-03   3.8142335e-03
   3.1184175e-01   4.4526106e-01   2.8909618e-01  -2.5842434e-03   4.0835112e-03   4.0155663e-03
   3.3778372e-01   4.5010905e-01   2.9529730e-01  -3.0561967e-03   3.9486762e-03   4.2128866e-03
   3.5384433e-01   4.3423808e-01   3.2246793e-01  -2.8267055e-03   4.2067198e-03   4.3907715e-03
   3.3268970e-01   4.6608830e-01   2.8433696e-01  -2.8229902e-03   3.7749239e-03   4.0482068e-03
   3.4244605e-01   4.1686415e-01   2.6787231e-01  -1.9439550e-03   3.2850311e-03   4.2568355e-03
   3.5319198e-01   4.5157255e-01   3.4054608e-01  -2.7196293e-03   5.1444397e-03   3.9541538e-03
   3.4089157e-01   4.3169672e-01   3.6730623e-01  -2.9935323e-03   5.8961317e-03   3.8612326e-03
   3.3589029e-01   6.5058881e-01   3.3529504e-01  -3.7714707e-03   6.0142549e-03   3.5496854e-03
   3.5193387e-01   5.4066907e-01   2.2204558e-01  -5.4108637e-03   3.6910960e-03   3.2482278e-03
   3.7419649e-01   4.5488493e-01   3.2130587e-01  -4.6202423e-03   3.5899494e-03   4.3096533e-03
   3.6980693e-01   4.6011002e-01   3.3110203e-01  -4.4666252e-03   3.3820518e-03   4.2065400e-03
   3.8699857e-01   4.4879664e-01   3.8315285e-01  -4.2013514e-03   3.5206029e-03   4.6892967e-03
   3.7131658e-01   4.5619581e-01   3.3068071e-01  -4.0812441e-03   3.6921893e-03   4.2468037e-03
   3.6223569e-01   4.7950775e-01   3.3201706e-01  -3.9670101e-03   3.7640048e-03   4.3422960e-03
   3.3936568e-01   4.9115153e-01   3.2549388e-01  -4.0031047e-03   3.1080386e-03   3.8404732e-03
