   0.0000000e+00   0.0000000e+00  -1.3637713e-14  -5.3355452e-17  -1.0759921e-17  -5.7410046e-34
   6.5382259e-04   8.6874436e-02   1.3612168e-01  -8.4776875e-04  -6.3680872e-05  -4.5212578e-04
   2.7468860e-02   2.7462150e-02   6.4867746e-02  -1.2946557e-03  -5.8459134e-04  -3.8450040e-04
   3.1158580e-02   7.1437779e-02   3.6086028e-02  -1.4705382e-03  -7.0909409e-04  -3.9059775e-04
   1.6428117e-02   4.7588469e-02   2.3777993e-02  -1.5667052e-03  -6.5735126e-04  -6.2588614e-04
   1.1075919e-02   3.1221551e-02   3.1995798e-02  -1.3663267e-03  -6.7830374e-04  -6.9097381e-04
   3.8882202e-03   1.8067916e-02   3.2797158e-02  -1.5725960e-03  -6.7809693e-04  -6.5446570e-04
  -1.4308390e-03   2.0391334e-02   2.9255464e-02  -1.4894952e-03  -5.7853974e-04  -8.0906494e-04
  -2.9600397e-03   3.0548464e-02   2.0552026e-02  -1.9343833e-03  -3.3771056e-04  -7.8599594e-04
  -1.1956437e-02   2.3503778e-02  -3.0421689e-02  -1.8126590e-03  -4.6810782e-04  -8.3903252e-04
  -1.0192792e-02   1.1025614e-02   2.8685631e-02  -2.7282626e-03  -5.1116133e-04  -8.5633255e-04
  -1.1061042e-02   3.5532219e-03   1.4024425e-02  -3.1404094e-03  -5.5110854e-04  -1.1224923e-03
  -1.7247393e-02  -4.3559280e-03   8.0704798e-02  -3.8652092e-03  -3.9983153e-04  -9.9383631e-04
  -2.1728590e-02   6.9628461e-02   1.4614325e-01  -3.8271171e-03  -2.2699867e-04  -9.3695533e-04
  -1.0934147e-02   5.2099433e-02   8.8501115e-02  -3.2577691e-03  -5.3756022e-04  -8.7617799e-04
   5.8123653e-03  -1.4689041e-02   1.0902043e-01  -3.0983191e-03  -5.5621302e-04  -7.8523494e-04
  -9.9969452e-03   3.6413404e-02   8.6709431e-02  -3.6675940e-03  -5.6797200e-04  -8.1631864e-04
  -9.6247057e-03   4.7621433e-02   6.6636896e-02  -3.3822403e-03  -5.5273602e-04  -8.2682695e-04
  -8.9651394e-04   4.4495218e-02   1.0281947e-01  -3.0349782e-03  -5.5307713e-04  -7.7196915e-04
   5.2177139e-03   4.7480881e-03   8.8170415e-02  -3.7529026e-03  -6.8669491e-04  -9.4217914e-04
   5.7283734e-03   2.0560075e-02   1.1323306e-01  -3.6855433e-03  -7.3504122e-04  -8.5263677e-04
   1.2341605e-02   4.5625329e-02   9.5813842e-02  -3.8756351e-03  -5.3147656e-04  -7.3640209e-04
   1.6169823e-02   1.1700169e-01   1.1924636e-01  -2.9772066e-03  -2.3765592e-04  -3.4045097e-04
   1.9140191e-02   7.8562525e-02   8.1087111e-02  -2.5488932e-03  -6.0374303e-04  -3.8847585e-04
   1.4221238e-02   4.9711777e-02   8.8044688e-02  -2.4216537e-03  -3.5575586e-04  -4.6105582e-04
   1.8989097e-02   5.0129398e-02   1.0432641e-01  -2.9480197e-03  -7.4899713e-04  -4.5992798e-04
   2.6738014e-02   2.8741072e-02   1.4163813e-01  -3.0714176e-03  -5.1698868e-04  -4.0421833e-04
   1.6329362e-02   3.3351079e-02   1.1427157e-01  -3.2148058e-03  -6.8749988e-04  -5.2382563e-04
   7.7955158e-03   4.6419956e-02   1.0568782e-01  -2.8269694e-03  -6.9703100e-04  -5.6529801e-04
   6.0528766e-03   5.2940992e-02   1.0825496e-01  -2.7975368e-03  -1.0216361e-03  -4.7265469e-04
   7.6166383e-03   8.0708157e-02   6.0269310e-02  -2.7072252e-03  -9.3866289e-04  -5.1962239e-04
   6.5239675e-03   9.3606671e-02   8.9411350e-02  -3.4079862e-03  -6.8926169e-04  -6.6021033e-04
   2.7564237e-03   1.0137452e-01   7.8063977e-02  -2.9227384e-03  -6.5850305e-04  -5.4165056e-04
   8.8166265e-03   9.4121717e-02   9.9915679e-02  -2.8910252e-03  -8.3832673e-04  -4.9337911e-04
   9.2014227e-03   8.9516551e-02   8.3356487e-02  -2.4410818e-03  -8.5886654e-04  -4.9938592e-04
   2.4023298e-03   9.9968781e-02   7.2242927e-02  -2.5004680e-03  -8.5306838e-04  -3.4433666e-04
  -1.2133263e-02   1.0717459e-01   9.8568669e-02  -3.1933501e-03  -6.5864278e-04  -5.8742341e-04
  -3.8202693e-03   9.6659973e-02   8.0287020e-02  -3.5567316e-03  -7.5703686e-04  -6.2870640e-04
  -1.4308548e-02   1.0858192e-01   4.2619759e-02  -3.8279067e-03  -6.5843241e-04  -6.0210514e-04
  -2.0387432e-02   9.9583143e-02   6.8780141e-02  -4.1024687e-03  -5.6876802e-04  -6.6911710e-04
  -2.3231805e-02   8.4406434e-02   7.0689258e-02  -4.0813002e-03  -4.5961742e-04  -6.8824835e-04
  -1.9563069e-02   5.1660007e-02   1.0377226e-01  -4.1885013e-03  -4.2555362e-04  -7.8281499e-04
  -1.4531096e-02   6.2731804e-02   9.1828951e-02  -3.7725605e-03  -5.4775334e-04  -6.5048970e-04
  -8.9164196e-03   3.1312006e-02   1.1767408e-01  -3.8273132e-03  -5.9462305e-04  -5.8495029e-04
  -1.4180799e-02   2.7614844e-02   1.1248621e-01  -3.4077715e-03  -5.4158460e-04  -6.2390941e-04
   3.0799640e-03   3.8546579e-02   9.3188761e-02  -3.4982956e-03  -6.9341243e-04  -3.6993509e-04
  -8.2607647e-03   7.1327907e-02   8.8348420e-02  -3.0474177e-03  -5.9621613e-04  -4.4831422e-04
   5.0770888e-03   6.4007793e-02   6.1803550e-02  -2.9514506e-03  -9.4704467e-04  -3.0319255e-04
  -1.4316930e-03   1.0537767e-01   9.1425660e-02  -3.0374904e-03  -6.8985765e-04  -2.7795718e-04
   5.4983309e-03   1.2778807e-01   5.7475300e-02  -3.0989836e-03  -4.7280594e-04  -1.5049926e-04
   6.8563111e-03   1.2357580e-01   6.4571281e-02  -2.6105323e-03  -6.6094646e-04  -4.7252245e-05
   3.2329251e-02   1.0876227e-01   2.9812148e-02  -2.1823615e-03  -9.3328726e-04   3.7993590e-04
   1.0887858e-02   8.5186217e-02   9.6447558e-02  -3.2423710e-03  -1.5071554e-04  -7.0443784e-05
   2.7388233e-02   1.0190463e-01   1.5400938e-02  -2.6976318e-03  -6.2422067e-04   1.3132390e-04
   7.0743001e-02   1.3427943e-01   2.3722164e-02  -1.5419736e-03  -5.6817801e-05   5.1023281e-04
   9.0281271e-02   1.1271753e-01  -1.1099540e-02  -1.4436095e-03  -4.6596439e-04   1.0738856e-03
   4.8909540e-02   1.2841542e-01   6.5616530e-02  -2.1033647e-03   6.5578249e-04   3.8299880e-04
   1.3468467e-01   2.2387477e-01  -4.2641796e-02  -1.3277434e-03  -8.2765955e-04   1.4970913e-04
   1.4679532e-01   1.5373178e-01   1.6413223e-02  -3.3889098e-03  -1.4101305e-03   2.0877266e-04
   1.2982207e-01   1.6381317e-01   3.8728346e-03  -3.0756638e-03  -9.1712647e-04   2.4131597e-04
   1.2727751e-01   1.0339766e-01   4.2670728e-02  -3.4222878e-03  -1.1457487e-03   3.8337903e-04
   1.1461575e-01   1.0238134e-01   3.7477352e-02  -2.7672235e-03  -9.5992203e-04   2.5694005e-04
   1.3473973e-01   9.9077501e-02   2.0928704e-02  -2.5211999e-03  -1.1584788e-03   8.5561896e-04
   1.1024899e-01   1.0023446e-01   7.2932200e-02  -3.2984355e-03  -6.2133663e-04   6.3102903e-04
   1.1637201e-01   8.6559991e-02   6.9600374e-02  -3.5387871e-03  -7.5586960e-04   6.5983209e-04
   1.0211556e-01   5.6200745e-02   8.6224533e-02  -3.0466484e-03  -7.3596799e-04   4.1727009e-04
   1.1525032e-01   7.9697718e-02   5.1793212e-02  -3.3348215e-03  -8.2903285e-04   4.1538225e-04
   9.6038581e-02   8.7586168e-02   1.0336954e-01  -4.4600377e-03  -5.9564198e-04   3.3830003e-04
   9.4280516e-02   9.8183666e-02   6.5951369e-02  -4.2548927e-03  -6.4907902e-04   4.6019834e-04
   8.6501617e-02   9.6607324e-02   6.9500894e-02  -4.3779773e-03  -7.5036600e-04   2.2958405e-04
   1.0095313e-01   1.6663325e-01   9.1580362e-02  -4.1874260e-03  -6.9489695e-04   4.6132282e-04
   1.0599842e-01   1.5474162e-01   9.6611484e-02  -4.3345492e-03  -8.1067310e-04   6.2285854e-04
   9.2321370e-02   1.6199693e-01   6.1530903e-02  -4.0117603e-03  -7.2232366e-04   3.7048503e-04
   9.5940540e-02   1.4845459e-01   1.1328395e-01  -3.9536651e-03  -8.3072565e-04   5.5483761e-04
   9.0492762e-02   1.4693736e-01   1.3872080e-01  -3.7389843e-03  -6.1509525e-04   7.1592037e-04
   1.0275402e-01   1.4133858e-01   1.5670624e-01  -3.7532684e-03  -7.2123038e-04   8.3633580e-04
   9.9739594e-02   1.6503022e-01   9.6021158e-02  -3.2956966e-03  -9.2647869e-04   9.2114344e-04
   8.7948566e-02   1.7000325e-01   1.4784980e-01  -3.9337987e-03  -3.3004861e-04   8.7409179e-04
   8.7425031e-02   1.8502093e-01   1.1760708e-01  -3.7766279e-03  -5.6834971e-04   9.1171099e-04
   8.7504808e-02   1.6538978e-01   1.3052838e-01  -4.0405758e-03  -4.2555788e-04   8.2242287e-04
   7.8762326e-02   1.6500616e-01   1.1733066e-01  -4.1994807e-03  -4.0367735e-04   6.8522532e-04
   7.5908511e-02   1.6406567e-01   8.0244942e-02  -4.0821973e-03  -3.8027637e-04   6.2767790e-04
   7.0938335e-02   1.3185495e-01   1.1547609e-01  -4.3675203e-03  -1.8878063e-04   4.4529628e-04
   8.0867320e-02   1.1747137e-01   1.4507281e-01  -4.4529709e-03  -1.6776741e-04   7.2430999e-04
   7.4784626e-02   1.1514166e-01   1.4579820e-01  -4.4075876e-03  -3.8745843e-05   6.5209241e-04
   7.8322280e-02   1.3439945e-01   1.3123688e-01  -4.0182250e-03  -6.4763201e-05   7.7873639e-04
   7.9110826e-02   1.0884196e-01   1.5748708e-01  -3.9000647e-03  -1.9026970e-04   8.5954809e-04
   9.0369437e-02   1.2550892e-01   1.4210759e-01  -3.5350249e-03  -2.3488866e-04   9.3628544e-04
   8.5515836e-02   1.0819606e-01   1.4703445e-01  -3.7935452e-03  -2.6970689e-04   9.1844832e-04
   8.8045591e-02   1.1553863e-01   1.9645472e-01  -3.8246315e-03   3.4965360e-06   8.8934941e-04
   9.1979937e-02   1.0645216e-01   2.1985832e-01  -4.4522851e-03  -7.3698061e-06   8.6199806e-04
   9.8530931e-02   1.3600506e-01   1.9546625e-01  -4.2299562e-03   7.7678219e-05   9.6482324e-04
   9.1571235e-02   1.7641975e-01   1.9601590e-01  -5.1716776e-03  -8.3711549e-07   9.1049216e-04
   9.0025574e-02   1.9645100e-01   1.8090769e-01  -4.7297684e-03   1.8924978e-05   9.0043709e-04
   7.8160989e-02   1.6639541e-01   1.7058399e-01  -4.9382139e-03  -7.9124625e-05   8.1515227e-04
   1.0146211e-01   1.4808425e-01   1.5868428e-01  -4.0559166e-03   2.3029707e-05   1.0741573e-03
   9.9976764e-02   1.7008885e-01   6.2072942e-02  -4.0072137e-03  -5.2374469e-04   1.1318836e-03
   9.2719185e-02   2.5520947e-01   1.0058493e-01  -3.8044523e-03  -2.3821809e-04   1.1021342e-03
   1.0371775e-01   2.4303154e-01   1.2194246e-01  -3.8867841e-03  -2.9785649e-04   1.5026422e-03
   9.2897362e-02   2.4136936e-01   6.9645301e-02  -3.6947121e-03  -2.8988598e-04   1.3588037e-03
   8.1273850e-02   2.2271046e-01   1.1010807e-01  -3.8998198e-03  -2.3950804e-04   1.2480168e-03
   8.6788906e-02   2.3092483e-01   9.0927608e-02  -3.6486471e-03  -2.1650982e-04   1.3046720e-03
   1.1524506e-01   2.0513722e-01   1.3192673e-01  -3.8491163e-03  -6.6503478e-04   1.9928747e-03
   9.9816647e-02   1.9417328e-01   9.1237239e-02  -3.7975178e-03  -8.1899665e-04   1.6846510e-03
   1.2418980e-01   1.8841559e-01   1.7116015e-01  -3.6243595e-03  -7.7258924e-04   1.9219990e-03
   1.1020987e-01   1.9860064e-01   1.3216134e-01  -3.3602016e-03  -8.4162043e-04   1.8649274e-03
   1.0378196e-01   2.3425445e-01   1.2118233e-01  -3.6032097e-03  -6.8640752e-04   1.8746050e-03
   9.8371965e-02   2.4112188e-01   9.1987749e-02  -3.6453166e-03  -6.1074237e-04   1.6357070e-03
   1.1224202e-01   2.4375253e-01   1.4991775e-01  -3.9605908e-03  -6.4040096e-04   2.1412192e-03
   1.1491176e-01   2.4600698e-01   7.0982296e-02  -3.5589686e-03  -7.3720931e-04   1.8523638e-03
   1.0973842e-01   2.7732664e-01   3.4762939e-01  -4.3920250e-03  -2.9513206e-04   2.1242935e-03
   1.0815492e-01   5.8882894e-01   7.0200181e-01  -7.3170705e-03   4.2254106e-04   6.2586869e-04
   2.1586983e-01   3.7363061e-01   1.5975460e-01  -3.8032940e-03  -8.7354863e-04   1.6905783e-03
   2.0885704e-01   1.7484007e-01  -9.8910906e-02  -3.5538355e-03  -1.5358995e-03   2.3287663e-03
   1.5717073e-01   2.6028354e-01  -8.3719872e-02  -3.1396440e-03  -1.2359639e-03   1.6679125e-03
   1.6160334e-01   1.4187793e-01  -3.6469730e-02  -3.5045292e-03  -1.1319429e-03   1.6039626e-03
   1.8522376e-01   1.5752948e-01   5.8655525e-02  -3.9227507e-03  -1.0219722e-03   1.9292349e-03
   1.9031836e-01   1.8049589e-01   9.2306078e-02  -3.4015097e-03  -7.7272301e-04   2.4237273e-03
   1.9333972e-01   1.7608913e-01   1.0197013e-01  -3.2968180e-03  -8.7968424e-04   2.2804942e-03
   2.0321308e-01   1.8250095e-01   6.6726514e-02  -2.8442629e-03  -1.0432698e-03   2.3988760e-03
   2.1367467e-01   1.7116934e-01   7.3711559e-02  -3.1211119e-03  -1.0438686e-03   2.3495439e-03
   1.8879683e-01   2.1089420e-01   7.2944870e-02  -4.1030741e-03  -7.0650473e-04   2.2343900e-03
   1.8242288e-01   2.7000824e-01   6.6195709e-02  -3.5732728e-03  -1.5046477e-04   2.2767157e-03
   1.6740228e-01   2.6831441e-01   6.8760899e-02  -2.3056699e-03  -3.1105493e-04   2.5261019e-03
   1.9603874e-01   2.6748872e-01   3.2414761e-02  -3.1351138e-03  -1.0728922e-04   2.7620690e-03
   1.8947836e-01   2.6965213e-01  -7.8292131e-02  -1.3711675e-03  -8.6665593e-05   2.5841665e-03
   2.0966892e-01   1.4767731e-01  -3.0210109e-01   4.6037787e-04  -4.3374527e-04   2.6330190e-03
   1.8489054e-01   1.0579346e-01  -3.3927082e-01   1.8823073e-03  -1.1932893e-03   1.8184420e-03
   1.4585198e-01   2.0414644e-01  -6.7618180e-02  -2.2132853e-03  -5.5808678e-04   1.6552997e-03
   1.3748427e-01   3.8679590e-01   2.9581429e-02  -1.9416970e-03  -3.0930017e-04   1.5202853e-03
   2.1770504e-01   1.7184665e-01  -2.9058961e-01  -1.8776709e-05  -1.1381024e-03   2.5039610e-03
   2.0034794e-01   2.3745852e-01  -1.4035425e-01  -2.5786852e-04  -1.0815601e-03   2.6170398e-03
   2.2855832e-01   2.4641588e-01  -1.9355061e-01   5.3226759e-04  -1.0736559e-03   3.1414618e-03
   2.2308019e-01   2.2398815e-01  -1.4888715e-01   2.2542544e-04  -1.0714054e-03   2.9715943e-03
   2.2597761e-01   2.2531560e-01  -1.2312538e-01   3.8256764e-04  -7.7226584e-04   2.9435693e-03
   2.4895159e-01   2.0635789e-01  -1.1012359e-01   5.2475431e-04  -5.4668873e-04   3.2525566e-03
   2.7933300e-01   1.8606465e-01  -1.2123887e-01   6.0585670e-04   4.4468365e-05   3.7496936e-03
   2.8152682e-01   1.9048908e-01  -1.3956928e-01   1.0073056e-03   6.7778177e-04   4.1915001e-03
   2.9240188e-01   1.6673006e-01  -1.5867812e-01   1.4022169e-03   5.7477625e-04   4.3883525e-03
   2.7344563e-01   2.0065769e-01  -1.6338304e-01   1.1454021e-03   6.8194589e-04   4.2198272e-03
   2.8421028e-01   1.9842471e-01  -1.2424983e-01   1.2789918e-03   8.5790655e-04   4.1573861e-03
   3.0165933e-01   2.0705726e-01  -1.3615519e-01   1.4245428e-03   7.2970809e-04   4.5586334e-03
   2.8502633e-01   2.0891286e-01  -2.1531920e-01   2.3049418e-03   8.1362812e-04   4.5021201e-03
   2.7522111e-01   2.0720812e-01  -2.6995610e-01   1.8323002e-03   7.1912050e-04   4.6064802e-03
   2.7129495e-01   2.2406731e-01  -2.7680567e-01   2.1922213e-03   9.0905161e-04   4.5822049e-03
   2.7793093e-01   2.0245247e-01  -2.8610290e-01   2.7494659e-03   6.4533563e-04   4.8065227e-03
   2.7875037e-01   2.1040602e-01  -3.3773093e-01   3.2538954e-03   5.1530229e-04   4.9891960e-03
   2.6164102e-01   1.6678599e-01  -2.8496477e-01   2.8238476e-03   9.4967299e-04   4.7149884e-03
   2.5073692e-01   1.9099689e-01  -3.1276863e-01   3.1409186e-03   9.0203630e-04   4.7707853e-03
   2.3426931e-01   1.9461496e-01  -3.2893135e-01   3.0514849e-03   1.2415151e-03   4.5746893e-03
   2.4207612e-01   2.2332786e-01  -3.5860360e-01   3.6865490e-03   1.2007613e-03   4.6014215e-03
   2.3562006e-01   1.9993975e-01  -3.5869826e-01   3.6414661e-03   1.3202241e-03   4.5207172e-03
   2.4308540e-01   2.2722119e-01  -3.8699787e-01   4.3941947e-03   1.0060710e-03   4.6199760e-03
   2.2933291e-01   2.1108920e-01  -3.7154794e-01   4.6223039e-03   1.1514657e-03   4.5921198e-03
   2.3583767e-01   2.0029219e-01  -3.8249554e-01   4.4042765e-03   1.2820131e-03   4.6690457e-03
   2.3082064e-01   2.0917557e-01  -4.0840983e-01   3.9549521e-03   1.2834302e-03   4.6361399e-03
   2.4020111e-01   2.2141992e-01  -4.4321654e-01   4.4014865e-03   1.3686050e-03   4.8577764e-03
   2.2841207e-01   1.9918353e-01  -3.9816557e-01   4.3762921e-03   1.5480747e-03   4.6980133e-03
   1.8854840e-01   4.0247066e-01  -3.1698520e-01   4.1587347e-03   1.5423627e-03   4.1551473e-03
   2.2860023e-01   3.2015820e-01  -5.1499829e-01   5.7730737e-03   7.9279830e-04   4.4152168e-03
   2.3466388e-01   2.7372048e-01  -5.2128883e-01   5.3387340e-03   6.5077576e-04   4.4604108e-03
   2.4823001e-01   2.7181225e-01  -6.0139590e-01   5.6015894e-03   8.1178909e-04   4.4002555e-03
   2.5356061e-01   2.0998168e-01  -5.4155788e-01   5.8604966e-03   7.6267775e-04   4.4912071e-03
   2.4815328e-01   1.8359869e-01  -4.6601738e-01   5.2629063e-03   9.6404731e-04   4.3992170e-03
   2.7482164e-01   2.0056116e-01  -5.0735663e-01   5.4790408e-03   8.2625940e-04   4.8534824e-03
   3.0924615e-01   2.0092565e-01  -5.1025857e-01   6.0135143e-03   6.7843328e-04   5.6004863e-03
   2.5843795e-01   2.5864277e-01  -5.2391280e-01   5.4685990e-03   8.4614364e-04   4.8082048e-03
   2.7652693e-01   2.8125370e-01  -4.9331010e-01   6.2112882e-03   1.3635193e-03   5.2223829e-03
   2.7658632e-01   2.4470745e-01  -5.2124198e-01   6.6315184e-03   1.2850555e-03   5.1042129e-03
   2.9398133e-01   2.2436664e-01  -4.8509026e-01   6.4170123e-03   1.2527234e-03   5.3390260e-03
   2.6276960e-01   2.1832691e-01  -4.7007820e-01   6.0683580e-03   1.4587981e-03   5.3466426e-03
   2.7028064e-01   1.8345665e-01  -4.3464528e-01   6.0254995e-03   1.4182400e-03   5.4777774e-03
   2.4708285e-01   2.1150816e-01  -4.3755651e-01   4.9770205e-03   1.5591796e-03   5.0533492e-03
   2.6560355e-01   2.5336780e-01  -5.2601252e-01   5.9968638e-03   1.7479184e-03   5.3347581e-03
   2.5350034e-01   2.7739278e-01  -6.2275777e-01   7.6730643e-03   1.2377604e-03   4.6436984e-03
   2.5213469e-01   2.8175456e-01  -6.3687904e-01   7.0224644e-03   1.2011433e-03   4.7147046e-03
   2.4943814e-01   2.5536128e-01  -5.8849511e-01   7.1132382e-03   1.3375229e-03   4.5756300e-03
   2.4931446e-01   2.2670001e-01  -5.7437329e-01   7.5211327e-03   1.4123231e-03   4.6567371e-03
   2.6069982e-01   2.1914386e-01  -5.4702929e-01   7.3520887e-03   1.6169148e-03   4.7622557e-03
