   1.0978144e-14   0.0000000e+00   0.0000000e+00   4.4697449e-53   9.6296497e-35   0.0000000e+00
   2.6197556e-02   5.0519036e-02  -2.9699318e-02  -1.8123946e-04   1.1654160e-03  -4.2464497e-04
   7.2904868e-03   7.4980675e-02  -1.8139032e-01   4.8488248e-03   1.4527458e-03  -1.2064128e-03
  -5.8355198e-03   3.1786652e-02  -2.3315633e-02   2.2654983e-03   1.0635405e-03  -1.3104427e-03
   1.3189676e-02   5.6903794e-02  -1.0503216e-01   3.4043938e-03   1.4312738e-03  -1.3427458e-03
   2.1471686e-02   4.8133100e-02  -6.2788466e-02   3.1990581e-03   1.2594488e-03  -1.0064917e-03
   2.0399292e-02   5.2552604e-02  -7.0851291e-02   3.2342854e-03   1.2880656e-03  -1.5322921e-03
   2.0835262e-02   4.9959707e-02  -3.3712106e-02   2.7905548e-03   1.8135265e-03  -8.2535254e-04
   6.9476209e-03   4.5277259e-02  -3.2986559e-02   2.8465208e-03   1.6588723e-03  -1.4547499e-03
   4.7187727e-03   6.1072042e-02  -1.5669227e-02   2.8312762e-03   1.1119356e-03  -1.2295142e-03
  -3.9262019e-04   6.0340851e-02   7.8696983e-03   2.3855143e-03   9.4116302e-04  -1.9322856e-03
  -2.7826181e-03   5.6807208e-02   3.5427775e-02   1.8911963e-03   8.9745443e-04  -1.6664973e-03
  -5.3578033e-04   5.9911931e-02   3.9956963e-02   1.7990840e-03   8.7164670e-04  -1.7120679e-03
  -8.4425296e-03   1.1326576e-01   1.7250853e-01  -1.0926790e-03   7.2657498e-04  -9.4592759e-04
  -2.0298460e-02   1.1031993e-01   1.9763162e-01  -1.8166321e-03   1.6036686e-04  -1.1333585e-03
   1.1927897e-02   1.0136139e-01   1.4205157e-01  -9.6280019e-04   7.1999239e-04  -6.7488163e-04
  -1.0796587e-02   9.3833430e-02   1.8695009e-01  -1.2004777e-03   3.4950481e-04  -1.0582041e-03
  -6.0579152e-03   1.0463381e-01   1.5971553e-01  -8.4971864e-04   3.9805418e-04  -1.0061969e-03
  -4.4074951e-03   1.1505646e-01   1.7655273e-01  -1.3111138e-03   6.2490189e-04  -7.4652727e-04
   3.7995855e-02   9.2358938e-02   1.9905001e-01  -2.2456421e-03   1.1096741e-03  -4.3022703e-04
   3.0036011e-02   1.0891973e-01   1.6875815e-01  -1.1335650e-03   7.6299167e-04  -4.3319892e-04
   6.6389657e-03   1.1705892e-01   1.6429641e-01  -1.3625076e-03   1.0032819e-04  -8.9862757e-04
   2.4193604e-02   1.5760785e-01   1.6907766e-01  -1.0635393e-03   6.5901788e-04  -6.7294403e-04
   1.4197992e-02   1.4195676e-01   2.1712505e-01  -1.9570594e-03   6.3487016e-04  -9.3036488e-04
   1.7676657e-02   1.6246385e-01   2.3489198e-01  -2.4959754e-03   2.5229400e-04  -9.9059713e-04
   3.3186344e-02   1.2928528e-01   2.0602957e-01  -2.2243711e-03  -3.3567895e-04  -8.6507379e-04
   3.1075054e-02   1.4461536e-01   2.5018845e-01  -3.0340483e-03  -4.4168487e-04  -9.4874356e-04
   4.1230931e-02   1.4896092e-01   3.0107758e-01  -3.1229141e-03   2.2855410e-04  -3.3785741e-04
   5.3311701e-02   1.8321220e-01   2.5847313e-01  -2.6574707e-03   1.7665386e-04  -2.7535498e-04
   7.0615925e-02   1.9302456e-01   2.8359097e-01  -2.5758912e-03   6.7402599e-05  -2.5851013e-04
   6.1462613e-02   1.6651486e-01   2.7317387e-01  -2.7557797e-03  -2.1039226e-04  -7.6438236e-04
   7.1955715e-02   1.8040214e-01   2.8448398e-01  -3.1912878e-03  -4.8163822e-05   1.6579337e-05
   4.9542920e-02   1.7925485e-01   2.8529082e-01  -3.0820812e-03  -5.6241685e-04  -7.7725834e-04
   7.4954137e-02   2.1126036e-01   2.5174356e-01  -2.7968986e-03   1.2458097e-04   6.8876613e-05
   6.4121192e-02   1.8189311e-01   2.9849355e-01  -3.4954197e-03   2.6148611e-04  -3.4638818e-04
   6.3462381e-02   1.6868038e-01   3.0762021e-01  -4.1896067e-03   1.3861915e-04  -2.0861518e-04
   7.1488154e-02   1.5801067e-01   3.0664079e-01  -4.1424164e-03   1.9488385e-04  -1.3408480e-04
   7.4141553e-02   1.5131968e-01   2.3734847e-01  -3.4486261e-03  -6.8676319e-05  -2.7958707e-05
   4.9609496e-02   2.0384878e-01   2.3510500e-01  -2.3976669e-03  -6.0431906e-05  -4.3116045e-04
   5.6535984e-02   2.1624466e-01   2.6705117e-01  -3.6294732e-03   9.3887776e-04  -3.1508230e-04
   8.0324182e-02   2.1753129e-01   3.2549857e-01  -4.4773461e-03   1.7087074e-03   3.1517917e-04
   1.1064754e-01   2.2337026e-01   2.3653169e-01  -2.4687455e-03   2.1667520e-03   5.8370003e-04
   9.2272052e-02   2.1910286e-01   2.6699607e-01  -3.3726389e-03   2.0398168e-03   7.6099463e-04
   7.9626972e-02   2.0769251e-01   2.9001995e-01  -4.0483213e-03   1.4299582e-03   3.2020556e-04
   7.6821961e-02   2.0589659e-01   2.8390212e-01  -4.0919744e-03   1.0007209e-03   3.8314827e-04
   6.6900655e-02   2.0731584e-01   3.4937965e-01  -4.8696167e-03   8.4768381e-04   9.4624173e-05
   6.5570498e-02   2.4830238e-01   3.0601848e-01  -4.3238126e-03   1.3886063e-03   2.0665084e-04
   5.1790986e-02   2.3437453e-01   3.0008710e-01  -4.8584432e-03   7.8229746e-04  -1.6065090e-04
   6.1738614e-02   2.2392745e-01   3.1815829e-01  -4.9658056e-03   1.3911428e-03   8.6532483e-07
   5.5878068e-02   2.2663627e-01   3.0277082e-01  -5.1574134e-03   1.1933286e-03   2.2150805e-04
   8.7035204e-02   2.5152957e-01   3.1841075e-01  -5.1178593e-03   1.8566907e-03   6.4521936e-04
   7.3291254e-02   2.3576439e-01   3.7612622e-01  -6.3105444e-03   2.0693767e-03   4.1511284e-04
   6.2361782e-02   2.2338484e-01   3.8186944e-01  -6.4767809e-03   1.9018818e-03   3.4747597e-04
   6.0159545e-02   2.0623720e-01   3.8590774e-01  -6.7390460e-03   1.7079682e-03   4.8891319e-04
   6.6254330e-02   2.2211347e-01   3.5617020e-01  -6.5612733e-03   1.8263419e-03   6.4556972e-04
   5.9444692e-02   2.0307280e-01   4.0659146e-01  -7.2230156e-03   1.8565228e-03   5.3765384e-04
   4.3652821e-02   2.3658252e-01   4.0996297e-01  -7.8817085e-03   2.1943310e-03   1.7682512e-04
   7.2027333e-02   2.4691563e-01   4.2110171e-01  -7.9037669e-03   2.1739341e-03   6.9750326e-04
   5.6678305e-02   2.5005661e-01   4.2047454e-01  -8.2685114e-03   2.8366741e-03   5.5438135e-04
   8.2516036e-02   2.2615109e-01   4.1682452e-01  -8.2456856e-03   3.1152247e-03   1.1271441e-03
   7.4015285e-02   2.3741492e-01   4.3560536e-01  -8.6250000e-03   2.6585021e-03   4.5781521e-04
   8.8828038e-02   2.7144416e-01   3.8105044e-01  -7.4410821e-03   2.9328132e-03   1.0091982e-03
   6.4161889e-02   2.5128199e-01   4.6705179e-01  -8.0757330e-03   3.2510993e-03   7.2085241e-04
   5.3986508e-02   2.9570443e-01   4.7968147e-01  -7.9790225e-03   3.1201352e-03   3.4660148e-04
   7.1218776e-02   2.6037587e-01   4.9330876e-01  -9.1491514e-03   2.7951340e-03   1.0895070e-03
   7.7104930e-02   2.6730437e-01   5.4208237e-01  -9.2412083e-03   3.0101710e-03   9.4750526e-04
   7.9847941e-02   2.6918924e-01   5.2200927e-01  -9.3695027e-03   3.0704496e-03   1.3469796e-03
   7.8237462e-02   2.7829508e-01   5.3399074e-01  -9.6454455e-03   3.1703786e-03   1.2689850e-03
   8.3272175e-02   2.5944937e-01   5.0263241e-01  -9.4647172e-03   2.7184300e-03   1.0582184e-03
   8.9735052e-02   2.8882186e-01   4.7984407e-01  -8.7219961e-03   2.7640717e-03   1.4351914e-03
   7.6634379e-02   2.6121822e-01   4.9238269e-01  -9.1901005e-03   3.1143454e-03   1.2514363e-03
   8.5602093e-02   2.6859362e-01   4.8792160e-01  -8.7873039e-03   2.8297555e-03   1.5602924e-03
   7.9308539e-02   2.6698961e-01   5.2484932e-01  -9.6857509e-03   2.9066432e-03   1.2823624e-03
   9.2210613e-02   2.8622406e-01   4.9276213e-01  -9.5635328e-03   2.7699624e-03   1.6220438e-03
   7.8142920e-02   3.0030000e-01   5.0426540e-01  -9.7666409e-03   3.0618468e-03   1.3834327e-03
   7.9844463e-02   2.9328699e-01   4.9588002e-01  -9.8712041e-03   2.9819347e-03   1.4993647e-03
   7.0199730e-02   2.9917571e-01   5.2844230e-01  -9.8277204e-03   3.1339650e-03   1.3606675e-03
   7.6693539e-02   3.0061801e-01   5.4341187e-01  -1.0008257e-02   3.4866919e-03   1.2869924e-03
   7.7739148e-02   3.0330636e-01   5.4453697e-01  -9.8164581e-03   3.2932919e-03   1.2958313e-03
   6.7615277e-02   3.1961184e-01   5.2675109e-01  -9.7404920e-03   3.4022939e-03   1.1005295e-03
   7.9178944e-02   3.0450184e-01   5.2783421e-01  -9.4410961e-03   3.5357375e-03   1.6026103e-03
   7.8207862e-02   3.1185120e-01   5.3717224e-01  -9.8203971e-03   3.3038675e-03   1.2692611e-03
   7.5550471e-02   3.0973412e-01   5.2475625e-01  -9.8105752e-03   3.4412603e-03   1.4770015e-03
   7.6468157e-02   3.0393343e-01   5.2545936e-01  -9.4887790e-03   3.2707104e-03   1.1493092e-03
   8.1696782e-02   3.0089779e-01   5.3867492e-01  -9.7357230e-03   3.4206039e-03   1.4157561e-03
   8.0073134e-02   3.1028870e-01   5.3815425e-01  -9.7723872e-03   3.1925633e-03   1.3605810e-03
   8.1040993e-02   3.2807851e-01   5.0349347e-01  -9.8073121e-03   3.3251742e-03   1.6667685e-03
   7.9420950e-02   3.3376892e-01   5.0122343e-01  -9.4461348e-03   3.0468978e-03   1.3416747e-03
   7.4914400e-02   3.2769208e-01   4.9778116e-01  -9.7158565e-03   3.2332120e-03   1.5342316e-03
   7.8981232e-02   3.1433995e-01   5.1827767e-01  -9.9117876e-03   3.2703487e-03   1.7214644e-03
   6.9194582e-02   3.2438864e-01   5.0468650e-01  -9.8168110e-03   3.4099231e-03   1.6082124e-03
   8.5700958e-02   3.1645736e-01   5.0408773e-01  -9.6970084e-03   2.9855930e-03   1.6265744e-03
   8.3254731e-02   3.1967495e-01   4.9837655e-01  -9.0962700e-03   3.0468232e-03   1.4384704e-03
   7.0300904e-02   3.3047473e-01   5.4539953e-01  -1.0167918e-02   3.4346306e-03   1.4325880e-03
   6.4977220e-02   3.3654881e-01   5.2167953e-01  -9.8092767e-03   3.5317426e-03   1.4760966e-03
   5.7561665e-02   3.2201744e-01   5.4484152e-01  -1.0393952e-02   3.7323268e-03   1.4103536e-03
   7.2723490e-02   3.3631070e-01   5.2461938e-01  -1.0135792e-02   3.6385616e-03   1.5048759e-03
   7.0005422e-02   3.4302941e-01   5.3446156e-01  -1.0056744e-02   3.4231175e-03   1.5321706e-03
   7.5999099e-02   3.3644103e-01   4.8945651e-01  -9.3406123e-03   3.6370268e-03   1.6023773e-03
   6.5306156e-02   3.4643613e-01   5.9869070e-01  -1.1106676e-02   3.6573065e-03   1.4684391e-03
   6.5892513e-02   3.4495801e-01   5.7570817e-01  -1.0624296e-02   3.3451907e-03   1.3712179e-03
   7.5558318e-02   3.7199222e-01   5.9017544e-01  -1.0659278e-02   3.4288127e-03   1.4798362e-03
   8.2631606e-02   3.2730814e-01   4.9247553e-01  -9.4883510e-03   3.0186203e-03   1.6204560e-03
   6.3714860e-02   3.6364364e-01   5.4359615e-01  -1.0664646e-02   3.3731699e-03   1.1936790e-03
   6.1392023e-02   3.8176093e-01   5.8001875e-01  -1.0272377e-02   3.1517235e-03   1.0039201e-03
   7.1606476e-02   3.4295250e-01   6.0405985e-01  -1.1460926e-02   3.5341405e-03   1.4755621e-03
   7.0500017e-02   3.4986791e-01   5.9733336e-01  -1.1888223e-02   3.3151638e-03   1.4669569e-03
   6.8764988e-02   3.6464533e-01   5.8629856e-01  -1.0898064e-02   3.2586893e-03   1.2740934e-03
   6.3932622e-02   3.3117294e-01   5.6972111e-01  -1.0727142e-02   3.2793237e-03   1.2042385e-03
   5.9993958e-02   3.3483564e-01   6.0959248e-01  -1.1158795e-02   3.5463798e-03   1.3157331e-03
   6.9612245e-02   3.4140654e-01   5.7399927e-01  -1.1195540e-02   3.5480218e-03   1.4211334e-03
   5.4820586e-02   3.4081620e-01   6.1197809e-01  -1.1950429e-02   3.4276721e-03   1.0311899e-03
   5.0226673e-02   3.5426716e-01   5.8482139e-01  -1.1343336e-02   3.4777020e-03   9.5378812e-04
   4.4683799e-02   3.6352833e-01   5.6261659e-01  -1.0700308e-02   3.6296490e-03   1.2669371e-03
   3.9284248e-02   3.5371325e-01   6.1432476e-01  -1.1176530e-02   3.6252738e-03   8.8312296e-04
   5.4097474e-02   3.4394339e-01   6.0689673e-01  -1.1619367e-02   3.7653659e-03   1.3133040e-03
   5.2309151e-02   3.7028770e-01   5.9354845e-01  -1.1189020e-02   3.7710962e-03   1.0406321e-03
   7.7474695e-02   3.4006320e-01   5.7312367e-01  -1.1280217e-02   3.8162314e-03   1.6371162e-03
   5.7090010e-02   3.3536522e-01   6.6992009e-01  -1.1860947e-02   4.0636156e-03   1.0675373e-03
   3.8959778e-02   4.6384862e-01   7.6030147e-01  -1.1166558e-02   4.5221192e-03  -3.8439642e-04
   5.9453480e-02   3.4985174e-01   5.8598547e-01  -1.0728354e-02   3.8916510e-03   1.2078724e-03
   7.8820529e-02   3.5551095e-01   5.7178374e-01  -1.1452189e-02   4.1406356e-03   1.5232016e-03
   8.0119213e-02   3.5940121e-01   5.8253948e-01  -1.0619999e-02   4.2617984e-03   1.4112544e-03
   7.0061771e-02   3.4860148e-01   5.7804341e-01  -1.1061774e-02   4.2467428e-03   1.3206784e-03
   6.6168736e-02   3.2884230e-01   6.3270055e-01  -1.1936156e-02   4.1082991e-03   1.2239818e-03
   7.2921759e-02   3.5213467e-01   5.7213264e-01  -1.1291482e-02   4.0239907e-03   1.5158153e-03
   6.6723917e-02   3.7011908e-01   5.5995654e-01  -1.1302734e-02   3.9945999e-03   1.2651135e-03
   6.4554517e-02   3.6618131e-01   5.3527129e-01  -1.1067618e-02   4.0555100e-03   1.2503025e-03
   6.1737165e-02   3.6085229e-01   5.3585955e-01  -1.1245554e-02   4.0918687e-03   1.2971554e-03
   6.4846484e-02   3.7897433e-01   5.6456033e-01  -1.1717033e-02   4.1563681e-03   1.1287536e-03
   6.0647882e-02   3.9301421e-01   5.2215793e-01  -1.0968332e-02   4.4200440e-03   1.5332280e-03
   6.3510652e-02   4.0947731e-01   5.3818896e-01  -1.0921743e-02   4.2700753e-03   1.0092139e-03
   8.0929616e-02   3.8098341e-01   5.1854259e-01  -1.1066147e-02   4.0132180e-03   1.4416985e-03
   7.0899027e-02   3.9284542e-01   5.2977716e-01  -1.1193231e-02   4.1732716e-03   1.3708727e-03
   6.5735167e-02   4.0354604e-01   5.6179689e-01  -1.0976440e-02   3.9976162e-03   1.0516952e-03
   6.7035366e-02   3.9316033e-01   5.6429679e-01  -1.1250675e-02   4.2489246e-03   1.1072531e-03
   7.7161031e-02   3.7083068e-01   5.5244133e-01  -1.1455794e-02   4.3939415e-03   1.2869557e-03
   7.6592263e-02   3.7505178e-01   5.5669747e-01  -1.1862817e-02   4.2561443e-03   1.2842313e-03
   7.0853670e-02   4.0362036e-01   5.5605737e-01  -1.1284243e-02   4.2173467e-03   1.0653188e-03
   7.5596638e-02   4.0249298e-01   5.3359498e-01  -1.1182887e-02   4.2792723e-03   1.3702965e-03
   7.9038793e-02   3.9472921e-01   5.7476741e-01  -1.1832252e-02   4.3199719e-03   1.2795514e-03
   7.8276207e-02   3.7938572e-01   5.3998474e-01  -1.1529626e-02   4.4393988e-03   1.3865828e-03
   8.1225500e-02   3.7066300e-01   5.5508864e-01  -1.1947161e-02   4.2619472e-03   1.0695890e-03
   8.2494832e-02   3.9145115e-01   5.1971990e-01  -1.1479464e-02   4.3279533e-03   1.3531422e-03
   8.8232818e-02   3.9700494e-01   5.5960885e-01  -1.2036764e-02   4.2330256e-03   1.3414840e-03
   8.1483155e-02   3.9346356e-01   5.4432192e-01  -1.1567262e-02   4.4365915e-03   1.4251610e-03
   9.6837657e-02   3.6834810e-01   5.7916375e-01  -1.2849727e-02   4.1134703e-03   1.4184990e-03
   1.0405040e-01   3.2213226e-01   5.0300553e-01  -1.1643543e-02   4.2327180e-03   2.0296079e-03
   7.3561121e-02   3.6992103e-01   5.5116449e-01  -1.1805269e-02   4.3494476e-03   1.2231367e-03
   9.1775730e-02   3.8390563e-01   5.5052605e-01  -1.1558804e-02   4.3394031e-03   1.5707336e-03
   7.5434182e-02   4.0343766e-01   5.4911192e-01  -1.1465768e-02   4.2281357e-03   1.4199792e-03
   8.4756750e-02   4.1440993e-01   5.1252769e-01  -1.1570387e-02   4.2507387e-03   1.5873231e-03
   8.2990163e-02   3.9908465e-01   5.7103952e-01  -1.1833309e-02   4.0859155e-03   1.7077086e-03
   8.8058283e-02   3.9408241e-01   5.9759955e-01  -1.2206469e-02   4.3325136e-03   1.4081394e-03
   8.6274900e-02   3.9272406e-01   5.6104391e-01  -1.1990832e-02   4.4229973e-03   1.8217412e-03
   9.1870109e-02   3.8213226e-01   5.9199617e-01  -1.1806850e-02   4.2364603e-03   1.9071976e-03
   8.5674158e-02   3.8604403e-01   5.7363336e-01  -1.1778210e-02   4.2739939e-03   1.7312593e-03
   8.1379705e-02   3.8426850e-01   5.9032369e-01  -1.2715053e-02   4.3721391e-03   1.7297190e-03
   8.4315930e-02   3.7945657e-01   5.8877188e-01  -1.2556680e-02   4.4014297e-03   1.5291241e-03
   8.3634236e-02   3.8290580e-01   5.5075677e-01  -1.2346106e-02   4.4185841e-03   1.7386966e-03
   6.9263786e-02   3.8233692e-01   6.1019256e-01  -1.2623567e-02   4.2705420e-03   1.4622696e-03
   8.2408806e-02   3.9097921e-01   5.6435890e-01  -1.2623911e-02   4.4937264e-03   1.7969950e-03
   8.3250310e-02   3.8327687e-01   5.9623010e-01  -1.2881434e-02   4.6345681e-03   1.6831831e-03
   8.2884075e-02   3.9322025e-01   5.7900333e-01  -1.2854895e-02   4.3305435e-03   1.4873724e-03
   8.6247206e-02   3.9304293e-01   5.9004070e-01  -1.2930133e-02   4.2995648e-03   1.6633356e-03
   8.3475583e-02   3.9893450e-01   5.7749246e-01  -1.2689538e-02   4.1655167e-03   1.5584780e-03
   8.3122112e-02   4.1936282e-01   6.0931603e-01  -1.2599405e-02   4.1864745e-03   1.4628717e-03
   8.2489291e-02   4.1571114e-01   5.8118190e-01  -1.2785266e-02   4.1764072e-03   1.2393913e-03
   7.8054951e-02   4.2277428e-01   5.7415631e-01  -1.2573110e-02   4.0900417e-03   1.4021493e-03
   8.4889793e-02   4.3285170e-01   5.6889242e-01  -1.2669985e-02   4.2993122e-03   1.5933135e-03
   9.3534072e-02   4.0875124e-01   6.1562682e-01  -1.2586891e-02   4.3454848e-03   1.7442769e-03
   1.0059900e-01   3.8723673e-01   4.7275970e-01  -1.0590863e-02   4.2858789e-03   1.9248802e-03
   6.1099931e-02   3.7381410e-01   4.5472746e-01  -9.5064580e-03   5.9017927e-03   1.2040434e-03
   6.0053448e-02   3.7021915e-01   4.7756282e-01  -1.0502359e-02   5.4325630e-03   7.5264022e-04
   6.5825150e-02   3.9344581e-01   4.7444170e-01  -9.8251076e-03   5.1036079e-03   5.3366798e-04
   6.2424420e-02   4.0548187e-01   4.7546061e-01  -1.0146754e-02   4.9894013e-03   6.8970555e-04
   5.9896827e-02   4.4227344e-01   4.4294602e-01  -9.5677479e-03   4.8723472e-03   5.5575133e-04
   4.9446535e-02   4.4749174e-01   4.2933709e-01  -8.9513505e-03   4.5713072e-03   5.4863594e-04
   5.1829300e-02   4.4420265e-01   4.5123697e-01  -8.9080509e-03   4.7159811e-03   3.7470979e-04
