   0.0000000e+00  -1.0499368e-14  -1.3028404e-14  -6.0350049e-17  -6.7528797e-18   1.1451434e-17
  -1.0408714e-02   3.9633480e-02   2.8035148e-02  -8.9363689e-04   7.5810691e-05  -3.3037545e-05
  -5.7751166e-02   2.8160754e-02   7.6431571e-03  -8.4652373e-04  -7.3519703e-05  -4.7832686e-04
  -4.0065734e-02   3.4270606e-02  -1.5221415e-02  -4.6407416e-04   1.9368954e-04  -2.0440800e-04
  -7.4235265e-02   3.2486895e-02  -4.5269633e-02  -2.9014281e-04  -2.7612648e-04  -3.0105704e-04
  -8.4903178e-02   2.2866503e-02  -1.0940020e-02  -9.3100195e-04  -2.9576049e-04  -2.8763890e-04
  -1.3902115e-01   4.3785792e-02  -8.3922570e-02  -3.3190718e-04  -4.4050350e-04  -6.0174471e-04
  -1.8390420e-01   1.0564208e-02  -1.0590997e-01   5.9712078e-04  -2.1085013e-04  -1.1323630e-03
  -1.9276966e-01  -4.2633823e-03  -8.7532861e-02   3.4855003e-04  -6.6121120e-04  -1.1061398e-03
  -1.9103485e-01   2.1999992e-02  -1.1094324e-01   4.6491075e-04  -6.6835217e-04  -1.0566247e-03
  -2.0132130e-01   4.6976052e-02  -1.2150063e-01   5.0485057e-04  -8.5744421e-04  -1.0471025e-03
  -1.9655335e-01   6.2130215e-02  -1.4427846e-01   6.7826433e-04  -9.8362295e-04  -1.3837867e-03
  -1.9741906e-01   6.3645808e-02  -1.0847797e-01   2.5115718e-04  -9.6657101e-04  -1.1554927e-03
  -2.0104932e-01   6.3181538e-02  -1.1975551e-01   4.9183953e-04  -9.8470683e-04  -1.3725831e-03
  -2.0620302e-01   5.9737558e-02  -1.0861948e-01   3.7490802e-04  -1.0291419e-03  -1.1098469e-03
  -2.0924888e-01   6.1701484e-02  -9.6356108e-02   1.6022736e-04  -9.2435880e-04  -1.3870654e-03
  -2.1202449e-01   7.6264214e-02  -1.0288712e-01   1.8138207e-04  -8.3693781e-04  -1.2734327e-03
  -2.1413355e-01   8.6196607e-02  -1.0863441e-01   1.7644298e-04  -7.6432006e-04  -1.4274687e-03
  -2.1327561e-01   6.9962390e-02  -1.2082680e-01   3.4156109e-04  -9.6776454e-04  -1.5067150e-03
  -2.0092289e-01   9.1481112e-02  -9.9377595e-02  -1.6425804e-04  -7.2156810e-04  -1.6742874e-03
  -1.9139585e-01   6.1837638e-02  -1.5314779e-01   6.4545692e-04  -1.1121854e-03  -1.5501976e-03
  -1.9403306e-01   1.4002997e-01  -5.8304911e-02  -2.4185858e-04  -7.7407348e-04  -1.5573265e-03
  -1.8969023e-01   8.7224726e-02  -1.2571768e-01   6.6059967e-05  -7.6246079e-04  -1.5272851e-03
  -2.0346329e-01   3.7537677e-02  -1.1267685e-01   3.1473699e-04  -1.0893875e-03  -1.3985853e-03
  -2.1300215e-01   2.7142354e-02  -1.1346354e-01   8.1722672e-04  -1.1044527e-03  -1.3607814e-03
  -1.8515407e-01   9.4442324e-02  -1.0371426e-01   4.2474116e-04  -8.5956904e-04  -1.5595897e-03
  -1.8198906e-01   4.4133786e-02  -8.9895266e-02   2.7266205e-04  -1.0537595e-03  -1.2853550e-03
  -1.8139383e-01   3.0190019e-02  -1.1215124e-01   4.2561503e-04  -1.2257171e-03  -1.3967565e-03
  -2.0173364e-01   3.6891225e-02  -1.2674030e-01   8.9356376e-05  -1.3680361e-03  -1.3867464e-03
  -2.0649637e-01   3.5053873e-02  -1.3838966e-01   7.5520137e-04  -1.0609059e-03  -1.4036501e-03
  -2.1092208e-01   2.7636094e-02  -1.0734664e-01   9.0646605e-04  -1.3171763e-03  -1.2012570e-03
  -2.4107588e-01   2.8330137e-02  -8.2376061e-02   6.4387337e-04  -1.0736481e-03  -1.6062820e-03
  -2.0177862e-01   5.6048616e-02  -1.4780784e-01   1.0804390e-03  -1.5994821e-03  -1.0369225e-03
  -2.1739625e-01   7.8534177e-02  -1.2757576e-01   8.7076799e-04  -1.1912827e-03  -1.4415812e-03
  -2.1179063e-01   1.0584754e-01  -1.4366114e-01   5.6284811e-04  -1.4633223e-03  -1.2290092e-03
  -2.2071908e-01   9.9331240e-02  -3.4155108e-02   2.2717249e-05  -1.4225942e-04  -1.8574594e-03
  -1.1250947e-01   3.2721823e-01   1.9441704e-01  -1.2041494e-03   2.3935025e-03  -2.9515939e-03
  -9.8568166e-02   7.6928015e-02  -2.0746104e-01  -8.5811823e-04  -2.0605625e-04  -7.5125271e-04
  -1.5144533e-01   5.2727609e-02  -1.8925665e-01  -1.0348717e-03   4.5948580e-05  -9.7134888e-04
  -1.4243150e-01   2.6682549e-02  -1.4688367e-01   3.9214868e-04  -6.8435258e-04  -2.0310637e-04
  -1.6174204e-01   2.3181571e-02  -1.3790108e-01   4.4083456e-05  -5.3403872e-04  -6.0579135e-04
  -1.6919581e-01   4.0936359e-02  -9.7418660e-02   2.2918947e-04  -5.2764949e-04  -5.7914794e-04
  -1.6938814e-01   1.0779791e-02  -8.5709043e-02   1.7256487e-04  -3.3375204e-04  -3.4005280e-04
  -1.9163208e-01   6.5754476e-03  -6.8627275e-02   7.5596455e-04  -4.8429692e-04  -4.0691147e-04
  -1.8910892e-01   1.8222986e-02  -7.1848400e-02  -2.7795354e-05  -3.2388730e-04  -5.0763622e-04
  -1.8710680e-01   7.5057391e-02  -1.2401893e-01   9.6564236e-04  -7.0018462e-04  -3.7742305e-04
  -1.9120582e-01   6.7968955e-02  -7.1837354e-02   2.1674952e-04  -6.9524453e-04  -7.1401550e-04
  -2.3131021e-01   2.3411670e-01  -1.5006487e-01   3.9334959e-03  -8.9517521e-04  -8.2911629e-04
  -3.3738520e-01   2.0158723e-01  -4.0326924e-01   7.4717712e-03  -9.1360064e-05  -2.9121176e-03
  -3.2626405e-01   1.5886391e-01  -3.5010282e-01   5.8020437e-03   1.0625643e-04  -3.0617385e-03
  -3.2986596e-01   1.4005749e-01  -3.1773530e-01   6.5828976e-03   2.2541308e-04  -2.9483473e-03
  -3.2880847e-01   1.1726892e-01  -2.7119023e-01   5.9758645e-03   2.1408268e-04  -2.9224825e-03
  -3.2552225e-01   1.2840882e-01  -2.8821033e-01   6.4098119e-03   2.8303894e-04  -2.7417858e-03
  -3.0822284e-01   1.2731270e-01  -2.7345212e-01   6.0782061e-03   2.8885731e-04  -2.6047987e-03
  -3.2829523e-01   1.0700180e-01  -2.7362639e-01   6.1813484e-03   1.2692512e-04  -2.9317238e-03
  -3.4515621e-01   1.1663657e-01  -2.4780827e-01   5.4348980e-03   1.5208459e-04  -2.9862719e-03
  -3.3494120e-01   1.1343069e-01  -2.6889129e-01   5.9890249e-03   1.6228862e-04  -2.6077184e-03
  -3.4412328e-01   1.2945722e-01  -2.6838264e-01   5.7032968e-03  -1.8681198e-05  -2.4691754e-03
  -3.5855390e-01   1.3576581e-01  -2.6081343e-01   5.5996080e-03   1.4603756e-04  -2.7616822e-03
  -3.3325940e-01   1.3459568e-01  -2.2515998e-01   5.4717066e-03   6.9036296e-05  -2.6634717e-03
  -3.4117126e-01   1.1748991e-01  -2.5242685e-01   5.5677218e-03   2.7941276e-04  -2.7005944e-03
  -3.4938907e-01   1.2212738e-01  -2.4046759e-01   5.5552128e-03   3.3437696e-04  -2.7684218e-03
  -3.5772400e-01   1.0871246e-01  -2.3067890e-01   5.7960203e-03   5.3329156e-04  -2.8335754e-03
  -3.5398890e-01   1.2288271e-01  -2.3209925e-01   5.9374053e-03   5.6916161e-04  -2.7321886e-03
  -3.5630336e-01   9.7312831e-02  -2.1750521e-01   5.6503003e-03   2.5882979e-04  -2.5981409e-03
  -3.4855879e-01   1.2024101e-01  -2.3406869e-01   6.0756830e-03   3.8199543e-04  -2.6282776e-03
  -3.5151988e-01   1.3842784e-01  -2.6004588e-01   6.3192448e-03   2.9358855e-04  -2.4193762e-03
  -3.8133129e-01   1.0759414e-01  -2.0135740e-01   5.7201532e-03   5.1538707e-04  -2.7337261e-03
  -3.7184800e-01   1.1794750e-01  -2.5105314e-01   6.1340296e-03   2.8146203e-04  -2.6225572e-03
  -3.8001232e-01   1.1786393e-01  -1.8639076e-01   5.6422523e-03   6.2795302e-04  -2.9277522e-03
  -3.9112392e-01   1.3989552e-01  -2.9089545e-01   6.2548551e-03   3.2858917e-04  -2.7495711e-03
  -2.8321232e-01   3.4337597e-01   1.4551265e-01   4.0061417e-03   2.9133805e-03  -4.7452243e-03
  -1.9491563e-01   1.7127973e-01   1.3931283e-01   2.3060042e-03   5.5744092e-04  -3.7368299e-03
  -2.4863402e-01   6.1586308e-02  -1.2435826e-01   3.9834708e-03  -1.7743498e-04  -2.1946924e-03
  -2.7189633e-01   8.4134562e-02  -6.5038034e-02   3.7565392e-03   6.3887043e-05  -2.5837730e-03
  -2.7217924e-01   5.5309915e-02  -7.3994651e-02   3.8946045e-03  -4.9455659e-04  -2.4377552e-03
  -2.9455386e-01   6.1277935e-02   2.2304510e-02   3.1436231e-03   2.3579737e-05  -2.6870683e-03
  -2.9694297e-01   8.0945460e-02  -2.3072852e-02   3.6992026e-03  -1.3772340e-04  -2.6040588e-03
  -3.2448193e-01   5.7290489e-02   4.0842077e-02   3.3554519e-03   8.8915402e-06  -2.8783542e-03
  -3.1901731e-01   5.3997771e-02  -6.8151735e-03   3.8504311e-03  -1.7600994e-04  -2.6921194e-03
  -3.3466445e-01   6.3752716e-02   1.1312452e-02   3.2511756e-03   3.3860758e-04  -3.0428435e-03
  -3.4105262e-01   1.0122029e-01   3.7884056e-04   3.3323423e-03   3.6285728e-04  -3.1724072e-03
  -3.6033313e-01   1.1737775e-01   3.0055469e-02   3.2881623e-03   6.5371325e-04  -3.2926292e-03
  -3.6250451e-01   9.9905947e-02   3.3798618e-03   3.4255791e-03   6.6679277e-04  -3.2879874e-03
  -3.3534348e-01   1.1302365e-01   8.5040753e-02   3.4892492e-03   1.0770478e-03  -3.1021821e-03
  -3.4939339e-01   1.4179112e-01   3.2794716e-05   4.2170509e-03   1.3252248e-03  -3.2675237e-03
  -3.3562240e-01   1.3482472e-01   8.0968166e-03   4.0484095e-03   9.7509881e-04  -3.0839738e-03
  -3.4869527e-01   1.2895161e-01   1.0702095e-03   4.4062436e-03   9.8563931e-04  -3.1841718e-03
  -3.3892971e-01   1.3720128e-01   1.3654697e-02   3.9499129e-03   1.0454523e-03  -3.2329833e-03
  -3.4972858e-01   1.3457376e-01   2.2407239e-02   4.3655547e-03   1.0093795e-03  -3.2295791e-03
  -3.5331642e-01   1.4456886e-01   1.4576833e-02   4.0841021e-03   9.6389003e-04  -3.2892854e-03
  -3.5533615e-01   1.6374549e-01  -4.2729535e-03   4.5550973e-03   8.8972167e-04  -3.1518752e-03
  -3.4531920e-01   1.5897922e-01  -5.8473736e-03   4.6330415e-03   1.0920758e-03  -3.1183644e-03
  -4.1096353e-01   2.7991155e-01  -7.8499061e-02   7.2879356e-03   9.6777396e-05  -4.7489596e-03
  -5.0437014e-01   2.4966932e-01  -1.0135013e-01   5.9548433e-03  -3.1034703e-04  -5.7730760e-03
  -4.9503432e-01   1.8608123e-01  -7.5159752e-02   5.8417511e-03  -1.1294537e-04  -5.9104627e-03
  -4.7702114e-01   2.5825376e-01  -8.6001695e-02   6.8999494e-03  -3.6809598e-04  -5.8128194e-03
  -4.8279149e-01   2.5966449e-01  -6.6826676e-02   5.5925351e-03  -3.5562016e-04  -5.8609105e-03
  -4.9486321e-01   2.4964308e-01  -6.3363675e-02   5.6200729e-03  -4.1403542e-04  -5.8049164e-03
  -5.2514566e-01   2.3576758e-01  -5.4888044e-02   5.6986823e-03  -1.7540926e-04  -6.2041982e-03
  -5.0696471e-01   2.3607227e-01  -5.1450045e-02   5.6457261e-03  -1.4439314e-04  -6.0367931e-03
  -5.2119991e-01   2.2270400e-01  -3.1153252e-02   5.4947068e-03  -5.4420171e-05  -6.0315699e-03
  -5.1730508e-01   2.3937869e-01  -4.1729254e-02   5.8533589e-03   8.3576743e-05  -6.0774195e-03
  -5.0678633e-01   2.2009673e-01  -4.2090711e-02   5.3961709e-03  -3.2280011e-04  -5.7591985e-03
  -5.1723702e-01   2.3885818e-01  -5.3647306e-02   5.1054176e-03  -1.5353565e-04  -5.9336120e-03
  -5.2253349e-01   2.3472375e-01  -4.1315182e-02   5.2104053e-03  -6.8011097e-05  -5.7720605e-03
  -5.1895125e-01   2.3531727e-01   7.6976449e-03   5.3954916e-03   4.7823440e-04  -6.0594274e-03
  -5.1640335e-01   2.2453644e-01  -7.5579126e-03   5.6871168e-03   1.5113342e-05  -5.7086118e-03
  -5.1654266e-01   2.3297056e-01  -3.4215503e-03   5.4788600e-03   3.7384780e-04  -5.8252841e-03
  -5.1927685e-01   2.2681362e-01  -4.9199922e-02   5.4578967e-03   1.2717138e-05  -5.5572895e-03
  -3.8352247e-01   3.4976990e-01   1.3274890e-01   5.1643745e-03   3.3936047e-03  -5.9302690e-03
  -3.5962065e-01   2.4597038e-01   7.5899804e-02   7.1749062e-03   2.2115516e-03  -5.4998006e-03
  -3.9520726e-01   1.6864631e-01  -6.4975454e-02   6.2723681e-03   1.1387353e-03  -5.0209815e-03
  -3.9103816e-01   2.1031245e-01  -1.0340163e-01   6.4948724e-03   1.0290938e-03  -5.0434027e-03
  -3.7726312e-01   1.9772927e-01  -1.3066033e-01   6.7776248e-03   1.1388447e-03  -4.8399576e-03
  -3.6681280e-01   1.7360006e-01  -7.4461497e-02   6.0683670e-03   8.8920376e-04  -4.3845722e-03
  -3.9373006e-01   1.6426510e-01  -3.9141697e-02   6.5275899e-03   1.2904234e-03  -4.5755594e-03
  -3.9738588e-01   1.6603430e-01  -2.3367367e-02   6.4940675e-03   1.3354231e-03  -4.6522162e-03
  -3.8306869e-01   1.5145442e-01  -5.3109670e-02   6.4636696e-03   1.0966765e-03  -4.5308601e-03
  -3.8131744e-01   1.7921294e-01  -6.4146836e-02   5.8213214e-03   1.0570629e-03  -4.7019560e-03
  -3.9973837e-01   1.8579671e-01  -6.6915138e-02   6.0784764e-03   1.2987355e-03  -4.8346290e-03
  -3.8625866e-01   1.9099640e-01  -5.9627087e-02   5.9912762e-03   1.2597569e-03  -4.7751357e-03
  -3.8562447e-01   2.1087769e-01  -4.2383879e-02   5.6395073e-03   1.2271906e-03  -4.7834224e-03
  -3.8173330e-01   1.8918097e-01  -5.3688434e-02   6.2383363e-03   1.0923963e-03  -4.6634195e-03
  -3.8589507e-01   2.2423983e-01  -7.7118336e-02   6.1623749e-03   1.2336261e-03  -4.6635599e-03
  -3.9165459e-01   2.1473560e-01  -5.0067461e-02   5.5404198e-03   1.2804410e-03  -4.8001974e-03
  -3.9376205e-01   2.2778626e-01  -8.0669681e-02   5.6081818e-03   1.0772520e-03  -4.6979488e-03
  -4.1321637e-01   2.3155884e-01  -8.6654673e-02   5.5026935e-03   1.3464381e-03  -4.9800145e-03
  -4.0295726e-01   2.1076512e-01  -7.4856069e-02   5.8052764e-03   1.3839108e-03  -4.6861070e-03
  -4.1585120e-01   2.0902763e-01  -4.5498388e-02   5.7408215e-03   1.3539310e-03  -5.0437734e-03
  -4.1115323e-01   2.3258794e-01  -6.8175446e-02   6.4958137e-03   1.6707294e-03  -4.7752122e-03
  -3.8112827e-01   2.3266008e-01  -7.6496053e-02   6.6649304e-03   1.2509936e-03  -4.4068170e-03
  -4.1237604e-01   2.2980528e-01  -5.1438862e-02   5.8019650e-03   1.3889323e-03  -4.8269569e-03
  -4.1241725e-01   2.2473752e-01  -2.5162038e-02   6.0881182e-03   1.2647504e-03  -4.6581273e-03
  -4.1530689e-01   2.3603706e-01  -4.8532888e-02   5.8718558e-03   1.4865971e-03  -4.7537806e-03
  -4.0156483e-01   2.2922672e-01  -2.8694236e-02   5.8009273e-03   1.3318860e-03  -4.6352052e-03
  -4.1380322e-01   2.4229461e-01  -6.5017908e-02   6.1832102e-03   1.5494167e-03  -4.7640533e-03
  -4.0417186e-01   2.4240272e-01  -5.6153428e-02   6.0511922e-03   1.4199632e-03  -4.7484692e-03
  -4.1653268e-01   2.3892457e-01  -5.9100206e-02   6.0285817e-03   1.5681007e-03  -4.7386314e-03
  -4.2191793e-01   2.4032003e-01  -5.9640883e-02   5.8576075e-03   1.4015397e-03  -4.8373749e-03
  -4.2811512e-01   2.3592109e-01  -6.8242288e-02   5.8388015e-03   1.7110385e-03  -4.9565499e-03
  -4.2519747e-01   2.1592174e-01  -3.9337064e-02   5.9693958e-03   1.4592334e-03  -4.8251611e-03
  -4.3379675e-01   2.3360739e-01  -7.0600992e-02   6.0130491e-03   1.7004291e-03  -4.8745313e-03
  -4.0731146e-01   2.3632969e-01  -5.2879827e-02   6.5405337e-03   1.3826773e-03  -4.8984960e-03
  -6.1092407e-01   3.8889915e-01  -4.8251986e-01   1.5483379e-02   2.6434407e-03  -7.9540777e-03
  -6.2421825e-01   3.8363270e-01  -3.9537597e-01   1.4843565e-02   2.9451354e-03  -8.9532079e-03
  -5.6752049e-01   3.3201879e-01  -2.1503617e-01   1.1708368e-02   2.2625657e-03  -8.2039191e-03
  -5.8560089e-01   3.3664365e-01  -2.7362108e-01   1.2258885e-02   2.5595030e-03  -8.4267066e-03
  -5.7548467e-01   3.0234052e-01  -2.3518952e-01   1.1750343e-02   2.5031052e-03  -8.3536156e-03
  -5.8228906e-01   3.1970900e-01  -2.7914613e-01   1.2627472e-02   2.6278911e-03  -8.5194140e-03
  -5.5860152e-01   3.0846208e-01  -2.3381165e-01   1.1571112e-02   2.4261307e-03  -8.1344318e-03
  -5.7857554e-01   3.1126417e-01  -2.7578282e-01   1.2113729e-02   2.4664430e-03  -8.4121252e-03
  -5.5100087e-01   3.1426695e-01  -2.5327260e-01   1.1474507e-02   2.5903257e-03  -8.2230981e-03
  -5.7506279e-01   3.4120526e-01  -3.3986038e-01   1.2309884e-02   1.7803941e-03  -8.5552447e-03
  -4.1889964e-01   3.8030342e-01   6.9361970e-03   9.7002504e-03   4.3815771e-03  -7.3814308e-03
  -3.6901632e-01   5.1623926e-01   4.9357904e-01   9.8171059e-03   6.9752778e-03  -6.2846529e-03
  -3.7109694e-01   3.0040606e-01   7.7996721e-02   1.0955130e-02   3.7620057e-03  -5.7387043e-03
  -4.1078818e-01   2.6553340e-01   6.4667037e-02   9.3980011e-03   4.3612660e-03  -5.4099787e-03
  -4.0883538e-01   2.3476746e-01   2.4643629e-02   1.0676282e-02   3.9733683e-03  -4.9877497e-03
  -4.1646383e-01   2.4628779e-01   2.5638819e-02   9.2337490e-03   4.3165887e-03  -5.2948405e-03
  -4.2127410e-01   2.4385064e-01  -6.8346735e-03   9.3969443e-03   4.0480103e-03  -5.1082198e-03
  -4.1895328e-01   2.1482539e-01   2.4214395e-02   8.0781973e-03   4.1128103e-03  -4.5531592e-03
  -4.4119487e-01   2.2870936e-01   1.8045443e-02   8.6471465e-03   4.2499374e-03  -4.8129774e-03
  -4.5855496e-01   2.0670224e-01   1.6406460e-02   8.3299842e-03   4.5374884e-03  -4.7947799e-03
  -4.5347904e-01   2.1134799e-01   1.3657709e-02   8.8242925e-03   4.4767919e-03  -4.6877613e-03
  -4.5880530e-01   2.0386032e-01   2.9701387e-02   8.7203924e-03   4.6048302e-03  -4.7437568e-03
  -4.5160761e-01   2.1911300e-01   1.7169210e-02   8.8506355e-03   4.7488790e-03  -4.7671035e-03
  -4.5340966e-01   2.0396249e-01   2.5407076e-02   8.3324149e-03   4.5379709e-03  -4.6239189e-03
  -4.5932837e-01   2.1735008e-01  -1.8122798e-02   8.1656972e-03   4.6352112e-03  -4.6841206e-03
  -4.4192153e-01   2.3466169e-01   1.1320469e-02   7.4735990e-03   4.2482713e-03  -4.3122956e-03
  -4.5678152e-01   2.6060780e-01  -2.8310782e-02   7.9539514e-03   4.5010525e-03  -4.7662781e-03
  -4.6891886e-01   2.5115736e-01   5.4106867e-02   7.8885557e-03   4.7827222e-03  -5.0235766e-03
  -4.5310641e-01   2.5575545e-01  -1.9869987e-01   8.2415666e-03   4.9190797e-03  -5.1884422e-03
  -4.2171564e-01   2.8080614e-01  -1.3759931e-01   8.3051512e-03   4.5466684e-03  -4.6460467e-03
  -4.3758263e-01   2.4544644e-01  -3.7317604e-02   7.8168462e-03   4.6277961e-03  -4.7620680e-03
  -4.3588838e-01   2.7212187e-01  -1.0475327e-01   8.0553228e-03   4.7072899e-03  -4.5981207e-03
  -4.4158786e-01   2.5051039e-01  -7.3694091e-02   8.1792723e-03   4.5566784e-03  -4.5199237e-03
  -4.6395295e-01   2.4306500e-01  -1.0242582e-01   8.2935393e-03   4.9126148e-03  -4.6737042e-03
  -4.4857828e-01   2.4888356e-01  -8.8131765e-02   8.8269799e-03   4.8402908e-03  -4.3856147e-03
