   0.0000000e+00   0.0000000e+00  -7.1054274e-15   0.0000000e+00   0.0000000e+00   0.0000000e+00
   5.0241674e-02  -5.8941362e-02  -3.3918178e-02   1.1451185e-03   1.1123508e-03   1.1713098e-03
   9.7117550e-02   1.2187535e-03  -4.6367475e-02   4.8960399e-04   1.0443199e-04   1.7340059e-03
   1.0807304e-01  -2.5734038e-02   5.8910629e-02  -1.0699422e-03  -1.3733803e-04   2.1161505e-03
   1.1727659e-01   1.9616031e-02   9.2416519e-02  -9.3945689e-04  -3.2438161e-04   1.9445941e-03
   1.4209008e-01   4.0978413e-02   7.8773558e-02  -6.3309847e-04  -8.7812316e-04   2.9399218e-03
   1.3314568e-01   2.7307079e-02   1.5116491e-01  -1.3076002e-03  -6.4607810e-04   2.5020844e-03
   1.3197882e-01   3.1897018e-02   6.2590788e-02  -6.3127133e-04  -5.5953714e-04   2.4939571e-03
   1.3436560e-01   5.1832316e-02   9.2870681e-02  -1.6064950e-03  -7.6669736e-04   2.6952827e-03
   1.4854079e-01   6.8179799e-02   8.4298360e-02  -1.1617634e-03  -9.7414926e-04   2.6919952e-03
   1.2998952e-01   6.1915900e-02   9.2258257e-02  -1.2597721e-03  -1.0402081e-03   2.3525470e-03
   1.2251119e-01   7.0806583e-02   7.5615431e-02  -7.8366776e-04  -9.9049863e-04   2.1822812e-03
   1.1686282e-01   7.0807412e-02   8.8601501e-02  -1.2033831e-03  -9.8303796e-04   2.1221451e-03
   1.0814072e-01   5.6976766e-02   7.2078665e-02   1.5653301e-04  -5.4761274e-04   1.7830513e-03
   1.3790692e-01   1.0062837e-01   4.2251784e-02  -7.0006039e-04  -1.0677189e-03   2.5567617e-03
   1.2513098e-01   7.1183350e-02   8.2541083e-02  -8.9028158e-04  -1.0845188e-03   2.4546904e-03
   1.3003482e-01   6.5294365e-02   7.5695801e-02  -5.6907387e-04  -1.5598592e-03   2.7584358e-03
   1.2432296e-01   6.3240626e-02   9.7768745e-02  -1.1876454e-03  -1.1242442e-03   2.6098660e-03
   1.3601358e-01   8.5795482e-02   1.1564955e-01  -1.7656576e-03  -1.4159437e-03   2.8383859e-03
   1.2768934e-01   7.3050869e-02   1.1615677e-01  -1.8527585e-03  -1.0670256e-03   2.7464830e-03
   1.4123094e-01   8.8427590e-02   1.2542958e-01  -1.8295278e-03  -1.1399350e-03   3.0445455e-03
   1.3243334e-01   8.8340684e-02   6.5628766e-02  -1.1934003e-03  -1.2586881e-03   2.8935966e-03
   1.4540325e-01   1.1858712e-01   9.6453340e-02  -7.5895393e-04  -1.4855977e-03   3.0126983e-03
   1.4250130e-01   1.1163375e-01   9.9087102e-02  -3.6657769e-04  -1.5093938e-03   3.1607627e-03
   1.4793907e-01   1.3177295e-01   1.2902463e-01  -3.2211241e-04  -1.4176457e-03   3.2408803e-03
   1.4940849e-01   1.2847577e-01   1.2264929e-01  -9.1919478e-04  -1.4904973e-03   3.2262575e-03
   1.7815649e-01   1.3132076e-01   1.2272592e-01  -2.1426361e-04  -1.1705001e-03   3.4106777e-03
   1.8095210e-01   1.1494505e-01   1.0445513e-01   2.2336358e-04  -7.5154525e-04   3.4350316e-03
   1.4618586e-01   1.1004946e-01   1.8214544e-01  -1.4974095e-03  -9.0306735e-04   2.9503998e-03
   1.6872855e-01   1.4678924e-01   1.4242459e-01  -8.4220697e-04  -1.1699759e-03   3.3863949e-03
   1.5577083e-01   1.4651804e-01   1.5978006e-01  -1.5648311e-03  -1.2579983e-03   3.2029461e-03
   1.6794116e-01   1.4144052e-01   1.2834892e-01  -4.7129825e-04  -1.0294812e-03   3.6413612e-03
   1.6813063e-01   1.6717748e-01   1.3382973e-01  -1.0479736e-03  -1.4613659e-03   3.5682316e-03
   1.7785707e-01   1.8718295e-01   9.3495903e-02   3.5148622e-04  -1.5238866e-03   3.6432250e-03
   1.4449500e-01   1.5908254e-01   1.4578992e-01  -3.4258509e-04  -1.6947933e-03   3.0497826e-03
   1.5110785e-01   1.6525173e-01   1.7273213e-01  -4.6897641e-04  -1.5186754e-03   3.2050744e-03
   1.7929496e-01   1.9651373e-01   1.5449590e-01  -6.6099989e-04  -1.8326706e-03   3.7326865e-03
   1.5759424e-01   1.7097783e-01   1.5402144e-01  -5.2411896e-04  -1.7347637e-03   3.4032790e-03
   1.5601291e-01   1.9308020e-01   1.3396060e-01  -1.2839863e-04  -1.7855286e-03   3.2716068e-03
   1.7152715e-01   1.8874243e-01   1.1752541e-01   1.6603801e-04  -1.8408065e-03   3.6738291e-03
   1.6310434e-01   1.8320679e-01   2.2763798e-01  -5.1631673e-04  -1.7302534e-03   3.6004027e-03
   1.6285599e-01   1.9930061e-01   1.6521900e-01   3.3333596e-05  -1.4934617e-03   3.6947420e-03
   1.7142627e-01   2.0050613e-01   2.1389767e-01  -7.1499410e-04  -2.0062044e-03   3.7370287e-03
   1.9872353e-01   1.6061076e-01   1.1483757e-01  -1.4872480e-03  -2.2558309e-03   3.2426900e-03
   1.9364152e-01   1.6470713e-01   1.2476744e-01  -2.0916176e-03  -2.0447783e-03   3.4413089e-03
   1.8309590e-01   1.4442372e-01   1.6938082e-01  -1.8598243e-03  -1.8560319e-03   3.4969301e-03
   2.2728429e-01   1.9732291e-01   2.3424278e-01  -2.0928920e-03  -2.3835014e-03   4.6194966e-03
   2.1672591e-01   2.0158869e-01   2.0997187e-01  -8.1816455e-04  -2.1980351e-03   4.5305192e-03
   2.4322396e-01   2.1925672e-01   1.9104717e-01  -3.3330975e-04  -1.8331957e-03   5.0799356e-03
   2.1410949e-01   2.2196962e-01   1.8292224e-01  -1.1197257e-03  -2.2334700e-03   4.6499052e-03
   2.2099040e-01   2.1654317e-01   2.1926969e-01  -1.2128914e-03  -2.0995806e-03   4.7422910e-03
   2.3085314e-01   2.2971270e-01   2.0457273e-01  -1.2404640e-03  -2.3699251e-03   5.2952947e-03
   2.5858988e-01   2.2044638e-01   2.4296403e-01  -1.5892637e-03  -1.6727033e-03   4.9036616e-03
   2.5223446e-01   2.3762773e-01   2.2624123e-01  -1.8354015e-03  -1.6543666e-03   4.8707520e-03
   2.5752312e-01   2.3449642e-01   2.4271085e-01  -2.0972802e-03  -1.9527970e-03   4.8332733e-03
   2.5925362e-01   2.3109712e-01   2.4854846e-01  -2.2803486e-03  -1.6201520e-03   5.0378826e-03
   2.6335200e-01   2.3368611e-01   2.4046206e-01  -2.3725042e-03  -1.4593040e-03   5.2505277e-03
   2.6174054e-01   2.3268550e-01   2.5608269e-01  -2.7457305e-03  -1.0885072e-03   5.3374309e-03
   2.6192288e-01   2.4184576e-01   2.4254088e-01  -2.3154352e-03  -1.2483604e-03   5.5009037e-03
   2.5413608e-01   2.3980103e-01   2.8502785e-01  -1.4577267e-03  -1.1697976e-03   5.4087193e-03
   2.6006826e-01   2.3594690e-01   3.0645178e-01  -2.2403382e-03  -1.3555635e-03   5.4213254e-03
   2.3942049e-01   2.5165668e-01   2.9831720e-01  -2.3398105e-03  -1.0543980e-03   4.8697776e-03
   2.5084348e-01   2.7006245e-01   2.9357806e-01  -2.4602229e-03  -1.0872955e-03   5.3341020e-03
   2.4627500e-01   2.5888831e-01   2.9661199e-01  -2.3865211e-03  -9.9207186e-04   5.0600740e-03
   2.6243366e-01   2.6774805e-01   3.0882413e-01  -1.9559358e-03  -1.2717800e-03   5.4374142e-03
   2.4182395e-01   2.6652109e-01   3.2203001e-01  -2.4982642e-03  -9.3938817e-04   4.7599570e-03
   2.4494272e-01   2.5521144e-01   3.1598917e-01  -1.8100887e-03  -1.1786675e-03   5.0857782e-03
   2.6806480e-01   2.7747102e-01   2.5734408e-01  -1.5349710e-03  -5.7674785e-04   4.9548153e-03
   2.8266614e-01   2.9240232e-01   2.7829061e-01  -2.8921094e-04  -6.2815923e-04   5.8959793e-03
   2.5955167e-01   2.8536298e-01   3.4959529e-01  -1.9129623e-03  -1.2728943e-03   5.5402164e-03
   2.7698282e-01   2.8279046e-01   3.3142644e-01  -2.0397185e-03  -6.4980307e-04   5.7241488e-03
   2.7349645e-01   3.0650462e-01   3.2493369e-01  -1.5110457e-03  -9.1430484e-04   5.8566581e-03
   2.5318585e-01   2.8556515e-01   3.4541772e-01  -2.0460731e-03  -7.8900210e-04   5.1342227e-03
   2.4748545e-01   2.8567564e-01   3.5731565e-01  -1.7375734e-03  -4.9432544e-04   4.9695255e-03
   2.6673267e-01   2.9305769e-01   3.3221253e-01  -1.1411823e-03  -1.9616190e-04   5.5419245e-03
   2.6307458e-01   3.1467746e-01   3.4036440e-01  -1.6676949e-03  -5.1805816e-04   5.3685645e-03
   2.6795844e-01   2.8796236e-01   3.3391909e-01  -1.8600440e-03  -4.7145267e-04   5.3983282e-03
   2.6730186e-01   3.0784052e-01   3.7840989e-01  -9.2195776e-04  -8.1911508e-04   5.6690119e-03
   2.9902023e-01   3.1405812e-01   2.8350303e-01  -1.9371618e-03  -9.8900446e-04   5.5287406e-03
   2.2355882e-01   3.2194102e-01   2.8801795e-01  -2.6471483e-03  -1.9832698e-03   2.9227312e-03
   1.8129362e-01   3.3853498e-01   2.8323254e-01  -1.0593589e-03  -1.7028359e-03   2.8406815e-03
   2.3089374e-01   3.4114789e-01   3.1788151e-01  -1.1740494e-03  -1.9626681e-03   3.9785044e-03
   1.9153033e-01   3.4952896e-01   2.8842002e-01   2.4296860e-04  -1.1954134e-03   3.4718843e-03
   1.8645864e-01   3.8559518e-01   2.6715326e-01   6.8113761e-04  -1.4561696e-03   3.3843864e-03
   1.9806547e-01   3.7807372e-01   3.8176087e-01  -9.9081976e-04  -1.1892285e-03   4.1558788e-03
   2.1776646e-01   3.5137846e-01   3.3260223e-01  -5.3929757e-04  -1.0356158e-03   4.1390307e-03
   2.4717486e-01   3.7980996e-01   3.7774663e-01  -1.5795696e-03  -1.3426792e-03   4.5331210e-03
   2.2991768e-01   3.6473601e-01   4.1171709e-01  -1.9968914e-03  -1.6145816e-03   4.4037964e-03
   2.3724906e-01   3.7247746e-01   4.2508234e-01  -2.5089822e-03  -1.4184735e-03   4.6340346e-03
   2.1234217e-01   3.6777218e-01   4.1397546e-01  -2.3428011e-03  -1.1900972e-03   4.0513057e-03
   2.0398900e-01   3.5539609e-01   4.0114257e-01  -1.7285161e-03  -6.8536105e-04   3.7960843e-03
   2.1906027e-01   3.8555153e-01   4.1140432e-01  -2.3375711e-03  -1.4285628e-03   4.1433543e-03
   1.9743495e-01   3.7721244e-01   4.2495816e-01  -2.2548000e-03  -1.6166596e-03   4.0760239e-03
   1.9798904e-01   3.8645383e-01   4.3959435e-01  -2.1137322e-03  -1.8009741e-03   4.1897451e-03
   1.9297524e-01   4.0182715e-01   4.4045083e-01  -2.0521018e-03  -1.5470995e-03   4.0268052e-03
   1.8386411e-01   4.1051715e-01   4.3056095e-01  -1.4796063e-03  -1.7338746e-03   3.8319003e-03
   1.8420122e-01   4.1414917e-01   4.6106196e-01  -2.3861385e-03  -1.7748397e-03   3.6341560e-03
   1.7165272e-01   4.1839279e-01   4.7314297e-01  -2.5041777e-03  -1.4755064e-03   3.5482093e-03
   1.8738945e-01   4.2271060e-01   4.3874320e-01  -1.5879330e-03  -1.8982552e-03   3.8557358e-03
   1.7995739e-01   4.0145152e-01   4.3805262e-01  -1.8260825e-03  -1.8107834e-03   3.7660665e-03
   1.6248944e-01   3.9530768e-01   4.4950878e-01  -2.5273552e-03  -1.4075471e-03   3.4504339e-03
   1.9368593e-01   4.0990310e-01   4.1877296e-01  -1.3105572e-03  -1.6919505e-03   4.2252479e-03
   1.5523157e-01   3.9778198e-01   4.9357655e-01  -3.0248494e-03  -1.2067036e-03   3.5045629e-03
   1.6859031e-01   4.0601673e-01   4.5871432e-01  -2.0606603e-03  -9.8512605e-04   3.7689041e-03
   1.7521638e-01   4.2467099e-01   5.5576170e-01  -3.5083952e-03  -1.4022601e-03   4.0617043e-03
   1.8195254e-01   4.3259001e-01   5.5711039e-01  -2.4650017e-03  -1.9630414e-03   4.1248862e-03
   1.6718182e-01   4.3658977e-01   5.8305573e-01  -2.8839308e-03  -1.8434797e-03   3.8604874e-03
   1.8366876e-01   4.5519269e-01   5.6986343e-01  -2.7734306e-03  -1.9382894e-03   4.2920689e-03
   1.7671222e-01   4.5611153e-01   6.4535479e-01  -3.3524382e-03  -1.5731063e-03   4.2492867e-03
   1.9245405e-01   4.7435502e-01   6.2650839e-01  -3.1751463e-03  -1.6505023e-03   4.5112004e-03
   1.8718897e-01   4.6638068e-01   6.2131547e-01  -2.9745133e-03  -2.0264561e-03   4.5417817e-03
   1.7672334e-01   4.7314439e-01   6.4337086e-01  -3.2759206e-03  -1.8324336e-03   4.1310134e-03
   1.6720428e-01   4.5539300e-01   6.8031417e-01  -3.7824398e-03  -1.9105391e-03   3.8179017e-03
   1.8430565e-01   4.6626736e-01   6.6472530e-01  -3.1796769e-03  -1.8005670e-03   4.3480987e-03
   1.8498090e-01   4.7479929e-01   6.0479599e-01  -3.7834481e-03  -2.2068376e-03   4.2004719e-03
   2.0111781e-01   4.8196418e-01   5.9633062e-01  -2.4827752e-03  -2.1999483e-03   4.5844584e-03
   1.5929376e-01   4.6040008e-01   6.5577680e-01  -4.6638423e-03  -2.7755989e-03   3.8052441e-03
   1.2560131e-01   4.5599711e-01   6.7460996e-01  -4.0523795e-03  -2.6344791e-03   3.2963485e-03
   1.5952895e-01   4.9535203e-01   6.5509114e-01  -4.4607201e-03  -2.7688129e-03   3.7258460e-03
   7.2544025e-02   4.2215392e-01   5.8997336e-01  -5.7433178e-03  -2.1655334e-03   2.1781761e-03
   7.7523439e-02   4.3601404e-01   5.6688090e-01  -4.6112182e-03  -1.2494949e-03   2.0954319e-03
   1.2736808e-01   4.5733731e-01   6.2356858e-01  -3.8765443e-03  -2.0842208e-03   2.2906186e-03
   1.1393920e-01   4.6952677e-01   6.4714976e-01  -5.3186432e-03  -1.7301084e-03   2.8921822e-03
   1.1035635e-01   4.5538965e-01   6.1178910e-01  -5.0822879e-03  -2.0885624e-03   3.0172318e-03
   8.9770502e-02   4.7355286e-01   5.6696593e-01  -4.2800971e-03  -2.5712729e-03   2.7321914e-03
   1.0806560e-01   4.7100275e-01   4.9415258e-01  -3.3046220e-03  -2.6300213e-03   2.9064570e-03
   1.0867040e-01   4.6073942e-01   5.4760115e-01  -3.7951671e-03  -2.6340628e-03   3.1468769e-03
   9.4694518e-02   4.3926278e-01   6.2260973e-01  -4.1843864e-03  -2.7742206e-03   2.8474312e-03
   1.1254545e-01   4.7183396e-01   6.0985707e-01  -4.0984814e-03  -2.0958442e-03   3.1984901e-03
   1.2418370e-01   4.7458491e-01   6.1410316e-01  -3.7845669e-03  -2.6868372e-03   3.2202091e-03
   1.2324126e-01   4.8916052e-01   5.9970915e-01  -3.0186999e-03  -2.6127789e-03   3.2742460e-03
   1.2619815e-01   4.7400421e-01   6.1844483e-01  -3.7396245e-03  -2.3522689e-03   3.3282070e-03
   1.0379335e-01   4.4511128e-01   6.5452826e-01  -4.1901951e-03  -2.1297392e-03   2.8624375e-03
   1.2094399e-01   4.7937505e-01   6.4408232e-01  -4.0183707e-03  -2.3654776e-03   3.2067217e-03
   1.1914836e-01   4.7201839e-01   6.5175213e-01  -4.1242244e-03  -2.3377490e-03   3.0481779e-03
   1.3925399e-01   5.0972532e-01   6.3188568e-01  -3.3014321e-03  -2.3389241e-03   3.5124201e-03
   1.3376492e-01   5.0820028e-01   6.2770577e-01  -2.7544421e-03  -2.5511982e-03   3.1869978e-03
   1.3833712e-01   5.3142071e-01   6.7994382e-01  -3.5241388e-03  -2.6298434e-03   3.2629554e-03
   1.2399100e-01   5.2517316e-01   6.4443600e-01  -3.7450743e-03  -2.3998617e-03   2.9370637e-03
   1.2218917e-01   5.0867808e-01   6.4606635e-01  -3.4422975e-03  -2.2019381e-03   3.1171903e-03
   1.1871335e-01   5.1114833e-01   6.9748860e-01  -4.7283104e-03  -2.3591195e-03   3.0644843e-03
   1.3342374e-01   5.1879187e-01   6.9901674e-01  -4.4111296e-03  -2.5850914e-03   3.1958831e-03
   1.0081237e-01   5.0703394e-01   7.0803650e-01  -4.2713345e-03  -2.3504187e-03   2.4642103e-03
   1.1241577e-01   4.9941693e-01   7.1511423e-01  -4.6138332e-03  -2.4379001e-03   2.9229786e-03
   1.2714902e-01   5.1919172e-01   6.9698080e-01  -4.4926778e-03  -2.5787751e-03   3.0249878e-03
   1.2687896e-01   5.0914014e-01   6.4746119e-01  -5.2458238e-03  -2.5795383e-03   2.7441524e-03
   1.3252045e-01   5.3277412e-01   7.0207948e-01  -5.4957627e-03  -2.5054294e-03   2.9201842e-03
   1.2821619e-01   5.4377566e-01   6.9993984e-01  -5.2103806e-03  -2.5341930e-03   2.6476668e-03
   1.1131254e-01   5.3384471e-01   7.0331439e-01  -5.3255216e-03  -2.7737552e-03   2.4412011e-03
   1.2037658e-01   5.3334348e-01   6.9736715e-01  -4.3885775e-03  -2.3907624e-03   2.4705410e-03
   1.1046149e-01   5.3646766e-01   7.4908162e-01  -5.3925069e-03  -2.5261677e-03   2.2250960e-03
   1.3211337e-01   5.2519991e-01   7.8442390e-01  -5.7772595e-03  -2.5671446e-03   2.5632845e-03
   1.3779193e-01   5.0747554e-01   7.0517536e-01  -4.4335960e-03  -2.6418521e-03   2.4640719e-03
   1.2999432e-01   5.4425548e-01   7.2896260e-01  -5.2249321e-03  -2.6239435e-03   2.6062454e-03
   1.0419413e-01   5.1853220e-01   7.5345154e-01  -4.0595195e-03  -2.4462231e-03   2.4709659e-03
   1.0011291e-01   5.5413183e-01   7.5956736e-01  -4.3937653e-03  -2.4244298e-03   2.1766839e-03
   1.0439879e-01   5.3958330e-01   7.6477408e-01  -4.7486839e-03  -2.4269677e-03   2.1412661e-03
   1.3748698e-01   5.7496471e-01   7.5214272e-01  -4.6627912e-03  -2.2619168e-03   2.7661055e-03
   1.2557688e-01   5.5299013e-01   7.6120262e-01  -5.0234518e-03  -2.4524703e-03   2.3619247e-03
   1.2986918e-01   5.3821769e-01   6.9006911e-01  -5.4273579e-03  -2.9621435e-03   2.8406588e-03
   1.2233013e-01   5.3881012e-01   7.2109399e-01  -5.6292904e-03  -2.7411254e-03   2.6807835e-03
   1.2969007e-01   4.9991934e-01   7.9373802e-01  -6.0935632e-03  -2.8831702e-03   2.5499315e-03
   1.2778027e-01   5.5886013e-01   7.6595675e-01  -5.3345827e-03  -3.1208084e-03   2.9724219e-03
   1.3077785e-01   5.3781357e-01   7.8286614e-01  -6.2918886e-03  -3.1942134e-03   2.7463890e-03
   1.3567419e-01   5.5533669e-01   7.7417838e-01  -5.4890726e-03  -3.0658702e-03   2.6536113e-03
   1.4478806e-01   5.4225676e-01   7.7296990e-01  -5.4705679e-03  -2.9841291e-03   3.1449521e-03
   1.2954037e-01   5.6884585e-01   8.1377484e-01  -5.0135367e-03  -3.0707533e-03   3.0110719e-03
   1.3913770e-01   5.6112969e-01   7.7906542e-01  -5.6018583e-03  -3.0917209e-03   2.6283950e-03
   1.5063464e-01   5.5564493e-01   7.6678721e-01  -5.8057906e-03  -2.5155520e-03   2.8636745e-03
   1.8504697e-01   5.6619855e-01   8.1330416e-01  -5.2640163e-03  -3.0875387e-03   3.5002186e-03
   1.2759195e-01   5.5507670e-01   7.4410379e-01  -3.4459009e-03  -2.7921582e-03   2.7286476e-03
   1.3745962e-01   5.5669067e-01   8.4150830e-01  -6.4508059e-03  -2.9536420e-03   2.8978710e-03
  -2.0318957e-01   5.6220150e-01   7.2802764e-01  -4.5021733e-03  -3.1258238e-03  -1.6396074e-03
  -1.5724211e-01   5.8658577e-01   6.7692026e-01  -4.2191939e-03  -2.6145947e-03  -1.6230466e-03
  -3.3796080e-02   5.8253989e-01   7.0128127e-01  -4.9521792e-03  -3.4071721e-03   4.7099417e-04
  -9.5376958e-02   6.0303829e-01   7.2116652e-01  -5.5905671e-03  -3.0902667e-03  -9.3788838e-04
  -1.2216445e-02   5.8792660e-01   7.1540125e-01  -5.6596410e-03  -3.1754678e-03   3.9241228e-04
  -2.6744013e-02   6.0884568e-01   7.0674336e-01  -5.5267632e-03  -2.9740118e-03   4.0746286e-05
   9.3328362e-03   5.8831162e-01   6.6855381e-01  -5.0164974e-03  -3.1215889e-03   6.8991124e-04
