   0.0000000e+00   0.0000000e+00   0.0000000e+00   0.0000000e+00   0.0000000e+00   0.0000000e+00
   5.0240855e-02  -1.5251556e-01  -9.0852960e-02   3.5257866e-03   3.5249154e-04   5.0779464e-04
   5.2200065e-02  -2.3074497e-01   3.3131167e-02   2.2390045e-03   1.2644230e-03   1.6648224e-04
   9.4033630e-02  -1.5434302e-01   4.2342093e-03   3.5299735e-03   1.0287947e-03   4.4065035e-04
   7.3633863e-02  -1.4405217e-01  -2.7939123e-02   3.1491947e-03   1.2801882e-03   1.9837350e-04
   1.0354912e-01  -6.4707421e-02   1.1861128e-02   5.2444724e-03   1.0365367e-03   3.2090521e-04
   5.7306287e-02  -8.2306385e-02  -1.1632876e-01   5.8261085e-03   1.0701562e-03   1.3490457e-04
   3.4146583e-02  -7.3535833e-02  -9.9319909e-03   5.7716325e-03   1.4989325e-03  -6.9016108e-04
   2.1943649e-02  -4.0433354e-02  -7.2872711e-02   5.4599788e-03   1.3844085e-03  -6.4444190e-04
   2.3775289e-02  -8.9586866e-02  -9.1297548e-02   4.8604002e-03   1.7387019e-03  -9.1938039e-04
   4.5631915e-02  -2.3536279e-02  -1.2972439e-01   6.9148737e-03   1.7103923e-03  -6.0685463e-04
   2.9595039e-02  -9.2960972e-02   4.0314571e-02   4.3454190e-03   1.7209961e-03  -7.4282938e-04
   4.9663977e-02  -7.0151035e-02  -6.6520415e-02   5.4170193e-03   1.5331129e-03  -8.5765501e-04
   5.2815529e-02  -1.2151314e-01  -5.9083867e-02   4.5813041e-03   1.3032908e-03  -6.9269142e-04
   4.6891140e-02  -3.6373555e-02  -1.3876977e-01   7.2825302e-03   1.7679909e-03  -1.0897202e-03
   5.8457025e-02  -1.2046198e-02  -1.9854080e-01   8.2084747e-03   2.2285453e-03  -1.1421120e-03
   3.6719449e-02   1.7100058e-01  -3.8447965e-01   1.4021365e-02   2.4490571e-03  -1.3848215e-03
  -1.3389885e-02   2.9520374e-01  -6.3771047e-01   1.9476098e-02   4.3855066e-03  -3.1543649e-03
   3.4746662e-02   1.3445839e-01  -5.0131937e-01   1.7967276e-02   4.2971109e-03  -2.5108879e-03
   6.0334720e-02   1.9541548e-01  -4.9027736e-01   2.0795145e-02   3.7038736e-03  -2.4546514e-03
   3.1932549e-02   2.7749398e-01  -4.4974827e-01   1.9497104e-02   4.3780828e-03  -2.9046449e-03
   8.5254373e-02   1.5078154e-01  -3.7152610e-01   1.8638291e-02   4.0005472e-03  -2.6286961e-03
   9.2886304e-02   1.4256311e-01  -3.5973253e-01   1.9839390e-02   3.6830268e-03  -2.8552632e-03
   6.2252117e-02   2.2095069e-01  -4.3770844e-01   2.1613199e-02   3.7534947e-03  -2.6870133e-03
   4.3254490e-02   1.8143907e-01  -3.4926180e-01   1.8944932e-02   4.5673196e-03  -3.2845638e-03
   3.0951802e-02   1.7608245e-01  -3.1775474e-01   1.8703793e-02   3.7145903e-03  -2.9210924e-03
   6.6161442e-02   1.8311753e-01  -4.9134637e-01   2.1065528e-02   4.0552746e-03  -2.6351150e-03
   5.1645075e-02   1.0620179e-01  -8.5489797e-01   2.2872480e-02   4.7659784e-03  -3.1161515e-03
   1.8798216e-02   1.7680530e-01  -6.0440488e-01   2.1232502e-02   4.9088623e-03  -3.3589494e-03
   4.1265911e-02   1.8514841e-01  -5.0089049e-01   2.2027936e-02   4.4865882e-03  -2.8311874e-03
   1.1558903e-02   2.6133206e-01  -5.0626860e-01   2.0847746e-02   4.1298562e-03  -2.6257071e-03
  -6.8576835e-03   1.6804291e-01  -4.3434665e-01   2.0895449e-02   5.1970718e-03  -3.4280929e-03
   1.3926602e-02   2.6552803e-01  -4.6420133e-01   2.2037670e-02   4.2537338e-03  -2.5412554e-03
  -2.5787860e-02   2.8020119e-01  -4.7262891e-01   2.1297691e-02   5.2053959e-03  -3.6898835e-03
   2.7380187e-02   2.5317544e-01  -4.6019786e-01   2.1285754e-02   4.1989863e-03  -2.8233878e-03
  -8.8355353e-03   2.2046075e-01  -4.1045415e-01   2.0605036e-02   4.8341954e-03  -4.0881391e-03
   2.4763776e-02   2.1804632e-01  -4.7274644e-01   2.0305242e-02   4.6024943e-03  -3.3245839e-03
  -7.4017390e-02   2.6324851e-01  -5.0529967e-01   2.3508424e-02   3.7782542e-03  -3.6481764e-03
  -1.9113828e-01   3.5041190e-01  -5.1061865e-01   2.3403113e-02   2.8991934e-03  -5.0590570e-03
  -1.3767489e-01   3.2058187e-01  -7.0151409e-01   2.2962749e-02   4.0572845e-03  -5.2740299e-03
  -1.0752354e-01   3.1768968e-01  -5.7204780e-01   2.4605539e-02   3.5780859e-03  -4.4182242e-03
  -1.0215237e-01   3.3680592e-01  -6.5855554e-01   2.3945457e-02   3.8763966e-03  -4.5762989e-03
  -1.0946751e-01   2.9428323e-01  -6.2926361e-01   2.4634520e-02   3.5815147e-03  -4.4446479e-03
  -7.2086977e-02   3.8483293e-01  -7.9472087e-01   2.5453697e-02   3.7183006e-03  -4.2210330e-03
  -9.9308422e-02   3.9723025e-01  -5.3876396e-01   2.5859995e-02   3.5892081e-03  -3.8402632e-03
  -1.1400689e-01   3.9706993e-01  -7.9724180e-01   2.4978883e-02   3.4791738e-03  -3.6165830e-03
  -1.0744019e-01   3.3552540e-01  -8.9210917e-01   2.2519859e-02   4.0868072e-03  -4.3357226e-03
  -3.3014703e-02   3.4330502e-01  -9.2439936e-01   2.7021176e-02   3.7735273e-03  -3.6133999e-03
  -5.9971528e-02   3.7885806e-01  -6.1293384e-01   2.0802486e-02   3.6258018e-03  -3.0975263e-03
  -1.7963504e-01   4.8183622e-01  -4.5695609e-01   1.2542001e-02   2.1729566e-03  -2.9753805e-03
  -2.3995038e-01   5.9302923e-01  -8.2233443e-01   1.6600488e-02   2.2476474e-03  -4.1702796e-03
  -1.7635467e-01   5.1263488e-01  -7.8168645e-01   1.7439735e-02   2.7589476e-03  -3.8902789e-03
  -1.1977224e-01   4.7654810e-01  -7.8422740e-01   1.8077345e-02   2.8403097e-03  -3.9716948e-03
  -1.4037574e-01   5.1837859e-01  -7.4374038e-01   1.8403973e-02   2.9628358e-03  -4.5564538e-03
  -1.4620225e-01   5.3915216e-01  -7.9322719e-01   2.0147288e-02   2.1791413e-03  -4.3662431e-03
  -1.8277369e-01   4.2792790e-01  -7.7546611e-01   2.1165743e-02   3.1457638e-03  -4.7919482e-03
  -1.4180136e-01   4.0693561e-01  -8.3831850e-01   2.2681668e-02   2.6613115e-03  -4.3226285e-03
  -1.0576574e-01   3.5852367e-01  -7.2220176e-01   2.2596992e-02   2.2357645e-03  -4.0200648e-03
  -1.5959205e-01   3.8911219e-01  -8.2757312e-01   2.2519920e-02   2.7281170e-03  -4.7478178e-03
  -7.8565647e-02   3.5521590e-01  -7.8024152e-01   2.2648867e-02   2.7654179e-03  -4.1841334e-03
  -1.1362480e-01   3.9055915e-01  -7.9981146e-01   2.2947650e-02   2.7237785e-03  -4.5479070e-03
  -1.2251320e-01   4.9115691e-01  -8.4002862e-01   2.3533252e-02   2.3668768e-03  -4.0951906e-03
  -1.7683614e-01   4.9310257e-01  -8.3945219e-01   2.1909354e-02   3.6597202e-03  -5.4939652e-03
  -7.5392572e-02   4.4163062e-01  -7.5761572e-01   2.3544260e-02   3.4361504e-03  -4.4356005e-03
  -1.2808718e-01   4.8138128e-01  -8.2544987e-01   2.2280190e-02   3.2653855e-03  -4.7202155e-03
  -1.1498523e-01   4.7884833e-01  -9.0881262e-01   2.4676325e-02   2.8625756e-03  -4.3020632e-03
  -1.3392389e-01   5.2304530e-01  -8.6583586e-01   2.2474901e-02   3.5153743e-03  -4.5765305e-03
  -1.6942575e-01   5.3424146e-01  -7.5973365e-01   2.2767880e-02   3.6570914e-03  -4.7141606e-03
  -1.3908445e-01   4.5890000e-01  -7.6111513e-01   2.0719630e-02   4.2662252e-03  -5.1233845e-03
  -1.1977058e-01   6.5807618e-01  -8.4771680e-01   2.3201664e-02   3.5005389e-03  -4.2011103e-03
  -8.9275298e-02   5.0019055e-01  -8.7260235e-01   2.3423708e-02   3.6969870e-03  -4.2382782e-03
  -1.1633510e-01   4.1888271e-01  -7.2593239e-01   2.1315647e-02   4.2436900e-03  -4.9309977e-03
  -9.8457310e-02   5.0111912e-01  -8.4052436e-01   2.2208674e-02   4.5712978e-03  -5.2783506e-03
  -1.3199594e-01   4.7727468e-01  -9.3514952e-01   2.2211802e-02   4.3514513e-03  -5.3771319e-03
  -1.3466319e-01   5.9287781e-01  -9.4613576e-01   2.3581233e-02   4.3785484e-03  -5.2729037e-03
  -2.4088592e-01   6.0224227e-01  -9.1626129e-01   2.4894149e-02   3.1721266e-03  -5.1577173e-03
  -2.1345525e-01   5.1341113e-01  -1.0018900e+00   2.3793357e-02   3.9998838e-03  -5.9154706e-03
  -2.4856431e-01   6.2711176e-01  -8.7797318e-01   2.3850655e-02   3.4188612e-03  -5.2861242e-03
  -1.4784431e-01   5.6236229e-01  -1.1655720e+00   2.6060608e-02   4.3093175e-03  -4.8185218e-03
  -1.7113036e-01   5.0818461e-01  -1.0539064e+00   2.5603890e-02   4.0270059e-03  -5.6451689e-03
  -2.0187720e-01   6.1696407e-01  -1.1112616e+00   2.3796993e-02   5.4052084e-03  -5.9652243e-03
  -2.1022217e-01   5.8012285e-01  -1.2722302e+00   2.3336209e-02   7.7795838e-03  -6.0419879e-03
  -1.6285024e-01   7.9612006e-01  -1.5947802e+00   2.7210924e-02   5.7822033e-03  -5.5535682e-03
  -1.4841820e-01   8.0849746e-01  -1.5509496e+00   2.7348505e-02   6.5378654e-03  -6.5523085e-03
  -1.3526504e-01   7.0675461e-01  -1.3755083e+00   2.5475857e-02   5.8881538e-03  -6.2146455e-03
  -1.6693052e-01   7.6842578e-01  -1.4759027e+00   2.6772043e-02   6.6919092e-03  -7.0165379e-03
  -1.1676054e-01   7.8527882e-01  -1.3879546e+00   2.7269494e-02   5.4516600e-03  -6.0286430e-03
  -1.2604794e-01   8.2714068e-01  -1.4241885e+00   2.8397847e-02   5.7550312e-03  -6.5570910e-03
  -1.4397325e-01   7.6618462e-01  -1.4928276e+00   2.6496487e-02   6.4739146e-03  -6.9100193e-03
  -1.4541807e-01   7.6469538e-01  -1.4566239e+00   2.7681001e-02   5.5846648e-03  -6.4491569e-03
  -2.1781001e-01   8.4736861e-01  -1.3645851e+00   2.3594919e-02   5.9566424e-03  -6.0923666e-03
  -1.9413187e-01   7.7903549e-01  -1.4975307e+00   2.6603827e-02   6.2979527e-03  -7.0219037e-03
  -2.1793520e-01   8.8997415e-01  -1.5083519e+00   2.5406944e-02   6.1166993e-03  -7.4318223e-03
  -1.0017607e-01   7.4466670e-01  -1.5605282e+00   2.9035654e-02   6.2480533e-03  -6.1618612e-03
  -1.5894537e-01   6.9609036e-01  -1.4150787e+00   2.7086826e-02   6.5225744e-03  -7.3499286e-03
  -4.3052245e-01   1.1174236e+00  -1.1434998e+00   1.7458542e-02   6.9351392e-03  -7.0326036e-03
  -3.5823362e-01   1.1872142e+00  -1.5627811e+00   2.6388655e-02   6.1157368e-03  -6.7384040e-03
  -2.7165113e-01   1.0479982e+00  -1.5529578e+00   2.4721164e-02   7.3316781e-03  -7.8683089e-03
  -2.4593911e-01   9.9150359e-01  -1.5857018e+00   2.7895416e-02   6.1213537e-03  -7.1469418e-03
  -2.2464324e-01   9.5542643e-01  -1.5587756e+00   2.6929031e-02   6.1528351e-03  -6.9836684e-03
  -2.3222353e-01   9.8417280e-01  -1.6380113e+00   2.7533351e-02   6.5626206e-03  -7.3294797e-03
  -1.8880833e-01   7.9222070e-01  -1.3217873e+00   2.9521176e-02   4.5933355e-03  -5.6160414e-03
  -1.0661232e-01   6.9475579e-01  -1.4151251e+00   3.1356885e-02   5.0016479e-03  -6.1847181e-03
  -9.0554583e-02   8.1878490e-01  -1.5147215e+00   2.9968198e-02   5.6776930e-03  -6.7134194e-03
  -8.6936346e-02   8.1142275e-01  -1.6287041e+00   3.2260913e-02   5.9564162e-03  -6.7450700e-03
  -6.2704864e-02   8.2169006e-01  -1.5498792e+00   3.0996996e-02   5.5891200e-03  -6.5588099e-03
  -9.4684698e-02   7.7781397e-01  -1.4606649e+00   3.0721720e-02   6.5677668e-03  -7.3438650e-03
  -1.1261930e-01   7.9316028e-01  -1.5683027e+00   3.2850732e-02   8.9670578e-03  -8.6244325e-03
  -2.8275397e-02   7.8277267e-01  -1.7530785e+00   3.6598268e-02   9.0475061e-03  -8.6223666e-03
  -3.1439841e-02   7.9865767e-01  -1.7981524e+00   3.6479225e-02   8.8391145e-03  -7.8219922e-03
  -1.6266931e-01   8.0714052e-01  -1.6498731e+00   3.3866363e-02   9.0417927e-03  -8.1608612e-03
  -9.1833403e-02   7.8949190e-01  -1.9837899e+00   3.3034087e-02   1.0736761e-02  -7.5195455e-03
  -4.9421322e-02   7.1991265e-01  -1.8722938e+00   3.4966430e-02   1.0372874e-02  -7.4485534e-03
   5.1682826e-03   8.9039596e-01  -1.8967636e+00   3.5264437e-02   1.0443746e-02  -7.5097994e-03
  -1.7191682e-01   8.1607900e-01  -1.6459961e+00   3.3967121e-02   8.8497497e-03  -7.0558971e-03
  -1.3048792e-01   8.6865152e-01  -1.8745946e+00   3.6366558e-02   9.5719973e-03  -7.2564569e-03
  -1.1513041e-01   8.2144797e-01  -1.8196534e+00   3.4458533e-02   9.9777400e-03  -8.2047644e-03
  -5.4378826e-02   8.7950103e-01  -1.8825723e+00   3.5335273e-02   1.0488570e-02  -8.4657712e-03
  -1.1258399e-01   6.9859996e-01  -1.7277310e+00   3.2395693e-02   9.9073940e-03  -8.6101777e-03
  -1.1352204e-01   8.1623218e-01  -1.8238253e+00   3.4594969e-02   9.1610667e-03  -8.0531935e-03
  -8.9742685e-02   7.7705616e-01  -1.4713427e+00   3.4529232e-02   8.8928115e-03  -8.2700355e-03
  -2.0790816e-01   6.3489308e-01  -1.2389399e+00   3.0480487e-02   7.6334411e-03  -8.5803684e-03
  -1.3975803e-01   7.7716287e-01  -1.9066300e+00   3.7461422e-02   8.7019081e-03  -8.0420442e-03
  -4.1912803e-02   8.1487766e-01  -1.8146827e+00   3.5468809e-02   8.5542010e-03  -7.6595427e-03
   5.6321007e-03   7.7982019e-01  -1.9251472e+00   3.6944016e-02   9.6732010e-03  -8.2546364e-03
   2.6466701e-03   8.4620566e-01  -1.8771039e+00   3.5103487e-02   9.3290403e-03  -8.4399705e-03
   5.7683965e-02   7.9274035e-01  -1.8626692e+00   3.6993797e-02   1.0279903e-02  -9.6857242e-03
   1.1759980e-01   7.5262736e-01  -1.8034026e+00   3.5191290e-02   1.1522824e-02  -9.2158302e-03
   2.0653230e-02   7.4396288e-01  -1.9663756e+00   3.7648650e-02   1.1307461e-02  -8.4538468e-03
  -6.3299339e-02   8.5749848e-01  -1.8976812e+00   3.6722447e-02   1.2013121e-02  -1.0535231e-02
  -1.6902557e-01   7.8841840e-01  -1.6060471e+00   3.5028870e-02   1.0723088e-02  -9.6352321e-03
   4.4479102e-02   6.9303508e-01  -1.8854098e+00   3.9059093e-02   1.2600275e-02  -8.5521984e-03
   1.0447103e-01   8.3852941e-01  -1.9305114e+00   3.9273179e-02   1.4298485e-02  -1.1032783e-02
   5.7217210e-02   7.8102398e-01  -2.0194094e+00   4.0476420e-02   1.5701607e-02  -1.2046625e-02
   1.0315390e-01   8.6718455e-01  -2.0754776e+00   4.1656221e-02   1.5697396e-02  -1.1142602e-02
   1.4695465e-01   7.3180162e-01  -2.0281151e+00   4.3052782e-02   1.5317249e-02  -1.0959220e-02
   1.8190061e-01   8.1217534e-01  -2.1169616e+00   4.3037418e-02   1.6163796e-02  -1.1442705e-02
   1.3957800e-01   7.6693267e-01  -2.0542928e+00   4.1209883e-02   1.6644535e-02  -1.2380186e-02
   2.5502643e-01   7.1345083e-01  -1.9957670e+00   4.2017173e-02   1.6400335e-02  -1.0794777e-02
   2.0212300e-01   7.3075655e-01  -1.9239648e+00   4.0785988e-02   1.6767504e-02  -1.2341696e-02
   6.4718414e-03   8.1761922e-01  -1.8891224e+00   3.8853201e-02   1.4887492e-02  -1.1266550e-02
   1.5222877e-01   6.8867598e-01  -1.8787075e+00   4.1381765e-02   1.6088314e-02  -1.0547756e-02
   1.6604603e-01   6.3107317e-01  -1.7636315e+00   3.9664088e-02   1.6583628e-02  -1.2526003e-02
   2.4145280e-01   7.2147720e-01  -2.0044171e+00   4.1909067e-02   1.6953918e-02  -1.1530940e-02
   1.6764599e-01   6.5742427e-01  -1.8828378e+00   4.1528338e-02   1.6650866e-02  -1.1760989e-02
   2.7887413e-01   6.7286106e-01  -1.8121361e+00   4.2692160e-02   1.7184257e-02  -1.1183653e-02
   3.2468505e-01   6.2246189e-01  -1.8990806e+00   4.2657761e-02   1.6688417e-02  -1.0754835e-02
   1.7596404e-01   6.6787714e-01  -1.9411743e+00   4.1017813e-02   1.7160456e-02  -1.2430142e-02
   1.9437158e-01   6.5398960e-01  -1.9930309e+00   4.1412590e-02   1.5229477e-02  -1.1227989e-02
   1.9929257e-01   6.5446078e-01  -1.9051863e+00   4.3189297e-02   1.5972940e-02  -1.2108379e-02
   9.8656469e-02   8.7204557e-01  -1.8982748e+00   4.1280465e-02   1.5110413e-02  -1.2256079e-02
   1.9366537e-01   8.3724326e-01  -2.0674225e+00   4.3154483e-02   1.7317274e-02  -1.1603043e-02
   1.5100406e-01   8.5059929e-01  -2.0413763e+00   4.1947772e-02   1.6904322e-02  -1.3286667e-02
   5.2049708e-01   8.2179640e-01  -1.8230956e+00   3.9820562e-02   2.5742685e-02  -8.9297377e-03
   8.4859534e-01   7.3682465e-01  -1.8807462e+00   3.9654342e-02   3.2633990e-02  -4.0404785e-03
   7.0621132e-01   5.6941550e-01  -2.2344276e+00   4.4250972e-02   2.8602661e-02  -5.7722351e-03
   7.6992424e-01   6.2940570e-01  -2.1685458e+00   4.4323337e-02   2.8909554e-02  -5.6953319e-03
   7.3195956e-01   6.5172048e-01  -2.2090300e+00   4.4186919e-02   2.8256999e-02  -6.4070018e-03
   6.8812471e-01   6.2896335e-01  -1.9621402e+00   4.3880727e-02   2.8522704e-02  -7.0589574e-03
   6.5593001e-01   6.2068771e-01  -2.1729765e+00   4.3759631e-02   2.8311928e-02  -6.7407175e-03
   7.2794286e-01   7.0287650e-01  -2.1427428e+00   4.3089872e-02   2.8347997e-02  -6.5887953e-03
   7.0259046e-01   7.0104745e-01  -2.1066861e+00   4.3335208e-02   2.8036798e-02  -6.3740926e-03
   7.7168168e-01   7.6182202e-01  -2.0742026e+00   4.2117644e-02   2.9232245e-02  -7.1296521e-03
   6.7650454e-01   8.0849597e-01  -1.7121474e+00   4.1691915e-02   2.6371651e-02  -5.9725444e-03
   7.8999874e-01   6.8668433e-01  -2.1011032e+00   4.5036918e-02   2.8571386e-02  -6.2350652e-03
   7.4691338e-01   6.5946252e-01  -1.9898653e+00   4.3008307e-02   2.8072864e-02  -6.7154185e-03
   7.9286978e-01   7.3232359e-01  -1.9094026e+00   4.1481238e-02   2.9676988e-02  -8.1293198e-03
   6.8985382e-01   7.9607705e-01  -1.9195888e+00   4.2012469e-02   2.6780092e-02  -5.7369117e-03
   6.5286559e-01   5.2747684e-01  -1.8861098e+00   4.2723936e-02   2.6371702e-02  -7.3193432e-03
   7.1688300e-01   6.4145386e-01  -2.0367232e+00   4.3390910e-02   2.7753813e-02  -7.4030446e-03
   7.7901060e-01   6.0925656e-01  -1.9634273e+00   4.5162360e-02   2.7346492e-02  -6.4305770e-03
   7.2281035e-01   6.9350235e-01  -1.8955143e+00   4.4268331e-02   2.7504741e-02  -6.7594125e-03
   7.8137220e-01   6.2954904e-01  -1.9185711e+00   4.4775906e-02   2.7433466e-02  -6.6702042e-03
   7.3788346e-01   6.8041712e-01  -1.8995453e+00   4.3341343e-02   2.7900102e-02  -7.2702378e-03
   8.4004444e-01   5.8608573e-01  -1.8522291e+00   4.4827830e-02   2.7987650e-02  -6.0910845e-03
   6.9089508e-01   6.3849431e-01  -1.9006398e+00   4.2747320e-02   2.8362671e-02  -7.5552625e-03
   7.1260305e-01   6.4501525e-01  -1.9413563e+00   4.4921507e-02   2.7305138e-02  -6.9477705e-03
   8.1971454e-01   6.5389586e-01  -1.8407831e+00   4.4651654e-02   2.7688633e-02  -6.8202540e-03
   6.9108469e-01   6.9348582e-01  -1.8915394e+00   4.4385218e-02   2.6603575e-02  -6.5803452e-03
