   0.0000000e+00   1.4210855e-14  -6.6114026e-15  -6.6591481e-17  -1.3034221e-18  -8.6796807e-35
  -1.1287430e-02   1.2645432e-02   1.3956424e-02  -2.4043948e-04   2.1277704e-04  -5.5611636e-04
  -2.5527597e-02   6.9902723e-03  -3.6257122e-03  -2.7831491e-04   2.6459711e-04  -6.1746262e-04
  -3.3160408e-02   9.8199096e-03   1.2367012e-02  -4.4427734e-04  -2.4941372e-06  -7.9433030e-04
  -2.2420921e-02   2.0536364e-02   4.6852548e-03  -2.5706755e-04   2.4576102e-04  -7.2988925e-04
  -2.9476002e-02  -5.4503818e-03   1.6913636e-03   6.3118427e-06   1.5654351e-04  -6.9758811e-04
   3.7961587e-03  -6.1238053e-03   1.0790928e-02  -1.7248748e-04   2.1926585e-04  -2.8767935e-04
  -1.4923391e-02   4.7629291e-02   7.7518059e-02  -2.3984634e-03   9.4826049e-05  -5.2987789e-04
  -9.4432945e-03  -8.1541261e-03   1.6906249e-02  -2.5733329e-04   3.1060245e-04  -3.5525718e-04
  -6.2687103e-03   1.1570830e-02   4.1344956e-02  -5.6545839e-04   3.2761791e-04  -6.2585373e-04
   1.0317572e-03   5.8867857e-03   1.3413465e-02  -1.2175526e-04   4.4145252e-04  -3.4329198e-04
   5.3583031e-02   5.0244198e-02  -1.8166856e-02   1.1556052e-03  -7.7758132e-04  -9.0782673e-05
   5.4490313e-03   4.8541952e-02   3.4631499e-02  -4.2549405e-04   2.0748825e-05  -1.4309594e-04
   7.3382734e-03   1.3038602e-01   3.4614326e-01  -4.8192337e-03   3.4986087e-04  -7.5703195e-04
   1.1541476e-02   7.6728572e-02   7.8491482e-01  -6.7332119e-03   1.1356865e-03  -1.0895483e-03
  -4.7502067e-02   9.4195895e-02   2.2437184e-01  -2.4642379e-03   1.5211193e-03  -1.8704519e-03
  -6.0963050e-02   1.9840009e-01   1.8899817e-01  -3.3690393e-03   4.4950048e-04  -4.0213842e-03
  -9.6305153e-03   1.2935294e-01   2.3212122e-01  -1.8596330e-03   1.3711623e-04  -3.5083379e-03
  -2.1399139e-02   1.1803091e-01   2.8751487e-01  -3.6606034e-03  -5.1628543e-05  -3.4553484e-03
  -8.3311875e-03   2.5836584e-01   3.4953667e-01  -4.5325535e-03   5.4786899e-04  -2.7974149e-03
  -3.0414516e-02   1.4848826e-01   2.1949836e-01  -2.9690210e-03  -3.7601563e-05  -3.1140312e-03
  -1.7637127e-02   1.3484745e-01   2.8282970e-01  -2.7939754e-03  -5.8792143e-05  -2.8193487e-03
  -2.7460679e-02   1.6736922e-01   1.7086792e-01  -1.7336915e-03   5.4692365e-05  -3.2422911e-03
  -6.2592526e-03   1.5486846e-01   2.5077778e-01  -1.7757912e-03  -2.2408473e-04  -2.9577237e-03
  -1.7900859e-02   1.4240366e-01   2.1432048e-01  -2.5771920e-03   9.0930639e-05  -2.9398327e-03
  -1.5003250e-03   2.3582452e-01   5.0792132e-01  -3.8167783e-03   1.3764727e-03  -2.0710550e-03
  -2.7965794e-02   1.4143068e-01   4.0873352e-01  -2.6170020e-03   7.5927373e-04  -2.7268682e-03
  -3.3680759e-02   1.5347998e-01   2.7876705e-01  -1.2211281e-03   9.3026003e-04  -2.7775390e-03
  -3.9729121e-02   1.6292045e-01   2.9675732e-01  -9.7466439e-04   3.6367739e-04  -2.9775036e-03
  -3.3561668e-02   1.5645389e-01   3.3164888e-01  -1.2818514e-03   5.6224669e-04  -3.1122206e-03
  -2.1977436e-02   1.0663230e-01   3.5461017e-01  -1.5951875e-03   2.2080244e-04  -2.8450412e-03
  -9.6363152e-03   1.5705857e-01   3.2661743e-01  -1.5652780e-03   5.2571272e-04  -2.4059684e-03
   2.6599901e-02   9.1806638e-02   2.6669177e-01  -1.3110099e-03   3.4730630e-04  -1.5941186e-03
   4.2510620e-02   1.5946052e-01   2.8082841e-01  -6.4577451e-04   6.2167174e-04  -8.5687940e-04
   1.8911869e-02   1.1145068e-01   1.2270193e-01   1.6126780e-03  -3.3554653e-04  -1.3141665e-03
   9.2439120e-02   2.4159456e-01   4.9048673e-01  -1.1036844e-03   2.3343076e-03  -4.4166755e-04
   1.7000822e-01   2.7570870e-01   8.7121246e-01  -2.0901621e-03   1.3132985e-03   9.8001351e-04
   5.0677094e-02   2.2490605e-01  -2.2258895e-02   5.4208258e-03   1.2104057e-03  -8.4642022e-04
   7.7079791e-02   3.2459730e-01  -5.5407350e-03   6.3204903e-03   1.3420939e-03  -4.2356807e-04
   6.7268523e-02   2.3230242e-01   1.5381711e-01   4.8957172e-03   1.4154374e-03  -7.6494127e-04
   9.0400574e-02   2.3830321e-01   1.5234614e-01   4.4891610e-03   1.2554656e-03  -1.4204578e-04
   6.6540467e-02   2.1251061e-01   2.5148641e-01   2.7557995e-03   1.8672074e-03  -5.7718172e-04
   7.5758968e-02   2.4331964e-01   1.9267479e-01   2.8582320e-03   1.4991876e-03  -3.0437008e-04
   6.2408854e-02   2.2685025e-01   2.2035652e-01   2.9714353e-03   1.7129655e-03  -7.6068984e-04
   7.0863580e-02   2.3167658e-01   1.4079702e-01   4.1848532e-03   1.5920803e-03  -4.1567286e-04
   6.4076833e-02   2.1034340e-01   2.2164921e-01   3.2141630e-03   1.8498318e-03  -5.6781956e-04
   1.3717963e-01   2.2890566e-01   1.2344446e-02   4.7643868e-03   8.4179642e-04   2.9299395e-04
   1.3746600e-01   2.1918427e-01   8.5940502e-02   3.3378719e-03  -1.9239261e-04   5.7897919e-04
   1.2344107e-01   3.4130308e-01   3.3121860e-01   1.1011207e-03   1.7778481e-03   2.4624295e-04
   9.0851383e-02   2.9937122e-01   1.6794639e-01   3.8003479e-03   1.4454040e-03   1.3110624e-04
   3.4995286e-02   2.8485099e-01  -9.0338313e-02   6.4276083e-03   4.4522392e-04  -8.7187234e-04
   4.2334638e-02   2.7922556e-01   8.2226802e-02   5.3466256e-03   5.0869244e-04  -6.9657477e-04
   6.5020256e-02   2.5121139e-01   6.7933554e-02   6.0643111e-03   5.2430461e-04  -4.5130191e-04
   9.7390644e-02   2.2000090e-01   6.5289461e-02   5.4611021e-03   1.0744353e-04   4.3290224e-04
   6.5355778e-02   2.7128173e-01   1.1210297e-01   4.0119511e-03   9.9501649e-04  -2.9329154e-04
   9.8731943e-02   2.6420809e-01   3.2228178e-02   6.7750729e-03   1.9796201e-04   5.7506683e-04
   1.1841737e-01   3.0662788e-01   1.1102268e-01   5.5407972e-03   4.3324608e-04   9.3298868e-04
   1.0226168e-01   2.7048247e-01   1.7834733e-01   4.7252941e-03   8.9900992e-04   4.9800905e-04
   1.7537177e-01   3.2109295e-01   4.6314356e-02   6.4141682e-03   1.9709323e-03   7.8464175e-04
   1.7571551e-01   2.8294726e-01   1.7846236e-01   5.3968262e-03   1.0307982e-03   7.9829766e-04
   1.3981513e-01   3.9492629e-01   1.3927526e-01   4.7218172e-03   1.2105131e-03   6.2260228e-04
   1.8078879e-01   4.8209401e-01   8.9981221e-01  -3.5562258e-03  -4.8406208e-04   9.5614337e-04
   1.0488224e-01   4.1630226e-01   1.6337087e-01   2.1863495e-03  -1.4386426e-05   9.6257597e-05
   4.7093247e-02   4.7984744e-01  -2.9676126e-01   7.4702295e-03   2.3391679e-03  -4.3288871e-04
   9.3936660e-02   3.9530156e-01   1.1499921e-02   4.5071491e-03   1.0184637e-03  -9.1205742e-05
   6.3469676e-02   4.2660808e-01  -1.2616177e-01   6.1643953e-03   1.8043109e-03  -3.2386708e-04
   9.1778467e-02   3.6823328e-01   2.1724040e-02   4.0252078e-03   6.0194405e-04   2.8717875e-04
   6.7169858e-02   5.3192844e-01  -1.4068803e-03   4.4001457e-03   1.6206858e-03  -4.7444280e-04
   5.8316448e-02   3.8812697e-01   5.2211593e-02   3.4922171e-03   1.0173335e-03  -2.9880144e-04
   5.3316535e-02   3.9931084e-01  -3.5750173e-02   5.3466023e-03   1.8076528e-03  -3.5645702e-04
   8.6575525e-02   3.5719534e-01   6.6520635e-03   4.9195868e-03   1.1576564e-03  -4.5770317e-06
   7.8407276e-02   4.0691998e-01  -2.2615258e-02   5.0762684e-03   1.9789831e-03  -7.7357627e-04
   1.1141268e-01   4.0744058e-01   1.4391579e-01   2.5916962e-03   1.2443924e-03   7.3932508e-04
   8.6502388e-02   5.0884129e-01   6.9300403e-02   4.9741818e-03   2.4441508e-03  -7.3972551e-04
   7.4743365e-02   1.0218324e-01   3.1210241e-01  -6.9337382e-03  -2.4940306e-03   4.0663582e-03
   1.7499014e-01  -6.2348025e-01   5.7649962e-01  -2.5246902e-02  -1.1906127e-02   1.3089327e-02
   7.5948517e-02  -2.9185955e-02   5.7371569e-01  -1.3307216e-02  -4.6301642e-03   4.5419910e-03
  -3.5225128e-02   1.0273455e-01   4.9472088e-01  -1.0754118e-02  -3.6058973e-03   1.6909581e-03
  -1.9872026e-02   1.5246583e-01   4.6823102e-01  -8.0439314e-03  -2.9029536e-03   6.3348458e-04
  -2.1219157e-03   1.1895141e-01   3.0477128e-01  -9.6779253e-03  -3.4957602e-03   1.0091329e-03
  -3.8220887e-03   1.9383279e-01   3.1069517e-01  -7.0397892e-03  -3.0781498e-03   7.5576572e-05
  -2.0984454e-04   1.5604136e-01   2.8285968e-01  -4.8313347e-03  -3.0654142e-03   2.7957577e-04
   1.3257913e-02   1.8023584e-01   2.4540264e-01  -4.4911240e-03  -2.2816536e-03  -2.3322454e-04
   1.9737670e-02   1.5110545e-01   2.9106053e-01  -4.7171405e-03  -2.2201254e-03   8.4568069e-05
   4.0201536e-02   1.8745639e-01   2.1496802e-01  -3.0756837e-03  -2.0602142e-03  -4.0989271e-04
   3.2840048e-02   1.9086087e-01   3.8975726e-01  -4.2469323e-03  -2.0080647e-03   3.0351321e-04
   6.4601050e-02   4.8469032e-01   4.1718830e-01  -1.2997503e-03  -3.0911491e-03  -7.7308227e-04
   2.0553580e-02   4.4530034e-01   2.5241184e-01   1.6182750e-03  -2.2757548e-03  -1.5269012e-03
  -8.1997700e-02   3.9826539e-01  -5.6987047e-02   6.6536466e-03  -2.7478410e-04  -2.8366624e-03
  -4.5335253e-02   4.5316718e-01  -1.2349697e-01   3.7695208e-03  -1.5645015e-03  -3.3948736e-03
  -9.8824145e-02   3.4667445e-01  -3.6083529e-01   6.1658718e-03  -3.1819749e-03  -3.9439110e-03
  -8.0003173e-02   4.1012719e-01  -3.5085570e-01   5.8695568e-03  -3.6297434e-03  -3.8116651e-03
  -7.8064528e-02   3.7130375e-01  -2.6063349e-01   5.8168273e-03  -4.1501283e-03  -3.8121838e-03
  -7.4134530e-02   3.8027370e-01  -3.2754029e-01   6.2812966e-03  -4.2439194e-03  -3.7041111e-03
  -5.8920633e-02   3.6639628e-01  -2.8479006e-01   6.5098287e-03  -4.3376540e-03  -3.4746413e-03
  -4.9437023e-02   3.4471977e-01  -4.0994679e-01   8.4677452e-03  -4.4850497e-03  -2.9910679e-03
  -4.1700303e-02   3.9815630e-01  -1.0551865e-01   5.4967819e-03  -4.2527340e-03  -2.9268849e-03
  -5.6248991e-02   4.8654664e-01   6.1112121e-02   3.6219474e-03  -4.7841951e-03  -3.7372051e-03
  -7.1816266e-02   4.6263115e-01  -8.8230112e-02   7.3417116e-03  -4.1596819e-03  -4.0289061e-03
  -9.1889304e-02   4.2306660e-01  -1.5644544e-01   6.8808759e-03  -3.5696075e-03  -3.9988358e-03
  -8.9896998e-02   3.9847999e-01  -8.5985618e-02   6.0063648e-03  -3.9035847e-03  -4.2906008e-03
  -1.0423949e-01   3.8117701e-01  -8.7852611e-02   5.4414642e-03  -3.5775071e-03  -4.3093457e-03
  -8.4321009e-02   4.0299203e-01  -1.1295593e-02   6.7330145e-03  -3.4741915e-03  -4.0000275e-03
  -9.8805725e-02   4.3130540e-01  -9.7365278e-02   8.0522502e-03  -2.9347266e-03  -3.4117278e-03
  -8.4003580e-02   3.8826135e-01  -8.2288575e-02   8.3072139e-03  -3.3680682e-03  -3.7032214e-03
  -5.2472046e-02   3.8759387e-01  -1.2085909e-01   9.5868062e-03  -3.6682327e-03  -3.1964472e-03
  -5.9532194e-02   4.0313322e-01  -1.1013375e-01   8.3315285e-03  -3.6201955e-03  -3.3019245e-03
  -5.3584395e-02   4.4669104e-01  -1.2949160e-01   8.9093150e-03  -3.5054577e-03  -3.7216785e-03
  -7.2295327e-02   4.3569036e-01  -1.2320950e-01   9.4355002e-03  -4.2373552e-03  -3.2491461e-03
  -6.5632881e-02   4.2581054e-01  -1.2847063e-01   9.6842943e-03  -4.3519410e-03  -2.2882506e-03
  -4.4505401e-02   4.9989059e-01   1.6147830e-01   5.8478006e-03  -3.7977745e-03  -2.8256659e-03
  -2.1879657e-02   5.3377940e-01   2.4626368e-01   4.6453936e-03  -4.7555096e-03  -2.3597563e-03
  -5.8211427e-02   4.1745703e-01   9.8120223e-02   7.1749299e-03  -4.0637248e-03  -3.5295854e-03
  -6.4556471e-02   4.2937618e-01   1.0472015e-01   7.0254168e-03  -4.4001131e-03  -3.8377257e-03
  -3.1952677e-02   4.1881921e-01   9.8708474e-02   8.6714831e-03  -3.6780148e-03  -3.4296117e-03
   1.0589133e-02   4.1409124e-01   1.1545631e-01   9.3519454e-03  -3.1367186e-03  -2.4992595e-03
  -4.6603883e-03   3.7253665e-01   1.6078010e-01   9.1198011e-03  -3.5585854e-03  -2.3335309e-03
   2.7827819e-02   4.5974348e-01  -1.4026341e-01   9.7285129e-03  -4.5312335e-03  -1.8832304e-03
   2.7583144e-02   4.8784994e-01  -1.0584183e-01   9.5745893e-03  -4.2528012e-03  -1.8946734e-03
  -9.6495430e-03   4.7960431e-01   8.9490894e-02   8.9148244e-03  -3.1387527e-03  -2.4226965e-03
   5.3909674e-03   5.8015363e-01   1.0138484e-01   8.8780689e-03  -3.9070374e-03  -2.6349053e-03
  -4.4900810e-02   5.0792291e-01   3.3460406e-02   9.4364222e-03  -3.4383870e-03  -3.2958751e-03
  -2.8470984e-02   4.7149333e-01  -4.5877024e-04   1.0537685e-02  -3.6095217e-03  -2.9739479e-03
  -2.8167639e-02   4.3144462e-01   1.2111556e-01   1.0042848e-02  -3.3101522e-03  -3.0143215e-03
  -1.7281980e-02   4.4860205e-01   8.0018536e-02   9.4881108e-03  -3.3853945e-03  -2.4436889e-03
   3.0393700e-02   4.3215102e-01   1.6317456e-01   9.7419867e-03  -3.6211119e-03  -2.0647630e-03
   9.6370696e-03   4.8363721e-01   3.7349806e-02   9.8298935e-03  -3.6479621e-03  -2.3267452e-03
   2.8538726e-02   4.4437996e-01   1.3097689e-01   9.9266894e-03  -4.2012400e-03  -2.0565370e-03
   7.1207829e-02   4.6379047e-01   5.2936666e-02   1.0122934e-02  -4.0544441e-03  -1.6944228e-03
   9.4060031e-02   4.6604071e-01   1.5334125e-01   1.0803570e-02  -4.2794478e-03  -1.0205211e-03
   7.9291557e-02   4.1810295e-01   7.2673875e-02   9.7030390e-03  -3.6505920e-03  -1.6303952e-03
   1.0725354e-01   4.8725813e-01   7.1672169e-02   1.1819962e-02  -4.0905691e-03  -9.1648435e-04
   1.4530853e-01   4.5775636e-01   1.5812432e-01   1.1462948e-02  -4.3250893e-03  -1.2924197e-03
   9.4439037e-02   5.0782367e-01   1.6278928e-01   9.5402148e-03  -3.6233916e-03  -1.2564294e-03
   1.1636913e-01   4.6442707e-01   4.8080499e-01   5.8759666e-03  -3.1090341e-03  -9.1610724e-04
   7.9682245e-02   4.6881977e-01   2.7904867e-01   6.2318608e-03  -2.4028338e-03  -1.6891588e-03
   5.3295821e-02   5.0151790e-01   1.7472372e-01   6.2521274e-03  -2.1659397e-03  -1.6167651e-03
   6.6688240e-02   4.8620122e-01   2.3924789e-01   6.1230825e-03  -1.9557375e-03  -1.2841741e-03
   3.0572362e-02   5.3170073e-01  -6.6688994e-02   7.2267695e-03  -2.0513378e-03  -1.6755467e-03
   2.9936494e-02   5.5006709e-01  -9.3529190e-02   7.6488560e-03  -2.6656922e-03  -1.9993566e-03
   3.0261938e-03   5.0708016e-01  -1.5795184e-04   7.1428698e-03  -2.7581482e-03  -2.4901007e-03
   3.9842290e-02   5.1034505e-01  -6.9899316e-02   9.0564537e-03  -3.1889222e-03  -2.0483141e-03
   5.1526997e-02   4.5231844e-01   9.2762492e-02   9.4078643e-03  -3.8179008e-03  -1.6132563e-03
   5.9713953e-02   4.7514042e-01  -4.5043434e-02   9.9939271e-03  -4.3028708e-03  -1.2567098e-03
   6.7079465e-02   5.0070984e-01   8.1669063e-02   9.7032835e-03  -3.1630266e-03  -1.4293451e-03
   7.8907572e-02   4.8251616e-01   1.0778168e-01   9.6620001e-03  -2.4073130e-03  -3.1987184e-03
   9.3869684e-02   4.8692050e-01  -8.4440152e-02   1.1390958e-02  -3.2961144e-03  -2.4726627e-03
   1.3125589e-01   4.4130225e-01   1.6402970e-02   1.2483049e-02  -4.6350777e-03  -1.9145344e-03
   1.5674201e-01   4.0591076e-01  -9.4752759e-02   1.3431157e-02  -5.7308659e-03  -1.4450212e-03
   1.6143172e-01   3.6858294e-01   1.2274853e-02   1.2814024e-02  -5.7689549e-03  -6.2463264e-04
   1.6636593e-01   3.9828171e-01  -8.1174562e-02   1.3611139e-02  -6.0663980e-03  -4.3206312e-05
   1.2834774e-01   4.0147716e-01  -8.9301384e-03   1.2945160e-02  -5.4793185e-03  -7.5365726e-04
   1.9664247e-01   4.2240671e-01  -1.8357805e-01   1.4235887e-02  -5.1328121e-03   3.9303659e-04
   2.4860605e-01   4.5126674e-01  -2.4576681e-01   1.4457224e-02  -5.7559664e-03   9.6854571e-04
   2.4356670e-01   4.9458422e-01  -3.6937236e-01   1.4899222e-02  -7.1358990e-03   1.5844933e-03
   2.1456745e-01   4.7867665e-01  -1.9523217e-01   1.4496331e-02  -6.0711278e-03   9.4023974e-04
   1.8160148e-01   4.7760415e-01  -6.5055757e-02   1.2880355e-02  -4.6017142e-03   4.5684046e-04
   1.8429420e-01   6.7247542e-01   2.7629696e-02   1.2165181e-02  -5.6153727e-03   1.0562579e-03
   1.6584528e-01   5.8733456e-01   4.4783992e-02   1.3448578e-02  -5.5720103e-03   8.0383765e-04
   1.9694424e-01   5.1562941e-01   4.6929798e-02   1.4896930e-02  -6.3926299e-03   1.0812965e-03
   1.8881923e-01   4.6585703e-01   5.8281708e-02   1.5390097e-02  -7.0324680e-03  -2.1703360e-04
   1.9705518e-01   5.0868956e-01   7.7864510e-02   1.3749392e-02  -7.1701450e-03   2.9791616e-04
   2.1572375e-01   4.5935992e-01   3.5540423e-02   1.5924700e-02  -7.3638094e-03   3.4904808e-04
   2.0645618e-01   4.9014776e-01   1.3340749e-01   1.4734590e-02  -7.7096912e-03   1.8469685e-04
   1.7831234e-01   5.2900044e-01   2.9713479e-02   1.4338133e-02  -6.8739908e-03   2.9561998e-04
   1.7606522e-01   6.0193017e-01   4.5846241e-02   1.3664982e-02  -7.3773576e-03  -2.2311511e-04
   2.0108657e-01   4.9525360e-01   1.3362384e-01   1.2144207e-02  -6.6400449e-03  -2.1610617e-03
   1.9018358e-01   4.3069769e-01   4.8893627e-02   1.3527822e-02  -5.5011924e-03  -1.8284058e-03
   1.7726022e-01   4.5908411e-01  -6.0825283e-02   1.4217317e-02  -5.5200884e-03  -1.5247898e-03
   1.8135505e-01   4.5426658e-01  -4.4899564e-02   1.5006211e-02  -5.0886324e-03  -1.6401235e-03
   1.8393717e-01   4.3319689e-01  -6.9367543e-05   1.5202808e-02  -5.4073464e-03  -1.2267460e-03
   1.7767092e-01   4.5795304e-01  -1.5262162e-01   1.5144068e-02  -4.7560797e-03  -8.0562673e-04
   1.8530624e-01   4.6139208e-01  -4.9620310e-02   1.4472793e-02  -5.5317143e-03  -2.3291271e-04
   1.6979021e-01   4.4990329e-01   2.0402192e-01   1.3423974e-02  -6.0207278e-03  -1.8048452e-04
   1.4135525e-01   5.6521713e-01   1.7940609e-01   1.1697490e-02  -5.6301679e-03  -6.2945439e-04
   1.3423498e-01   6.2976526e-01  -1.6493841e-01   1.5648305e-02  -5.7104577e-03  -1.2576225e-03
   1.1249958e-01   5.9078952e-01  -1.9204202e-01   1.5820917e-02  -5.9346542e-03  -1.8981344e-03
   1.4209161e-01   5.2899541e-01   4.7273315e-03   1.4453458e-02  -6.2202327e-03  -2.0384994e-03
   1.5398476e-01   5.4860344e-01  -1.2072604e-01   1.5333715e-02  -6.4815132e-03  -1.7652637e-03
