   0.0000000e+00   0.0000000e+00   0.0000000e+00   0.0000000e+00   0.0000000e+00   0.0000000e+00
   2.8788896e-03   7.2614473e-03   3.1890677e-02   2.6819878e-05  -1.6387717e-04  -6.0302271e-05
   1.6340817e-02   2.0259748e-02   3.3637792e-02  -3.9022293e-04  -2.3951798e-04   6.1271304e-06
   7.7485612e-03   3.0806992e-02   5.7924303e-02  -5.8973994e-04  -1.3990322e-04  -1.1959237e-04
   6.9208214e-03   1.0633901e-02   8.2872646e-02  -5.8378941e-04  -2.4679925e-04  -6.5961434e-05
  -9.3383146e-04   5.9895191e-02   3.6585378e-02  -4.6659475e-04  -3.4355909e-04  -3.9942826e-04
  -7.4886060e-03   3.7730762e-02   1.1388192e-01  -9.3751681e-04  -4.0568480e-04  -4.5134360e-04
  -3.3869643e-03   6.3973636e-02   6.3097041e-02  -1.2025714e-03  -6.5740238e-04  -2.9853619e-04
   1.7013549e-02   1.0454961e-02   4.1874049e-02   1.8619453e-04  -3.7048548e-04   4.3107148e-04
   5.1046856e-02  -5.3309063e-02  -1.2097922e-01   3.0704347e-03   2.6730960e-05   1.5774202e-03
   1.5400881e-02   2.8180951e-02  -1.3434534e-02   1.4973200e-03  -2.2519731e-04   2.5854521e-04
   2.3937450e-02   3.9359135e-03  -2.6638383e-02   1.6728378e-03  -5.1440746e-04   5.9809553e-04
   1.2056292e-02   4.6024347e-02  -2.1335503e-02   9.8225881e-04  -6.8942453e-04   3.6081696e-04
   2.3731109e-02   5.7324431e-02   4.5444072e-02   7.5910705e-04  -8.9546250e-04   1.7382199e-04
   2.6123992e-02   8.5231666e-02   6.0755357e-02   2.0748846e-04  -1.1810261e-03  -7.4894242e-05
   2.8304342e-02   5.0841164e-02   1.0274117e-01   9.0323660e-06  -7.9458457e-04  -1.4038964e-04
   1.7521603e-02   9.4089037e-02   1.1555067e-01  -5.5611139e-04  -8.9588216e-04  -2.6132718e-04
   2.0819229e-02   1.1167302e-01   1.5638354e-01  -1.2098512e-03  -8.7337283e-04  -4.0998708e-04
   2.3157368e-02   1.3213967e-01   1.5708333e-01  -1.5395303e-03  -9.8355329e-04  -2.8506399e-04
   1.1075437e-02   1.1727981e-01   1.9799938e-01  -1.6334549e-03  -9.0709821e-04  -5.0112139e-04
   1.4088711e-02   1.3543062e-01   1.5938075e-01  -1.5654097e-03  -1.0223137e-03  -4.5174858e-04
   5.5381524e-03   1.3787575e-01   2.3102669e-01  -2.0514315e-03  -1.0299586e-03  -5.9279868e-04
   5.7432768e-03   1.6514106e-01   2.4829876e-01  -2.8334099e-03  -9.8333417e-04  -5.7511818e-04
   4.6116452e-03   1.6855801e-01   2.8233654e-01  -3.4011109e-03  -7.5368677e-04  -5.7427434e-04
   6.8511783e-03   1.6443565e-01   2.8983206e-01  -3.4390894e-03  -8.6355579e-04  -6.2976193e-04
   8.3633299e-03   1.9349112e-01   3.0728146e-01  -4.0583076e-03  -8.4959872e-04  -5.4027318e-04
   1.0042609e-02   1.7664283e-01   3.2771196e-01  -4.0822233e-03  -8.9404202e-04  -4.2576457e-04
   9.6465790e-03   1.7947417e-01   3.6876191e-01  -4.5314152e-03  -8.5285452e-04  -5.9670526e-04
   4.7128113e-03   1.9005577e-01   3.7312513e-01  -4.7431931e-03  -7.6152523e-04  -7.1357367e-04
   1.2757012e-02   2.1299079e-01   3.8643180e-01  -5.2026713e-03  -4.7967462e-04  -6.0308270e-04
   1.9388406e-02   2.0146612e-01   4.5012658e-01  -5.9632599e-03  -5.0038146e-04  -5.0678953e-04
   2.3024533e-02   1.9396238e-01   4.1990340e-01  -5.7915626e-03  -6.6961769e-04  -5.2382025e-04
   2.5375855e-02   2.1995052e-01   4.5893376e-01  -6.5438776e-03  -5.6075196e-04  -6.3856583e-04
   4.9926233e-02   2.3223834e-01   5.0643825e-01  -7.0294999e-03  -5.8807933e-04  -3.0165774e-04
   5.4169477e-02   2.2364141e-01   5.3513821e-01  -7.1972926e-03  -4.6382589e-04  -3.4981677e-04
   4.9328122e-02   2.2514315e-01   5.3058220e-01  -6.8764840e-03  -3.8699688e-04  -4.3724081e-04
   5.0503247e-02   2.3668060e-01   5.2715074e-01  -7.1127210e-03  -4.8552857e-04  -5.5062660e-04
   5.2925129e-02   2.5334054e-01   5.0142188e-01  -6.9259385e-03  -5.7815676e-04  -5.4808929e-04
   4.8507814e-02   2.6650012e-01   5.1737997e-01  -7.2981039e-03  -5.3673967e-04  -5.4169195e-04
   5.8538833e-02   2.5207416e-01   4.9346966e-01  -6.9197265e-03  -6.1723683e-04  -3.4744479e-04
   4.8120529e-02   2.4744945e-01   5.6135837e-01  -7.4391086e-03  -7.8991588e-04  -6.4671653e-04
   5.6400582e-02   2.5522207e-01   4.7599633e-01  -6.9616930e-03  -8.9890762e-04  -4.8044410e-04
   3.9634211e-02   2.9518019e-01   5.4621600e-01  -7.4305163e-03  -7.1807556e-04  -9.1740227e-04
   3.3990730e-02   2.8820758e-01   4.8543574e-01  -7.3867378e-03  -9.3912196e-04  -8.9465640e-04
   4.7299301e-02   2.1786819e-01   4.8586531e-01  -8.1906393e-03  -7.5694410e-04  -5.0160975e-04
   4.6640357e-02   2.8016916e-01   5.7071663e-01  -9.2243477e-03  -7.8312528e-04  -6.6369423e-04
   4.5147600e-02   3.0804509e-01   5.6027000e-01  -8.5247487e-03  -1.0387675e-03  -7.0132776e-04
   2.9249036e-02   3.2192423e-01   5.8004823e-01  -9.3254006e-03  -9.5875092e-04  -8.6573776e-04
   4.5379498e-02   3.2192032e-01   5.9721650e-01  -8.7086800e-03  -1.2057983e-03  -9.2584006e-04
   4.7575449e-02   3.2817700e-01   6.2492462e-01  -8.8092750e-03  -1.3649690e-03  -9.6183052e-04
   6.1168759e-02   3.6595457e-01   6.1183657e-01  -8.7866076e-03  -1.5223557e-03  -7.5699767e-04
   4.9483468e-02   3.6694704e-01   6.5527499e-01  -9.0037562e-03  -1.5816414e-03  -9.1544287e-04
   5.4704730e-02   3.5455013e-01   6.4674987e-01  -8.9199867e-03  -1.7618575e-03  -1.0590700e-03
   5.5779315e-02   3.8892083e-01   6.8952537e-01  -8.9885222e-03  -1.5990776e-03  -9.2623032e-04
   5.7502381e-02   4.0482088e-01   6.7828143e-01  -9.4872375e-03  -1.6209756e-03  -8.8088814e-04
   6.8503422e-02   3.9120352e-01   7.0345595e-01  -9.9347934e-03  -1.2947743e-03  -6.8002302e-04
   6.6754215e-02   3.9344171e-01   7.1119084e-01  -1.0103267e-02  -1.3721848e-03  -7.4621492e-04
   7.6535914e-02   3.8900642e-01   7.4022645e-01  -1.0443501e-02  -1.1995797e-03  -6.5698159e-04
   8.0909960e-02   4.1511541e-01   7.5827041e-01  -1.1308497e-02  -1.0808757e-03  -7.4483202e-04
   8.8368043e-02   4.2091446e-01   7.8449830e-01  -1.1974332e-02  -1.0908429e-03  -4.7963617e-04
   9.2842395e-02   4.1793864e-01   8.1118840e-01  -1.2198693e-02  -1.0370993e-03  -5.8995206e-04
   9.6032728e-02   4.2147978e-01   8.3998091e-01  -1.2550637e-02  -1.0713264e-03  -7.4209668e-04
   9.3710664e-02   4.3179795e-01   8.3815740e-01  -1.2402885e-02  -1.0444700e-03  -7.0221223e-04
   1.0506038e-01   4.3042510e-01   8.5350391e-01  -1.2501658e-02  -8.8817376e-04  -5.8609805e-04
   1.1302093e-01   4.4788364e-01   8.9752574e-01  -1.3135406e-02  -7.4107038e-04  -4.1412266e-04
   1.1969836e-01   4.4182026e-01   9.1822286e-01  -1.3588081e-02  -4.3576449e-04  -3.6977734e-04
   1.2680255e-01   4.6602171e-01   9.0428586e-01  -1.3374455e-02  -2.9126349e-04  -2.1116329e-04
   1.4702521e-01   4.6812058e-01   9.4903064e-01  -1.3766782e-02  -1.7783570e-04   6.2136191e-05
   1.6586590e-01   4.7431990e-01   9.9277478e-01  -1.3971481e-02  -3.2169362e-04   1.6294795e-04
   1.6979480e-01   4.6767856e-01   1.0155141e+00  -1.4521464e-02  -6.8249878e-05   3.9346255e-04
   1.6415163e-01   4.8929940e-01   1.0025422e+00  -1.4581994e-02  -2.8102989e-04   2.7925829e-04
   1.9521692e-01   4.7779418e-01   1.0339410e+00  -1.4984394e-02  -3.8243683e-04   9.2203653e-04
   1.8340891e-01   4.8533139e-01   1.0687887e+00  -1.4857923e-02  -3.5418810e-04   7.3149293e-04
   1.9320119e-01   5.0088047e-01   1.0605175e+00  -1.5249200e-02  -4.1694338e-04   8.2570680e-04
   2.0782925e-01   4.9725474e-01   1.0962245e+00  -1.5803203e-02  -2.0102571e-04   1.1121779e-03
   2.0280696e-01   5.1367601e-01   1.0867684e+00  -1.5891475e-02  -7.1482185e-05   1.1416179e-03
   2.1074570e-01   5.2166897e-01   1.0705892e+00  -1.5846664e-02  -1.6210885e-05   1.5024688e-03
   2.0122157e-01   4.9616564e-01   1.1178336e+00  -1.6060847e-02   2.9199201e-05   1.2526919e-03
   2.1863119e-01   5.0639724e-01   1.1083380e+00  -1.6271536e-02   1.5871159e-04   1.5226217e-03
   2.0855914e-01   5.0433628e-01   1.1596236e+00  -1.6638523e-02   2.2138757e-04   1.2201877e-03
   2.2258952e-01   5.1813913e-01   1.1279115e+00  -1.6359550e-02   3.8081852e-06   1.5177279e-03
   2.1867312e-01   5.1611566e-01   1.1695930e+00  -1.6885394e-02   1.0560061e-04   1.5114317e-03
   2.3011563e-01   5.2180370e-01   1.1402452e+00  -1.6398038e-02  -5.9483420e-05   1.6769602e-03
   2.3072315e-01   5.1032782e-01   1.1620409e+00  -1.6380515e-02   6.4112654e-05   1.7891335e-03
   2.3542941e-01   5.1417551e-01   1.1149140e+00  -1.6169894e-02  -1.0010925e-04   1.9304448e-03
   2.3717661e-01   5.2429369e-01   1.1405256e+00  -1.6292985e-02   3.6858383e-06   1.9585716e-03
   2.5111517e-01   5.2075871e-01   1.1240307e+00  -1.6275505e-02   1.5012081e-04   2.2692253e-03
   2.8965830e-01   5.1134438e-01   1.1340663e+00  -1.6208372e-02   3.2980090e-04   2.7855471e-03
   2.6914659e-01   5.1796553e-01   1.1492030e+00  -1.5941743e-02   4.9619782e-04   2.1630794e-03
   2.7723762e-01   5.3133197e-01   1.1221017e+00  -1.6095841e-02   3.1408242e-04   2.4124567e-03
   2.6406401e-01   5.0653713e-01   1.1806571e+00  -1.6326230e-02   3.1295844e-04   2.0868062e-03
   2.8491549e-01   5.2669976e-01   1.1739095e+00  -1.6419341e-02   4.6063920e-04   2.4607930e-03
   2.9743197e-01   5.2391925e-01   1.1774945e+00  -1.6027123e-02   5.7042186e-04   2.7292057e-03
   2.8665235e-01   5.4474498e-01   1.1763993e+00  -1.6481518e-02   5.6482649e-04   2.5795223e-03
   3.0644265e-01   5.2506425e-01   1.1931859e+00  -1.6339903e-02   2.4500541e-04   2.8518281e-03
   2.9256378e-01   5.2220262e-01   1.2142176e+00  -1.6506750e-02   7.2442865e-04   2.6834019e-03
   3.1630054e-01   5.4200220e-01   1.1870374e+00  -1.6668667e-02   6.3636262e-04   2.9556536e-03
   3.1171312e-01   5.2043397e-01   1.2396783e+00  -1.7118473e-02   4.7169122e-04   2.9831806e-03
   3.0178706e-01   5.3749336e-01   1.2259221e+00  -1.6930904e-02   4.5483008e-04   2.8727426e-03
   3.2176121e-01   5.2789395e-01   1.2532123e+00  -1.7401239e-02   5.7117069e-04   3.1107035e-03
   3.1237494e-01   5.2811837e-01   1.2332878e+00  -1.6986589e-02   7.1576498e-04   2.9337658e-03
   3.3062902e-01   5.2174047e-01   1.2437010e+00  -1.7083787e-02   8.7005314e-04   3.5623153e-03
   3.3365426e-01   5.2181439e-01   1.2298317e+00  -1.6684265e-02   6.6144171e-04   3.3110451e-03
   3.4988513e-01   5.2754288e-01   1.2208049e+00  -1.6788872e-02   8.1299588e-04   3.7345631e-03
   3.3732037e-01   5.3696510e-01   1.2219139e+00  -1.6065814e-02   9.4818081e-04   3.4082547e-03
   3.5363544e-01   5.4212502e-01   1.2305806e+00  -1.6357360e-02   9.5552322e-04   3.9490904e-03
   3.4936602e-01   5.2458983e-01   1.2757761e+00  -1.6533087e-02   9.1467979e-04   3.7329972e-03
   3.5910310e-01   5.5555586e-01   1.2491653e+00  -1.6592184e-02   7.8753263e-04   3.8504316e-03
   3.7392188e-01   5.3165496e-01   1.3137306e+00  -1.7064840e-02   9.7987774e-04   3.8550327e-03
   3.8641054e-01   5.5981810e-01   1.2707997e+00  -1.6868672e-02   9.6888527e-04   4.1919306e-03
   3.6770914e-01   5.6007776e-01   1.2999257e+00  -1.7309065e-02   7.1573253e-04   3.8348351e-03
   3.8677116e-01   5.4878461e-01   1.3077270e+00  -1.7433659e-02   6.8594764e-04   4.4496798e-03
   3.6287086e-01   5.4951037e-01   1.3337831e+00  -1.7346791e-02   5.3897628e-04   3.9833937e-03
   3.6954408e-01   5.5276334e-01   1.2677749e+00  -1.7343756e-02   3.6024999e-04   4.4330531e-03
   3.5574630e-01   5.5216760e-01   1.2672580e+00  -1.7237373e-02   1.4949392e-04   4.1411284e-03
   3.6668525e-01   4.8173055e-01   1.2052859e+00  -1.6595561e-02   4.2309320e-04   4.6297925e-03
   3.9331050e-01   2.8814547e-01   1.1604783e+00  -1.7494677e-02   7.4364740e-04   5.7154745e-03
   3.7705218e-01   3.7295920e-01   1.2398119e+00  -1.8199125e-02   7.0424281e-04   5.2024364e-03
   4.0424412e-01   3.5695225e-01   1.2169357e+00  -1.7662188e-02   6.9824668e-04   5.5750042e-03
   4.0215283e-01   3.8110738e-01   1.2334204e+00  -1.7913627e-02   5.5021562e-04   5.4158399e-03
   4.3571021e-01   3.3983978e-01   1.2811468e+00  -1.8378411e-02   6.6925702e-04   6.1694299e-03
   4.0810056e-01   3.6206775e-01   1.2979137e+00  -1.8700935e-02   5.5634958e-04   5.6681662e-03
   4.4224868e-01   3.5928104e-01   1.3243236e+00  -1.9055801e-02   5.4901436e-04   6.1142181e-03
   4.5148828e-01   3.7942690e-01   1.3231885e+00  -1.9265404e-02   7.5948227e-04   6.3458367e-03
   4.6498772e-01   3.7205013e-01   1.3350205e+00  -1.9203268e-02   7.8072355e-04   6.5740619e-03
   4.8574190e-01   3.7432034e-01   1.3518897e+00  -1.9113455e-02   1.1000114e-03   6.8071865e-03
   5.1632761e-01   3.8681319e-01   1.3541159e+00  -1.9025818e-02   1.2419937e-03   7.1073729e-03
   5.2574046e-01   4.0253108e-01   1.3279956e+00  -1.8958065e-02   1.5496794e-03   7.3608882e-03
   5.5305999e-01   3.9490552e-01   1.3766347e+00  -1.9302101e-02   1.6619979e-03   7.8588971e-03
   5.5698330e-01   4.6091855e-01   1.3550641e+00  -1.8801669e-02   1.7939868e-03   7.7159689e-03
   5.4884360e-01   4.6040366e-01   1.3935064e+00  -1.9219995e-02   1.3809960e-03   7.6363639e-03
   5.3873607e-01   4.7142939e-01   1.2780800e+00  -1.8770108e-02   1.0824885e-03   7.4635410e-03
   4.9957312e-01   4.7961584e-01   1.2904021e+00  -1.8648790e-02   7.0914700e-04   7.2659809e-03
   4.9653781e-01   4.5883942e-01   1.3064411e+00  -1.8302102e-02   8.6244484e-04   6.7378930e-03
   5.0941288e-01   4.6726616e-01   1.2956511e+00  -1.8225676e-02   7.7526214e-04   6.9600002e-03
   5.1741277e-01   4.7582324e-01   1.3317178e+00  -1.7934301e-02   5.6854377e-04   6.8730125e-03
   5.2625317e-01   5.0107336e-01   1.3250603e+00  -1.8282543e-02   2.8582053e-04   6.9587025e-03
   5.4542058e-01   5.0087419e-01   1.3636068e+00  -1.8671173e-02   1.8948157e-04   6.9946685e-03
   5.5055232e-01   5.0971728e-01   1.3659555e+00  -1.8794441e-02   2.7074081e-04   7.0927441e-03
   5.4804093e-01   5.0721552e-01   1.3832443e+00  -1.8234488e-02   3.1898684e-04   7.0324395e-03
   5.4253868e-01   5.0505530e-01   1.3706015e+00  -1.8535152e-02  -2.6488395e-04   6.9635387e-03
   5.3847121e-01   5.2795181e-01   1.3702572e+00  -1.8903245e-02  -3.7645287e-04   6.8400232e-03
   5.6302531e-01   5.1300254e-01   1.3824814e+00  -1.8894632e-02  -3.4953759e-04   7.3912113e-03
   5.4269873e-01   5.1943121e-01   1.4138664e+00  -1.9066725e-02  -4.6109211e-04   6.7672277e-03
   5.6466088e-01   5.1394899e-01   1.4079915e+00  -1.9266404e-02  -3.6877844e-04   7.1665504e-03
   5.3445393e-01   5.2951757e-01   1.3891326e+00  -1.9009623e-02  -2.8466889e-04   6.6806109e-03
   5.3634682e-01   5.0780344e-01   1.3726757e+00  -1.8952795e-02  -2.4825048e-04   6.6966065e-03
   5.5029738e-01   4.7443855e-01   1.3975392e+00  -1.8913855e-02  -3.4711452e-04   7.1816320e-03
   5.3997360e-01   5.0516374e-01   1.3664827e+00  -1.8604024e-02  -7.4123156e-04   6.8105605e-03
   5.6296424e-01   5.2322098e-01   1.3887857e+00  -1.8672033e-02  -7.0064603e-04   7.3576322e-03
   5.4052622e-01   5.2521219e-01   1.3814599e+00  -1.8887936e-02  -9.7219229e-04   6.7936577e-03
   5.6242117e-01   5.1565048e-01   1.4421537e+00  -1.9794044e-02  -1.0875335e-03   7.2236255e-03
   5.5357345e-01   5.3429046e-01   1.4353756e+00  -2.0197257e-02  -1.1888877e-03   7.0233862e-03
   5.6750149e-01   5.4414687e-01   1.4200784e+00  -2.0083191e-02  -1.0991541e-03   7.4074163e-03
   5.7167452e-01   5.2117519e-01   1.4461235e+00  -2.0093149e-02  -1.4423407e-03   7.2891920e-03
   5.6603693e-01   5.3126707e-01   1.4480140e+00  -2.0417949e-02  -1.3547788e-03   7.2201794e-03
   5.8783873e-01   5.0424601e-01   1.4723558e+00  -2.0441552e-02  -1.4160861e-03   7.4037587e-03
   6.0208076e-01   5.2931146e-01   1.4692566e+00  -2.0596099e-02  -1.5702354e-03   7.6374286e-03
   5.9975545e-01   5.2775515e-01   1.4828444e+00  -2.0594124e-02  -2.4128059e-03   7.7606265e-03
   5.7594390e-01   5.6244335e-01   1.4289274e+00  -2.0792515e-02  -2.1661539e-03   7.3041293e-03
   6.1160414e-01   4.5992825e-01   1.4391483e+00  -2.0200913e-02  -2.6643301e-03   8.2781313e-03
   6.1146567e-01   2.1215248e-01   5.7247163e-01  -7.4455938e-03   5.6282757e-04   9.2438901e-03
   4.4935898e-01   4.0745508e-01   4.9857521e-01  -4.5725097e-03   9.5684605e-04   5.7586898e-03
   4.5441474e-01   4.1262789e-01   6.6494986e-01  -7.1033414e-03  -9.3158025e-05   5.4181447e-03
   4.6099431e-01   4.2037494e-01   6.4934719e-01  -7.3427278e-03   4.5785680e-04   5.3803931e-03
   4.7215102e-01   4.2185210e-01   7.5315974e-01  -8.4017830e-03  -1.3574139e-04   5.4737985e-03
   4.8813751e-01   4.3381909e-01   7.3866748e-01  -8.5516193e-03   1.3355553e-04   5.8498487e-03
   5.1455252e-01   4.5366068e-01   8.5869281e-01  -1.0417833e-02  -5.1519635e-04   6.1888634e-03
   5.2677949e-01   4.4333616e-01   9.0851777e-01  -1.0814388e-02  -5.5464162e-04   6.4453038e-03
   5.3566273e-01   4.6535085e-01   9.1250689e-01  -1.1585118e-02  -4.8415465e-04   6.5538322e-03
   5.1710000e-01   4.7136857e-01   9.1212561e-01  -1.2329657e-02  -3.7292720e-04   6.4908610e-03
   5.3738864e-01   4.4736513e-01   9.6417301e-01  -1.2726979e-02  -5.6472114e-04   6.9779670e-03
   5.6161384e-01   4.4995760e-01   9.9524596e-01  -1.2887378e-02   4.5988758e-05   7.1090044e-03
   5.7218615e-01   4.5951553e-01   1.0027899e+00  -1.3409820e-02   1.2834393e-04   7.1567599e-03
   5.9379460e-01   4.8016217e-01   1.0427974e+00  -1.3955877e-02   3.2781042e-04   7.6604170e-03
   6.3836188e-01   4.8483350e-01   1.0746585e+00  -1.4246816e-02  -3.3704792e-06   8.0895673e-03
   6.4022337e-01   4.7982142e-01   1.0972252e+00  -1.4642784e-02  -2.4734176e-04   8.3746051e-03
   6.3244293e-01   4.6672197e-01   1.0981523e+00  -1.4255802e-02  -7.4109146e-04   8.2261784e-03
   6.4741059e-01   4.7495195e-01   1.1152203e+00  -1.4715084e-02  -1.1861413e-03   8.3324127e-03
