   0.0000000e+00   0.0000000e+00  -1.4178987e-14  -6.1793276e-17   7.5492018e-19   4.6648991e-35
  -3.4899456e-02   6.2309435e-03  -1.9962032e-01  -1.2113162e-04   1.1585653e-03  -1.3666129e-03
  -1.8900447e-02   5.4443198e-02  -7.0449474e-01   1.7786411e-03   3.0435564e-03  -1.0894522e-03
   6.0168914e-02   2.1326753e-01  -1.0844380e+00   4.1346133e-03   2.1664740e-03  -4.5722921e-04
   1.0172640e-01   8.3924768e-02  -7.2968568e-01   5.6801108e-03   3.3552427e-03  -1.3576929e-04
   7.4941570e-02  -7.0489597e-02  -8.9140185e-02   8.6376686e-04   4.2324030e-03  -4.0382717e-04
   1.9241527e-02   4.2739832e-02  -3.2220923e-02   3.2182825e-03   3.5312909e-03  -1.8943014e-04
   6.2414078e-02  -2.5603281e-02   7.9075439e-02   1.1381592e-03   2.9742580e-03   3.4696506e-04
   3.3721415e-02   3.3005148e-02   4.1218249e-03   2.9836929e-03   2.6689714e-03   4.1527201e-04
  -2.1351519e-03  -2.9421054e-02   1.6553836e-01  -4.0889774e-04   3.0435074e-03  -7.2934357e-05
  -1.8187863e-02  -1.1415119e-02   1.1516888e-01   1.6401214e-03   3.2759590e-03  -6.8445785e-04
   1.2112050e-02   4.7419866e-02   1.1263326e-01   3.4946611e-03   3.6572026e-03  -6.3804369e-04
   2.6499504e-02  -1.6316819e-02   2.5763255e-01   1.8021159e-03   2.3817867e-03   4.2413760e-04
   3.4963582e-02  -8.5542822e-02   2.9308791e-01   6.5109316e-04   3.7176400e-03  -4.7155841e-04
  -2.0401461e-01   1.6869218e-01   1.7657212e-01   8.9551529e-03   2.4606696e-03  -7.5933941e-04
  -3.7368845e-01   2.3670251e-01  -4.8880474e-01   2.0597000e-02   3.3753697e-03  -6.1500964e-03
  -2.5091146e-01   1.3622088e-01  -4.0567002e-01   1.5477532e-02   3.8138183e-03  -4.9830344e-03
  -2.9585630e-01   9.3828469e-02  -2.3547515e-01   1.3659202e-02   5.1778844e-03  -5.5885347e-03
  -2.1705247e-01   8.3700600e-02  -1.5499602e-01   1.3011054e-02   4.5429367e-03  -4.5844402e-03
  -2.8358768e-01   1.4600243e-01   7.4302966e-02   1.2599749e-02   4.1979974e-03  -5.1614046e-03
  -2.1126089e-01   1.3826606e-01   3.4165791e-02   1.4080770e-02   3.8359081e-03  -4.4018142e-03
  -1.6782543e-01   1.5304260e-01   1.1912187e-01   1.4335917e-02   3.2622684e-03  -3.8513850e-03
  -2.8401547e-01   1.2692439e-01  -1.6129869e-02   1.3881703e-02   5.3392483e-03  -6.2739955e-03
  -2.1384999e-01   5.7809003e-02   1.2257359e-01   1.3103567e-02   3.4705037e-03  -4.5176036e-03
  -2.0169856e-01   1.5137536e-01   7.2649985e-02   1.4450957e-02   4.3431228e-03  -5.2600179e-03
  -2.0360733e-01   5.7845717e-02   1.1934583e-01   1.4165787e-02   4.1814270e-03  -4.9942967e-03
  -2.5532824e-01   4.2752756e-02   8.3303992e-02   1.1780922e-02   4.8094776e-03  -6.0913404e-03
  -2.4235037e-01   1.1398358e-01  -1.1682952e-01   1.4647557e-02   3.8038580e-03  -4.9893932e-03
  -1.9644783e-01   5.5965861e-02   8.6780657e-02   1.3910329e-02   4.0233267e-03  -4.9916848e-03
  -1.8745240e-01   7.0198421e-02   2.2551799e-01   1.2979463e-02   4.1124106e-03  -4.7154238e-03
  -2.5242212e-01   3.2055614e-01   3.4237175e-01   1.1766076e-02   3.9507576e-03  -4.9542003e-03
  -4.3749818e-01   1.1638955e-01   5.0588745e-02   1.1462240e-02   4.9284563e-03  -8.3382079e-03
  -2.7676022e-01   9.8851361e-02   1.3246510e-01   1.4115684e-02   5.1049197e-03  -6.8838220e-03
  -2.6880130e-01   1.3779295e-01   1.4768006e-01   1.8164970e-02   2.7202602e-03  -5.0197209e-03
  -3.2735901e-01   2.7836085e-01  -1.1891512e-01   1.8893482e-02   3.5713418e-03  -4.9256852e-03
  -3.1938666e-01   4.2381095e-02   4.9898528e-02   1.5455182e-02   4.5681328e-03  -5.8759231e-03
  -2.7800717e-01   2.1488331e-01   6.5343814e-02   1.8403517e-02   4.3035232e-03  -5.6467358e-03
  -3.2562589e-01   2.5276231e-01   4.9583258e-03   1.7691358e-02   5.3026701e-03  -7.3822165e-03
  -3.2845892e-01   4.1869056e-01  -3.1942787e-02   2.0090725e-02   4.5315568e-03  -5.9710672e-03
  -4.7923080e-01   1.7949797e-01  -2.3246915e-02   1.3731063e-02   7.6233073e-03  -8.5092970e-03
  -3.4546040e-01   2.8514502e-01  -3.3953875e-01   1.9263910e-02   5.7931488e-03  -5.1420979e-03
  -4.6401321e-01   3.7510519e-01  -2.8873639e-01   2.0475931e-02   6.3011873e-03  -6.7978446e-03
  -3.1960168e-01   4.1666262e-01  -5.5541976e-01   1.9465319e-02   5.4541639e-03  -6.2735475e-03
  -5.1320657e-01   4.6063910e-01  -5.1398377e-01   1.7208326e-02   7.1836887e-03  -9.1344689e-03
  -3.7299664e-01   3.2546403e-01  -4.8927536e-01   1.8957280e-02   6.2451183e-03  -7.3788345e-03
  -3.5375169e-01   4.7638786e-01  -2.8107323e-01   1.7893865e-02   6.6298499e-03  -8.2688842e-03
  -2.3882363e-01   2.8112884e-01  -3.7169805e-01   2.3641529e-02   3.3280198e-03  -6.5400988e-03
  -3.9780502e-01   2.9665963e-01  -1.6459465e-01   1.9150379e-02   6.4139879e-03  -8.9802951e-03
  -3.4854152e-01   2.8319750e-01  -3.1421499e-01   2.1927541e-02   4.5491404e-03  -7.6590143e-03
  -3.5718076e-01   2.3256647e-01  -1.7525903e-01   2.1526557e-02   5.5386535e-03  -7.6234089e-03
  -3.8316219e-01   1.9275756e-01  -1.8162480e-01   2.3736930e-02   5.0468304e-03  -9.1299397e-03
  -4.6214169e-01   2.4176149e-01  -4.5945878e-01   2.2791893e-02   6.5439394e-03  -9.5628438e-03
  -4.1353207e-01   4.7882556e-01  -4.7479659e-01   2.3260359e-02   4.7620082e-03  -8.5657017e-03
  -3.7265843e-01   3.0492813e-01  -2.9759137e-01   2.4684107e-02   5.8864340e-03  -8.7577365e-03
  -4.7370785e-01   2.7459686e-01  -3.8954160e-01   2.0444273e-02   6.1580698e-03  -9.5097042e-03
  -4.8981333e-01   3.2308098e-01  -6.0298156e-01   2.1879289e-02   6.2728381e-03  -9.7541994e-03
  -4.3408567e-01   2.7361199e-01  -5.0237647e-01   2.1223366e-02   6.0728697e-03  -9.0582141e-03
  -4.8857866e-01   2.9523636e-01  -4.8635101e-01   1.9809172e-02   7.2009443e-03  -1.0023580e-02
  -3.6302634e-01   1.9158335e-01  -6.6879745e-01   2.5268771e-02   5.2327527e-03  -8.0669223e-03
  -2.9489728e-01   4.1996026e-01  -4.2834830e-01   2.6068450e-02   6.4228698e-03  -8.4481884e-03
  -3.4228830e-01   3.0998913e-01  -5.2734243e-01   2.4096242e-02   6.4328908e-03  -8.9191943e-03
  -3.2481586e-01   4.2275743e-01  -4.5995402e-01   2.7065261e-02   5.4120116e-03  -8.4081140e-03
  -3.7966452e-01   3.3876592e-01  -1.8475785e-01   2.2307724e-02   6.3702922e-03  -8.9960653e-03
  -3.1931316e-01   3.3286607e-01  -2.9844680e-01   2.8743987e-02   6.7790747e-03  -7.1216443e-03
  -3.2294853e-01   3.8177213e-01  -2.1663833e-01   2.5194974e-02   6.8529216e-03  -8.7099030e-03
  -2.0844163e-01   8.5701656e-02  -3.7970285e-01   2.8931585e-02   4.4007967e-03  -7.1773596e-03
  -2.5309509e-01   1.0345168e-01  -1.2769063e-02   2.7138986e-02   6.1254785e-03  -8.9487583e-03
  -1.8151441e-01   1.5155153e-01  -3.3514077e-01   2.9463697e-02   4.2114240e-03  -7.1379578e-03
  -2.6831367e-01   1.5095128e-01  -1.8379395e-01   2.8361142e-02   6.6566793e-03  -9.0308921e-03
  -2.3310744e-01   3.2992625e-02  -9.7207627e-02   2.3826523e-02   7.4491668e-03  -8.7159902e-03
  -3.1623808e-01   1.7288196e-01  -3.0476110e-01   2.1681120e-02   7.5152691e-03  -9.6252086e-03
  -2.7996911e-01   7.9921695e-02  -2.8229548e-01   2.4099195e-02   7.1864098e-03  -8.5755292e-03
  -2.8887973e-01   1.3700764e-01  -3.2978488e-01   2.5137520e-02   7.1615803e-03  -8.6817533e-03
  -2.3466151e-01   2.7266821e-01  -2.1337529e-01   2.8466101e-02   6.5155882e-03  -7.8206514e-03
  -1.6061644e-01   2.3310532e-01  -1.3638171e-01   2.4332940e-02   5.3354073e-03  -7.0366597e-03
  -3.4982373e-01   3.2111549e-01  -1.5757513e-01   2.9934623e-02   6.4509333e-03  -7.6452079e-03
  -4.1891713e-01   4.1992870e-01  -5.6215835e-01   2.1534405e-02   8.2935502e-03  -8.0443432e-03
  -3.1070747e-01   2.3249986e-01  -4.2527656e-01   2.1073503e-02   8.1111839e-03  -8.1239561e-03
  -3.3432966e-01   2.7346833e-01  -3.3314181e-01   1.9694115e-02   8.5125262e-03  -8.3482812e-03
  -2.9430773e-01   1.7790917e-01  -4.5678986e-01   2.5210091e-02   7.8589858e-03  -7.3139843e-03
  -1.9990770e-01   4.5498529e-01  -3.2458837e-01   2.5544738e-02   7.1420205e-03  -6.9345060e-03
  -3.3272454e-01   2.9629797e-01  -5.4406530e-03   2.8498345e-02   6.3576799e-03  -7.9292994e-03
  -5.0315522e-01   3.8034569e-01  -2.9427600e-01   2.5330902e-02   4.8732598e-03  -6.4829541e-03
  -4.8832737e-01   4.3027634e-01  -7.0575136e-01   2.7249252e-02   5.8733966e-03  -8.3500394e-03
  -4.3066166e-01   6.2862208e-01  -5.0479536e-02   7.1967062e-03   4.9166174e-03  -5.2502283e-03
  -5.5803533e-01   6.1415480e-01  -5.2764251e-02   9.2946539e-04   5.6387218e-03  -7.0803607e-03
  -4.6823497e-01   5.7020253e-01   5.7989319e-02   7.7147476e-03   4.0058777e-03  -5.7704176e-03
  -4.2212237e-01   6.2748456e-01  -5.0492863e-02   9.9341476e-03   4.2447788e-03  -6.4459183e-03
  -3.9711915e-01   6.2834825e-01  -3.8684293e-01   1.9329964e-02   7.2656159e-03  -8.0059506e-03
  -4.5357867e-01   8.1552072e-01  -5.3726190e-01   1.7399360e-02   7.3202136e-03  -7.6039422e-03
  -4.8693190e-01   6.1365143e-01  -5.4574005e-01   1.6312791e-02   9.5360694e-03  -8.7775110e-03
  -4.1293114e-01   5.8463638e-01  -6.8680213e-01   1.8304459e-02   7.7328008e-03  -8.5637169e-03
  -3.0866938e-01   4.6420592e-01  -1.8814736e-01   2.2080112e-02   7.0309950e-03  -8.1425723e-03
  -3.5157938e-01   5.7169672e-01  -7.4813259e-01   2.0349983e-02   7.5988008e-03  -1.0079335e-02
  -4.2293972e-01   5.5300555e-01  -1.2635363e+00   1.9989034e-02   7.6700772e-03  -8.5785532e-03
  -4.7039294e-01   5.2252797e-01  -7.0597530e-01   1.5032721e-02   8.6183314e-03  -9.8796143e-03
  -4.3475738e-01   4.8256676e-01  -5.8588704e-01   1.5377137e-02   8.7313066e-03  -8.1203042e-03
  -4.4809244e-01   4.7403717e-01  -5.6608909e-01   1.6651447e-02   1.0272763e-02  -8.8346296e-03
  -3.7496607e-01   5.3656005e-01  -2.9070872e-01   2.0144526e-02   8.8558258e-03  -7.4834222e-03
  -3.2861091e-01   3.9036931e-01  -3.5828884e-01   1.7409237e-02   8.1497573e-03  -7.9320916e-03
  -2.2900379e-01   5.2231773e-01  -3.8243989e-01   2.2978066e-02   7.3775355e-03  -7.2849186e-03
  -3.0488605e-01   5.1889301e-01  -2.4735899e-01   1.7183554e-02   8.2475399e-03  -8.3149612e-03
  -3.7090050e-01   4.4055135e-01  -5.2852624e-01   1.9044932e-02   9.0104309e-03  -9.4302456e-03
  -2.8995926e-01   5.1512092e-01  -4.3913125e-01   2.2321107e-02   8.1179443e-03  -8.5285816e-03
  -4.2919959e-01   4.3705235e-01  -2.0472776e-01   1.7322611e-02   8.7146136e-03  -1.0475668e-02
  -4.0808934e-01   4.6750440e-01  -6.6923962e-01   2.3583399e-02   7.6769879e-03  -9.7826889e-03
  -3.3398330e-01   4.8065196e-01  -4.8752076e-01   2.5017485e-02   8.1337117e-03  -9.7335063e-03
  -3.6138303e-01   4.9414398e-01  -5.5374105e-01   2.3749889e-02   8.0108412e-03  -1.0249409e-02
  -4.0170674e-01   6.9409776e-01  -2.8051534e-01   2.4442757e-02   7.6113604e-03  -9.2108785e-03
  -4.5045484e-01   6.1083628e-01  -5.4614149e-01   2.0064356e-02   9.4585185e-03  -1.0659175e-02
  -4.1274642e-01   6.1499198e-01  -7.1725453e-01   2.0618514e-02   9.5662513e-03  -1.0512060e-02
  -4.1602257e-01   5.2277429e-01  -5.3991929e-01   1.8535083e-02   1.0364126e-02  -1.1022337e-02
  -3.9427303e-01   5.3353163e-01  -6.3552225e-01   1.9195817e-02   1.0066096e-02  -1.0646770e-02
  -3.9945313e-01   5.8586506e-01  -4.9829085e-01   2.0943069e-02   1.0144802e-02  -1.1392709e-02
  -3.0861521e-01   6.3499711e-01  -5.5035886e-01   2.6147326e-02   7.9129251e-03  -9.0495087e-03
  -3.8766398e-01   5.1993613e-01  -4.8538322e-01   2.0526849e-02   8.9518498e-03  -1.0697136e-02
  -3.8090148e-01   5.0439797e-01  -5.4899773e-01   2.0376174e-02   1.0106199e-02  -1.1129858e-02
  -3.1791079e-01   7.2930612e-01  -6.1869239e-01   2.5090160e-02   8.6496220e-03  -9.6187601e-03
  -3.0533986e-01   3.9549397e-01  -5.0106827e-01   2.6816374e-02   9.1517184e-03  -1.0852046e-02
  -3.8781890e-01   4.2955912e-01  -8.8279140e-01   2.2945891e-02   1.0775608e-02  -1.2294096e-02
  -3.2565972e-01   4.4977302e-01  -1.2408231e+00   2.8997741e-02   9.3888538e-03  -1.0731823e-02
  -3.4899990e-01   3.0459317e-01  -5.5453227e-01   2.6630409e-02   7.8962633e-03  -9.8287121e-03
  -3.5351723e-01   5.1862972e-01  -6.5312548e-01   2.5014294e-02   1.0330179e-02  -1.1340131e-02
  -3.7567097e-01   3.4243266e-01  -5.0779805e-01   2.2070742e-02   1.0363832e-02  -9.4067161e-03
  -3.4468308e-01   5.1083097e-01  -6.9987371e-01   2.5879436e-02   1.0118685e-02  -9.5285304e-03
  -3.2187293e-01   4.5099305e-01  -5.3403367e-01   2.6376340e-02   9.4083725e-03  -9.2674078e-03
  -2.7071343e-01   6.0002501e-01  -4.9001102e-01   2.5230510e-02   1.0534895e-02  -9.6457849e-03
  -2.9810215e-01   6.1440244e-01  -4.4455463e-01   2.3509404e-02   9.7817282e-03  -9.4523924e-03
  -2.2234106e-01   6.1287002e-01  -5.4812921e-01   2.4555474e-02   9.8737725e-03  -9.4641912e-03
  -3.7392136e-01   5.3422692e-01  -3.2474615e-01   1.8666001e-02   9.8236811e-03  -1.0105111e-02
  -5.6247260e-01   4.1885464e-01  -6.2934391e-01   1.9976860e-02   8.3964531e-03  -1.1717702e-02
  -5.1238163e-01   4.8884923e-01  -6.7303589e-01   2.2908349e-02   7.5669090e-03  -1.0916002e-02
  -4.7728653e-01   4.1518329e-01  -5.7291532e-01   2.2419143e-02   9.0918065e-03  -1.1259534e-02
  -4.0794659e-01   3.8071744e-01  -3.4294992e-01   1.9736332e-02   8.5753567e-03  -1.0404235e-02
  -3.7902637e-01   3.5516940e-01  -3.1757270e-01   2.0864972e-02   9.0405714e-03  -9.7919182e-03
  -4.2931217e-01   4.0313366e-01  -2.7910218e-01   1.9764240e-02   9.2121213e-03  -1.0575732e-02
  -4.2391281e-01   4.7210406e-01  -4.8043352e-01   2.2033532e-02   8.7029977e-03  -9.9785128e-03
  -3.8420985e-01   4.3740630e-01  -2.4356769e-01   1.7861045e-02   8.5310871e-03  -9.4985510e-03
  -4.2018920e-01   4.1802045e-01  -4.3546436e-01   2.0538867e-02   8.9956560e-03  -1.0587236e-02
  -4.1500721e-01   5.4068317e-01  -2.2383748e-01   2.1585306e-02   9.1315858e-03  -1.0276404e-02
  -5.1471193e-01   4.2173862e-01  -2.7077902e-01   1.9426882e-02   9.9402312e-03  -1.0787095e-02
  -4.3288365e-01   4.7959775e-01  -5.0169528e-01   2.1102462e-02   9.2496146e-03  -1.0118302e-02
  -4.4629177e-01   4.8752703e-01  -4.3261658e-01   2.3111026e-02   8.1795289e-03  -9.6916070e-03
  -3.3806578e-01   4.8847426e-01  -4.8625332e-01   2.4563015e-02   9.1698669e-03  -9.4846229e-03
  -2.5586498e-01   3.6755072e-01  -3.5488245e-01   2.4972484e-02   8.3435015e-03  -8.7239918e-03
  -3.2949984e-01   3.9477780e-01  -3.0734613e-01   2.0117349e-02   9.4629860e-03  -9.6766774e-03
  -2.5641006e-01   5.6906400e-01  -3.3605318e-01   2.2503620e-02   8.7143741e-03  -9.2786945e-03
  -2.4554354e-01   4.0618178e-01  -3.1959611e-01   2.1845425e-02   7.7932493e-03  -9.0886659e-03
  -3.7317905e-01   4.7626848e-01  -3.4592107e-01   1.8320269e-02   9.7375980e-03  -1.0845600e-02
  -3.7760050e-01   3.8817781e-01  -3.8665882e-01   1.9131855e-02   9.8384064e-03  -1.0751719e-02
  -3.3428884e-01   3.9166045e-01  -8.4876643e-01   2.3615520e-02   1.0021542e-02  -9.8132735e-03
  -4.7306531e-01   6.0982572e-01  -4.3900555e-01   1.7212561e-02   8.1555566e-03  -9.5550208e-03
  -6.3446490e-01   7.6106102e-01  -3.7352303e-01   1.4427831e-02   9.1955407e-03  -1.1883749e-02
  -4.8149140e-01   7.0691598e-01  -1.6057421e-01   1.7301748e-02   7.9899113e-03  -1.1131074e-02
  -5.4534657e-01   5.7342514e-01  -1.0249033e-01   1.3806039e-02   9.8112105e-03  -1.2400227e-02
  -4.5545248e-01   6.4319510e-01  -1.4727913e-01   1.9486383e-02   8.7764044e-03  -1.1297324e-02
  -5.3690284e-01   4.8768668e-01   7.1904847e-02   1.2249324e-02   9.6638687e-03  -1.3261289e-02
  -6.4834964e-01   7.4587493e-01  -4.1672944e-01   2.0105402e-02   7.2260633e-03  -1.1993095e-02
  -6.7513261e-01   1.0416405e+00  -1.1462146e+00   1.9437691e-02   6.9813192e-03  -1.3102178e-02
  -5.8929252e-01   7.6739120e-01  -1.0069963e+00   1.7091362e-02   7.6000030e-03  -1.2263865e-02
  -6.2046588e-01   7.2924510e-01  -7.4645460e-01   1.8214554e-02   8.2061422e-03  -1.2883927e-02
  -5.3704782e-01   7.5721172e-01  -8.4415244e-01   1.7348236e-02   8.1032526e-03  -1.2181222e-02
  -5.7040222e-01   7.6049932e-01  -6.6091206e-01   1.6385737e-02   8.5435961e-03  -1.3280037e-02
  -5.1210668e-01   8.0613269e-01  -5.7775983e-01   1.6039080e-02   8.6863377e-03  -1.2686835e-02
  -5.1619552e-01   7.6907561e-01  -6.1547364e-01   1.6032664e-02   8.0708195e-03  -1.3016541e-02
  -5.1075756e-01   8.1170933e-01  -6.1773380e-01   1.5700764e-02   8.3834323e-03  -1.2827911e-02
  -4.8225579e-01   8.4368828e-01  -6.0419766e-01   1.5689604e-02   7.5052750e-03  -1.2552544e-02
  -4.9203785e-01   7.2701394e-01  -6.1014352e-01   1.6696546e-02   6.2576733e-03  -1.1225769e-02
  -4.9475662e-01   7.8283671e-01  -5.4616892e-01   1.5636331e-02   8.1869787e-03  -1.2483366e-02
  -4.2554242e-01   7.1814283e-01  -4.6441013e-01   1.5522073e-02   7.5563346e-03  -1.1481028e-02
  -5.0221622e-01   7.2226255e-01  -4.6107403e-01   1.4728532e-02   7.2865653e-03  -1.1926356e-02
  -4.1399474e-01   6.8040727e-01  -4.5089279e-01   1.4656295e-02   6.7852188e-03  -1.0586472e-02
  -4.3849590e-01   6.8302030e-01  -4.2473094e-01   1.5048968e-02   6.7878563e-03  -1.1106403e-02
  -4.5413783e-01   6.9757780e-01  -2.5807229e-01   1.6967274e-02   6.8025377e-03  -1.0254464e-02
  -4.0083098e-01   6.5477120e-01  -5.1405365e-01   1.7565576e-02   8.1166417e-03  -1.0985791e-02
  -3.5691647e-01   6.6125069e-01  -4.7500090e-01   1.5308930e-02   8.2111077e-03  -1.0935787e-02
  -3.7002444e-01   6.6457578e-01  -4.3165303e-01   1.7113790e-02   7.7695131e-03  -1.1121370e-02
  -2.9375947e-01   6.3135216e-01  -4.4683817e-01   1.8178601e-02   6.5202515e-03  -9.7931479e-03
  -2.7618480e-01   5.7981905e-01  -2.5034583e-01   1.7086961e-02   7.0684110e-03  -9.7641937e-03
