   0.0000000e+00   0.0000000e+00   0.0000000e+00   0.0000000e+00   0.0000000e+00   0.0000000e+00
   1.4875579e-01   3.8957222e-03  -4.9449507e-02  -1.3293584e-03  -1.7686775e-03   2.4225808e-04
   1.6193761e-01   3.7173796e-03   1.0665568e-02  -1.5169703e-03  -2.0773932e-03   2.5792255e-04
   1.1093757e-01  -7.6895963e-03   1.0970298e-01  -1.5553429e-03  -1.0900894e-03   2.1246440e-04
   1.3641130e-01  -9.6108720e-03  -1.5582160e-02  -3.3062158e-03  -1.9436133e-03   4.3916014e-04
   1.3126720e-01  -4.0966592e-02  -1.7470718e-01  -2.6928870e-03  -1.5757095e-03   1.6250111e-03
   1.6339254e-01  -6.0389933e-02  -4.0004312e-02  -2.5178569e-03  -7.8294311e-04   1.3313554e-03
   1.6954426e-01  -6.3827550e-02  -1.9613626e-02  -2.4428634e-03  -4.5910808e-04   1.9517114e-03
   1.5072954e-01  -8.6239736e-02  -2.1181517e-02  -2.3279369e-03  -9.4532375e-04   1.6864093e-03
   1.8315343e-01  -3.0512575e-03   6.3552364e-02  -1.7107961e-03  -5.1494475e-04   2.5595682e-03
   1.6620908e-01  -6.2071131e-03   7.3554521e-02  -9.5441948e-04  -2.0198906e-04   1.7767517e-03
   1.6709406e-01  -2.8616866e-02  -2.3762019e-02  -2.3610293e-03  -3.8393411e-04   1.4233249e-03
   2.2601351e-01  -3.9468905e-02  -3.7793290e-02  -1.2265909e-03  -6.4609973e-04   1.9819643e-03
   1.9541850e-01  -7.3478391e-02   3.0823157e-02  -1.8885275e-03  -1.1282481e-03   1.6371415e-03
   1.7622459e-01  -3.5325456e-02   6.5949820e-03  -1.3344877e-03  -9.9298036e-04   1.6868658e-03
   1.6670374e-01  -5.8562922e-02  -9.0568324e-03  -2.5682668e-03  -1.2042258e-03   1.6367603e-03
   1.6411209e-01  -6.9637103e-03  -1.6007599e-02  -2.7480397e-03  -1.4846920e-03   1.7592595e-03
   1.6861587e-01  -3.3368951e-02  -2.8123948e-02  -2.9596272e-03  -1.4197695e-03   1.6277110e-03
   1.6427016e-01  -1.7839359e-02  -8.0573196e-02  -2.0176296e-03  -1.7216507e-03   1.8243917e-03
   1.3397304e-01  -2.9864988e-02  -1.0027283e-01  -1.6283068e-03  -1.1094484e-03   1.2724433e-03
   1.2617393e-01  -9.6377656e-03  -8.3972831e-02  -4.6712094e-03  -1.5208334e-03   9.4776218e-04
   1.3831525e-01  -2.7387726e-02  -7.5814822e-02  -4.0850262e-03  -1.5067712e-03   1.4859161e-03
   1.6135602e-01  -5.3844324e-02  -6.3169606e-02  -3.0569169e-03  -2.3492954e-03   1.0974092e-03
   1.8974858e-01  -3.7346769e-02  -5.8225139e-02  -3.3716398e-03  -3.5197368e-03   1.6216365e-03
   1.9100763e-01  -2.9646492e-02  -7.8492551e-02  -3.7467212e-03  -3.3730969e-03   1.6811127e-03
   2.0913546e-01  -1.6519102e-02  -7.2023631e-02  -3.9745935e-03  -3.7067651e-03   1.8919752e-03
   2.1526962e-01  -8.4330181e-03  -4.7952181e-02  -4.5262068e-03  -3.4771380e-03   2.4299604e-03
   2.2822202e-01  -3.6434030e-02  -2.5546115e-02  -4.3401928e-03  -3.5895868e-03   2.3736616e-03
   2.5467523e-01   8.5453648e-03  -1.4292407e-02  -4.9128074e-03  -2.8842580e-03   3.3356935e-03
   2.2666307e-01  -1.2989647e-02   2.9301118e-02  -5.1175439e-03  -2.7511932e-03   2.2836798e-03
   2.3993853e-01  -2.4413060e-02   3.2394530e-03  -5.0081536e-03  -3.1070689e-03   2.9015115e-03
   2.6585064e-01   7.3598714e-03   1.8059387e-02  -3.7608998e-03  -3.1004267e-03   3.5645288e-03
   2.4953130e-01  -2.0177863e-02   3.4378087e-02  -5.1665588e-03  -3.3970014e-03   2.7573859e-03
   2.7917793e-01   6.3121910e-03  -1.7594319e-02  -3.8682757e-03  -3.3807738e-03   3.4503653e-03
   2.6313103e-01   3.5564627e-02   4.2061950e-02  -4.0154299e-03  -3.4120332e-03   3.0714560e-03
   2.6063644e-01   2.8556257e-02   5.2220316e-02  -3.2654004e-03  -3.5094996e-03   3.0986484e-03
   2.5180722e-01   7.0210746e-02   8.2792426e-02  -5.3685599e-03  -3.1759156e-03   3.2061113e-03
   2.7843268e-01   8.9539870e-02   3.0207237e-02  -4.0351658e-03  -2.9629601e-03   3.5892295e-03
   2.9485549e-01   7.2993081e-02   1.7248708e-01  -5.4824659e-03  -3.1040417e-03   3.1952603e-03
   2.5769379e-01   8.4561759e-02   2.0938097e-01  -3.9272724e-03  -3.3271721e-03   2.7444333e-03
   2.2253107e-01   1.6224043e-01   3.0067425e-01  -4.4699559e-03  -3.1941600e-03   2.2457813e-03
   2.2674708e-01   1.5228568e-01   2.0954547e-01  -3.8356414e-03  -3.1318924e-03   8.7082681e-04
   2.3534322e-01   1.5505992e-01   2.0837587e-01  -4.2969616e-03  -3.4272190e-03   5.3926599e-04
   2.3454990e-01   1.4492519e-01   2.3435823e-01  -4.2160128e-03  -3.1524814e-03   6.8657192e-04
   2.1133356e-01   1.2105273e-01   2.1690870e-01  -4.3963208e-03  -3.5380842e-03  -1.7281986e-04
   2.1976717e-01   1.3048164e-01   2.5982504e-01  -4.5734729e-03  -3.8157305e-03  -1.8482942e-04
   2.1863892e-01   1.3226953e-01   2.2357006e-01  -4.5627968e-03  -3.5631613e-03  -1.7510336e-04
   1.9977342e-01   1.2677764e-01   3.6962955e-01  -5.0988223e-03  -2.9963323e-03  -5.5148046e-04
   2.8568954e-01   4.1625187e-02   3.0971740e-01  -8.9804716e-03  -2.9054052e-03   1.3455525e-03
   2.5254716e-01   1.1051469e-01   1.4216759e-01  -4.3460301e-03  -3.6567703e-03   1.7623631e-03
   1.8128084e-01   1.2833025e-01   3.7694893e-01  -7.9532665e-03  -3.6992160e-03   3.3486125e-04
   2.0117943e-01   2.7343331e-01   5.3496638e-01  -1.2319617e-02  -3.7062066e-03  -1.0538765e-04
   1.4425822e-01   1.7528962e-01   2.9598992e-01  -9.2935598e-03  -4.6197094e-03  -9.5065434e-05
   1.2136150e-01   1.4191704e-01   3.1620927e-01  -9.1165266e-03  -5.0074858e-03  -1.4150138e-03
  -6.9726427e-02   9.8643433e-02  -3.0841297e-01  -9.0659339e-03  -4.0872704e-03  -2.1260475e-03
  -1.0727719e-01   7.7512317e-03  -4.8403276e-01  -1.1245931e-02  -4.1999209e-03  -1.6140923e-03
  -6.6920881e-02  -7.7787759e-02  -2.5678198e-01  -1.1415239e-02  -3.4273529e-03  -1.5734051e-03
  -1.4948269e-01   5.7520527e-02  -2.3633705e-01  -1.1705580e-02  -4.6193629e-03  -1.6975507e-03
  -1.4900549e-01   8.9335053e-02  -2.2458421e-01  -9.5441388e-03  -4.4777903e-03  -1.1396839e-03
  -1.7658711e-01   7.0049235e-02  -1.5738141e-01  -1.0938772e-02  -4.6869601e-03  -1.6821473e-03
  -1.6080221e-01   3.9129617e-02  -1.7803347e-01  -9.6820970e-03  -4.5270735e-03  -1.4571515e-03
  -1.2412927e-01   1.7714818e-02  -2.0504767e-01  -9.4689415e-03  -4.0463600e-03  -6.2280169e-04
  -1.3100212e-01   6.0356614e-02  -7.5776283e-02  -9.1002316e-03  -3.9620406e-03  -1.4106075e-03
  -1.1409164e-01   6.3594753e-02  -4.5054747e-02  -8.9941681e-03  -2.9679695e-03   5.1870138e-04
  -8.4174655e-02   9.5507277e-02  -9.2895162e-02  -8.5450820e-03  -3.1954295e-03   4.0607362e-04
  -1.1779768e-01   7.3061911e-02  -2.0963046e-01  -8.0354182e-03  -4.2498556e-03  -9.7378953e-04
  -9.7726432e-02   9.3169432e-02  -1.9271506e-01  -8.5205189e-03  -4.4584382e-03  -7.7491409e-04
  -6.4392994e-02   6.3700755e-02  -2.2925221e-01  -8.1920565e-03  -4.7796004e-03  -1.4658804e-03
  -6.5912389e-02   1.3511174e-01  -1.8583796e-01  -8.3328825e-03  -5.1507962e-03  -1.1157203e-03
  -1.0300405e-01   1.0722737e-01  -1.7869448e-01  -8.0427212e-03  -5.2862878e-03  -1.7890434e-03
  -1.0118728e-01   1.5706777e-01  -2.2711155e-01  -8.3683831e-03  -5.3879006e-03  -1.3118344e-03
   8.8749117e-02   1.8300662e-01  -1.9408119e-02  -6.5017351e-03  -4.1755297e-03   1.6639905e-03
   5.5896565e-02   7.4947112e-02  -8.0525306e-02  -6.8272314e-03  -4.5692171e-03   5.2241578e-04
   5.3027120e-02   6.8179696e-02  -5.5247678e-02  -8.5328169e-03  -4.9976239e-03   5.6281100e-04
   2.6914954e-02   6.2064579e-02   2.1609845e-02  -7.8017154e-03  -5.4419511e-03   1.4591638e-04
   5.9152609e-02   3.9335615e-02   5.5522197e-03  -7.7864094e-03  -6.8316479e-03  -7.8583423e-05
   5.8539841e-02   2.7541816e-02   8.2099687e-02  -7.4554893e-03  -7.0523168e-03  -1.2401901e-04
   6.6942519e-02   1.1454291e-02   5.5511104e-02  -7.9668601e-03  -7.4840997e-03  -4.8305128e-04
   4.7829979e-02   4.5086806e-02   3.2247181e-02  -7.7001631e-03  -7.3090367e-03  -4.9683777e-04
   4.6104637e-02   2.7070911e-02   6.2785427e-02  -7.4635263e-03  -7.6272353e-03  -6.5358418e-04
   6.4855573e-02   5.3537877e-02   5.9382616e-02  -7.4056889e-03  -7.8479967e-03  -6.6191134e-04
   2.8351453e-02   5.5917205e-02   8.0011078e-02  -8.2943497e-03  -7.5213620e-03  -9.2305959e-04
   9.5661971e-03   6.1839445e-02   9.1453848e-02  -8.5058785e-03  -7.1975141e-03  -6.1927817e-04
   3.6724920e-02   8.5344662e-02   8.8795320e-02  -8.8178689e-03  -7.1635169e-03  -9.1542150e-04
   4.5142677e-02   9.3601109e-02   7.3926453e-02  -8.3001796e-03  -7.2812462e-03  -8.2522022e-04
  -1.4828144e-02   8.2442413e-02   2.0667146e-01  -8.3101847e-03  -6.9543551e-03  -2.0238038e-03
   3.8785492e-02   8.4151166e-02   1.4117272e-01  -7.6123328e-03  -7.1382594e-03  -1.1849328e-03
   5.8395431e-02   8.8619395e-02   9.6523418e-03  -7.6592383e-03  -6.5600217e-03  -5.4766043e-04
   6.9249825e-02   4.5819126e-02  -1.0657121e-01  -7.2940745e-03  -5.5392141e-03  -3.2646972e-04
   9.0364226e-02   3.6646657e-02  -1.2433634e-02  -8.6461523e-03  -6.7733695e-03  -5.2841039e-04
   6.5097849e-02   1.0569960e-01  -1.4351290e-01  -7.6925866e-03  -6.6134595e-03  -1.2312365e-03
   1.6704668e-01   3.9097917e-02  -2.1272755e-01  -7.7281410e-03  -7.6455812e-03   8.2457171e-04
   2.0419666e-01   5.1173377e-02  -9.8101828e-02  -6.8632719e-03  -7.9059158e-03   1.0383388e-03
   1.7051242e-01   9.1225069e-03  -6.3460284e-02  -8.9613761e-03  -8.5102618e-03  -7.0247812e-04
   4.2001309e-02   3.0611671e-01  -1.4576405e-01  -3.4196402e-03  -5.1209090e-03   2.2963533e-03
  -2.3183366e-01   4.7398191e-01  -3.6166469e-01   1.5628628e-03   4.2354459e-04   3.6507582e-03
   1.0945214e-01   1.6516555e-01   9.6587080e-02  -1.9999967e-03  -1.9362643e-03   3.1075042e-03
   1.5285837e-01   1.7010751e-01  -1.1334957e-01   1.8270496e-03  -9.8801033e-04   3.6377704e-03
   2.4924487e-01   1.3098237e-01   1.5443591e-01  -5.7233015e-03  -3.7101470e-03   3.9251646e-03
   1.5914130e-01   1.8258015e-01   1.0706016e-01  -5.4169329e-03  -4.8188314e-03   2.8270697e-03
   5.8931489e-02   1.2226063e-01   1.1620928e-01  -8.7655008e-03  -3.8394149e-03   1.5807231e-03
   1.2390807e-01   1.3424595e-01   1.8607328e-01  -9.9015829e-03  -4.7499417e-03   2.1033907e-03
   8.4605582e-02   1.3921596e-01   2.0535484e-01  -1.0759905e-02  -4.8463063e-03   9.6131747e-04
   1.3289477e-01   9.5323191e-02   1.0749158e-01  -9.5645641e-03  -5.1629848e-03   1.8034964e-03
   1.6754158e-01   1.0972170e-01   1.3022292e-01  -9.4704369e-03  -4.6843362e-03   2.0627034e-03
   1.7187270e-01   9.3093103e-02   1.1796986e-01  -9.9623414e-03  -5.2740846e-03   2.3137311e-03
   1.6995586e-01   1.0836348e-01   2.0751171e-01  -1.0011863e-02  -5.1741182e-03   1.9391795e-03
   1.2743390e-01   1.2309844e-01   2.7150217e-01  -8.9527780e-03  -5.0333436e-03   2.6923570e-03
   1.8165246e-01   1.5236402e-01   3.1083796e-01  -8.0095561e-03  -5.7286614e-03   2.4287993e-03
   2.0164795e-01   1.5566805e-01   1.6079340e-01  -7.9429408e-03  -5.9361982e-03   3.3769021e-03
   2.3950491e-01   1.5443855e-01   4.2408966e-01  -9.8504999e-03  -6.0623848e-03   3.3837983e-03
   4.9634484e-02   6.6602746e-02  -2.9942170e-01  -1.0460314e-02  -5.1450254e-03   3.2852993e-03
   5.0655056e-02   1.2117361e-01   1.5259835e-01  -9.9150423e-03  -4.4751686e-03   2.8719563e-04
   1.5821545e-01   1.1713516e-01   4.6471559e-01  -1.1008080e-02  -5.9775059e-03   1.7319322e-03
   1.4871914e-01   1.3377036e-01   3.2782310e-01  -1.0279438e-02  -6.3387852e-03   1.9314180e-03
  -3.3771860e-02   1.3029924e-01   2.8121925e-01  -9.4609856e-03  -5.1483493e-03   1.0161741e-03
  -9.5963986e-02   1.7278167e-01   2.6884496e-01  -1.1628566e-02  -4.4450164e-03  -1.3269662e-03
  -6.8274371e-02   1.2044544e-01   3.7104425e-01  -1.1719415e-02  -5.0126406e-03  -1.7442465e-03
  -6.7272785e-02   1.4676980e-01   3.9841023e-01  -1.3435778e-02  -5.3620040e-03  -8.7791178e-04
   6.1705235e-02   1.4326577e-01   4.2658334e-01  -1.2362480e-02  -6.4409274e-03   1.3705437e-03
   4.3329720e-02   1.6764953e-01   4.3734836e-01  -1.3298804e-02  -6.6653067e-03   4.4062215e-04
   8.7746090e-02   1.4786154e-01   4.9547196e-01  -1.2513699e-02  -7.1321909e-03   1.3652879e-03
   6.9640142e-02   1.1903212e-01   3.5406950e-01  -1.2386692e-02  -6.2837936e-03   1.1208533e-03
   1.1334783e-01   1.6048516e-01   4.9975610e-01  -1.2990808e-02  -6.3306069e-03   9.7851915e-04
   1.4981436e-01   1.8652405e-01   5.8379535e-01  -1.2658738e-02  -6.5439849e-03   7.1925582e-04
   2.0245445e-01   1.5774173e-01   5.5774632e-01  -1.2777378e-02  -5.5724768e-03   1.0626634e-03
   3.8433609e-02   2.5382578e-01   3.6200037e-01  -1.1728739e-02  -6.9148743e-03   1.8114173e-03
  -8.2046140e-02   2.6800834e-01   3.3771289e-01  -1.2451748e-02  -4.9347734e-03  -7.9595223e-04
   5.7772759e-02   2.4155828e-01   5.8565162e-01  -1.4975600e-02  -6.7168527e-03   9.8235465e-05
   1.2826302e-01   2.5463772e-01   4.5723924e-01  -1.3006634e-02  -5.9737277e-03   8.8203280e-04
   1.0995997e-01   2.5292538e-01   5.9671211e-01  -1.3752150e-02  -6.1533398e-03   3.1788174e-04
   7.2504628e-02   2.6144473e-01   4.0037399e-01  -1.2119711e-02  -5.1060885e-03   2.4439287e-03
   4.0381296e-04   3.4380649e-01   4.2802800e-01  -1.4512736e-02  -5.4451714e-03   3.7948604e-04
   1.3290055e-02   3.7055963e-01   4.9339769e-01  -1.2855508e-02  -4.7325512e-03  -6.9217808e-04
   4.9478644e-02   3.0631542e-01   4.6748079e-01  -1.2312237e-02  -4.7807135e-03  -1.1241689e-04
   7.4143991e-02   3.6028065e-01   4.5676297e-01  -1.2644356e-02  -4.9703219e-03   9.4202226e-04
   2.0872049e-02   2.0401976e-01   1.3504584e-01  -1.1943869e-02  -4.3672349e-03   9.4100585e-04
   5.8299684e-02   2.9670085e-01   1.9921084e-01  -9.8676455e-03  -5.4800739e-03   1.0302529e-03
   9.6441081e-03   3.0401897e-01   2.2303054e-01  -1.0035834e-02  -5.5919655e-03  -2.6044337e-04
   9.1244227e-02   4.0248722e-01   9.3423886e-02  -7.3664539e-03  -7.5587613e-03   2.4913496e-03
  -4.0053922e-04   7.3713015e-01  -3.7314900e-01   1.1739469e-04  -6.7356112e-03   4.3206780e-03
  -1.6306293e-01   8.0210697e-01  -1.3842510e-01  -4.8299179e-03  -7.7814492e-03   1.9210481e-03
  -8.2703830e-02   6.8699682e-01   8.7778621e-02   1.9399520e-03  -5.1879156e-03   2.2633411e-03
  -3.6433689e-02   5.9812570e-01   3.0621739e-01  -9.9701768e-04  -6.0675893e-03   2.1671066e-03
   3.9829127e-02   5.8519377e-01   2.7531127e-01   3.0030186e-04  -6.4746789e-03   3.5172061e-03
  -3.2734691e-02   5.8729598e-01   3.8056440e-01  -2.3120658e-03  -5.7210780e-03   2.0329696e-03
   1.4140051e-02   6.6358224e-01   4.0136826e-01  -1.0887607e-03  -5.5700498e-03   3.0200226e-03
  -3.9652477e-02   5.9464754e-01   3.7617127e-01  -3.4421128e-03  -5.3883495e-03   1.6642344e-03
  -6.5053706e-02   6.1999281e-01   3.9924336e-01  -1.5073975e-03  -4.8833546e-03   1.4123897e-03
  -6.9196997e-02   5.1651293e-01   5.2536887e-01  -6.3517276e-03  -4.6329943e-03   8.9401201e-04
   2.2560778e-02   4.0100603e-01   8.3762592e-01  -1.1975682e-02  -3.8139951e-03   2.4083853e-03
  -6.6927235e-02   5.1238531e-01   6.0729227e-01  -8.0043799e-03  -4.1106443e-03   1.5037287e-03
  -7.2137918e-02   4.7491016e-01   7.5767933e-01  -8.0471028e-03  -4.0463523e-03   1.1679638e-03
  -1.1145580e-01   5.2525936e-01   5.4715534e-01  -9.1251924e-03  -4.3155168e-03   6.2316935e-04
  -8.6828395e-02   4.8406170e-01   8.3036859e-01  -7.5464987e-03  -3.5051131e-03   8.1315390e-04
  -1.8554007e-01   3.1548700e-01  -4.8695683e-01  -9.2063461e-03  -3.6571546e-03   1.2307766e-03
  -2.6507079e-01   2.5484480e-01  -4.1619169e-01  -1.4966473e-02  -4.8325635e-03   1.9042311e-03
  -2.3347184e-01   4.4596445e-01  -5.4579410e-01  -1.6085267e-02  -5.5503742e-03   1.1516380e-03
  -3.8503540e-01   9.4775198e-02  -1.5461603e+00  -1.7907421e-02  -7.2172606e-03   4.6652851e-04
  -2.5831542e-01   2.0961037e-01  -4.7128137e-01  -1.7451785e-02  -6.2599050e-03   1.1815807e-03
  -1.9976279e-01   2.3330389e-01  -5.4499024e-01  -1.6180433e-02  -5.8357364e-03   1.9901963e-03
  -3.0537685e-01   2.4349074e-01  -2.7568254e-01  -1.7238267e-02  -3.7890221e-03   3.2248604e-03
  -3.3704917e-01   2.2221355e-01  -4.4224037e-01  -1.6614664e-02  -4.3686263e-03   2.2955701e-03
  -3.1006366e-01   2.2367909e-01  -3.5051653e-01  -1.5558093e-02  -4.8844685e-03   2.0439505e-03
  -2.9143616e-01   2.2864403e-01  -3.6094101e-01  -1.5231008e-02  -4.8418311e-03   1.1730399e-03
  -3.0401898e-01   1.6846906e-01  -3.4545418e-01  -1.5564280e-02  -5.0586370e-03   1.2975761e-03
  -2.6570915e-01   2.4443411e-01  -3.3169138e-01  -1.5641645e-02  -5.2744136e-03   1.2721962e-03
  -5.7438568e-01   3.7262514e-01  -3.6226958e-01  -1.4181072e-02  -3.1269443e-03   3.7547420e-03
  -5.9214014e-01   3.3112991e-01  -4.1946704e-01  -1.5019588e-02  -3.9033981e-03   2.0719401e-03
  -5.2460830e-01   3.0517786e-01  -2.8943391e-01  -1.3773167e-02  -3.6219459e-03   3.0349803e-03
  -5.5301409e-01   3.5393399e-01  -3.7174688e-01  -1.4898083e-02  -4.1086960e-03   2.4055761e-03
  -5.3315494e-01   3.7697578e-01  -2.4497637e-01  -1.3941328e-02  -3.8041765e-03   2.5809513e-03
  -5.4017480e-01   3.8777101e-01  -2.6311771e-01  -1.4295498e-02  -5.0544283e-03   2.1842451e-03
  -5.2925177e-01   3.7615624e-01  -1.8905512e-01  -1.3975120e-02  -4.6506640e-03   2.1807664e-03
  -4.6318616e-01   3.9759485e-01  -2.0955051e-01  -1.3926478e-02  -5.2829104e-03   2.8347144e-03
  -3.1658021e-01   4.0918888e-01  -1.4940036e-01  -1.4573528e-02  -3.4870895e-03   2.5425131e-03
  -4.8390571e-02  -1.0596119e-01  -1.3087482e+00  -1.4635614e-02   9.1522147e-03   6.5555141e-03
  -9.6068286e-02  -2.5856856e-02  -1.0988938e+00  -1.5609446e-02   4.0037218e-03   4.7447261e-03
  -7.8125661e-02   1.8562788e-02  -8.6491139e-01  -1.5247964e-02   3.1382368e-03   5.4128897e-03
