   0.0000000e+00   0.0000000e+00  -1.3102801e-14  -6.1454975e-17  -6.3052113e-18  -3.8748660e-34
  -1.1640424e-02  -5.0008042e-03  -1.1753318e-02  -9.1042304e-05   9.9102775e-04  -4.9081838e-04
   1.2610714e-03   2.6591961e-03  -9.0863325e-03  -7.7422595e-04   6.4350367e-04  -8.4244078e-04
   9.7321499e-03   6.9926977e-04  -6.7897795e-03  -4.4494164e-04   3.1435190e-04  -3.2033275e-04
   4.6354507e-03  -1.4537837e-02  -5.7123455e-03  -4.5097869e-04   3.7436991e-05  -4.2781549e-04
   9.0004418e-04   6.9389862e-03  -9.7035405e-03   5.6070230e-05   8.1885809e-05  -3.9439156e-04
   7.4796009e-03   9.4479944e-03   3.4594834e-02  -6.9917211e-05   1.5695510e-04  -3.8923224e-04
  -2.0269697e-03  -1.3097058e-02   2.4785435e-02   3.9392806e-04   1.7755791e-04  -4.4373588e-04
   2.9675944e-03  -2.8187149e-03   3.6304175e-02  -1.1499678e-05   5.2747226e-05  -5.3851915e-04
   4.6884042e-03   3.3248825e-02   1.5229605e-02   2.8993725e-06   1.9208081e-05  -6.4414075e-04
  -5.9527307e-03   3.3358039e-02   5.2658615e-02  -4.3512342e-04  -8.5463738e-05  -6.6431056e-04
  -5.0909672e-03   5.2677027e-02   5.3013427e-03   6.6934049e-04   2.1780809e-04  -4.8354383e-04
  -5.1475842e-03   6.4791932e-02   8.5453627e-03   7.7322094e-04   9.7232259e-05  -4.1352953e-04
  -2.7864677e-02   5.3862932e-02   6.8138709e-02  -4.1832530e-04   2.0520923e-04  -7.1397607e-04
  -1.7963353e-02   5.4408594e-02   6.8298414e-02  -6.9603692e-05   2.7301860e-05  -6.5230555e-04
  -2.1108495e-02   5.4944109e-02   8.7768387e-02  -2.5028887e-04  -1.8878928e-04  -1.0359018e-03
  -3.4417193e-02   5.1016495e-02   5.8745901e-02  -3.3164031e-04  -2.6761728e-05  -1.1441826e-03
  -3.7871926e-02   2.6228235e-02   8.6114328e-02  -2.1827958e-04  -1.4128089e-04  -1.1226925e-03
  -3.5691245e-02   6.3654278e-02   4.9141428e-02  -2.1804642e-04  -1.5695954e-04  -1.1463044e-03
  -3.9858850e-02   3.1282546e-02   9.4505599e-02   1.9702002e-04  -6.6581891e-05  -1.0986471e-03
  -3.9366979e-02   5.2481263e-02   6.6290656e-02   2.6818779e-05  -1.4532846e-04  -1.1506581e-03
  -3.9295451e-02   5.0363790e-02   6.0784409e-02   2.8386535e-04  -4.7776689e-04  -1.2879878e-03
  -3.7671699e-02   6.0424709e-02   5.4488347e-02   4.8184667e-04  -8.3557109e-04  -1.1157795e-03
  -5.4152450e-02   4.8500395e-02   7.6571827e-02   3.7384586e-04  -4.4468627e-04  -1.4090301e-03
  -5.5268742e-02   6.2492911e-02   6.8953844e-02   3.0426891e-04  -5.7693096e-04  -1.2194184e-03
  -5.1955520e-02   7.5558998e-02   7.9614882e-02   7.4248158e-04  -3.8613778e-04  -1.3249792e-03
  -5.3127800e-02   8.3857050e-02   3.8057080e-02   7.3730951e-04  -6.3234181e-04  -1.4951917e-03
  -4.1940373e-02   6.7679520e-02   7.6753486e-02   7.4644016e-04  -6.0338461e-04  -1.2371180e-03
  -5.4264445e-02   7.5640990e-02   7.8073165e-02   6.8330139e-04  -7.5570603e-04  -1.1614059e-03
  -5.2824212e-02   7.8478010e-02   1.1305410e-01   1.1259845e-03  -6.1894966e-04  -1.1080263e-03
  -6.0123349e-02   6.7898375e-02   8.9055505e-02   7.6843018e-04  -7.8516921e-04  -1.2850385e-03
  -5.5835383e-02   7.7771525e-02   1.0617440e-01   1.3495111e-03  -5.4414316e-04  -1.2655576e-03
  -5.4073990e-02   1.0394037e-01   5.1195359e-02   3.2813208e-04  -8.9650424e-04  -1.2261956e-03
  -1.9083549e-02   2.8170638e-01   5.6382842e-01   7.2862483e-04   3.3911367e-03  -2.8477025e-03
   5.0924467e-02   1.1347637e-01   1.1152025e-01   2.0216825e-03  -5.3216300e-04  -1.3497644e-03
   2.4608434e-02   1.2147015e-01  -1.5253346e-02   1.2506889e-03  -2.5197824e-03  -1.8777345e-04
   7.4026040e-03   1.0628623e-01   1.0037027e-01   2.1138658e-03  -1.8632461e-03  -3.6485096e-04
  -2.5252791e-03   8.0363319e-02   1.0701004e-01   1.7431478e-03  -2.2401702e-03  -1.1403849e-04
  -5.6479490e-03   9.3075283e-02   1.5410764e-01   2.1518047e-03  -2.0277784e-03  -7.6015123e-05
  -6.1110668e-03   9.3272774e-02   1.2139717e-01   1.7579720e-03  -2.2776158e-03   1.0787401e-04
  -1.7307996e-02   8.9004766e-02   1.8690224e-01   2.4076838e-03  -2.0672156e-03  -4.6458904e-04
  -2.1797387e-02   1.0317910e-01   1.4370812e-01   1.8637056e-03  -2.2111523e-03  -4.6495331e-04
  -1.2829980e-02   1.3109365e-01   1.2089519e-01   1.6007062e-03  -2.2991772e-03  -2.2485943e-04
  -1.2961733e-02   1.4720971e-01   9.8276138e-02   1.6064003e-03  -2.6378753e-03  -2.6334012e-04
  -2.1161318e-02   1.3951070e-01   1.0264694e-01   2.0104522e-03  -2.4426569e-03  -1.9929589e-04
  -3.0304956e-02   1.4716127e-01   1.4719812e-01   1.8978478e-03  -2.3613164e-03  -2.5965514e-04
  -2.3721957e-02   1.3219344e-01   1.6363754e-01   2.2486565e-03  -2.3519512e-03  -1.7135702e-04
  -3.0449796e-02   1.4279982e-01   1.7607816e-01   1.9709734e-03  -2.4033496e-03  -2.8216495e-04
  -2.3252095e-02   1.5009683e-01   1.5419309e-01   2.3971788e-03  -2.5014688e-03  -3.9183974e-04
  -2.8398713e-02   1.4913087e-01   1.7852822e-01   2.1777608e-03  -2.1792712e-03  -4.8067664e-04
  -1.9307581e-02   1.8459605e-01   1.4331379e-01   2.1829150e-03  -2.5125261e-03  -3.5940445e-04
  -2.2792383e-02   1.8868435e-01   1.5360553e-01   2.0385576e-03  -2.3377957e-03  -4.5520468e-04
  -3.0331882e-02   1.9506822e-01   1.4023758e-01   2.1895181e-03  -2.4097931e-03  -5.2352063e-04
  -2.9167736e-02   1.7794787e-01   2.0764316e-01   1.6623967e-03  -2.2859552e-03  -3.6553613e-04
  -3.0110938e-02   1.8629690e-01   1.7280334e-01   1.9791957e-03  -2.4948108e-03  -3.8550653e-04
  -3.9304223e-02   1.8596738e-01   2.3164525e-01   1.5080370e-03  -2.0329524e-03  -5.4764323e-04
  -3.0603696e-02   2.0984445e-01   1.3929215e-01   2.2227936e-03  -2.8559553e-03  -3.8749327e-04
  -3.3871488e-02   2.2168327e-01   5.1473104e-01  -2.9982788e-04   6.1607085e-04  -5.7601350e-04
  -1.3983087e-02   3.5218182e-01   6.1454170e-01   6.2730913e-05   3.4151745e-03  -7.5901051e-04
   3.0487814e-02   1.7196082e-01   8.0138470e-02   3.0801417e-03  -1.0930441e-03  -3.0924703e-04
  -2.5263827e-02   1.7490851e-01   1.8252158e-01   1.2497596e-03  -6.2305372e-04  -5.1621487e-04
  -2.3958934e-02   1.7103269e-01   1.5803152e-01   2.1167796e-03  -1.2870415e-03  -2.3318398e-04
  -4.7840786e-02   1.6475185e-01   2.4120443e-01   1.3816449e-03  -7.8710119e-04  -6.6195104e-04
  -2.4757887e-02   1.9017103e-01   2.4758425e-01   1.7188118e-03  -9.9277952e-04  -5.0076811e-04
  -2.1619832e-02   1.8468587e-01   2.3669807e-01   1.3117390e-03  -8.7846230e-04  -3.5467236e-04
  -3.8045492e-02   1.8755527e-01   1.9850792e-01   1.5939511e-03  -6.5341050e-04  -7.2882579e-04
  -2.9229067e-02   1.7336836e-01   2.3067690e-01   1.1561152e-03  -9.8565242e-04  -5.0863989e-04
  -3.4508274e-02   2.0506157e-01   2.0726055e-01   1.4921932e-03  -9.5141428e-04  -7.2607447e-04
  -3.3158725e-02   1.9658497e-01   2.3744148e-01   1.3725667e-03  -1.0136888e-03  -4.2432809e-04
  -3.3348295e-02   1.7681740e-01   2.2622791e-01   1.9482992e-03  -1.2302827e-03  -5.3035093e-04
  -4.8490741e-02   1.8184133e-01   2.4592316e-01   1.9521172e-03  -9.1441854e-04  -7.1971310e-04
  -4.3618762e-02   1.7989607e-01   2.4262968e-01   2.1466995e-03  -1.1807841e-03  -7.2453480e-04
  -4.2728615e-02   1.9154933e-01   2.4234445e-01   1.9963187e-03  -1.0746565e-03  -6.4685597e-04
  -4.6141959e-02   2.0501249e-01   2.3290872e-01   2.0638411e-03  -1.0095547e-03  -6.3254829e-04
  -4.9740695e-02   1.8758521e-01   2.7972710e-01   1.7380294e-03  -9.8515421e-04  -6.6759476e-04
  -4.5751275e-02   2.2290465e-01   2.4857033e-01   1.7247342e-03  -1.0217608e-03  -7.0050230e-04
  -4.5857099e-02   2.0911991e-01   2.8186748e-01   1.5610726e-03  -1.0275056e-03  -7.1429877e-04
  -5.1997226e-02   2.0674424e-01   2.6507268e-01   2.2085566e-03  -9.8198847e-04  -6.9515695e-04
  -4.9246488e-02   1.9970974e-01   2.7584919e-01   2.4223011e-03  -8.5324691e-04  -4.7537932e-04
  -5.4927538e-02   2.0612644e-01   2.7498792e-01   2.5944938e-03  -8.6962512e-04  -5.5652026e-04
  -5.1493930e-02   2.2334857e-01   2.8270852e-01   2.3966502e-03  -8.0885658e-04  -4.2477218e-04
  -5.6655512e-02   2.1396551e-01   2.9634731e-01   2.6605455e-03  -9.0598816e-04  -3.0653712e-04
  -5.5292294e-02   2.3182498e-01   2.9280319e-01   2.5991983e-03  -8.9019706e-04  -3.1256671e-04
  -5.4494572e-02   2.3625631e-01   2.7984741e-01   2.7232563e-03  -9.6913911e-04  -2.1127776e-04
  -5.4511819e-02   2.3316866e-01   2.9161690e-01   2.8338725e-03  -8.4422440e-04  -1.7155935e-04
  -6.4397747e-02   2.2927933e-01   2.8571166e-01   2.7790819e-03  -8.8920131e-04  -2.7005542e-04
  -6.1577164e-02   2.4367736e-01   2.6935922e-01   2.9382911e-03  -9.0747636e-04  -3.0120579e-04
  -5.8821730e-02   2.6768057e-01   2.8440091e-01   2.5674689e-03  -1.1418983e-03  -3.5059660e-04
  -6.5675020e-02   2.8098161e-01   2.8696668e-01   2.2222715e-03  -8.6413164e-04  -5.0797022e-04
  -6.5049141e-02   2.7855705e-01   3.0642044e-01   2.3143512e-03  -9.9855771e-04  -4.8936888e-04
  -7.1341242e-02   2.9507756e-01   3.0002025e-01   2.5975490e-03  -6.2276889e-04  -1.0659381e-04
  -7.0196326e-02   2.8464866e-01   2.9576278e-01   2.5670896e-03  -9.0171700e-04  -6.0317091e-04
  -6.6777566e-02   2.8155679e-01   2.8069024e-01   2.2311188e-03  -8.7889574e-04  -6.5973766e-04
  -6.9298918e-02   2.8197826e-01   2.8452680e-01   2.4551178e-03  -1.0023898e-03  -6.1047053e-04
  -7.1989068e-02   2.8221997e-01   2.8076047e-01   2.3074665e-03  -7.5962989e-04  -6.7166603e-04
  -8.4062981e-02   2.6538652e-01   2.9900968e-01   2.4839431e-03  -9.8912821e-04  -8.1538712e-04
  -6.9554139e-02   2.7730156e-01   3.0220096e-01   2.3170682e-03  -8.9611530e-04  -5.0180280e-04
  -8.3151899e-02   2.6989447e-01   2.8692955e-01   3.3901028e-03  -1.2803797e-03  -6.4606401e-04
  -9.5672538e-02   4.3032393e-01   2.9703727e-01   3.0080205e-03   1.1465155e-03  -3.6565911e-03
  -8.8758002e-02   2.9093072e-01   3.8940081e-02   3.6022722e-03   4.9018530e-04  -3.0603382e-03
  -8.9231034e-02   2.8906455e-01   1.0540041e-01   3.8397710e-03  -9.6755638e-04  -2.4295082e-03
  -9.5511213e-02   2.8921173e-01   1.5386546e-01   4.3192760e-03  -7.2066999e-04  -2.5737841e-03
  -8.7215322e-02   2.8964664e-01   1.4864428e-01   4.0210945e-03  -9.7304876e-04  -2.5568629e-03
  -1.0020976e-01   2.7771537e-01   1.7799702e-01   3.9191403e-03  -8.0684749e-04  -2.9005848e-03
  -8.8458165e-02   3.0289217e-01   1.6084941e-01   4.2863500e-03  -9.5852466e-04  -2.7727779e-03
  -1.0977211e-01   2.9624095e-01   1.9074618e-01   4.2918780e-03  -1.0412626e-03  -2.6151407e-03
  -1.1117448e-01   3.1145931e-01   1.7766151e-01   4.5798428e-03  -1.2504850e-03  -2.7780428e-03
  -1.1191041e-01   2.9435647e-01   2.1394949e-01   4.3829068e-03  -1.0489613e-03  -2.8783747e-03
  -1.2388531e-01   2.8693063e-01   2.0181379e-01   4.7666976e-03  -1.2646458e-03  -2.8842316e-03
  -1.2658086e-01   2.8309774e-01   2.1981352e-01   4.8445717e-03  -1.1311187e-03  -2.7724009e-03
  -1.2634413e-01   2.8220216e-01   2.1062157e-01   5.4500688e-03  -1.2738993e-03  -2.5754311e-03
  -1.2460328e-01   2.9265815e-01   2.1640424e-01   5.2911202e-03  -1.2081452e-03  -2.7118939e-03
  -1.2808137e-01   3.0098413e-01   2.2039621e-01   5.4117847e-03  -1.2106702e-03  -2.8299845e-03
  -1.2033158e-01   3.0062170e-01   2.2608420e-01   5.3998374e-03  -1.1666251e-03  -2.6812339e-03
  -1.2858552e-01   3.1350447e-01   2.2807792e-01   5.6391994e-03  -1.2600975e-03  -2.7443806e-03
  -1.1479472e-01   3.2546580e-01   2.2505301e-01   5.5019240e-03  -1.3182423e-03  -2.7088585e-03
  -1.4123820e-01   3.3716727e-01   2.3270794e-01   5.2415130e-03  -1.4156420e-03  -2.7150477e-03
  -1.4062125e-01   3.4977163e-01   2.4549692e-01   5.2861586e-03  -1.1978303e-03  -2.8967909e-03
  -1.3728672e-01   3.4993036e-01   2.4069690e-01   5.0261267e-03  -1.4087369e-03  -2.8421894e-03
  -1.4450892e-01   3.4158394e-01   2.4020418e-01   5.3033393e-03  -1.1423926e-03  -3.0305429e-03
  -1.3230494e-01   3.2709497e-01   2.4654111e-01   5.4525939e-03  -1.4353331e-03  -2.7247208e-03
  -1.4678242e-01   3.2166345e-01   2.6541362e-01   5.6031535e-03  -1.2685333e-03  -2.9788261e-03
  -1.4127886e-01   3.5128159e-01   2.5309185e-01   5.2891661e-03  -1.4413855e-03  -2.7999617e-03
  -1.4658052e-01   3.4046936e-01   2.7970762e-01   5.5637812e-03  -1.2289174e-03  -3.0014158e-03
  -1.5207562e-01   3.6309077e-01   2.2715059e-01   5.6642119e-03  -1.5031661e-03  -3.0119360e-03
  -1.3751192e-01   3.2114705e-01   2.7885658e-01   5.7124854e-03  -1.3225488e-03  -3.0558866e-03
  -1.4532309e-01   3.7083036e-01   2.0070555e-01   5.2444307e-03  -1.6849522e-03  -2.7837255e-03
  -6.7315974e-02   4.8581281e-01   5.4071193e-01   4.4964296e-03   3.2090150e-03  -4.9266042e-03
  -2.4756587e-02   3.4103553e-01   2.1986304e-01   5.2490681e-03   1.6662120e-04  -3.7542861e-03
  -3.3366815e-02   3.2729411e-01   8.4872930e-02   4.8458818e-03  -1.9820272e-03  -2.4067422e-03
  -6.1097097e-02   3.0813302e-01   1.7689051e-01   6.0211012e-03  -1.1321314e-03  -2.6614399e-03
  -6.3516360e-02   3.1077854e-01   1.5480550e-01   5.2576134e-03  -2.0726183e-03  -2.5885385e-03
  -7.1717398e-02   2.9910329e-01   1.6034715e-01   6.3117715e-03  -1.6346019e-03  -2.5434907e-03
  -7.3288948e-02   2.9835653e-01   1.2298902e-01   6.2447919e-03  -1.7257261e-03  -2.4730643e-03
  -9.6196018e-02   3.0071932e-01   2.2137995e-01   5.3804048e-03  -1.6669504e-03  -2.9977375e-03
  -1.1220507e-01   3.1527763e-01   1.8383251e-01   5.5939002e-03  -1.1303511e-03  -3.4238792e-03
  -1.4287248e-01   3.0679807e-01   2.2619661e-01   5.2817003e-03  -3.7328326e-04  -3.7975119e-03
  -1.5510037e-01   3.4412375e-01   2.0144889e-01   5.2898773e-03  -5.0220522e-04  -4.1018847e-03
  -1.4459469e-01   3.2901748e-01   2.1958578e-01   5.5813025e-03  -4.6423386e-04  -3.9304252e-03
  -1.4541340e-01   3.2297860e-01   2.3899972e-01   5.9222040e-03  -5.3258287e-04  -3.7074358e-03
  -1.5681653e-01   3.0511626e-01   2.6275595e-01   6.5122296e-03  -4.2863824e-04  -3.7196213e-03
  -1.5057789e-01   3.1375574e-01   2.4888095e-01   6.1647549e-03  -6.6109486e-04  -3.8483068e-03
  -1.5128121e-01   3.1591511e-01   2.7794515e-01   6.5821147e-03  -4.5229210e-04  -3.8851458e-03
  -1.4757902e-01   3.3980848e-01   2.4708322e-01   6.5475430e-03  -6.2459364e-04  -3.9221616e-03
  -1.4268520e-01   3.3091408e-01   2.7107418e-01   6.5169379e-03  -2.4845947e-04  -4.1265028e-03
  -1.2283654e-01   3.4394080e-01   2.5092004e-01   6.9458115e-03  -7.3061762e-04  -3.6066942e-03
  -1.3452702e-01   3.3911078e-01   2.5906236e-01   7.1623999e-03  -6.6309252e-04  -3.4866485e-03
  -1.3511197e-01   3.4098956e-01   2.8389592e-01   6.8481858e-03  -6.4160556e-04  -3.7673653e-03
  -1.3516031e-01   3.4791781e-01   2.9175611e-01   7.1770738e-03  -5.3657725e-04  -3.8979356e-03
  -1.1438890e-01   3.5205233e-01   2.9531963e-01   6.8645164e-03  -8.3149833e-04  -3.6298744e-03
  -8.8841029e-02   3.6219852e-01   2.7786120e-01   7.1646081e-03  -5.7164343e-04  -3.7198412e-03
  -8.2192831e-02   3.6196558e-01   2.4052982e-01   7.2599384e-03  -1.0756667e-03  -3.5764069e-03
  -9.9860777e-02   3.7587826e-01   2.5923907e-01   7.4568698e-03  -1.0314770e-03  -3.4659443e-03
  -9.7982248e-02   3.7720567e-01   2.8331001e-01   7.4399605e-03  -1.1233046e-03  -3.3171650e-03
  -1.1196307e-01   3.5107155e-01   3.1058093e-01   7.6081892e-03  -4.1427699e-04  -3.7333429e-03
  -1.1802601e-01   3.3961500e-01   3.0403651e-01   7.8515336e-03  -6.3626966e-04  -3.5605508e-03
  -1.2055590e-01   3.4589451e-01   3.5478082e-01   7.6283675e-03  -3.4628865e-04  -3.8241078e-03
  -1.1900462e-01   3.5014833e-01   3.3167053e-01   7.4130160e-03  -5.3083191e-04  -3.8322595e-03
  -1.0852519e-01   3.6902557e-01   2.8025284e-01   7.5551525e-03  -5.6468836e-04  -3.9349769e-03
  -1.0757453e-01   3.6234120e-01   3.1539666e-01   7.8575644e-03  -5.4695838e-04  -3.7190856e-03
  -1.3753351e-01   3.7025235e-01   3.3326657e-01   7.3646944e-03  -4.9013152e-04  -3.9874279e-03
  -1.2490751e-01   3.6945195e-01   2.7926578e-01   8.2443837e-03  -3.0967298e-04  -3.9459229e-03
  -1.0693717e-01   3.5718318e-01   2.6858613e-01   8.0704371e-03  -7.1178385e-04  -3.5934404e-03
  -1.3010816e-01   3.8139766e-01   3.0789781e-01   7.4496725e-03  -6.8873612e-04  -3.9359330e-03
  -1.2680136e-01   3.8633591e-01   3.0232826e-01   7.5050482e-03  -7.0941395e-04  -3.7103553e-03
  -1.2218200e-01   3.9875311e-01   2.8697224e-01   6.9420332e-03  -7.2700992e-04  -3.7532158e-03
  -1.2251827e-01   3.9960513e-01   2.7640055e-01   8.3207856e-03  -5.4526808e-04  -3.4380445e-03
  -9.6234857e-02   4.0789681e-01   2.3882235e-01   8.2791816e-03  -7.2609763e-04  -3.3201247e-03
  -1.1204732e-01   3.8965247e-01   2.8924934e-01   7.8394354e-03  -6.6456898e-04  -3.3978653e-03
  -9.5995648e-02   4.0479320e-01   2.8581494e-01   7.8602407e-03  -6.0654271e-04  -3.1139545e-03
  -1.0161072e-01   4.0437401e-01   2.7717061e-01   7.7404660e-03  -6.0334774e-04  -3.2225178e-03
  -8.4781066e-02   4.1797539e-01   2.6303068e-01   7.6887346e-03  -7.4611986e-04  -3.0593377e-03
  -1.0461791e-01   4.0024139e-01   2.7279673e-01   7.7822869e-03  -5.6693356e-04  -3.1890277e-03
  -1.0112276e-01   4.0681211e-01   2.7987554e-01   7.3535075e-03  -6.1293830e-04  -3.3088421e-03
  -1.1111283e-01   4.2516393e-01   2.6360356e-01   7.5034663e-03  -6.7561906e-04  -3.4495642e-03
  -1.2116970e-01   4.1394880e-01   2.6990494e-01   8.0009571e-03  -4.5452346e-04  -3.3054161e-03
  -1.2191892e-01   4.1141212e-01   2.8760977e-01   7.5097059e-03  -6.4759535e-04  -3.2833384e-03
  -1.1596232e-01   4.1689529e-01   2.6035076e-01   7.8735384e-03  -6.6146392e-04  -3.2734880e-03
  -1.1461491e-01   4.1623289e-01   2.8541383e-01   7.5542654e-03  -6.2451093e-04  -3.3443543e-03
