   0.0000000e+00   0.0000000e+00  -7.1054274e-15   0.0000000e+00   0.0000000e+00   0.0000000e+00
   8.6771920e-03   2.8487038e-02   7.4120967e-02  -2.1292882e-03  -3.9299408e-04   3.0392925e-04
  -2.3940336e-02   5.2478067e-02   1.0287861e-01  -2.7438857e-03  -6.8605839e-04  -1.3485571e-04
  -2.4022460e-02   5.2398384e-02   1.1478821e-01  -3.0528322e-03  -5.8047479e-04  -1.5333536e-04
  -2.9815553e-02   7.4626104e-02   1.1443337e-01  -3.7803766e-03  -4.0389440e-04  -1.2627779e-04
  -6.3320337e-02   1.0309300e-01   1.2376388e-01  -3.3164811e-03  -3.2567288e-04  -2.1020915e-05
  -5.1538797e-02   5.5849698e-02   1.2794584e-01  -3.8008547e-03  -2.2512262e-04  -6.5544972e-04
  -3.7975077e-02   5.5049459e-02   7.8415237e-03  -3.6192257e-03  -8.1657696e-04  -4.7548910e-04
  -1.0880335e-03   6.2460945e-02  -8.5170843e-02  -3.7621172e-03  -1.5761010e-03  -2.1957041e-04
  -1.3048467e-02   5.1920845e-02  -1.3931301e-01  -4.1283295e-03  -5.1440500e-04   7.6852637e-04
   4.0157232e-02   8.0218290e-02  -2.1280594e-01  -4.3578429e-03  -7.8761818e-04   9.6694080e-04
   3.3868390e-02   4.8910142e-02  -6.6191560e-02  -4.1173211e-03  -2.5346732e-04   1.0461826e-03
   8.9935617e-02   6.3292790e-02  -1.2074789e-01  -3.9884592e-03  -8.2685100e-04   1.2595500e-03
   9.5119428e-02   4.7978431e-02  -9.5978605e-02  -4.5699021e-03  -1.3863484e-03   6.3655737e-04
   9.9301065e-02   5.0717507e-02  -1.3389615e-01  -4.5251630e-03  -1.3022223e-03   8.2659551e-04
   1.0966751e-01   7.5554271e-02  -6.7667539e-02  -4.9473431e-03  -1.5108227e-03   7.0630852e-04
   4.8584021e-02   1.3361724e-01  -3.0111203e-02  -5.3076116e-03  -1.2341872e-03   4.3809691e-04
   5.2134389e-02   1.0404235e-01  -7.6878122e-02  -3.9635323e-03  -1.4198135e-03   8.3368929e-04
   1.3200102e-02   8.5910022e-02  -1.1995021e-01  -4.0698811e-03  -7.0662704e-04   1.8505791e-04
  -7.0780198e-02   1.2034851e-01   7.5943062e-02  -3.3456162e-03  -3.5343905e-04  -7.6212382e-04
  -1.4542974e-01   1.1254849e-01   5.2875296e-02  -2.4288218e-03   7.4931530e-04  -6.7297407e-04
  -1.5488177e-01   2.1076636e-01   1.2906031e-01  -4.2711896e-03   2.9498928e-04  -1.4247192e-03
  -9.3253061e-02   1.2479823e-01  -1.0571468e-02  -3.0988356e-03   1.2579580e-04  -7.8474319e-04
  -9.7806782e-02   1.0250141e-01  -3.2689283e-02  -4.6575092e-03  -1.4387750e-04  -2.2197025e-04
  -1.1364185e-01   1.1886378e-01  -1.1666985e-01  -3.9565402e-03   2.1373074e-04  -1.8736682e-04
  -1.3311110e-01   1.2254573e-01   1.1752062e-01  -3.1065674e-03  -3.8110807e-04  -4.8451384e-04
  -1.6336221e-01   9.6121026e-02   1.2134045e-01  -3.6689024e-03  -1.2554498e-04  -5.7810857e-04
  -1.3741960e-01   1.4094726e-01   4.5119816e-01  -3.2460445e-03  -8.3871400e-04  -1.0554858e-06
  -1.4404627e-01   1.1980960e-01   4.8558983e-01  -3.4721387e-03  -1.7057359e-03  -2.9989293e-04
  -1.1597194e-01   1.2558730e-01   2.6042137e-01  -3.2286088e-03  -2.1349463e-03  -8.9521202e-04
  -1.2371315e-01   1.4101834e-01   3.9090810e-01  -3.4259816e-03  -1.8795229e-03  -1.0357844e-03
  -1.2452504e-01   1.5192948e-01   3.2077828e-01  -4.2347227e-03  -2.1887352e-03  -1.5639035e-03
  -1.3206160e-01   2.2943667e-01   3.8810916e-01  -2.7413306e-03  -2.3473516e-03  -1.6646087e-03
  -1.5469089e-01   1.9571564e-01   2.9592647e-01  -1.9778640e-03  -2.1876113e-03  -1.3007215e-03
  -1.0982216e-01   2.2088839e-01   2.9459749e-01  -4.2678387e-03  -2.5520425e-03  -1.4357058e-03
  -6.8762142e-02   2.0004655e-01   2.1515879e-01  -3.4219465e-03  -3.2892726e-03  -9.6026358e-04
  -7.9311727e-02   2.2070543e-01   2.0975409e-01  -3.5761478e-03  -3.4648966e-03  -1.3826494e-03
  -9.8545495e-02   2.3472792e-01   2.9276114e-01  -2.0924811e-03  -3.7040968e-03  -1.4059640e-03
  -1.0512130e-01   2.0938483e-01   3.3624073e-01  -2.6842797e-03  -3.9423079e-03  -1.3585027e-03
  -1.1949083e-01   1.9282023e-01   2.0140244e-01  -1.5488813e-03  -3.4836750e-03  -1.7931302e-03
  -1.3747076e-01   2.7624338e-01   3.3831167e-01  -2.4576859e-03  -3.0524295e-03  -1.6683485e-03
  -1.5961578e-01   2.8581941e-01   2.9908985e-01  -2.0695450e-03  -3.1741532e-03  -1.6955337e-03
  -1.7472422e-01   2.9565587e-01   3.5354245e-01  -3.4790130e-03  -3.0512809e-03  -1.8308816e-03
  -1.3719317e-01   2.8540297e-01   3.2016617e-01  -1.9991036e-03  -2.5867759e-03  -1.4675784e-03
  -1.2878110e-01   2.2075449e-01   2.4120752e-01  -3.2090069e-03  -3.6886018e-03  -1.2818949e-03
  -1.5382242e-01   3.0867080e-01   3.0248875e-01  -3.3485969e-03  -3.7195312e-03  -1.7005037e-03
  -1.2798284e-01   2.4059664e-01   2.1139441e-01  -2.6551634e-03  -3.6753598e-03  -1.3992201e-03
  -1.6519996e-01   1.7285639e-01  -1.0709533e-01  -2.3868140e-03  -2.9775002e-03  -9.3534691e-04
  -1.5446697e-01   1.9202670e-01   4.5123238e-02  -2.9929872e-03  -3.9104549e-03  -1.1083194e-03
  -1.7415236e-01   3.5641636e-01   3.0975027e-01  -1.8372619e-03  -3.5880719e-03  -1.5637675e-03
  -1.7592016e-01   3.2598903e-01   3.0264699e-01  -6.8383972e-04  -3.7034477e-03  -1.8027529e-03
  -1.7869987e-01   3.5343785e-01   3.0985788e-01  -1.0754421e-03  -3.2192030e-03  -1.7363466e-03
  -1.6570055e-01   3.4256257e-01   3.4345766e-01  -1.7956906e-03  -3.0882966e-03  -1.6960719e-03
  -1.8479612e-01   3.9809897e-01   4.0638599e-01  -1.7686508e-03  -2.8808395e-03  -1.8895723e-03
  -1.7739425e-01   4.4023357e-01   4.3019999e-01  -7.2393297e-04  -3.2211343e-03  -2.5170308e-03
  -1.9109045e-01   4.5595766e-01   3.5552281e-01  -1.2146971e-03  -3.0729502e-03  -2.0246841e-03
  -2.1545051e-01   5.1813220e-01   3.7156397e-01  -6.0459905e-04  -2.3777465e-03  -2.1556161e-03
  -2.9164813e-01   4.7261165e-01   3.4331727e-01   3.4713482e-04   1.3332529e-03  -9.1447281e-07
  -2.3726575e-01   4.5737134e-01   3.8158639e-01  -1.0624664e-03  -2.4046023e-04  -1.0640252e-03
  -2.1996662e-01   4.0430074e-01   1.6104625e-01  -1.4930101e-03  -1.4845049e-03  -4.6767299e-04
  -1.7897223e-01   3.7957458e-01   2.0599976e-01  -2.4511909e-03  -1.8655110e-03  -3.1299444e-04
  -3.0099482e-01   4.4829342e-01   3.9857798e-01  -3.0973944e-03  -2.8344844e-03  -1.3873740e-03
  -2.6384430e-01   2.7479247e-01   2.9883971e-01  -1.9643959e-03  -2.6690285e-03  -6.5420800e-04
  -2.3854853e-01   3.4594960e-01   2.5738696e-01  -2.9113959e-03  -2.5302325e-03  -9.1049191e-04
  -2.2867111e-01   3.0169192e-01   4.6756269e-01  -1.6319785e-03  -2.4041761e-03  -1.3621950e-03
  -4.7816767e-01   3.7299665e-01   8.4070136e-01  -2.0288749e-03  -4.2611265e-03  -2.9506984e-03
  -5.6913877e-01   4.1683130e-01   8.6863281e-01  -1.4959332e-03  -5.1034840e-03  -3.4936750e-03
  -5.5122926e-01   4.4943074e-01   7.7614816e-01  -6.8965315e-04  -6.1443281e-03  -4.3144108e-03
  -5.7718667e-01   5.4603865e-01   6.2594811e-01  -5.9684524e-04  -7.1669798e-03  -2.8017079e-03
  -6.0566704e-01   5.0516241e-01   6.3194390e-01  -1.0004640e-03  -6.6637321e-03  -2.7220479e-03
  -5.4695926e-01   4.4978440e-01   5.2950513e-01  -1.5366720e-03  -7.4401160e-03  -2.6528367e-03
  -5.5307704e-01   3.5032953e-01   2.9362409e-01  -2.5084149e-03  -5.8278448e-03  -3.0996908e-03
  -5.4539792e-01   3.0254758e-01   3.4870014e-02  -2.0939404e-03  -6.3646832e-03  -2.8985437e-03
  -5.7265190e-01   2.6480298e-01   1.4820437e-01  -2.0590569e-03  -7.0161477e-03  -3.3128914e-03
  -5.5667586e-01   2.7088630e-01   2.1149932e-01  -2.6050871e-03  -6.8138562e-03  -3.4262993e-03
  -5.2464837e-01   2.6306768e-01   2.9941806e-01  -2.7856196e-03  -6.8535804e-03  -3.4003600e-03
  -5.5736697e-01   3.3270482e-01   2.9057491e-01  -2.2936835e-03  -7.2554033e-03  -3.6198970e-03
  -5.7055998e-01   2.6349323e-01   2.7466670e-01  -1.2463246e-03  -7.5611852e-03  -4.0430505e-03
  -6.2217558e-01   5.3825516e-01   5.0374984e-01  -5.4529269e-04  -7.4959437e-03  -4.7540362e-03
  -6.2342118e-01   5.6001132e-01   4.7669652e-01   2.3253462e-03  -8.0704652e-03  -4.9871037e-03
  -5.9962874e-01   3.8677475e-01   2.6603429e-01  -2.3643356e-04  -8.3982331e-03  -5.0869955e-03
  -5.8801545e-01   4.9270626e-01   3.5308226e-01   1.7086138e-04  -8.1330314e-03  -4.9824663e-03
  -5.9503633e-01   4.7186563e-01   3.4488202e-01   7.1221677e-04  -7.8956931e-03  -4.8763480e-03
  -5.9699133e-01   4.5152385e-01   3.5526870e-01  -1.2176303e-03  -7.9979955e-03  -5.3693200e-03
  -5.5232415e-01   3.7729562e-01   2.4056850e-01  -2.4459191e-03  -8.9054452e-03  -5.1206998e-03
  -5.2960059e-01   3.6925291e-01   1.9019213e-01  -2.0701455e-03  -9.2356588e-03  -5.2101693e-03
  -5.1934211e-01   3.3948949e-01   1.8804715e-01  -2.0551407e-03  -9.3463944e-03  -4.8909180e-03
  -5.2169387e-01   3.3265570e-01   2.0100177e-01  -1.8002126e-03  -9.3634197e-03  -5.1454840e-03
  -5.5313442e-01   3.6696341e-01   2.6431847e-01  -1.6828183e-03  -8.8618191e-03  -4.8296236e-03
  -5.7148838e-01   3.6257855e-01   2.5118365e-01  -1.6219192e-03  -9.1089669e-03  -4.9916463e-03
  -5.8914080e-01   4.7499599e-01   3.5921137e-01  -1.7439302e-03  -9.0834663e-03  -5.3700913e-03
  -5.9861887e-01   4.4861488e-01   3.3100943e-01  -2.0336948e-03  -8.8429326e-03  -5.4599943e-03
  -6.3636485e-01   4.9869762e-01   3.3105995e-01  -9.5128821e-04  -8.3099891e-03  -5.3744008e-03
  -6.3109526e-01   4.5807127e-01   2.5591573e-01  -1.0509514e-03  -8.8361900e-03  -5.5690899e-03
  -5.8464854e-01   4.3114032e-01   1.3476039e-01  -1.1631296e-03  -9.6208160e-03  -5.8450575e-03
  -5.8362682e-01   4.5025838e-01   1.7814231e-01  -1.3386895e-03  -1.0009756e-02  -5.4844307e-03
  -5.8072777e-01   4.2906815e-01   1.7863029e-01  -1.7082217e-03  -9.8881631e-03  -5.2061584e-03
  -5.9621905e-01   3.8434336e-01   2.5709738e-01  -1.6124612e-03  -9.7625927e-03  -5.3589449e-03
  -5.4972895e-01   3.5965695e-01   2.1264862e-01  -1.9822131e-03  -9.3078658e-03  -4.6261383e-03
  -5.5042777e-01   4.4707502e-01   4.9759715e-01  -2.1917567e-03  -9.4486357e-03  -4.2679946e-03
  -5.7762392e-01   4.8517936e-01   5.6334877e-01  -1.1423333e-03  -9.3998600e-03  -4.4659324e-03
  -5.7963556e-01   4.6485031e-01   4.3515703e-01  -6.1220533e-04  -9.7206037e-03  -5.3990404e-03
  -6.2095682e-01   4.6640077e-01   5.2970534e-01  -1.6280707e-03  -9.2327548e-03  -5.5491817e-03
  -5.9664072e-01   4.7079716e-01   4.1622950e-01  -1.2023559e-03  -9.5787949e-03  -5.5350649e-03
  -6.2879745e-01   4.8223367e-01   4.3259833e-01  -2.0026191e-03  -8.9837515e-03  -5.0254563e-03
  -5.9696708e-01   4.8015017e-01   3.7263658e-01  -2.3821147e-03  -9.7152128e-03  -5.7991611e-03
  -5.4910613e-01   4.7592588e-01   2.5063229e-01  -1.4639763e-03  -1.0357403e-02  -5.3620945e-03
  -5.0902440e-01   4.8592371e-01   2.5770952e-01  -1.9760733e-03  -1.0420226e-02  -5.5440098e-03
  -5.4205871e-01   4.5956148e-01   2.9857301e-01  -1.9560816e-03  -1.0526944e-02  -5.6694261e-03
  -6.2511253e-01   4.8142453e-01   3.8502788e-01  -2.2288141e-03  -8.8264023e-03  -5.8413555e-03
  -6.2003241e-01   5.2425560e-01   3.3995016e-01  -2.1277813e-03  -9.5127551e-03  -5.7846362e-03
  -5.5708192e-01   5.0643024e-01   2.0473277e-01  -2.6883677e-03  -9.8741421e-03  -5.8664511e-03
  -4.8409910e-01   4.6511192e-01   1.8530003e-01  -2.1640843e-03  -1.1224345e-02  -5.4036257e-03
  -4.5816198e-01   4.8134512e-01   9.9615112e-02  -1.9225151e-03  -1.1391529e-02  -5.2930295e-03
  -4.1149394e-01   4.0789806e-01   1.4544914e-01  -2.3101863e-03  -1.1290478e-02  -4.7634176e-03
  -3.7185834e-01   4.1133933e-01   7.1822636e-02  -2.1861875e-03  -1.1571573e-02  -4.3635229e-03
  -3.1040085e-01   3.8673602e-01   1.0822985e-01  -2.0570251e-03  -1.1216894e-02  -3.8023154e-03
  -3.0438123e-01   4.0263377e-01   6.1442159e-02  -3.3682885e-03  -1.1501577e-02  -3.9370070e-03
  -2.8749969e-01   4.6628782e-01   3.0407948e-01  -2.8727127e-03  -1.1007375e-02  -4.3163687e-03
  -3.1982851e-01   4.9797192e-01   2.4807929e-01  -2.3473441e-03  -1.1067215e-02  -4.6103773e-03
  -3.2447326e-01   5.4918835e-01   3.5449825e-01  -5.2473111e-04  -9.3917828e-03  -4.1163133e-03
  -3.2335866e-01   4.7510550e-01   2.2598846e-01  -1.4382985e-03  -9.1805248e-03  -4.2657320e-03
  -3.5424701e-01   6.9335451e-01   4.0549139e-01  -6.0078963e-04  -8.3594234e-03  -3.5483863e-03
  -3.3280958e-01   6.7059608e-01   3.1364278e-01   7.7854764e-04  -7.4796346e-03  -3.0204742e-03
  -3.3451289e-01   5.5042334e-01   2.3869627e-01  -1.9831679e-03  -8.5296517e-03  -3.6490917e-03
  -2.5607614e-01   5.7362633e-01   4.9967891e-02  -2.2404068e-03  -8.8065241e-03  -3.1524170e-03
  -1.6523376e-01   4.5305915e-01   3.8663463e-01  -5.2045652e-03  -8.3605325e-03  -2.5001223e-03
  -1.8644230e-01   3.7668831e-01   3.5607767e-01  -4.2136075e-03  -7.9707904e-03  -2.7146819e-03
  -1.7254413e-01   3.1738958e-01   2.2905885e-01  -3.6805479e-03  -8.2322741e-03  -2.6829389e-03
  -1.8203882e-01   3.2795720e-01   2.9877433e-01  -4.3821034e-03  -8.2826953e-03  -2.9149654e-03
  -1.8066374e-01   3.5838708e-01   4.3580198e-01  -4.5176938e-03  -7.9952898e-03  -2.7852674e-03
  -2.0999857e-01   3.4894762e-01   4.4938407e-01  -5.2875667e-03  -7.8936184e-03  -3.1858226e-03
  -1.9720558e-01   3.6020332e-01   2.9083229e-01  -5.5580284e-03  -8.6064414e-03  -3.0793548e-03
  -2.0425464e-01   3.4306123e-01   2.7127689e-01  -5.4573328e-03  -8.2976822e-03  -3.5498796e-03
  -1.8570651e-01   3.6751538e-01   2.1435006e-01  -5.3860359e-03  -8.5558968e-03  -3.4424852e-03
  -1.9184372e-01   3.6713928e-01   2.6364686e-01  -5.3881362e-03  -8.2865865e-03  -3.4885578e-03
  -1.7509781e-01   3.6580709e-01   2.5949270e-01  -5.3986808e-03  -8.7429368e-03  -3.0788707e-03
  -2.1021132e-01   3.8781434e-01   2.5470768e-01  -6.1154371e-03  -8.3689149e-03  -3.6303123e-03
  -2.0543808e-01   3.6724574e-01   2.6847299e-01  -5.3105882e-03  -8.3584386e-03  -3.6013869e-03
  -2.6013282e-01   4.0544080e-01   2.9901361e-01  -5.6998997e-03  -7.4182331e-03  -3.8263365e-03
  -2.3088754e-01   5.0388186e-01   2.6206564e-01  -4.3910857e-03  -8.0483933e-03  -4.2381568e-03
  -1.9890310e-01   4.7046203e-01   2.2310408e-01  -5.8739166e-03  -8.6648327e-03  -3.8127385e-03
  -2.2051927e-01   5.4366999e-01   2.6030642e-01  -5.4288128e-03  -8.4625977e-03  -4.2979025e-03
  -2.2726427e-01   5.0003421e-01   2.5399514e-01  -5.0276006e-03  -8.1484438e-03  -3.6260486e-03
  -2.3667053e-01   4.9711473e-01   3.0505274e-01  -5.0617841e-03  -7.4802325e-03  -4.2225427e-03
  -2.2606895e-01   4.6553513e-01   2.4689755e-01  -4.3791371e-03  -8.0769821e-03  -3.7173603e-03
  -2.1266839e-01   4.5248228e-01   2.5688870e-01  -5.6694915e-03  -7.8750114e-03  -3.5463055e-03
  -1.9317134e-01   4.2950577e-01   1.9904720e-01  -5.5015908e-03  -8.1184140e-03  -3.6401673e-03
  -1.9953336e-01   4.3969963e-01   2.1955921e-01  -5.3036793e-03  -8.5620758e-03  -3.6595931e-03
  -1.8381387e-01   4.2470467e-01   1.9174372e-01  -4.9151842e-03  -7.9887707e-03  -3.5426037e-03
  -2.1563257e-01   5.2132008e-01   3.0218253e-01  -4.7746363e-03  -8.3010726e-03  -4.1040645e-03
  -2.2277512e-01   5.4464520e-01   3.5812137e-01  -4.2251516e-03  -8.1124950e-03  -4.3640666e-03
  -2.0873496e-01   5.2208519e-01   3.2681761e-01  -5.3926339e-03  -8.6089980e-03  -4.0726286e-03
  -2.0577577e-01   5.1732995e-01   3.4726698e-01  -5.1795314e-03  -8.3841351e-03  -4.2256923e-03
  -2.1674303e-01   5.1968932e-01   2.9118271e-01  -5.3105029e-03  -8.4678436e-03  -3.9340507e-03
  -2.1838761e-01   5.4933376e-01   3.5427103e-01  -6.2985367e-03  -8.2740865e-03  -4.2451690e-03
  -2.2319096e-01   5.5343224e-01   2.9081366e-01  -4.9513398e-03  -8.4566178e-03  -4.3474087e-03
  -2.8033949e-01   5.4281529e-01   3.6881332e-01  -5.5553640e-03  -7.5520067e-03  -4.1878214e-03
  -2.5195069e-01   5.7516843e-01   3.3781836e-01  -5.8608041e-03  -7.8493043e-03  -4.2573064e-03
  -3.1628346e-01   5.5980876e-01   3.3308878e-01  -5.0578243e-03  -6.4844028e-03  -3.0275174e-03
  -3.1064703e-01   5.5837636e-01   4.0914344e-01  -5.5587146e-03  -6.0315204e-03  -3.2640172e-03
  -2.5689968e-01   5.5675640e-01   4.0949243e-01  -5.8653065e-03  -6.7502947e-03  -3.9385600e-03
  -2.9464913e-01   5.7686218e-01   4.6693729e-01  -7.0351114e-03  -5.7270489e-03  -2.7801213e-03
  -2.9359856e-01   5.9037757e-01   4.3848222e-01  -6.0577923e-03  -5.5275564e-03  -3.5665802e-03
  -3.3616033e-01   5.8348295e-01   4.0311434e-01  -4.7653665e-03  -4.7250435e-03  -3.5121495e-03
  -3.6342631e-01   5.4982433e-01   2.8140912e-01  -5.7916817e-03  -4.4334299e-03  -3.2923854e-03
  -2.5414253e-01   5.2142385e-01   2.3993592e-01  -6.6377674e-03  -5.5839228e-03  -3.0001717e-03
  -2.3115454e-01   5.0902235e-01   2.2532906e-01  -6.5792755e-03  -6.4176516e-03  -2.8770437e-03
  -2.0781599e-01   5.1222764e-01   2.3533332e-01  -5.8905321e-03  -6.5381057e-03  -2.7400443e-03
  -2.0614185e-01   4.9699297e-01   3.3380119e-01  -6.2863351e-03  -6.3489167e-03  -2.5976386e-03
  -1.8601114e-01   5.0210532e-01   3.6411352e-01  -6.1145504e-03  -6.9415297e-03  -3.0396086e-03
  -1.9099878e-01   4.6891882e-01   3.5680914e-01  -6.7825389e-03  -6.7705197e-03  -2.7814678e-03
  -1.7023907e-01   5.0706596e-01   3.9781346e-01  -7.2131559e-03  -7.1883380e-03  -3.1370156e-03
  -1.8243894e-01   5.4416455e-01   3.4502955e-01  -6.1428194e-03  -7.2186126e-03  -2.8116268e-03
  -2.2251889e-01   6.0386513e-01   4.4726859e-01  -6.5879675e-03  -6.4663930e-03  -3.3370464e-03
  -1.8195999e-01   5.9788703e-01   4.5075693e-01  -6.0695379e-03  -6.9540149e-03  -2.9490772e-03
  -2.0956990e-01   5.7838682e-01   4.5856794e-01  -6.5491727e-03  -6.7262889e-03  -3.1934083e-03
  -1.8972547e-01   5.3829302e-01   4.3025137e-01  -7.2994820e-03  -7.0513330e-03  -3.0582338e-03
  -1.0034211e-01   5.6099857e-01   3.0497212e-01  -7.0030320e-03  -8.0243075e-03  -2.6716762e-03
