   1.1075193e-14   0.0000000e+00   0.0000000e+00  -2.9818073e-54   0.0000000e+00   0.0000000e+00
  -7.0785644e-03  -4.5642363e-02  -8.9185515e-02   6.3917482e-04   6.4282079e-05  -7.6846965e-05
  -6.2759551e-04  -4.0233764e-02  -1.1098151e-01  -6.8217796e-04  -1.9111603e-04  -1.1067614e-04
  -2.7423106e-02  -8.6973580e-02   3.0405015e-02  -2.4593138e-05  -8.2187800e-05  -1.2068027e-04
  -2.6777933e-02  -5.0701138e-02   1.7649663e-02  -7.8732580e-04  -4.0427480e-04  -3.6859618e-04
  -5.3542852e-02  -7.5977180e-02   1.1938766e-01   1.3440019e-03  -9.6707339e-04  -4.8695196e-05
  -6.8993323e-02  -7.7831841e-02   2.0910316e-01   2.0694401e-03  -1.8258671e-03  -1.0404560e-04
  -8.4709526e-02  -8.3688065e-02   2.6757922e-01  -8.6722237e-05  -1.0119955e-03  -1.4753328e-04
  -9.7767620e-02   2.6966481e-02   2.9521127e-01   6.5407728e-04  -8.2050523e-04  -3.7758508e-04
  -1.4000133e-01   4.1765661e-01   7.8357475e-01  -1.7534184e-03  -8.2548667e-04  -1.2698997e-03
  -1.3383649e-01   1.5248602e-01   8.4530502e-01  -2.0192187e-03  -1.2042778e-03  -7.3069489e-04
  -1.2838269e-01  -3.3083743e-02   7.3450438e-01  -2.7474664e-03  -2.9407767e-03  -1.4356728e-03
  -1.5874889e-01   9.2084316e-02   7.8852656e-01  -4.0545469e-03  -3.0117725e-03  -1.8720734e-03
  -1.2178657e-01   3.6669758e-02   8.0908147e-01  -5.6839590e-03  -2.5623528e-03  -1.7307805e-03
  -1.1804647e-01   5.8584323e-02   8.1545676e-01  -5.5208495e-03  -2.8191066e-03  -1.2825226e-03
  -1.2642881e-01   2.3606849e-02   8.9034717e-01  -7.0572747e-03  -3.0331812e-03  -1.3762784e-03
  -1.3999925e-01  -1.3701673e-02   8.5089298e-01  -7.3544498e-03  -4.1539890e-03  -1.3513002e-03
  -2.0055654e-01  -4.6578444e-02   8.8564728e-01  -9.0043929e-03  -4.5593730e-03  -1.9093207e-03
  -1.4128372e-01   1.1165301e-01   9.1479629e-01  -9.4543292e-03  -4.2176952e-03  -1.4419475e-03
  -1.6446357e-01   2.0323526e-01   9.3941976e-01  -7.9808233e-03  -4.0347127e-03  -1.7989386e-03
  -1.9902457e-01   1.4703684e-01   9.3613162e-01  -8.7771901e-03  -4.0243886e-03  -1.8072706e-03
  -1.6906031e-01   1.2317015e-01   9.3784480e-01  -8.6853590e-03  -4.6506664e-03  -1.0920253e-03
  -1.7269562e-01   1.6409989e-01   9.7309639e-01  -8.9550831e-03  -3.9028071e-03  -1.3811975e-03
  -1.5344666e-01   7.0183657e-02   9.6970844e-01  -8.1658839e-03  -4.7860406e-03  -1.1244408e-03
  -1.1705536e-01   3.0979272e-02   5.1561285e-01  -4.6172654e-03  -6.4261595e-03  -2.0944199e-03
  -1.8854406e-01   1.7868102e-01   8.6026755e-01  -9.2800854e-03  -4.2854702e-03  -1.6918089e-03
  -2.3177629e-01   9.9643813e-02   9.2963005e-01  -9.5846009e-03  -4.3883773e-03  -1.5468023e-03
  -2.2684830e-01   1.6295459e-01   8.9667364e-01  -9.6409530e-03  -4.0026817e-03  -1.5016296e-03
  -2.2601900e-01   1.1170618e-01   9.2884183e-01  -9.0934478e-03  -3.7951937e-03  -1.6585256e-03
  -2.3987738e-01   1.3200584e-01   9.2340999e-01  -9.6260359e-03  -3.2234514e-03  -1.2742999e-03
  -2.0484432e-01   7.7310334e-02   9.9512874e-01  -9.2440653e-03  -3.9806043e-03  -1.3934196e-03
  -2.4279858e-01   1.5895462e-01   8.5264770e-01  -1.0430285e-02  -2.6651348e-03  -9.5122874e-04
  -2.3616403e-01   9.2674226e-02   8.4497713e-01  -1.1494612e-02  -3.4595906e-03  -1.0840587e-03
  -2.0042174e-01   1.0021767e-01   8.1404836e-01  -1.1273039e-02  -2.9624455e-03  -8.9840180e-04
  -2.2684967e-01   6.1017954e-02   7.8688778e-01  -1.0048787e-02  -3.6300105e-03  -1.5261263e-03
  -2.1770959e-01   7.6933440e-02   8.4955464e-01  -1.1035381e-02  -3.8405195e-03  -1.3540638e-03
  -2.2068680e-01   1.0613271e-01   7.4594922e-01  -1.0802625e-02  -3.6545639e-03  -1.5097436e-03
  -2.8162954e-01   5.9629446e-02   7.6452717e-01  -1.0744603e-02  -5.4732894e-03  -2.5462698e-03
  -2.9015015e-01   8.4369757e-02   7.1378744e-01  -9.8560939e-03  -4.4453751e-03  -1.6004719e-03
  -2.5666748e-01   2.4282206e-02   6.7442724e-01  -7.1925205e-03  -3.5140021e-03  -6.2999439e-04
  -3.2146096e-01  -1.0347062e-01   3.1882453e-01  -8.4895743e-05  -3.5441955e-03  -1.2209851e-03
  -2.4278436e-01   2.2898219e-01   5.9000491e-01  -3.6776397e-03  -2.1422910e-03  -1.2710214e-03
  -2.5975297e-01   1.9783136e-01   5.5236908e-01   2.1799186e-04  -4.0775405e-03  -9.7502825e-04
  -3.0046087e-01   5.1414876e-02   3.8231199e-01   2.6538004e-03  -6.2330663e-03  -9.1795305e-04
  -3.2911258e-01   7.9260253e-02   4.7087037e-01   1.2662271e-03  -4.9798601e-03  -1.1741697e-03
  -3.2897640e-01   5.6527059e-02   4.8507066e-01  -4.0412635e-04  -5.3684415e-03  -8.2747692e-04
  -3.5384727e-01   6.2328402e-02   3.8551588e-01   1.0407680e-03  -5.9677348e-03  -1.4831849e-03
  -3.5742188e-01   6.0395636e-02   4.5642676e-01  -7.4872826e-04  -5.9545518e-03  -1.2688654e-03
  -3.6407113e-01   8.3691632e-02   5.0369510e-01  -2.1769589e-03  -6.7988297e-03  -1.7746956e-03
  -3.6141767e-01   6.1237932e-02   5.6624177e-01  -2.2996124e-03  -6.8214460e-03  -2.1176207e-03
  -3.9139511e-01   1.7275324e-02   6.3002535e-01  -3.5204544e-03  -7.2066635e-03  -2.1220649e-03
  -4.0626322e-01  -2.7957056e-02   6.1728385e-01  -2.6922495e-03  -7.4949746e-03  -1.9387096e-03
  -4.0262946e-01   2.9563168e-02   5.9965750e-01  -4.4502915e-03  -7.4846305e-03  -2.1368155e-03
  -4.0146399e-01   1.2546853e-02   6.4536819e-01  -4.5522537e-03  -7.6619680e-03  -2.3524935e-03
  -4.0292446e-01   7.9465712e-02   5.9414675e-01  -5.2279159e-03  -7.9357393e-03  -2.5647494e-03
  -4.2217070e-01   4.0707061e-02   6.2742681e-01  -5.0406667e-03  -8.1763873e-03  -2.8470478e-03
  -4.3302463e-01   3.8740694e-02   6.3401855e-01  -5.7739552e-03  -9.0307639e-03  -3.1138375e-03
  -4.5561516e-01   3.4978690e-02   6.3195197e-01  -5.0479578e-03  -9.8253442e-03  -3.5098645e-03
  -4.5994450e-01   2.9932113e-02   6.2793443e-01  -5.0703717e-03  -1.0412214e-02  -3.5218942e-03
  -4.8462049e-01   5.0876904e-03   6.5194738e-01  -4.3179154e-03  -1.0448159e-02  -3.7494170e-03
  -4.7001436e-01   1.9267102e-02   6.4147141e-01  -4.7286801e-03  -1.0398501e-02  -4.2514618e-03
  -4.8486607e-01   1.7744761e-02   6.3363681e-01  -4.9458422e-03  -1.1007701e-02  -4.4920378e-03
  -4.8200141e-01   8.2316422e-03   6.2230354e-01  -5.2326185e-03  -1.1358561e-02  -4.5457706e-03
  -4.9278287e-01   7.1634013e-03   6.5923205e-01  -5.5779958e-03  -1.1706772e-02  -4.7841578e-03
  -4.9332952e-01   2.9358274e-02   5.8318786e-01  -5.6752262e-03  -1.1386687e-02  -4.9197560e-03
  -4.8115650e-01   4.3126055e-02   6.3982599e-01  -5.2393322e-03  -1.2640012e-02  -4.5957677e-03
  -4.8970737e-01   5.6314184e-02   5.4824492e-01  -5.6268990e-03  -1.2106429e-02  -5.2476887e-03
  -5.2369337e-01   8.4460671e-02   8.4122344e-01  -3.2294641e-03  -1.3146309e-02  -5.4482889e-03
  -4.3936743e-01   6.0694298e-01   9.1505218e-01  -2.1853133e-03  -1.1522085e-02  -5.4510532e-03
  -4.7013902e-01   6.5565155e-01   6.3240939e-01  -4.2710308e-03  -8.9018835e-03  -5.2402496e-03
  -4.4848968e-01   4.3380431e-01   7.6623496e-01  -7.0473777e-03  -9.8127778e-03  -5.2087232e-03
  -4.1812100e-01   4.1774491e-01   6.9491033e-01  -6.4460972e-03  -1.1671683e-02  -5.9516687e-03
  -4.4176800e-01   3.6867595e-01   7.7957850e-01  -7.0228156e-03  -1.1063422e-02  -5.6862510e-03
  -4.3772421e-01   3.5971638e-01   7.6392583e-01  -7.7073261e-03  -1.2742859e-02  -6.4355287e-03
  -4.7034425e-01   3.5011147e-01   7.5663593e-01  -8.2111692e-03  -1.2433661e-02  -6.2370121e-03
  -4.7535755e-01   3.3553103e-01   7.8568773e-01  -8.9096804e-03  -1.2342447e-02  -6.3914418e-03
  -4.8220233e-01   3.8358912e-01   7.6450502e-01  -8.8027369e-03  -1.3053707e-02  -6.5775709e-03
  -5.0840326e-01   3.7424190e-01   7.5302730e-01  -8.5688446e-03  -1.2062574e-02  -6.4731891e-03
  -4.9623941e-01   4.0349495e-01   8.4768779e-01  -1.0085507e-02  -1.2836872e-02  -6.8082689e-03
  -5.1750916e-01   3.9523012e-01   8.2243441e-01  -9.6709733e-03  -1.2541046e-02  -6.8870843e-03
  -5.1367668e-01   3.9164953e-01   8.2686557e-01  -1.0017077e-02  -1.2902785e-02  -6.9304462e-03
  -5.1563954e-01   3.8745354e-01   7.8436407e-01  -9.4469292e-03  -1.2470941e-02  -6.7441281e-03
  -5.0913070e-01   3.8958929e-01   7.9547312e-01  -8.9250065e-03  -1.3054267e-02  -6.7342515e-03
  -5.2920003e-01   3.8348886e-01   8.1717484e-01  -9.6809641e-03  -1.2533597e-02  -6.9158779e-03
  -5.0694892e-01   3.5800610e-01   7.9243734e-01  -9.1749285e-03  -1.3202810e-02  -6.7019247e-03
  -5.4655129e-01   3.6669731e-01   7.9259866e-01  -1.0256233e-02  -1.2830655e-02  -6.8257166e-03
  -5.4108203e-01   3.4452967e-01   8.3621946e-01  -1.0586944e-02  -1.3214485e-02  -6.7450153e-03
  -5.7184076e-01   3.2988953e-01   8.1533295e-01  -1.0855002e-02  -1.2842132e-02  -6.8519835e-03
  -5.6590013e-01   2.8996018e-01   8.1495080e-01  -1.0800689e-02  -1.3124386e-02  -6.6251404e-03
  -5.8041955e-01   2.9762256e-01   8.1115494e-01  -1.0937883e-02  -1.2861258e-02  -7.2345143e-03
  -5.7463234e-01   2.6960136e-01   8.2532753e-01  -1.0913760e-02  -1.3052245e-02  -6.8897808e-03
  -5.8685890e-01   2.5770787e-01   7.7729661e-01  -1.0203118e-02  -1.3025241e-02  -7.4332746e-03
  -5.6996070e-01   2.2546239e-01   7.9100900e-01  -9.2691631e-03  -1.3618333e-02  -7.2270823e-03
  -5.7120552e-01   2.6334175e-01   7.8964787e-01  -1.1922109e-02  -1.3735537e-02  -7.4698500e-03
  -5.7756934e-01   2.4962385e-01   7.9223515e-01  -1.1011545e-02  -1.3386756e-02  -7.4489877e-03
  -5.7908168e-01   2.5850659e-01   8.4323431e-01  -1.2243248e-02  -1.2907606e-02  -7.2628464e-03
  -5.5886064e-01   2.4357135e-01   7.6470580e-01  -1.0523273e-02  -1.3380225e-02  -6.9818880e-03
  -5.8755429e-01   2.0818696e-01   8.2437476e-01  -1.2042427e-02  -1.3140048e-02  -7.2314742e-03
  -5.5169882e-01   3.2204531e-01   6.3016805e-01  -7.2521935e-03  -1.3316813e-02  -6.7046266e-03
  -5.4894809e-01   4.2016570e-01   6.6695765e-01  -8.8955838e-03  -1.3310080e-02  -6.3532119e-03
  -4.7188414e-01   3.2712148e-01   7.5585560e-01  -7.4233606e-03  -1.4176186e-02  -5.4579560e-03
  -5.4956708e-01   2.5663675e-01   6.9896701e-01  -8.0039505e-03  -1.3269187e-02  -5.9983066e-03
  -4.7351031e-01   1.4655162e-01   5.9120928e-01  -3.8876069e-03  -1.4274292e-02  -3.8448920e-03
  -4.1995487e-01   1.6144029e-01   4.0601736e-01  -9.3977915e-04  -1.3889768e-02  -3.2228048e-03
  -4.5955259e-01   1.6770138e-01   4.8319304e-01   1.2022043e-04  -1.3416320e-02  -3.8443860e-03
  -4.4898069e-01   2.0458126e-01   4.4585093e-01   5.6766697e-04  -1.3191141e-02  -3.7968906e-03
  -4.8412434e-01   2.0747636e-01   4.1573773e-01  -5.3881088e-04  -1.0703096e-02  -4.1170755e-03
  -4.8752152e-01   1.8937910e-01   3.6240602e-01  -2.8976628e-03  -9.4702767e-03  -3.0718442e-03
  -4.9783116e-01   1.5034925e-01   5.4347613e-01  -4.4092435e-03  -1.0207173e-02  -3.6357483e-03
  -4.7383092e-01   2.2370581e-01   5.1560525e-01  -6.0673231e-03  -1.0860621e-02  -3.5425645e-03
  -5.0677806e-01   1.9168545e-01   6.0422060e-01  -4.6355481e-03  -1.1067449e-02  -4.2801590e-03
  -5.3513580e-01   1.9550890e-01   6.7482197e-01  -4.2292649e-03  -1.0265807e-02  -4.1469486e-03
  -5.3365098e-01   2.4872134e-01   6.2133007e-01  -4.3356061e-03  -9.2416119e-03  -3.7020262e-03
  -5.4230260e-01   2.4229931e-01   6.5685882e-01  -3.2110295e-03  -9.8797892e-03  -3.8896295e-03
  -5.2573328e-01   2.3364063e-01   5.7232455e-01  -1.8374266e-03  -9.3820781e-03  -3.5643130e-03
  -4.9479473e-01   2.4856277e-01   5.5372183e-01  -2.6831232e-03  -1.0307703e-02  -3.2815173e-03
  -5.1952916e-01   2.0777347e-01   5.4623129e-01  -3.2525865e-03  -9.7722497e-03  -3.2455924e-03
  -5.2907554e-01   2.2825249e-01   5.7142221e-01  -3.8305062e-03  -9.1793796e-03  -3.3266710e-03
  -5.3896224e-01   2.4238534e-01   5.8958966e-01  -4.6198010e-03  -9.4854429e-03  -3.8036635e-03
  -5.3203718e-01   2.2412451e-01   6.1687263e-01  -4.4770472e-03  -9.9737016e-03  -3.7703557e-03
  -5.3989488e-01   2.3576089e-01   6.0629150e-01  -4.6467123e-03  -9.6380034e-03  -3.8491747e-03
  -5.2810467e-01   2.5280587e-01   5.7674813e-01  -4.4428029e-03  -1.0318045e-02  -3.7215310e-03
  -5.3402807e-01   2.3330335e-01   6.0754917e-01  -3.5860091e-03  -1.0430806e-02  -3.7730813e-03
  -5.3652567e-01   2.7088275e-01   6.0632537e-01  -4.7870972e-03  -1.0677360e-02  -3.6717403e-03
  -5.3887101e-01   2.2783321e-01   5.3734194e-01  -3.0117554e-03  -1.0940710e-02  -3.8553227e-03
  -5.3694301e-01   2.5024085e-01   6.3046984e-01  -6.0447232e-03  -1.0430085e-02  -3.9726173e-03
  -5.6045043e-01   2.1662485e-01   5.4655855e-01  -2.9742539e-03  -1.0167255e-02  -3.8473778e-03
  -5.3333104e-01   2.7336509e-01   5.4103850e-01  -3.4093471e-03  -1.0321470e-02  -3.8941303e-03
  -5.6754025e-01   2.4380329e-01   5.7413880e-01  -5.3268307e-03  -8.7916310e-03  -3.6176305e-03
  -5.7446246e-01   2.0659797e-01   6.5432458e-01  -5.3322313e-03  -9.8574970e-03  -3.8318295e-03
  -5.6339364e-01   2.0988264e-01   5.9747435e-01  -6.6946203e-03  -9.3688953e-03  -3.8965033e-03
  -5.5024363e-01   2.1828607e-01   6.4778407e-01  -6.0404899e-03  -1.0891434e-02  -4.0379634e-03
  -5.6590360e-01   2.0765782e-01   6.3577493e-01  -6.5663924e-03  -1.0207430e-02  -4.0966765e-03
  -5.5011956e-01   2.4385490e-01   6.6768038e-01  -6.7003639e-03  -1.0891503e-02  -4.0644368e-03
  -5.7516963e-01   2.5657816e-01   6.4401257e-01  -7.1079856e-03  -9.2113496e-03  -4.0056985e-03
  -5.6173228e-01   2.7011892e-01   5.8375791e-01  -6.7198649e-03  -9.5004094e-03  -3.7814515e-03
  -5.6388211e-01   2.3510777e-01   6.1939931e-01  -7.2637763e-03  -9.9068647e-03  -4.0772574e-03
  -5.5999537e-01   2.3016019e-01   7.0521646e-01  -8.0134964e-03  -1.0222058e-02  -4.0486338e-03
  -5.8291223e-01   2.3154381e-01   5.5889683e-01  -5.8171875e-03  -1.0077638e-02  -4.1521891e-03
  -5.5653064e-01   2.0622843e-01   4.7541886e-01  -3.1276817e-03  -1.0800321e-02  -3.6939729e-03
  -5.7381123e-01   2.2616327e-01   5.6251976e-01  -7.2620957e-03  -1.0302455e-02  -4.4917738e-03
  -5.8103537e-01   2.2489591e-01   5.7231325e-01  -7.7078349e-03  -1.0921215e-02  -4.9147369e-03
  -5.9668412e-01   2.1381121e-01   5.5701882e-01  -9.6883594e-03  -1.0915062e-02  -5.3418918e-03
  -5.9134943e-01   2.6999679e-01   5.5928663e-01  -8.1180070e-03  -1.0636953e-02  -5.2535313e-03
  -6.2539639e-01   2.2381367e-01   6.0282275e-01  -1.0257907e-02  -9.7971937e-03  -5.1390789e-03
  -5.4534824e-01   4.5862221e-01   6.2432283e-01  -5.1880203e-03  -9.2369768e-03  -4.8399822e-03
  -5.4764397e-01   6.3048133e-01   7.4207911e-01  -8.2119196e-03  -8.2593599e-03  -4.6591406e-03
  -5.4744531e-01   5.8029597e-01   6.2571152e-01  -8.2598214e-03  -8.9798275e-03  -4.3687657e-03
  -5.3625915e-01   7.2844709e-01   2.8855285e-01  -7.9938682e-03  -8.2386342e-03  -4.4965399e-03
  -5.2683814e-01   7.6895201e-01   8.6534725e-01  -5.2248267e-03  -8.2411560e-03  -4.7639149e-03
  -5.2506302e-01   7.3485068e-01   7.6106651e-01  -5.3220403e-03  -8.0396452e-03  -4.4600907e-03
  -5.6783570e-01   6.0357584e-01   6.5117927e-01  -7.2759192e-03  -8.1435294e-03  -5.0065407e-03
  -5.3854166e-01   6.2466692e-01   7.7552931e-01  -7.3950817e-03  -8.9281163e-03  -4.9542515e-03
  -6.1681968e-01   5.3872258e-01   7.3011521e-01  -8.4023315e-03  -8.7842633e-03  -5.2966133e-03
  -5.8484200e-01   5.3910838e-01   6.6883424e-01  -7.9503667e-03  -9.0787971e-03  -4.9724541e-03
  -6.3350520e-01   4.3762759e-01   6.9465474e-01  -8.7483756e-03  -8.9030226e-03  -5.8562878e-03
  -5.9904074e-01   3.8403684e-01   5.5506264e-01  -8.8418907e-03  -1.0295297e-02  -5.9757016e-03
  -6.3681134e-01   3.3974918e-01   4.8377538e-01  -9.9410154e-03  -9.8803446e-03  -5.7649811e-03
  -6.0373220e-01   3.5275138e-01   4.4681703e-01  -9.6423985e-03  -9.4728420e-03  -5.4668131e-03
  -6.1318408e-01   2.4531587e-01   3.2094168e-01  -7.2952687e-03  -8.6200918e-03  -4.9827234e-03
  -6.2440800e-01   2.8054999e-01   5.4547678e-01  -9.2970970e-03  -9.0540209e-03  -5.6556096e-03
  -6.2808612e-01   3.2689260e-01   4.0181637e-01  -9.5870489e-03  -9.1423814e-03  -5.6011260e-03
  -6.3265064e-01   2.9430881e-01   4.6039182e-01  -9.0728662e-03  -8.4770499e-03  -5.5406863e-03
  -6.1361107e-01   3.1194977e-01   3.0676847e-01  -8.7910692e-03  -8.8992655e-03  -5.3877627e-03
  -6.2333070e-01   3.3100636e-01   5.1269891e-01  -1.0661032e-02  -8.2368699e-03  -5.3213230e-03
  -6.2337379e-01   3.0442862e-01   4.6743389e-01  -1.0438428e-02  -9.0967168e-03  -5.4640075e-03
  -6.2782767e-01   3.5408129e-01   4.6564735e-01  -9.9339277e-03  -8.9479591e-03  -5.2944395e-03
  -6.2637806e-01   2.6268462e-01   4.7903466e-01  -9.1857042e-03  -9.1952758e-03  -5.3435250e-03
  -6.2619391e-01   3.7260931e-01   5.3412149e-01  -1.0388045e-02  -9.9045321e-03  -5.7050138e-03
  -6.3468903e-01   3.0662455e-01   4.8228869e-01  -9.2996651e-03  -9.8418813e-03  -5.5210430e-03
  -6.8436496e-01   4.7820271e-01   6.5201610e-01  -1.1237595e-02  -9.6932541e-03  -5.8072664e-03
  -6.5603972e-01   7.6286671e-01   5.8528732e-01  -1.0671189e-02  -9.3292034e-03  -5.3874436e-03
  -6.4841868e-01   3.8897335e-01   1.0792119e-01  -1.0057481e-02  -1.1013790e-02  -5.8813267e-03
  -6.9306159e-01   4.8541372e-01   4.1052840e-01  -1.1733609e-02  -1.0764715e-02  -6.1571518e-03
  -5.7275432e-01   2.7249716e-01   3.0853848e-01  -8.3699813e-03  -1.1145470e-02  -5.4849367e-03
  -6.3291933e-01   3.4882635e-01   3.9075690e-01  -1.0587023e-02  -1.0756045e-02  -6.7972882e-03
  -6.3951472e-01   3.1092265e-01   3.4767863e-01  -1.0289770e-02  -1.0975012e-02  -6.4258766e-03
  -6.6329868e-01   3.5974066e-01   3.4370807e-01  -1.0857987e-02  -9.8714277e-03  -6.7039025e-03
  -6.6542256e-01   3.5597276e-01   3.5234223e-01  -1.0434453e-02  -9.8275989e-03  -6.7732909e-03
