   0.0000000e+00   0.0000000e+00   0.0000000e+00   0.0000000e+00   0.0000000e+00   0.0000000e+00
   7.9007403e-02   1.3275202e-02  -6.8565042e-03  -1.5503131e-04  -3.7502168e-04  -6.8399774e-04
   5.2120213e-02  -5.9104179e-03   4.3685479e-02   1.3493821e-04  -1.4378835e-03  -1.2906624e-03
   2.8616924e-02  -5.5744713e-03   3.0569992e-02   2.4852152e-04  -1.8123632e-03  -1.5109595e-03
   4.8784777e-02  -4.2738559e-02   1.1416993e-01  -1.2532136e-03  -2.0971120e-03  -1.2906544e-03
   4.9368335e-02  -6.1938673e-02   9.0287831e-02  -1.1938206e-03  -2.7523805e-03  -2.0988897e-03
   6.6936514e-02  -4.9655379e-02   5.9988236e-02  -8.0707551e-04  -2.1444600e-03  -1.4687814e-03
   7.5577561e-02  -7.5265576e-02   6.3422085e-02  -1.8024334e-03  -1.9629672e-03  -8.7521667e-04
   8.2941212e-02  -4.4165680e-02   8.6317499e-02  -2.1557306e-03  -2.4873059e-03  -1.0550847e-04
   9.6129683e-02  -9.1935696e-02   2.6464631e-02  -1.8445825e-03  -3.0479654e-03   2.4592601e-04
   7.8231137e-02  -9.2606305e-02   4.6093659e-02  -1.9740566e-03  -2.9804993e-03  -9.5988402e-04
   8.2175674e-02  -9.1350797e-02   1.6298579e-02  -2.4578814e-03  -2.8543466e-03  -1.0050643e-03
   6.7043262e-02  -5.3160359e-02   6.0397833e-02  -3.4407063e-03  -2.3028454e-03  -1.9189623e-03
   9.7789364e-02  -3.2498700e-02   1.4871100e-01  -3.3375486e-03  -1.4896437e-03  -1.9695778e-03
   8.4479744e-02  -5.8903553e-02   1.0099539e-01  -2.2372432e-03  -2.6518353e-03  -2.7459904e-03
   9.9012778e-02  -5.9175794e-04   1.4498888e-01  -4.0731442e-03  -2.1202357e-03  -1.8915500e-03
   8.2223670e-02  -7.0363621e-02   1.1430769e-01  -4.6376154e-03   5.2877892e-06  -1.4230039e-03
   7.7302054e-02  -3.6172748e-02   1.3998267e-01  -4.9058579e-03  -8.8665271e-04  -2.2382544e-03
   7.2515632e-02  -2.1197945e-02   1.2883225e-01  -4.1580597e-03  -1.3836473e-03  -2.6097024e-03
   5.0391251e-02  -7.0417385e-02   1.4226498e-01  -4.9066895e-03  -1.3330844e-03  -3.0887384e-03
   5.1323166e-02  -4.5426982e-02   8.7259843e-02  -4.4829288e-03  -1.5422374e-03  -2.9382086e-03
   7.2781894e-02  -1.1943153e-02   1.3482482e-01  -5.1137216e-03  -9.6803819e-04  -2.3876212e-03
   7.5912540e-02  -1.4942389e-02   1.4920359e-01  -4.4005902e-03  -1.1399501e-03  -2.7602278e-03
   6.7623900e-02   1.3627352e-04   1.1689385e-01  -3.9938340e-03  -1.4675626e-03  -2.4077008e-03
   7.1126200e-02   4.0325098e-03   1.3364782e-01  -4.5488841e-03  -1.3197208e-03  -2.8702708e-03
   5.7712620e-02  -6.4133301e-03   9.4144029e-02  -4.1935510e-03  -1.2583213e-03  -2.7927702e-03
   6.4979179e-02  -8.6225226e-02   5.0071503e-02  -4.2985180e-03  -5.8666796e-04  -1.6246205e-03
   2.8973803e-02  -9.0426732e-03   1.1260917e-01  -5.8026809e-03  -1.8710683e-03  -2.8027550e-03
   4.0575612e-02  -1.2447173e-02   1.9831452e-01  -4.3548433e-03  -1.8518521e-03  -2.6661054e-03
   4.0291150e-02   1.0185925e-02   2.1988159e-01  -4.2232709e-03  -2.3330475e-03  -2.8832827e-03
   6.9455979e-02   9.9496787e-02   2.5696408e-01  -3.9042403e-03  -2.7875850e-03  -2.7441544e-03
   7.4655004e-02   5.6286126e-02   2.6645938e-01  -3.4904414e-03  -2.1321592e-03  -2.5044516e-03
   1.1613530e-01  -1.6772188e-02   2.2496407e-01  -4.7844360e-03  -1.3402154e-03  -2.2327966e-03
   7.5113158e-02  -4.2555407e-03   3.1334247e-01  -4.9382412e-03  -1.5342341e-03  -3.0844236e-03
   9.4169947e-02   4.6272111e-02   3.1438941e-01  -5.3868430e-03  -1.4814614e-03  -3.0183215e-03
   6.5963212e-02   3.7654960e-02   2.6391379e-01  -5.4383852e-03  -1.1922832e-03  -3.5551050e-03
   7.5424240e-02   1.6745492e-01   4.0310734e-01  -6.0787047e-03  -1.6401307e-03  -3.1499636e-03
   3.7648256e-02   1.9061230e-02   2.7026565e-01  -5.5435774e-03  -2.0391116e-03  -4.1454460e-03
   8.7571386e-02   9.0473126e-02   2.1959921e-01  -5.3010892e-03  -1.5262184e-03  -3.0789376e-03
   8.5039860e-02   7.1436704e-02   3.0179770e-01  -5.9171701e-03  -2.0723055e-03  -3.0936142e-03
   7.9464849e-02  -2.4986060e-02   1.5378818e-01  -6.0060447e-03  -1.9148825e-03  -3.2072060e-03
   4.1108724e-02  -4.5615931e-02   1.9199615e-01  -7.2423834e-03  -1.1543700e-03  -3.9926136e-03
   8.1661382e-02   3.5627720e-02   2.1032823e-01  -6.4741933e-03  -2.1816276e-03  -2.9930647e-03
   7.3991418e-02   3.9827650e-02   2.5639869e-01  -6.8180023e-03  -1.7370935e-03  -3.3344151e-03
   1.1504250e-01   9.7284920e-02   2.3746572e-01  -7.1679376e-03  -2.0060768e-03  -2.5991468e-03
   8.8925735e-02   1.0085697e-01   2.3765211e-01  -7.4074811e-03  -1.8009502e-03  -2.6813808e-03
   9.3224200e-02   9.6576891e-02   2.7311062e-01  -7.2849941e-03  -1.3541341e-03  -3.3309035e-03
   1.3959238e-01   6.2811809e-02   2.4722416e-01  -7.3168728e-03  -1.6392350e-03  -2.6561545e-03
   9.9212186e-02   9.7153157e-02   2.4487190e-01  -7.2232934e-03  -2.2590899e-03  -3.5444511e-03
   1.1187831e-01   1.3022393e-01   3.1471469e-01  -7.8440158e-03  -2.0874899e-03  -3.2142338e-03
   1.0021194e-01   4.0847298e-02   2.3790457e-01  -8.1587062e-03  -1.7836398e-03  -3.3088058e-03
   1.2931224e-01   1.4289002e-01   3.5063856e-01  -8.1866305e-03  -1.3486380e-03  -2.7642193e-03
   1.6557041e-01   3.6855443e-02   2.0006424e-01  -7.5970285e-03  -2.0147290e-03  -2.0938600e-03
   1.4203132e-01   1.7530337e-01   3.2060355e-01  -8.6343695e-03  -1.7195605e-03  -2.2014542e-03
   1.4978777e-01   4.6792550e-02   2.2266896e-01  -7.3283538e-03  -2.5164772e-03  -2.2642906e-03
   1.7774067e-01   1.5015926e-01   3.6522020e-01  -8.4685646e-03  -1.8880214e-03  -1.8145204e-03
   1.8843419e-01   8.8709596e-02   3.1161351e-01  -8.1822269e-03  -2.1984566e-03  -1.7650731e-03
   1.7317494e-01   4.6028358e-02   2.5018669e-01  -7.6853478e-03  -2.9433929e-03  -1.5943631e-03
   1.9612576e-01   7.0724536e-02   3.5841446e-01  -8.7665857e-03  -1.8333011e-03  -1.5625387e-03
   1.6234035e-01   9.0281699e-03   1.7683523e-01  -7.8628089e-03  -1.8375438e-03  -2.0810790e-03
   1.3717618e-01   5.3927796e-02   2.1592047e-01  -8.9481320e-03  -1.5892247e-03  -2.0648999e-03
   1.2433518e-01   5.0789361e-02   1.9569791e-01  -8.1615697e-03  -3.0549735e-03  -2.5625341e-03
   1.4487459e-01   7.1570769e-02   2.6273248e-01  -8.7070205e-03  -2.5154112e-03  -2.5017363e-03
   1.5682253e-01   5.4273135e-02   2.0439164e-01  -8.6065252e-03  -3.5583391e-03  -1.8054872e-03
   1.5560223e-01   1.0141104e-01   2.5031689e-01  -8.6742676e-03  -3.2663105e-03  -1.9702129e-03
   1.3923554e-01   6.6726104e-02   2.1177453e-01  -8.3244690e-03  -3.0477003e-03  -2.6577474e-03
   1.5295752e-01   1.2027604e-01   3.0972259e-01  -9.5356263e-03  -1.9719305e-03  -2.5800750e-03
   1.6795596e-01   6.8594639e-02   2.6454795e-01  -9.3733736e-03  -2.4397276e-03  -2.7290049e-03
   1.4220226e-01   8.1194826e-02   3.1677622e-01  -9.5840452e-03  -2.7269538e-03  -2.9926948e-03
   1.5540047e-01   6.5607238e-02   2.5567388e-01  -9.1234237e-03  -2.1996634e-03  -2.4657057e-03
   1.5783863e-01   7.6859801e-03   1.8658704e-01  -1.0202160e-02  -1.3011455e-03  -2.8521695e-03
   1.5996535e-01   5.3098965e-02   2.6035800e-01  -1.0723113e-02  -2.5738813e-03  -3.4773375e-03
   1.6165243e-01   1.9510124e-02   2.0624715e-01  -1.0146261e-02  -4.1876194e-03  -3.5212499e-03
   1.1695426e-01   6.7699596e-02   3.1633555e-01  -9.9291063e-03  -4.0018773e-03  -3.9672730e-03
   1.2010488e-01  -3.2241667e-02   2.6192851e-01  -1.0616691e-02  -3.4153630e-03  -4.1028873e-03
   1.2079549e-01  -3.5475746e-02   1.9673508e-01  -1.0450436e-02  -2.2085923e-03  -4.2187642e-03
   1.5273308e-01   1.0818760e-02   2.7495502e-01  -1.1349720e-02  -2.5067664e-03  -5.0322235e-03
   1.2574625e-01   5.0726172e-02   3.1535067e-01  -1.2172205e-02  -3.5016676e-03  -5.5783593e-03
   1.3880397e-01   4.3033242e-02   3.6147208e-01  -1.1713812e-02  -2.6803166e-03  -5.2593621e-03
   1.3953238e-01   2.5492707e-02   2.7215958e-01  -1.1033936e-02  -3.1065660e-03  -5.5014548e-03
   1.2722920e-01   8.4016784e-02   3.2672777e-01  -1.1151816e-02  -2.7708469e-03  -4.7924525e-03
   1.0073206e-01   2.1561544e-02   2.7703063e-01  -1.1584959e-02  -3.6517145e-03  -5.9272245e-03
   1.1886901e-01   1.0219354e-01   4.9849196e-01  -1.0556488e-02  -2.6609570e-03  -4.9141158e-03
   1.2767405e-01   7.6397912e-02   5.6058937e-01  -1.0110062e-02  -2.4805681e-03  -4.9848510e-03
   1.1877082e-01   1.2695092e-01   4.7450852e-01  -8.4120527e-03  -4.0632844e-03  -4.9347952e-03
   1.4958590e-01   8.0086792e-02   4.1343306e-01  -8.4538062e-03  -4.6471558e-03  -4.3294094e-03
   1.3786028e-01   1.4282573e-01   4.7598478e-01  -1.0123948e-02  -4.1115588e-03  -4.1174718e-03
   1.2127916e-01   6.4720764e-02   4.1244100e-01  -9.3854034e-03  -4.1176882e-03  -4.9466368e-03
   8.5302088e-02   1.6891069e-01   5.1157538e-01  -8.9273455e-03  -3.8135929e-03  -4.7512971e-03
   1.0985598e-01   1.2268515e-01   4.5210615e-01  -7.7710917e-03  -4.2608322e-03  -3.3385025e-03
   9.6104280e-02   9.5554794e-02   4.1496157e-01  -9.0251806e-03  -4.1777032e-03  -3.7365912e-03
   9.7573621e-02   9.3669815e-02   4.8745345e-01  -9.1343511e-03  -4.4707446e-03  -3.9033371e-03
   1.0725697e-01   5.2429508e-02   4.2302674e-01  -9.7200633e-03  -4.6868932e-03  -3.6005027e-03
   1.2330703e-01   1.0975343e-01   4.5515374e-01  -9.5035841e-03  -4.3397983e-03  -3.8270296e-03
   1.3296491e-01   1.2492273e-01   4.4477698e-01  -9.5100678e-03  -3.5489563e-03  -3.9349377e-03
   1.0685677e-01   1.1807342e-01   4.2593288e-01  -9.9914156e-03  -4.8370355e-03  -4.8640532e-03
   1.1462582e-01   1.2537549e-01   4.0385512e-01  -1.0474903e-02  -3.3843835e-03  -4.4904428e-03
   1.2670741e-01   6.5380275e-02   4.0144447e-01  -1.0804754e-02  -3.0721412e-03  -4.6085660e-03
   1.2390215e-01   1.5014936e-02   3.0434952e-01  -1.0030623e-02  -3.3821623e-03  -4.8986996e-03
   1.6207505e-01   9.5015712e-02   4.2071110e-01  -1.0406326e-02  -2.8907976e-03  -5.4616114e-03
   1.6705189e-01   9.0474285e-02   3.7931717e-01  -9.2165627e-03  -3.2335447e-03  -5.1473622e-03
   2.1553619e-01   8.6002245e-02   4.2145538e-01  -9.2219926e-03  -2.6671412e-03  -4.1779670e-03
   1.6152918e-01   8.4112580e-02   4.2882531e-01  -9.7412647e-03  -2.8229342e-03  -5.3064512e-03
   1.7159978e-01   1.3659206e-01   3.9460656e-01  -9.0008042e-03  -3.8438775e-03  -5.3722632e-03
   1.4759813e-01   1.1535065e-01   4.4851335e-01  -1.0341406e-02  -3.1807343e-03  -6.3136980e-03
   1.4664022e-01   1.3572729e-01   4.0120860e-01  -8.8386731e-03  -4.2411193e-03  -6.5836955e-03
   1.6246666e-01   1.6232971e-01   4.4595004e-01  -9.3861413e-03  -4.5298561e-03  -6.6396915e-03
   1.6134191e-01   2.9683791e-01   5.7165328e-01  -1.0745029e-02  -3.9890813e-03  -5.9102652e-03
   1.6051444e-01   1.7683476e-01   4.7453342e-01  -9.6151957e-03  -3.8779106e-03  -6.0154843e-03
   1.3103200e-01   1.8826745e-01   4.1659260e-01  -9.7901250e-03  -4.5173094e-03  -6.1261476e-03
   1.2158543e-01   1.4562377e-01   4.1633640e-01  -8.4931316e-03  -4.5624420e-03  -6.3296165e-03
   1.6439813e-01   1.3414110e-01   4.2898755e-01  -9.4321154e-03  -3.7834605e-03  -5.1931847e-03
   1.5616420e-01   1.0301924e-01   4.5809112e-01  -1.0372859e-02  -3.2692346e-03  -6.1349339e-03
   1.5478731e-01   1.2640356e-01   3.5842105e-01  -9.9993451e-03  -2.7095180e-03  -6.4429524e-03
   1.3754991e-01   8.0370691e-02   2.6752391e-01  -1.0577411e-02  -2.2075954e-03  -6.3453505e-03
   1.1983663e-01   9.9239169e-02   3.4788683e-01  -1.0871858e-02  -3.4036254e-03  -7.4832741e-03
   9.9546967e-02   4.2330236e-02   3.1152732e-01  -1.0848930e-02  -2.9936380e-03  -8.0053994e-03
   1.0760621e-01   9.8242933e-02   3.5783138e-01  -1.0330188e-02  -3.4857026e-03  -8.1196899e-03
   1.1793777e-01   1.1341366e-01   4.1011068e-01  -1.2139464e-02  -2.2868607e-03  -8.4398578e-03
   1.1469887e-01   1.4052968e-01   4.3325985e-01  -1.1789604e-02  -3.5171220e-03  -8.6737444e-03
   8.4309906e-02   1.1163462e-01   4.1049382e-01  -1.1524628e-02  -3.1466664e-03  -9.2664846e-03
   9.5450075e-02   1.5122040e-01   4.1959182e-01  -1.0765908e-02  -3.2857143e-03  -9.1896341e-03
   7.5316840e-02   1.8512510e-01   4.4037498e-01  -1.1199497e-02  -3.3112337e-03  -9.8688587e-03
   7.1459575e-02   1.7471834e-01   4.1740133e-01  -1.0720720e-02  -3.9075322e-03  -9.7641822e-03
   6.0308092e-02   1.3759342e-01   4.0428183e-01  -1.1756498e-02  -2.9140376e-03  -1.0031794e-02
   4.9904876e-02   1.1316488e-01   4.0604866e-01  -1.0486343e-02  -3.5006192e-03  -1.0318771e-02
   7.2010828e-02   1.0935548e-01   3.7473468e-01  -1.0838187e-02  -2.8656463e-03  -9.9413165e-03
   5.7335287e-02   1.2554210e-01   4.4091635e-01  -1.0391545e-02  -3.1240615e-03  -9.9252006e-03
   7.6114502e-02   8.6342342e-02   4.1477677e-01  -1.1357803e-02  -2.3375743e-03  -9.5119973e-03
   3.2518832e-02   7.3679644e-02   3.6133500e-01  -1.0505060e-02  -2.9100825e-03  -9.6851073e-03
   7.7042174e-02   1.9033561e-02   3.2472782e-01  -1.0503165e-02  -1.8741102e-03  -9.2322979e-03
   5.4937034e-02   7.5741139e-02   3.4202521e-01  -1.0438851e-02  -2.2686325e-03  -1.0268849e-02
   3.4983831e-02   1.0122986e-01   4.2383040e-01  -1.1229849e-02  -3.0249068e-03  -1.0687599e-02
   4.9016591e-02   1.0540843e-01   4.2688460e-01  -1.0983707e-02  -2.9147776e-03  -1.0156263e-02
   5.3786172e-02   9.7929180e-02   3.8374665e-01  -1.1028830e-02  -2.7885957e-03  -1.0117157e-02
   3.2118724e-02   1.1904724e-01   4.0400396e-01  -1.1422964e-02  -3.1762552e-03  -1.0621262e-02
   4.4298335e-02   1.1375665e-01   4.0871146e-01  -1.1012394e-02  -3.3470059e-03  -1.0387124e-02
   2.2731163e-02   1.1449106e-01   4.1531645e-01  -1.0651589e-02  -3.7332439e-03  -1.0667725e-02
   5.4997480e-02   7.4880601e-02   4.6046989e-01  -1.2185804e-02  -1.8613758e-03  -1.0510670e-02
   3.9456848e-02   6.7797290e-02   4.8986197e-01  -1.2616006e-02  -2.0976308e-03  -1.1207460e-02
   3.7438457e-02   7.3257737e-02   3.5442544e-01  -1.0791630e-02  -2.5413677e-03  -1.0673511e-02
   2.8870063e-02   8.3290487e-02   5.1511525e-01  -1.3143002e-02  -2.5807596e-03  -1.1371804e-02
   3.0891894e-02   1.5157496e-01   4.7973836e-01  -1.1964890e-02  -3.7335959e-03  -1.1019136e-02
   5.8141907e-02   1.1020982e-01   5.3248571e-01  -1.2489831e-02  -2.8844764e-03  -1.0555720e-02
   4.5279649e-02   1.0612611e-01   4.9988615e-01  -1.2610834e-02  -2.5010665e-03  -1.0906399e-02
   2.2515374e-02   1.9795804e-01   6.8264687e-01  -1.2563987e-02  -2.5749539e-03  -1.0549795e-02
   4.2074737e-02   2.0804254e-01   6.9831622e-01  -1.3303705e-02  -2.6793595e-03  -1.0517598e-02
   5.3100939e-02   1.8910901e-01   5.8937078e-01  -1.2558460e-02  -3.0541859e-03  -9.8921591e-03
   3.8068019e-02   1.8106284e-01   5.7070150e-01  -1.2912268e-02  -1.4753719e-03  -9.4931601e-03
   2.9318667e-02   1.5599072e-01   6.0225654e-01  -1.3786583e-02  -2.8594384e-03  -1.0074605e-02
   1.7583230e-02   1.0423396e-01   4.2714055e-01  -1.3110517e-02  -1.6424094e-03  -1.0177008e-02
   1.4982386e-02   1.1178071e-01   3.9233826e-01  -1.2946266e-02  -1.5858387e-03  -1.0668687e-02
   1.8028159e-02   1.3671153e-01   6.9252464e-01  -1.5657489e-02  -1.4647398e-03  -1.0041859e-02
  -1.8728370e-02   2.6459150e-02   6.0259786e-01  -1.6044140e-02  -1.4623177e-03  -1.0839936e-02
  -3.6319311e-02   8.4667481e-02   5.5686038e-01  -1.5835762e-02  -1.8537305e-03  -1.1235197e-02
  -2.8524870e-02   1.4084484e-01   5.8516638e-01  -1.4653131e-02  -1.7826196e-03  -1.0163019e-02
  -3.9090897e-02   9.7634279e-02   5.9777362e-01  -1.5299887e-02  -2.2309528e-03  -1.0705707e-02
  -6.8236607e-03   1.2918049e-01   6.7673803e-01  -1.6441260e-02  -1.6280615e-03  -1.0324303e-02
  -1.3387627e-02   9.1637885e-02   5.9301011e-01  -1.4654998e-02  -2.3856324e-03  -1.1048108e-02
  -4.3830570e-02   1.8941855e-01   6.6588050e-01  -1.5303800e-02  -1.9633941e-03  -1.0817652e-02
  -5.5167130e-02   1.4953518e-01   6.2366839e-01  -1.5248770e-02  -2.5162262e-03  -1.0994302e-02
  -1.4666746e-02   1.2789953e-01   5.7360549e-01  -1.4968479e-02  -1.8232300e-03  -1.1175054e-02
  -1.8528642e-04   9.2593646e-02   5.3556936e-01  -1.5044686e-02  -1.2404296e-03  -1.0809255e-02
   1.1275638e-02   1.1296800e-01   6.2823766e-01  -1.5650336e-02  -1.2467872e-03  -9.9529315e-03
  -8.5968331e-03   1.3608807e-01   5.7238309e-01  -1.4574698e-02  -2.6558969e-03  -1.0686464e-02
  -3.1150051e-02   1.4329223e-01   5.8096084e-01  -1.5154600e-02  -2.1511821e-03  -1.0724929e-02
  -4.2058986e-02   1.4207216e-01   5.4992121e-01  -1.3379410e-02  -1.9094020e-03  -1.0768980e-02
  -3.1264604e-02   7.9959455e-02   5.2928783e-01  -1.4928523e-02  -1.2036403e-03  -1.0628536e-02
  -6.8181158e-02   9.5121228e-02   5.6676436e-01  -1.5244141e-02  -1.4727823e-03  -1.1865675e-02
  -6.4334015e-02   1.0266166e-01   5.8031265e-01  -1.5599726e-02  -2.0227372e-03  -1.1981811e-02
  -3.5273729e-02   2.0305314e-01   6.9079334e-01  -1.5404418e-02  -1.6797531e-03  -1.0316660e-02
  -3.5731281e-02   1.0123978e-01   5.8786580e-01  -1.4839183e-02  -1.9702201e-03  -1.0492293e-02
  -3.2149734e-02   1.8022335e-01   6.2044486e-01  -1.5403217e-02  -1.7330170e-03  -1.0877954e-02
  -5.4054806e-02   1.1289079e-01   5.5069242e-01  -1.4694029e-02  -2.2963686e-03  -1.1705897e-02
  -7.1138268e-02   1.5110743e-01   6.1973613e-01  -1.5829864e-02  -1.8972696e-03  -1.2368342e-02
  -9.1233696e-02   1.6656510e-01   6.5981532e-01  -1.5969864e-02  -1.6520411e-03  -1.2051596e-02
  -8.0988739e-02   1.1618099e-01   5.4011823e-01  -1.4939239e-02  -1.4213873e-03  -1.2059429e-02
  -9.1427071e-02   1.4040739e-01   4.9351635e-01  -1.5005530e-02  -8.0533339e-04  -1.2020778e-02
  -7.2084681e-02   1.5780477e-01   5.8041903e-01  -1.4293860e-02  -9.9248688e-04  -1.1921351e-02
