   0.0000000e+00   0.0000000e+00  -7.1054274e-15   0.0000000e+00   0.0000000e+00   0.0000000e+00
   2.1130480e-02   6.8059446e-03  -4.2099251e-02   1.2462415e-03  -1.6026288e-04  -1.2275952e-05
  -7.0806862e-03   1.7836216e-02  -2.5640565e-01   7.0605483e-04  -4.7225895e-04   3.4409121e-05
  -2.2420836e-03   4.6026508e-02  -3.4691432e-01   1.6936654e-03  -5.1854171e-04   1.1430292e-04
  -1.3079508e-02   1.4152091e-02  -3.5609377e-01   2.3709689e-03  -5.7107897e-04   8.6351830e-06
  -2.7745924e-02   2.7605350e-02  -3.0899302e-01   1.6291096e-03  -9.6760110e-04  -1.5437396e-04
  -3.2575356e-02   2.6438812e-02  -2.8139572e-01   1.6998289e-03  -4.8214523e-04  -1.3344942e-04
  -1.4358080e-02   7.1287310e-02  -3.3072621e-01   9.7125509e-04  -5.1555150e-04   2.5301124e-04
  -6.9484434e-03  -9.9500801e-03  -2.3765476e-01   7.8734303e-04  -1.4440928e-04  -3.6157871e-04
  -1.3622208e-01   3.7628280e-02  -1.5580520e-01  -1.6229520e-04  -5.8999300e-04  -7.8565876e-04
  -1.3148808e-01   6.7895305e-02  -1.4024227e-01   1.1792096e-03  -2.6223119e-04  -7.7338787e-04
  -1.1570610e-01   3.4458816e-02  -1.5319762e-02   9.5196875e-05   9.4094585e-05  -8.0163375e-04
  -9.8013053e-02   5.5670693e-02  -5.8728147e-02   1.6027078e-03   5.4286695e-05  -4.3097267e-04
  -1.2120180e-01   1.0156575e-01   4.6559781e-03   9.8369544e-04   2.2608994e-04  -1.0807696e-04
  -1.3389902e-01   6.8374115e-02  -2.4352247e-03   1.0328822e-03   7.4719744e-04  -7.7858261e-04
  -1.3554847e-01   6.0558509e-02   4.9024674e-02   1.0665038e-03   3.5949508e-04  -8.9749587e-04
  -1.0863821e-01   5.5862598e-02   6.9925336e-02   8.4123650e-04   4.8538630e-05  -3.7450339e-04
  -9.4491285e-02   5.0873886e-02   3.7139180e-02  -3.4001901e-06   1.4657201e-04  -5.6950105e-04
  -8.2120820e-02   6.8287034e-02  -1.0007910e-01   3.3067213e-03   4.7909042e-04  -7.1532633e-04
  -1.0852767e-01   1.1333902e-01  -6.5329655e-02   2.4689104e-03   2.0095297e-04  -7.5914292e-04
  -1.3799043e-01   6.2295585e-02  -1.0087141e-02   2.1081025e-03  -2.9968756e-04  -9.7664175e-04
  -9.2408222e-02   7.9247616e-02  -2.6695505e-02   2.6835140e-03   1.6398998e-04  -5.7924141e-04
  -1.2201444e-01   5.9259076e-02   4.9593555e-02   1.7586006e-03  -3.1307169e-05  -1.0968412e-03
  -1.0223335e-01   8.7524313e-02   6.7930765e-02   9.8877517e-04   2.7060201e-04  -8.1114154e-04
  -9.2574721e-02   7.5107602e-02   4.2431290e-02   1.3989722e-03   5.1905627e-04  -9.4520077e-04
  -9.3868992e-02   8.9942682e-02   6.9728456e-02   1.0732129e-03   8.5085561e-04  -9.5126069e-04
  -6.6422069e-02   8.9434853e-02   2.8334918e-02   1.6163949e-03   8.0694597e-04  -6.6336948e-04
  -8.8338687e-02   7.7243708e-02   4.9222527e-02   1.5164805e-03   4.3885039e-04  -8.8577150e-04
  -1.1636270e-01   8.7288807e-02   6.5038230e-02   6.0724149e-04   4.5950037e-05  -8.4980795e-04
  -1.0898544e-01   1.3741249e-01   2.0250972e-02   1.7942475e-03   7.5167296e-04  -9.5052168e-04
  -1.0995863e-01   1.0317117e-01   3.4416306e-02   1.4843311e-03   4.8004682e-04  -9.5670461e-04
  -1.1613262e-01   1.0194771e-01   7.9430050e-02   1.2446911e-03   2.2439294e-04  -8.3011359e-04
  -9.9365432e-02   8.8873445e-02   3.0873040e-02   2.1622157e-03   2.2338281e-04  -3.5528235e-04
  -8.6462703e-02   9.4931743e-02   7.8961684e-03   2.6051110e-03   7.6584978e-04  -6.5404538e-04
  -9.5839539e-02   1.1031945e-01   8.4923847e-02   1.6097855e-03   8.3740342e-04  -5.2270278e-04
  -8.5201275e-02   1.1417127e-01   3.8501642e-02   2.1242887e-03   4.4545741e-04  -2.8615924e-04
  -9.9688855e-02   1.1570600e-01   7.0829661e-02   2.0292959e-03   8.8799667e-04  -5.7825646e-04
  -1.0483199e-01   1.2863919e-01   1.1511158e-02   2.4974740e-03   8.3362524e-04  -4.3283944e-04
  -9.5363104e-02   1.2033015e-01   1.1613200e-02   2.9427816e-03   9.5885135e-04  -6.1071738e-04
  -9.0103233e-02   1.5146814e-01   8.6831836e-02   7.7084304e-04   6.1060693e-04  -2.8371377e-04
  -8.4629982e-02   1.5867412e-01   2.5157877e-02   2.3260775e-03   1.0492721e-03  -5.3121471e-04
  -1.0477114e-01   1.4090779e-01   1.9908041e-01   1.2044802e-03   6.0800563e-04   3.7740527e-04
  -1.8237786e-01   1.1142977e-01   3.4232326e-01   1.4105493e-03   1.0113411e-03   3.3762603e-04
  -1.0897404e-01   1.1281827e-01   9.9822441e-02   1.4152595e-03   9.4818469e-04  -1.5682396e-04
  -1.5932387e-01   1.4672088e-01  -7.1395013e-02   2.5580041e-03   3.5765923e-04  -6.6639892e-04
  -1.4692366e-01   1.0961061e-01   6.7940886e-02   1.0029443e-03   7.4030959e-04  -8.2965868e-04
  -1.1252226e-01   1.0390418e-01   8.3072754e-02   1.0705562e-03   9.7480833e-04  -4.3329386e-04
  -5.5531151e-02   1.1189939e-01   9.0474564e-02   1.1872063e-04   1.3843980e-03  -4.3568810e-04
  -1.2287534e-01   1.4023157e-01   5.3035976e-03   1.6584781e-03   9.1880956e-04  -8.0669808e-04
  -1.3969642e-01   1.2519975e-01   3.7584763e-02   1.5156144e-03   5.5114113e-04  -6.3641097e-04
  -1.1949025e-01   1.3911757e-01   3.3708704e-02   1.2897871e-03   1.0227764e-04  -3.9037781e-04
  -1.3189698e-01   1.2770787e-01   1.4410659e-02   1.9700304e-03   7.4618052e-04  -6.8417945e-04
  -1.2778481e-01   1.3970056e-01   8.7834986e-02  -3.0869294e-04   7.9084055e-05  -5.3944602e-04
  -1.2384188e-01   1.9260799e-01   4.4136877e-02   9.8527786e-04   6.1739336e-04  -3.8437173e-04
  -1.1810710e-01   1.6219663e-01   5.7819185e-02   7.0384089e-04   5.5903190e-04  -5.1093631e-04
  -1.2557716e-01   1.4050220e-01   7.4297501e-02   1.2511720e-03   4.7069990e-04  -6.0991156e-04
  -1.2121504e-01   1.3383186e-01   9.0891105e-02   1.1383691e-04   2.4731736e-04  -5.3469970e-04
  -1.3062369e-01   1.0816336e-01   3.7110918e-02   1.0664365e-03   1.6903042e-04  -6.9175348e-04
  -1.3190902e-01   1.4634204e-01   7.5309041e-02   1.0872514e-03  -4.6969410e-05  -5.2432676e-04
  -1.1665414e-01   1.1135068e-01   8.3687563e-02   1.5795526e-03  -2.2871102e-04  -7.1290331e-04
  -1.0556774e-01   1.4742940e-01   7.1573210e-02   1.7873627e-03  -4.2170739e-04  -7.1724851e-04
  -1.1443042e-01   1.4216825e-01   6.0682621e-02   2.2366569e-03  -5.1290474e-04  -7.7728878e-04
  -1.0778065e-01   1.4198575e-01   1.0038537e-01   1.6623580e-03  -1.7434938e-04  -5.8377024e-04
  -1.2819940e-01   1.4702727e-01   1.9864317e-02   2.9674882e-03  -7.0688650e-04  -9.6722162e-04
  -2.0612525e-01   1.5766872e-01  -1.0516716e-01   5.5768379e-03  -1.4667839e-03  -1.9762478e-03
  -1.6195498e-01   1.8953710e-01  -8.1065851e-03   4.2425548e-03  -4.8220641e-04  -1.4465706e-03
  -1.3745966e-01   1.6174605e-01   9.3665960e-03   4.2645331e-03  -4.8742327e-04  -1.1108343e-03
  -1.2913644e-01   1.6790990e-01   8.1356879e-02   2.7739606e-03   1.5530776e-04  -9.7804641e-04
  -1.2922883e-01   1.7419973e-01  -5.1240540e-03   2.9706153e-03  -3.9187873e-04  -1.2085402e-03
  -1.3969558e-01   1.8701607e-01   3.6382265e-03   3.6990365e-03   1.0267082e-04  -1.4135232e-03
  -1.3603964e-01   1.8744142e-01   1.2418610e-02   3.4930136e-03  -3.6174553e-05  -1.2282826e-03
  -1.4163182e-01   2.0855414e-01   3.5884192e-02   3.4319502e-03  -5.5158802e-04  -1.2899951e-03
  -1.6620001e-01   2.0166363e-01  -1.4978239e-02   4.0362126e-03  -1.2225120e-04  -1.4353632e-03
  -1.6103113e-01   2.0299277e-01   1.3217432e-02   3.7017602e-03   3.1081307e-06  -1.4266800e-03
  -1.5545246e-01   2.1355279e-01   2.2980070e-02   3.2565172e-03  -4.5568816e-04  -1.3171340e-03
  -8.0146782e-02   1.7021533e-01   1.5714761e-01   2.9621636e-03   6.8115136e-04  -8.3825599e-04
  -5.8412360e-02   2.0545227e-01   9.9373759e-02   3.8162990e-03   1.1552579e-03  -6.9269086e-04
  -8.0090902e-02   2.1383527e-01   6.5145952e-02   3.4977958e-03   1.5698455e-04  -7.8337898e-04
  -7.8833784e-02   1.6172581e-01   1.6118743e-01   2.7877126e-03  -7.0894760e-04  -5.0955875e-04
  -7.4994993e-02   1.8678577e-01   1.4662352e-01   2.0183265e-03  -5.1275522e-04  -4.8459663e-04
  -7.8385968e-02   1.7878934e-01   1.8500301e-01   2.5126968e-03  -6.2210177e-04  -5.4558710e-04
  -7.9226985e-02   2.1835547e-01   1.7533649e-01   9.4725104e-04  -5.2746014e-04  -3.2970806e-04
  -8.7381200e-02   1.9829196e-01   1.2614161e-01   1.5840339e-03  -1.3590000e-04  -2.1666887e-04
  -9.2833079e-02   2.0660934e-01   1.4976615e-01   2.4514402e-03   6.0037443e-05  -3.0372711e-04
  -5.9410188e-02   1.6897504e-01   1.2952730e-01   1.1620783e-03   2.9482334e-06  -6.5950326e-04
  -6.7597461e-02   1.9665799e-01   1.2979720e-01   2.0073133e-03   5.9883615e-05  -4.9170605e-04
  -8.3254346e-02   2.0036458e-01   1.2524478e-01   2.2042985e-03  -4.9515621e-04  -2.8237489e-04
  -8.6356339e-02   1.8897014e-01   1.3348004e-01   1.1167568e-03  -5.1783112e-04  -3.2553753e-04
  -1.1429164e-01   2.3175514e-01   1.4687179e-01   1.7692049e-03  -1.0957753e-03  -2.4346138e-04
  -9.4626067e-02   1.8206601e-01   1.7850296e-01   1.5109535e-03  -5.2570635e-04  -6.6679554e-04
  -9.9097146e-02   2.1015131e-01   1.6813199e-01   1.2415828e-03  -7.2877465e-04  -7.2660344e-04
  -8.9901414e-02   2.4249068e-01   1.1847385e-01   1.5069804e-03  -8.7120153e-04  -5.9152723e-04
  -9.6748177e-02   2.2805225e-01   7.6108059e-02   2.2776319e-03  -1.0210135e-03  -7.9849639e-04
  -8.6938352e-02   2.4561805e-01   9.8773517e-02   1.9267690e-03  -9.6388274e-04  -6.7607747e-04
  -7.8970451e-02   1.9972883e-01   2.8519700e-02   2.8656437e-03  -1.2450406e-03  -3.6190410e-04
  -8.4901466e-02   1.8925403e-01  -2.3289713e-02   3.6094470e-03  -1.7825395e-03  -1.0332485e-03
  -1.1633372e-01   2.4987245e-01  -6.2232894e-04   3.6647397e-03  -1.3032803e-03  -1.1148802e-03
  -1.0684481e-01   2.0834088e-01   6.1380811e-02   3.9456517e-03  -1.1056363e-03  -9.7675292e-04
  -1.0683616e-01   2.3646829e-01  -2.1286341e-02   3.5650015e-03  -8.2229166e-04  -1.3623632e-03
  -1.7857876e-01   1.6245721e-01  -7.7873311e-02   4.2174294e-03  -1.8368559e-03  -1.9502630e-03
  -1.5703600e-01   2.5311768e-01   6.8050630e-03   3.2742408e-03  -1.7878621e-03  -2.1804632e-03
  -1.4855271e-01   2.1791965e-01   8.9299987e-03   3.2249117e-03  -1.2651440e-03  -2.2141841e-03
  -1.4867071e-01   2.0853266e-01   9.0830599e-02   1.7679785e-03  -2.1626846e-03  -2.0910530e-03
  -3.1273742e-01   1.4815556e-01   3.1963735e-01   1.6076693e-03  -3.8231443e-03  -1.3586596e-03
  -2.3042508e-01   2.3967227e-01   1.4593320e-01  -6.6076060e-05  -2.1931213e-03  -1.5182871e-03
  -1.4504796e-01   2.6663717e-01   1.0924193e-02   6.6699766e-04  -1.6417531e-03  -1.8344227e-03
  -1.3547358e-01   1.7549480e-01   1.7518484e-01  -6.8377437e-04  -1.7751633e-03  -1.5310108e-03
  -1.3147846e-01   1.8676188e-01   1.9769738e-01  -1.4330964e-03  -2.1339181e-03  -1.5656129e-03
  -1.1647673e-01   1.5043239e-01   2.1679586e-01  -2.0430227e-03  -1.8223097e-03  -1.7551603e-03
  -8.7176642e-02   1.5157109e-01   1.3963688e-01  -1.2199684e-03  -9.9632326e-04  -1.7102446e-03
  -6.3746978e-02   2.0514861e-01   1.4196103e-01  -8.5524861e-04  -3.6685380e-04  -1.6014962e-03
  -1.0002761e-01   2.1963052e-01   1.2795129e-01  -5.6170077e-04  -1.1269007e-03  -1.4157730e-03
  -1.3511989e-01   2.1013598e-01   1.4794798e-01  -1.5407257e-03  -9.3874127e-04  -1.9146041e-03
  -1.3454984e-01   2.1762798e-01   1.5969601e-01  -1.8198829e-03  -1.0134178e-03  -1.8945484e-03
  -1.2784883e-01   2.6140080e-01   1.4107113e-01  -1.2132898e-03  -1.0345523e-03  -1.6053395e-03
  -1.2504401e-01   2.3242373e-01   1.7801008e-01  -1.6979568e-03  -8.4748787e-04  -1.8999525e-03
  -1.3443890e-01   2.4654659e-01   2.4004398e-01  -1.4987199e-03  -5.1454420e-04  -1.8391003e-03
  -1.4607164e-01   2.2931521e-01   1.0402793e-01  -1.1674695e-03  -1.2698971e-03  -2.2521426e-03
  -1.8056211e-01   2.2309880e-01  -2.0449409e-01   2.8647957e-03  -2.4220339e-03  -1.7537261e-03
  -1.3546381e-01   1.8173132e-01  -4.5703271e-01   2.6812361e-03  -3.4137892e-03  -1.4199873e-03
  -1.5673557e-01   2.3183622e-01   5.3927728e-02  -4.0038755e-04  -3.6234366e-03  -1.3391990e-03
  -8.9784304e-02   2.2558274e-01   2.4727049e-01  -9.1091296e-04  -1.9036120e-03  -1.4554371e-03
  -1.0910834e-01   2.6119611e-01   2.8337952e-01  -1.5550570e-03  -1.8402620e-03  -1.8979086e-03
  -8.5505519e-02   2.8966670e-01   2.2878559e-01  -1.0177654e-03  -1.5788029e-03  -1.4341900e-03
  -8.1980274e-02   2.7727384e-01   2.8769250e-01  -1.7077994e-03  -1.4559127e-03  -1.7185392e-03
  -1.0610209e-01   2.7742356e-01   2.2997463e-01  -1.5250616e-03  -1.4397170e-03  -1.6595093e-03
  -1.1261504e-01   2.6189914e-01   2.0426919e-01  -5.1479093e-04  -1.0473322e-03  -2.3753482e-03
  -1.1902822e-01   2.5391200e-01   2.1929910e-01  -8.5548270e-04  -1.2896143e-03  -1.9159879e-03
  -1.1978437e-01   2.7823996e-01   2.1479525e-01  -5.5724363e-04  -1.0647199e-03  -2.5481646e-03
  -1.3631906e-01   2.5167360e-01   2.3576348e-01  -7.0673813e-04  -1.0432966e-03  -2.4733372e-03
  -1.3490618e-01   2.3142503e-01   1.7447913e-01  -7.9754927e-04  -1.6833650e-03  -2.0877710e-03
  -1.2144561e-01   2.6848367e-01   1.5276537e-01   1.3023369e-04  -2.0896689e-03  -1.9609601e-03
  -1.3506656e-01   2.5106836e-01   2.3020912e-01  -1.0508998e-03  -2.1382826e-03  -2.3394395e-03
  -1.3229489e-01   2.6454684e-01   1.7243235e-01  -4.1673954e-04  -2.2380507e-03  -2.0088091e-03
  -1.3711791e-01   2.4993843e-01   2.4971452e-01  -2.7445895e-04  -1.8685857e-03  -2.5529908e-03
  -2.2774260e-01   2.3594478e-01   2.2372662e-01   5.6985247e-04  -2.6176927e-03  -2.6671511e-03
  -2.2031571e-01   2.3198329e-01   2.0169827e-01   1.2937139e-03  -2.8737210e-03  -2.7233610e-03
  -2.2435800e-01   2.7282555e-01   2.1699623e-01   1.2020133e-03  -2.8581035e-03  -2.6604254e-03
  -2.1909458e-01   2.7222302e-01   2.1474262e-01   1.2323976e-03  -2.9174445e-03  -2.5871502e-03
  -2.4021919e-01   2.5174620e-01   2.7443904e-01  -1.1083401e-04  -3.3475567e-03  -2.5748609e-03
  -2.4287235e-01   2.8308457e-01   2.3606271e-01   3.0971011e-04  -3.4921594e-03  -2.5585688e-03
  -2.4601744e-01   2.8049398e-01   2.3307193e-01  -5.6958016e-06  -3.6131081e-03  -2.5854837e-03
  -2.4862339e-01   2.8576646e-01   2.3172755e-01   9.3992683e-04  -3.3372869e-03  -2.3939948e-03
  -2.4328324e-01   3.1422681e-01   2.1598747e-01   1.0281736e-03  -3.4039707e-03  -2.2021905e-03
  -2.5000138e-01   3.0525311e-01   2.4961170e-01   2.3601144e-04  -3.3742325e-03  -2.2855420e-03
  -2.4667072e-01   2.7995306e-01   2.6725910e-01   8.4864597e-06  -3.2384690e-03  -2.5668750e-03
  -2.5133765e-01   2.7862241e-01   2.7268089e-01   2.8567208e-04  -3.7549488e-03  -2.3322370e-03
  -2.5382201e-01   3.1849483e-01   2.7774173e-01   1.1981320e-04  -3.4705725e-03  -2.3034878e-03
  -1.9025220e-01   2.7487115e-01   2.4940291e-01  -6.1553830e-04  -2.6840640e-03  -2.1856796e-03
  -1.9812786e-01   3.1005951e-01   2.1313439e-01   6.3646895e-04  -2.7962544e-03  -2.0046248e-03
  -1.8746669e-01   2.7022120e-01   2.4764649e-01  -3.6342323e-04  -3.1079868e-03  -2.0742861e-03
  -2.0573446e-01   2.8654266e-01   2.4476207e-01   9.7167491e-04  -2.8467710e-03  -2.1878706e-03
  -2.2054582e-01   3.3347860e-01   1.9238966e-01   8.9761445e-04  -2.8902274e-03  -2.3439582e-03
  -2.0983447e-01   3.0362666e-01   2.5247976e-01   5.6694967e-04  -2.7932258e-03  -2.4614452e-03
  -2.1244564e-01   3.1455182e-01   2.5512435e-01   2.2431137e-04  -2.5483334e-03  -2.3160729e-03
  -2.1324853e-01   3.2946231e-01   2.3870461e-01   8.9178977e-04  -2.5212913e-03  -2.2525479e-03
  -2.1222926e-01   3.1069208e-01   2.4027217e-01   6.9974538e-04  -2.5292709e-03  -2.4203725e-03
  -2.3567158e-01   3.0716038e-01   2.2290917e-01   1.4301491e-03  -2.8835158e-03  -2.5745288e-03
  -2.2290296e-01   3.3094742e-01   2.4115946e-01   6.8487745e-04  -2.7440190e-03  -2.6439517e-03
  -2.1859505e-01   3.0079978e-01   2.1147283e-01   3.3903456e-04  -2.8119988e-03  -2.4904201e-03
  -2.3648579e-01   3.1343066e-01   2.1532047e-01   8.0281476e-04  -2.7257569e-03  -2.4532277e-03
  -2.3393642e-01   3.0941537e-01   1.8975156e-01   1.6714468e-03  -2.7926099e-03  -2.4818258e-03
  -2.2822386e-01   2.9890604e-01   2.4871654e-01   1.2355011e-03  -2.4286844e-03  -2.4559258e-03
  -2.2972480e-01   3.1055071e-01   2.0140179e-01  -5.1233141e-04  -2.8376637e-03  -2.2945141e-03
  -2.2672610e-01   3.3351656e-01   1.5892837e-01   1.3430900e-03  -2.4080472e-03  -2.5702402e-03
  -2.3866542e-01   3.3118343e-01   2.3225144e-01   3.3944436e-04  -2.6830937e-03  -2.4818289e-03
  -2.4369083e-01   3.7272342e-01   1.6069225e-01   2.3681537e-03  -2.4419063e-03  -2.4786580e-03
  -2.2138722e-01   3.4703777e-01   1.9364518e-01   1.8668761e-03  -2.2148378e-03  -2.3200191e-03
  -2.2110265e-01   3.3645360e-01   2.4727418e-01   6.4034297e-04  -2.5069266e-03  -2.1740919e-03
  -1.8570111e-01   3.2814353e-01   2.0947248e-01   6.4467640e-04  -2.4828639e-03  -2.3146245e-03
  -2.1374385e-01   3.7937680e-01   2.1600865e-01   8.4081960e-04  -2.3167094e-03  -2.3444226e-03
  -2.2931141e-01   3.7969361e-01   1.9162053e-01   1.1463248e-03  -2.4686769e-03  -2.3191793e-03
  -2.2263733e-01   3.6220530e-01   2.2774789e-01   9.8575775e-04  -2.7440342e-03  -2.1125973e-03
  -2.0506224e-01   3.4778100e-01   2.0362678e-01   6.3230777e-04  -2.6716872e-03  -2.3135580e-03
  -2.2861345e-01   3.6394119e-01   2.1107740e-01   1.8144241e-03  -2.8156128e-03  -2.3102612e-03
  -2.3444410e-01   3.8007468e-01   2.0733043e-01   1.3882261e-03  -2.7971367e-03  -2.1025163e-03
  -2.2388465e-01   3.7032869e-01   2.1873348e-01   2.0504428e-03  -2.2860570e-03  -2.3326384e-03
  -2.2281166e-01   3.5657114e-01   1.5995703e-01   2.4613702e-03  -2.3106176e-03  -2.3817293e-03
  -1.9472769e-01   3.4348539e-01   1.5931340e-01   2.5547434e-03  -2.8425176e-03  -1.8692331e-03
