   0.0000000e+00   0.0000000e+00   7.1054274e-15   0.0000000e+00   0.0000000e+00   0.0000000e+00
   4.7235739e-03   5.8775383e-02  -2.2864297e-02  -4.5506852e-04  -1.0279569e-04  -3.8481916e-04
   1.8670186e-03   1.6319283e-02  -8.8713468e-02   4.2080134e-04  -1.1475885e-04  -3.4337297e-04
   2.8314322e-02   1.7700311e-01   8.0001645e-02   9.3825664e-05  -7.9607524e-05  -2.2198572e-04
  -8.5755720e-02   3.1489965e-01   2.5811293e-01  -2.2146701e-03   9.1242804e-04  -1.5439596e-05
  -7.0829822e-02   5.8961508e-02  -2.0137502e-01  -1.4231163e-03  -4.7683004e-04  -6.5501079e-04
  -2.5983778e-02   5.1054963e-02  -2.2873327e-01  -9.4394838e-04  -7.8083565e-04  -2.8669574e-04
  -4.8870928e-02   6.0174436e-03  -1.4152428e-01  -1.4423843e-03  -7.0528979e-04  -4.1731065e-04
  -2.4769379e-02   5.1156600e-03  -1.5665960e-01  -1.6892608e-03  -8.3162052e-04  -1.8487100e-04
  -4.0611747e-02  -8.9645442e-03  -9.9350947e-02  -1.5863475e-03  -7.4919695e-04  -4.7819939e-04
  -2.7880164e-02   4.2678403e-02  -1.7071502e-01  -2.1076035e-03  -1.0224326e-03  -6.9513205e-04
  -3.5056601e-02   6.9083703e-02   1.4877073e-01  -2.4382790e-03  -1.2237128e-03  -7.9707014e-04
  -3.0578400e-02   7.9970436e-02   1.1672088e-01  -9.4113996e-04  -1.4701023e-03  -7.3444527e-04
  -3.1821419e-02   9.5356716e-02   1.7331693e-01  -2.8911373e-03  -1.2802528e-03  -9.3257578e-04
  -3.2125604e-02   9.9437398e-02   1.4829981e-01  -1.9672134e-03  -1.2483282e-03  -9.1290043e-04
  -3.4341134e-02   1.1391176e-01   1.7693408e-01  -2.1448782e-03  -1.3595646e-03  -1.0501156e-03
  -2.9676479e-02   9.4186208e-02   1.6660946e-01  -2.2848033e-03  -1.3317919e-03  -9.5575419e-04
  -4.0220597e-02   1.0272382e-01   2.1561654e-01  -2.5152548e-03  -9.7242465e-04  -1.1926173e-03
  -5.2725416e-02   8.9410777e-02   2.4497538e-01  -3.0974482e-03  -7.1242442e-04  -1.2270590e-03
  -4.9169466e-02   8.9872622e-02   1.7691803e-01  -2.5863724e-03  -1.3006473e-03  -8.8887270e-04
  -4.5620695e-02   9.5771717e-02   1.3127147e-01  -2.0425198e-03  -9.9866074e-04  -9.9037920e-04
  -3.9323004e-02   9.0501273e-02   1.4891339e-01  -1.4732110e-03  -1.1770792e-03  -8.4380212e-04
  -3.6501266e-02   1.2799055e-01   1.1374299e-01  -5.0892631e-04  -1.2478152e-03  -8.8957853e-04
  -3.3074519e-02   1.0838663e-01   1.9276878e-01  -2.1353835e-03  -1.1860528e-03  -8.4292133e-04
  -2.6814515e-02   1.1593126e-01   1.3399313e-01  -8.7414739e-04  -1.2049032e-03  -4.6281044e-04
  -5.6223077e-02   1.0112191e-01   2.4191349e-01  -2.3960261e-03  -1.1871641e-03  -1.2850168e-03
  -3.3844647e-02   1.0286689e-01   1.6704086e-01  -2.1649084e-03  -1.4741584e-03  -7.8763498e-04
  -3.8914296e-02   8.6769922e-02   1.7899898e-01  -2.9857603e-03  -1.1522257e-03  -9.2529649e-04
  -3.0392510e-02   8.9778189e-02   1.5899227e-01  -1.5276014e-03  -1.2010281e-03  -8.1840456e-04
  -4.1521579e-02   1.3243152e-01   1.2447490e-01  -1.3083946e-03  -1.2425090e-03  -8.8137392e-04
  -3.7575925e-02   1.0845038e-01   2.1962272e-01  -2.6932683e-03  -1.2348976e-03  -7.8673480e-04
  -3.4844822e-02   9.7347496e-02   2.0229034e-01  -3.1713797e-03  -1.4329488e-03  -8.8538556e-04
  -3.9189185e-02   1.1282309e-01   1.9756828e-01  -2.5008192e-03  -1.2773238e-03  -1.1015863e-03
  -5.9312281e-02   8.1622370e-02   2.2301007e-01  -3.0793249e-03  -1.0899012e-03  -1.3613876e-03
  -5.2098531e-02   1.2044831e-01   1.8620512e-01  -1.6484630e-03  -1.3946790e-03  -1.0654370e-03
  -2.8562614e-02   1.2059784e-01   1.1706992e-01  -2.6435028e-04  -2.0861719e-03  -6.0970551e-04
  -3.6422010e-02   1.2046262e-01   1.6742638e-01  -1.7457531e-03  -2.1304346e-03  -8.0319989e-04
  -3.4398969e-02   9.4864111e-02   2.1731123e-01  -2.3124026e-03  -1.7766257e-03  -1.3093872e-03
  -4.2043926e-02   9.6714366e-02   1.7566809e-01  -1.1142016e-03  -1.3631222e-03  -1.6055727e-03
  -1.0393552e-02   1.1030217e-01   1.1620727e-01  -5.7444830e-04  -1.8723610e-03  -9.2216212e-04
  -1.8202840e-02   1.3157252e-01   2.6554364e-01  -2.4027391e-03  -1.4452787e-03  -9.6779370e-04
  -1.5539761e-02   1.5253264e-01   1.4806744e-01  -1.0171225e-03  -1.9519489e-03  -1.0016971e-03
  -2.5451105e-02   1.2327556e-01   1.2364590e-01  -1.7430732e-03  -1.6918739e-03  -1.1757529e-03
  -2.6670329e-02   1.2514961e-01   1.0596833e-01  -1.2412560e-03  -1.6514991e-03  -1.1249572e-03
  -2.5269019e-02   1.0746509e-01   1.3374796e-01  -1.7674747e-03  -1.3683578e-03  -1.0020752e-03
  -2.4476454e-02   1.2059376e-01   1.3264425e-01  -1.5671325e-03  -1.4679550e-03  -4.9554992e-04
  -3.5904732e-02   1.4779749e-01   1.4330180e-01  -1.7219436e-03  -1.3075692e-03  -1.0809333e-03
  -2.2764103e-02   1.3216504e-01   1.1584500e-01  -7.8218097e-04  -1.7228441e-03  -7.6871650e-04
  -2.9028426e-02   1.5363469e-01   1.5212311e-01  -1.7546447e-03  -1.7166824e-03  -1.1017902e-03
  -1.6002361e-02   1.2650470e-01   8.9015028e-02  -6.8215882e-04  -2.0754731e-03  -6.7686558e-04
  -1.7119285e-02   9.6157140e-02   1.6094852e-01  -1.5771782e-03  -1.8220200e-03  -1.4767312e-04
  -5.2617853e-02   1.2552352e-01   2.3814184e-01  -1.5938760e-03  -2.0771313e-03  -1.5302362e-03
  -5.1671474e-02   1.2757438e-01   2.3719636e-01  -2.2624393e-03  -1.8238433e-03  -1.2590463e-03
  -3.6409784e-02   1.4618687e-01   1.9573663e-01  -3.4285781e-04  -2.0176819e-03  -1.3899558e-03
  -2.1983544e-02   1.4337754e-01   1.5592255e-01  -1.0459764e-03  -1.8279518e-03  -1.1415049e-03
  -4.3085498e-02   1.8515730e-01   1.8914215e-01  -1.7680643e-03  -1.7205101e-03  -1.4708177e-03
  -6.8800577e-02   1.3197549e-01   3.7269516e-02   1.4114068e-04  -1.2698994e-03  -1.2999075e-03
  -5.7302073e-02   1.7072302e-01   1.1252846e-01  -1.3860433e-03  -1.3192047e-03  -9.7589898e-04
  -4.2637806e-02   1.9053403e-01   1.0446453e-01  -8.2516397e-04  -1.4417950e-03  -1.0875735e-03
  -4.4946159e-02   1.6468928e-01   1.9144521e-01  -1.6993286e-03  -1.4767653e-03  -1.1050034e-03
  -6.4590451e-02   1.3626162e-01   1.6544298e-01  -1.4844597e-03  -1.4090935e-03  -1.5948698e-03
  -6.8954774e-02   1.5428575e-01   1.2073517e-01  -1.9502417e-03  -1.3369868e-03  -1.3537604e-03
  -8.9042671e-02   1.3563152e-01   1.4563288e-01  -1.9945727e-03  -1.1162946e-03  -1.4761401e-03
  -7.7565940e-02   1.4598983e-01   1.6273375e-01  -2.0633554e-03  -9.4097182e-04  -9.5668122e-04
  -7.1605293e-02   1.7549091e-01   1.3781934e-01  -1.4011649e-03  -9.6487887e-04  -1.2648744e-03
  -7.0902842e-02   1.5269369e-01   1.7338986e-01  -1.6367734e-03  -1.2040448e-03  -1.1388452e-03
  -7.9293445e-02   1.3606496e-01   1.7998123e-01  -1.8624726e-03  -1.0730403e-03  -1.5276562e-03
  -7.3848979e-02   1.5033648e-01   1.8850635e-01  -2.1129244e-03  -1.1915437e-03  -1.2318356e-03
  -7.8173073e-02   1.2963752e-01   2.0727108e-01  -2.3398206e-03  -1.2166012e-03  -1.4603763e-03
  -7.9367623e-02   1.6257406e-01   2.4964946e-01  -1.8286105e-03  -1.2577823e-03  -1.5734177e-03
  -6.3214740e-02   1.5949879e-01   1.2342463e-01  -1.1173548e-03  -1.2973532e-03  -1.4149007e-03
  -6.6011666e-02   1.5595340e-01   1.1856839e-01  -1.2114009e-03  -1.2937843e-03  -1.3764278e-03
  -6.1821612e-02   1.5948703e-01   9.1266011e-02  -2.9401774e-04  -1.4128204e-03  -1.2870139e-03
  -5.6580224e-02   1.4357762e-01   1.4012391e-01  -1.4219418e-03  -1.6336445e-03  -1.3087275e-03
  -5.3270293e-02   1.3900453e-01   9.0728620e-02  -2.4817986e-04  -1.5534212e-03  -1.1383912e-03
  -2.2414640e-02   1.7284506e-01   1.0695496e-01  -5.4315633e-04  -2.0201645e-03  -1.0039869e-03
  -4.4670137e-02   1.6819191e-01   1.2034859e-01  -1.9566948e-03  -1.6022259e-03  -1.7321471e-03
  -2.9866435e-02   1.9117158e-01   1.0293177e-01  -1.6562738e-03  -1.8608657e-03  -1.1203706e-03
  -2.7304110e-02   1.6218670e-01   1.1479449e-01  -2.6546061e-03  -1.9183966e-03  -1.3806207e-03
  -6.6496532e-03   2.0986480e-01   1.1736511e-01  -7.3065451e-04  -2.2892280e-03  -1.2674724e-03
   2.0802374e-02   2.1494039e-01   8.9440913e-02   3.2545214e-04  -2.8964839e-03  -1.1880716e-03
  -3.1590952e-03   1.9203824e-01   1.3900202e-01  -1.8362772e-03  -2.3121229e-03  -4.5983152e-04
   1.6025127e-03   2.1765848e-01   1.1985537e-01  -6.6634776e-04  -2.3083132e-03  -2.6188666e-04
   5.5029795e-03   2.3077137e-01   1.2299292e-01  -7.9041790e-04  -2.3183151e-03  -4.4856369e-04
   2.1746316e-02   1.9635669e-01   1.6190152e-01  -1.4561709e-03  -2.3935284e-03  -3.5213061e-04
   1.1229607e-02   2.1963520e-01   1.3662250e-01  -9.6039550e-04  -2.3407162e-03  -3.4191476e-04
   2.9748208e-03   2.0404886e-01   1.9490206e-01  -1.6128336e-03  -2.2962939e-03  -5.0887842e-04
  -1.0279789e-02   2.0294596e-01   2.0258460e-01  -1.6280608e-03  -2.3093815e-03  -7.9561588e-04
  -8.4347357e-03   2.0190146e-01   2.3144946e-01  -2.3735772e-03  -2.3078295e-03  -7.8984355e-04
  -3.2462134e-03   1.9734134e-01   1.8623346e-01  -1.4919089e-03  -2.4177617e-03  -8.2264371e-04
   6.7707980e-03   1.9530020e-01   1.8001238e-01  -1.2488689e-03  -2.5461890e-03  -5.2551086e-04
   1.1966025e-02   1.8785030e-01   1.5784226e-01  -1.0288258e-03  -2.7227737e-03  -1.5840588e-04
   7.2551284e-03   2.0472826e-01   2.2777562e-01  -1.4571642e-03  -2.7368240e-03  -5.5464369e-04
   6.2347292e-03   2.2227333e-01   2.5214171e-01  -1.2815935e-03  -2.8483692e-03  -7.7847062e-04
  -1.1557341e-02   2.3798810e-01   1.3639092e-01  -7.7630271e-04  -2.5763059e-03  -7.1810758e-04
  -3.2871576e-02   2.3918925e-01   1.7913766e-01  -1.7588775e-03  -2.9101358e-03  -1.0105240e-03
  -3.0123216e-02   2.2936128e-01   1.5182928e-01  -1.4846079e-03  -2.8214000e-03  -1.1009612e-03
  -2.9351846e-02   1.9748551e-01   1.9222306e-01  -1.5639335e-03  -2.8494950e-03  -9.4454010e-04
  -1.9521656e-02   2.0001133e-01   2.0422946e-01  -1.5832038e-03  -3.0746866e-03  -1.0684814e-03
  -2.8467164e-02   2.0710272e-01   1.8614512e-01  -1.2266303e-03  -2.7757921e-03  -1.2019775e-03
  -1.8254205e-02   2.3544513e-01   1.3777088e-01  -4.3370430e-04  -3.0974808e-03  -9.9031905e-04
  -1.7430402e-03   2.3357434e-01   1.9313197e-01  -9.2052303e-04  -3.1278857e-03  -9.2383774e-04
  -1.9538101e-02   2.6673324e-01   1.5944852e-01  -1.2837163e-03  -2.9522895e-03  -1.3160471e-03
  -1.8340188e-02   2.3109502e-01   1.8583868e-01  -1.7505428e-03  -3.1282118e-03  -9.7126411e-04
  -1.4988261e-02   2.3252610e-01   1.5718836e-01  -1.1369820e-03  -3.0012127e-03  -9.7130417e-04
  -2.2177582e-02   2.2803167e-01   2.0981559e-01  -1.6821709e-03  -2.9279965e-03  -1.1910272e-03
  -5.8268287e-03   2.4089478e-01   1.5019843e-01  -4.3120623e-04  -3.0994594e-03  -8.8400457e-04
  -1.2428522e-02   2.3591979e-01   1.6419167e-01  -6.8729815e-04  -2.9270542e-03  -9.9034206e-04
  -8.6842430e-04   2.2266911e-01   1.4436588e-01  -6.8741773e-04  -3.1805673e-03  -8.6410571e-04
  -1.1931702e-02   2.3737477e-01   3.1043893e-01  -1.8052950e-03  -3.2908808e-03  -8.4929500e-04
  -1.9647805e-02   2.7343245e-01   1.9305426e-01  -8.5738726e-04  -3.2982971e-03  -8.7245859e-04
  -2.2786295e-02   2.6491187e-01   1.7506220e-01  -8.7109999e-04  -3.3666026e-03  -1.1100897e-03
  -1.9623986e-02   2.4312511e-01   2.7460786e-01  -2.4887543e-03  -3.1964026e-03  -1.0747153e-03
  -2.3764290e-02   2.3792433e-01   2.4005983e-01  -2.0053914e-03  -3.1785991e-03  -1.3869476e-03
  -2.0343533e-02   2.4384351e-01   2.5721345e-01  -1.9619253e-03  -3.0314144e-03  -1.3510503e-03
  -1.5129406e-02   2.4407551e-01   2.4229499e-01  -1.6598789e-03  -3.2467273e-03  -1.1599779e-03
  -2.0922403e-02   2.2605561e-01   2.3821806e-01  -1.8724645e-03  -3.0544042e-03  -1.3603033e-03
  -8.1768570e-03   2.4572997e-01   2.2302034e-01  -9.9163815e-04  -3.5617237e-03  -8.1079456e-04
   1.3187225e-03   2.3129705e-01   2.4420973e-01  -2.0573595e-03  -3.7139994e-03  -7.6084215e-04
  -1.0773803e-02   2.6912757e-01   1.5997627e-01  -1.1573255e-03  -3.4111544e-03  -9.2614292e-04
  -4.0903517e-03   2.1133080e-01   2.3644436e-01  -1.9544006e-03  -3.2712352e-03  -6.7512783e-04
  -8.1877811e-03   2.2511303e-01   2.0823010e-01  -1.4737806e-03  -3.3852113e-03  -8.6671538e-04
  -1.0816078e-02   2.1316295e-01   1.9470854e-01  -1.1059269e-03  -3.1461323e-03  -9.0749633e-04
  -1.9291666e-02   2.2070361e-01   2.4978713e-01  -1.5449303e-03  -3.2377269e-03  -1.0381808e-03
  -2.1512360e-02   2.7870260e-01   2.8314529e-01  -1.5552765e-03  -3.3113032e-03  -1.0082898e-03
  -2.0040938e-02   2.7588172e-01   2.3990489e-01  -1.3818003e-03  -3.6316240e-03  -9.6423067e-04
  -4.1189505e-02   3.9399072e-01   6.0456408e-01  -4.9163246e-03  -3.0202978e-03  -1.6638465e-03
  -7.5049923e-02   2.5606453e-01   1.2092667e+00  -7.1346830e-03  -3.4607329e-03  -1.0022800e-03
  -2.7929568e-02   2.4705787e-01   4.5224456e-01  -2.1952626e-03  -4.6395149e-03  -1.3942346e-03
  -1.2577513e-02   2.2711123e-01   1.5536918e-01  -2.0781621e-04  -4.0138105e-03  -1.3132455e-03
  -1.0080777e-02   1.8433444e-01   3.5121937e-01  -9.3858381e-04  -4.1716779e-03  -1.2628854e-03
  -1.8418009e-02   1.8665705e-01   2.9322919e-01  -1.2982573e-03  -3.9189030e-03  -1.6279613e-03
  -2.4378011e-02   1.9545376e-01   3.5411687e-01  -1.5891644e-03  -3.8854206e-03  -1.8019925e-03
  -1.5975777e-02   2.1903494e-01   3.0899372e-01  -1.3466378e-03  -3.9003057e-03  -1.8230834e-03
  -1.9220792e-02   2.2736153e-01   3.2990035e-01  -1.7154015e-03  -4.0511958e-03  -1.8126592e-03
  -1.3685933e-02   2.3415775e-01   2.7411068e-01  -1.5579802e-03  -4.0894416e-03  -1.6633865e-03
  -9.5462638e-03   2.3313653e-01   2.9557678e-01  -1.9851703e-03  -4.2049242e-03  -1.4733058e-03
  -6.4209717e-03   2.5373131e-01   2.1129377e-01  -4.2905769e-04  -3.9883750e-03  -1.3222695e-03
   6.0138661e-03   2.4254068e-01   2.5095921e-01  -6.3345779e-05  -4.1702691e-03  -1.1501288e-03
   9.6714230e-03   2.7128688e-01   2.2723935e-01  -3.2787495e-04  -4.2833621e-03  -1.1809657e-03
   6.6572123e-03   2.7994469e-01   3.1158094e-01  -2.8150865e-04  -4.5232092e-03  -1.3709554e-03
  -1.2859106e-02   2.5316445e-01   2.6642101e-01  -1.7281662e-03  -4.3345060e-03  -1.8164671e-03
   9.1479953e-03   2.6112379e-01   2.2856571e-01  -7.9028289e-04  -4.6777492e-03  -1.3295830e-03
   1.6011800e-02   2.4692242e-01   2.9357505e-01  -1.2173603e-03  -4.3573921e-03  -1.4706010e-03
   9.6770125e-03   2.5900785e-01   2.4573133e-01  -4.2014591e-04  -4.4347983e-03  -1.6177220e-03
   2.1810622e-02   2.4941463e-01   2.4729249e-01  -6.3646888e-04  -4.4384375e-03  -1.1379739e-03
   2.2520626e-02   2.5238159e-01   2.2547135e-01  -7.1667322e-04  -4.6865404e-03  -1.4910661e-03
   2.5052635e-02   2.6968779e-01   1.7923302e-01  -1.8209380e-04  -4.5215098e-03  -1.5879541e-03
   2.1041088e-02   2.9382546e-01   1.6047121e-01  -2.7460890e-04  -4.6710617e-03  -1.5856775e-03
   4.1410212e-02   2.8316183e-01   1.9808757e-01  -4.6120564e-04  -5.0028400e-03  -1.2393222e-03
   4.5307297e-02   2.9593353e-01   1.7866940e-01  -4.3020270e-04  -5.0014582e-03  -1.0627502e-03
   3.2517224e-02   2.6130496e-01   1.9833613e-01  -1.0221334e-03  -4.9485265e-03  -1.4348256e-03
   4.6073997e-02   2.8497634e-01   1.5347189e-01   1.3160408e-04  -5.1557583e-03  -1.2156225e-03
   3.1291398e-02   2.6129253e-01   2.2305597e-01  -5.2100988e-04  -5.0192347e-03  -1.6323764e-03
   3.5457374e-02   2.7213307e-01   2.3985250e-01  -9.0669220e-04  -5.3139210e-03  -1.4093667e-03
   3.0671529e-02   2.5815848e-01   1.6377974e-01  -2.3271729e-04  -4.8759953e-03  -1.6988173e-03
   4.3167628e-02   2.9915711e-01   1.0373618e-01   1.1599729e-03  -5.0383459e-03  -1.2310089e-03
   2.2075866e-02   2.9422926e-01   1.1643479e-01  -5.3427237e-05  -4.8118349e-03  -1.7581825e-03
   1.0909323e-02   2.8925951e-01   1.0709257e-01  -1.1292605e-04  -5.0056242e-03  -1.4429428e-03
  -1.4197852e-02   2.8143720e-01   1.7372956e-01  -5.8454968e-04  -5.5249275e-03  -1.9023658e-03
   8.9166235e-03   2.7642383e-01   2.0272540e-01  -1.0203765e-03  -5.3920026e-03  -1.8811776e-03
   2.3513643e-02   2.7515626e-01   1.9642623e-01  -6.4899494e-04  -5.2684963e-03  -1.7388350e-03
   1.7036825e-02   2.8132267e-01   2.0358715e-01  -7.0677366e-04  -5.3462688e-03  -1.6646071e-03
   2.7950329e-02   2.8362495e-01   2.0925942e-01  -8.5973745e-04  -5.0869571e-03  -1.5760896e-03
   3.3678009e-02   2.6938803e-01   1.8401269e-01  -4.0111219e-04  -5.1843869e-03  -1.4988964e-03
   3.6472355e-02   2.6583800e-01   1.5945443e-01  -5.3751432e-04  -5.2494020e-03  -1.8620873e-03
   4.5471520e-02   2.6596824e-01   1.6510346e-01  -5.7615269e-04  -5.2969115e-03  -1.6330210e-03
   4.0685449e-02   2.7780794e-01   1.6145725e-01  -2.9900896e-04  -5.4357349e-03  -1.8264524e-03
   3.6951850e-02   2.7524299e-01   1.6577370e-01  -8.4015073e-05  -5.2650946e-03  -1.7429080e-03
   2.0633408e-02   2.7225752e-01   1.2188599e-01   6.0133248e-04  -5.2486569e-03  -1.9941068e-03
   7.6362017e-03   3.0238053e-01   1.1322552e-01   8.6843017e-04  -5.1607177e-03  -1.8448580e-03
   3.0448618e-02   3.4125154e-01   6.3612633e-02   8.6097099e-04  -5.4747227e-03  -1.4140439e-03
   3.1094798e-02   3.4241139e-01   7.1861589e-02   1.0688493e-03  -5.3834303e-03  -1.3570021e-03
   3.2421626e-02   3.0531068e-01   9.3486266e-02   3.9994261e-04  -5.3377709e-03  -1.5045411e-03
   2.1828175e-02   3.2295409e-01   1.4372122e-01   8.1467065e-04  -5.4309220e-03  -1.2906840e-03
   1.9990317e-02   2.9623790e-01   2.0039743e-01  -1.0718885e-03  -5.3732247e-03  -1.5177220e-03
   3.7628198e-02   3.0152677e-01   6.5592574e-02   8.5162587e-05  -5.8522596e-03  -1.5822120e-03
   3.9826173e-02   2.7456897e-01   2.4147157e-02   9.7479661e-04  -5.6983287e-03  -1.6042729e-03
   2.9192305e-02   2.3547156e-01   1.2672909e-01   1.9195339e-03  -5.8252134e-03  -2.0852237e-03
