   0.0000000e+00   0.0000000e+00   7.1054274e-15  -1.1102230e-16   0.0000000e+00   0.0000000e+00
  -1.5886019e-02   7.7024873e-02   2.3221301e-01   7.6279250e-04   1.5140005e-04  -5.8520293e-04
  -3.8622800e-02   7.4243172e-02   3.4124729e-01   5.3471109e-04   2.5164051e-04  -6.9480279e-04
  -5.0801537e-03   3.9511845e-03   3.4721021e-01   1.9758929e-03  -5.8495557e-05   2.2837954e-04
  -3.0952463e-02   8.9239285e-03   4.8778583e-01   4.2667004e-03   4.8332209e-04   4.4743015e-04
  -1.6897412e-02   4.0963530e-02   4.3989512e-01   4.2311608e-03   7.5890355e-04   1.8011801e-04
  -2.1956968e-02   7.5585852e-02   4.3547773e-01   3.0591033e-03   1.0324848e-03  -7.9626142e-04
  -2.0322123e-02   8.7668793e-02   4.1291069e-01   3.0433249e-03   5.0992211e-04  -1.1486034e-03
  -3.1743858e-02   8.7912320e-02   3.8899908e-01   3.4617168e-03   2.5223051e-04  -7.7811984e-04
  -5.9543187e-02   1.2195758e-01   3.8077619e-01   3.0784969e-03   6.2994315e-04  -6.6166130e-04
  -6.5114008e-02   7.9821602e-02   3.7578215e-01   2.8610792e-03  -9.8460915e-05  -8.4184011e-04
  -5.1358893e-02   1.4695201e-01   4.0863535e-01   1.5867016e-03  -2.5385936e-04  -9.9688178e-04
  -6.0365560e-02   6.4838730e-02   3.9362436e-01   3.1678176e-03  -2.7073791e-04  -9.8417150e-04
  -4.0515816e-02   1.1094021e-01   4.3312138e-01   1.6069120e-03  -7.0862174e-04  -6.4180913e-04
  -6.2719198e-02   1.1673885e-01   3.2446563e-01   1.9043616e-03  -3.9121024e-04  -1.0108504e-03
  -6.8311934e-02   9.8058274e-02   1.5253958e-01  -1.5689430e-03  -8.1056810e-04   4.6891876e-04
  -6.7137342e-02   1.5763197e-01   2.3215867e-01  -9.0918925e-04  -9.3422701e-04  -7.0984146e-05
  -6.7603352e-02   9.5478841e-02   1.9390382e-01  -5.7402197e-04  -2.8161719e-04  -5.9139810e-04
  -5.0633114e-02   2.4163710e-01   2.3557916e-01  -1.2398937e-03  -7.4345274e-04  -5.3582016e-04
  -7.3917608e-02   1.3783944e-01   2.1304260e-01  -3.8925953e-03  -5.2538120e-04  -9.0040847e-04
  -5.6761573e-02   1.2396197e-01   2.5159785e-01  -2.7872276e-03  -6.7574107e-04  -7.9304348e-04
  -5.2165599e-02   1.1429689e-01   2.5438730e-01  -2.5021998e-03  -8.9130142e-04  -9.6519517e-04
  -5.4972809e-02   1.0864024e-01   2.6290252e-01  -2.3018960e-03  -7.5042080e-04  -8.3524654e-04
  -5.6474188e-02   1.2428840e-01   2.5306358e-01  -2.3038263e-03  -7.0491752e-04  -8.2019259e-04
  -6.3457389e-02   1.1742901e-01   2.7667832e-01  -2.1642018e-03  -9.4158814e-04  -6.2057204e-04
  -7.2985917e-02   2.2033733e-01   2.3125291e-01  -4.1960989e-03  -3.6681566e-04   6.0415924e-04
  -8.2665718e-02   1.8497679e-01   2.0244477e-01  -3.3467089e-03  -5.0493630e-05  -5.5873383e-04
  -4.4293180e-02   1.2375746e-01   2.0974819e-01  -1.8815242e-03  -2.3831605e-04   1.3507765e-04
  -6.7416622e-02   1.5840088e-01   2.5228099e-01  -3.0587946e-03  -7.6610676e-05  -3.1992030e-04
  -7.5542043e-02   3.7893914e-01   2.3739367e-01  -2.5472580e-03  -5.5030410e-04   5.0841978e-05
  -5.8982587e-02   2.0862986e-01   1.7422810e-01  -1.5545692e-03  -1.1123130e-04  -4.2160399e-04
  -4.9717295e-02   1.5980920e-01   1.4698280e-01  -1.8866463e-03  -6.0275083e-04  -7.5268146e-04
  -5.9669826e-02   1.7815041e-01   2.0010071e-01   4.7461282e-04  -1.4820151e-04   5.4061839e-05
  -5.0458943e-02   2.2812513e-01   2.7684815e-01   3.8192175e-04  -1.7023868e-04   3.6106060e-04
  -6.0451749e-02   1.8130962e-01   2.4509814e-01   1.3228444e-03   3.0672731e-05  -7.9412485e-05
  -5.8603768e-02   1.9391733e-01   2.4603726e-01   6.1760928e-04   2.0385295e-05   2.2715012e-04
  -6.4620588e-02   1.7196126e-01   2.1664027e-01   1.3573010e-03   2.7043014e-04   1.2194879e-04
  -6.1947129e-02   1.8539669e-01   2.9590132e-01   2.3122194e-03  -2.7730211e-04   3.0399145e-04
  -9.1291214e-02   2.1067921e-01   2.6420080e-01   1.7374691e-03  -3.6246618e-05   1.4565694e-03
  -5.5541119e-02   1.9100457e-01   7.5839293e-02   2.7151807e-03  -5.6384855e-04   6.0394820e-04
  -7.4289632e-02   1.9583040e-01   1.9236894e-01   1.0396283e-03  -2.7408631e-04   3.0713489e-04
  -8.9215971e-02   1.8250930e-01   2.5387786e-01   1.8478253e-03   1.0963083e-04   2.3248206e-04
  -7.0910248e-02   1.7193388e-01   1.9804595e-01   2.9464257e-03   4.8303667e-04  -1.8939048e-05
  -1.0632108e-01   1.9247521e-01   3.3751877e-01   3.6636444e-03  -3.6606392e-04   6.3160066e-04
  -4.8637655e-02   2.0107703e-01   2.4097050e-01   2.0716313e-03  -1.8315242e-04   5.8058736e-04
  -5.3589679e-02   1.4568965e-01   2.6667745e-01   5.1377998e-03  -2.2150220e-05  -1.7538940e-04
  -4.3182620e-02   8.5692781e-02   1.6644244e-01   3.9789839e-03  -1.3136067e-03  -8.0283759e-05
  -7.4389839e-02   1.9842008e-01   2.5653112e-01   1.2596712e-03  -5.5832548e-04  -2.7121974e-04
  -5.5997715e-02   2.4699871e-01   2.6515891e-01   2.2718813e-03  -1.2621544e-03  -6.0181672e-04
  -5.7932682e-02   1.7916851e-01   2.7136684e-01   2.6944782e-03  -8.5783209e-04  -4.3832869e-04
  -8.0672225e-02   2.8615904e-01   2.4828734e-01   2.6104797e-03  -1.1552428e-03   1.6583820e-05
  -6.2521579e-02   1.8800776e-01   2.5386057e-01   2.1619625e-03  -1.2129347e-03  -6.8233348e-05
  -5.6190163e-02   1.8395116e-01   2.4537484e-01   3.2665622e-03  -1.5707509e-03  -1.4587493e-04
  -7.0509701e-02   3.3042738e-01   3.7253508e-01   2.7499712e-03  -2.7710080e-03  -2.3503918e-04
  -4.3119236e-02   2.2510334e-01   2.5788079e-01   3.5673911e-03  -2.3332801e-03  -2.9185905e-04
  -3.8021439e-02   1.6001913e-01   2.1094545e-01   3.9567277e-03  -2.4409850e-03  -1.1751408e-04
  -6.0273508e-02   2.2314732e-01   3.0390670e-01   1.5548616e-03  -2.4360235e-03  -4.1135448e-04
  -9.6862488e-02   2.4295546e-01   4.8599938e-01   3.8697755e-03  -2.3794030e-03  -2.4541791e-04
  -3.4269410e-02   2.0639610e-01   2.6994671e-01   3.6982474e-03  -1.9240092e-03  -1.0917808e-03
  -2.2218895e-02   1.8870832e-01   2.8644507e-01   4.3607884e-03  -1.9582030e-03  -1.1839767e-03
  -5.7570511e-02   2.7165572e-01   3.5824582e-01   4.6437856e-03  -2.6838166e-03  -1.1672251e-03
  -6.7808482e-02   3.0540032e-01   1.8330670e-01   2.5036320e-03  -1.4181382e-03  -1.2629584e-03
  -5.8561536e-02   2.0680168e-01   2.5012522e-01   2.7901765e-03  -1.4094818e-03  -1.6514568e-03
  -5.1681630e-02   1.7266891e-01   2.6117221e-01   4.3043567e-03  -1.7995247e-03  -9.8248836e-04
  -6.0933867e-02   2.1104265e-01   2.3897490e-01   2.8453096e-03  -1.6841616e-03  -1.8152946e-03
  -1.0148512e-01   2.9342769e-01   2.7646486e-01   2.7362060e-03  -2.1340233e-03  -2.1184474e-03
  -8.6158806e-02   2.2307645e-01   1.8045010e-01   2.4311600e-03  -1.3745529e-03  -2.3837729e-03
  -7.1697498e-02   1.8512422e-01   1.5906744e-01   1.3104759e-03  -1.6698368e-03  -2.1784039e-03
  -8.4828411e-02   3.2715960e-01   1.8764894e-01   2.5831948e-05  -1.4850885e-03  -1.8276136e-03
  -8.4930129e-02   3.1199764e-01   2.4190170e-01   2.1613635e-03  -1.5061548e-03  -1.8018964e-03
  -6.1375682e-02   2.6370594e-01   1.9513339e-01   2.2036767e-03  -1.3268974e-03  -1.6762045e-03
  -7.3416850e-02   2.3205252e-01   2.5072426e-01   3.1275543e-03  -1.4419283e-03  -2.0604594e-03
  -6.1482638e-02   2.8687357e-01   2.3076683e-01   2.7369106e-03  -1.7089257e-03  -1.6042510e-03
  -2.0389249e-02   3.5611793e-01   1.7883633e-01   3.0950671e-03  -7.5727834e-04  -2.2329956e-03
  -6.6248510e-02   3.3932776e-01   1.2412919e-01   2.9000541e-03  -1.1243679e-03  -2.6122554e-03
  -6.5384790e-02   2.5311314e-01   1.7481265e-01   3.6705841e-03  -1.4054259e-03  -2.4060977e-03
  -5.0509464e-02   2.5154066e-01   1.1772897e-01   3.2424327e-03  -1.4652913e-03  -1.4396619e-03
  -6.1085145e-02   3.4095441e-01   1.5182932e-01   1.4254209e-03  -9.6599592e-04  -1.7852538e-03
  -5.3514709e-02   2.6326479e-01   7.3614124e-02   4.2979800e-03  -9.5810922e-04  -1.7305566e-03
  -6.7200370e-02   3.4758052e-01   7.2485208e-02   1.3711169e-03  -6.9662360e-04  -1.6181540e-03
  -8.1655764e-02   2.6926655e-01   1.1820459e-01   2.6833608e-03  -4.6879490e-04  -1.6862650e-03
  -5.0686673e-02   2.8408510e-01   9.7738621e-02   2.2132817e-03  -5.4675429e-04  -1.4859898e-03
  -6.4870177e-02   3.5552566e-01   1.4136744e-01   2.1750707e-03  -1.4092831e-03  -1.0827820e-03
  -5.4758929e-02   3.3623526e-01   6.7019143e-02   2.3877177e-03  -6.7852273e-04  -1.7485502e-03
  -5.3011319e-02   2.8326298e-01   1.0276844e-01   2.2158028e-03  -4.6427644e-04  -1.8513668e-03
  -6.3012186e-02   3.0001697e-01   1.1933705e-01   2.5162840e-03  -3.9042402e-04  -1.7292521e-03
  -3.9880615e-02   3.4746384e-01  -4.3638838e-02   5.7322974e-04  -1.0419553e-03  -1.9805153e-03
  -6.1307160e-02   3.2024219e-01   4.1333300e-02   2.2383498e-03  -4.7222617e-04  -2.2714177e-03
  -7.0268514e-02   2.6958079e-01   4.2752317e-02   1.7092671e-03  -4.9504992e-04  -2.3208740e-03
  -6.2813405e-02   2.9170006e-01   4.8932461e-02   2.2360106e-03  -4.1925620e-04  -1.9781592e-03
  -6.1854675e-02   2.7434344e-01   2.0377178e-02   2.7075705e-03  -5.2331607e-04  -1.8999636e-03
  -9.4124732e-02   4.2261893e-01   1.6338519e-01   4.0043861e-03  -9.2827610e-04  -1.1835749e-03
  -6.1766876e-02   2.4298090e-01  -1.3562105e-02   6.4263615e-03  -8.3534296e-05  -1.6093911e-03
  -9.8737272e-02   3.0089362e-01   6.2522548e-02   5.5012740e-03  -6.3063047e-04  -2.1048577e-03
  -1.1597558e-01   3.7480312e-01   2.4566504e-02   2.5261278e-03   1.3018176e-04  -2.8825884e-03
  -1.2962703e-01   2.7693128e-01   1.5314086e-01   2.9996883e-03  -1.0489732e-03  -1.8443644e-03
  -1.2040028e-01   4.2807180e-01   4.4387418e-02   1.7774707e-03  -2.7652140e-03  -2.1000216e-03
  -6.7206922e-02   2.5156370e-01  -8.6037738e-03   6.8074652e-03  -2.2079629e-03  -1.9252910e-03
  -9.2175831e-02   2.6680469e-01   6.7776823e-02   6.1110036e-03  -1.2557769e-03  -1.8894980e-03
  -1.7885368e-02   3.4550391e-01   3.5096382e-02   4.1890861e-03  -1.3181610e-03  -9.9558113e-04
  -3.5396738e-02   2.6344939e-01   4.9272373e-02   5.1599756e-03  -5.7077228e-04  -1.1415100e-03
  -1.8454366e-02   2.7458180e-01  -2.5573849e-02   1.7790650e-03  -5.8246062e-04  -1.1499408e-03
  -3.8124957e-02   2.9089647e-01   3.8094631e-02  -4.1938767e-04  -4.3251974e-04  -1.4022446e-03
  -7.0689354e-02   4.3954235e-01   1.1861337e-01   2.1530861e-03  -1.0511052e-03  -5.9664952e-04
  -3.8376760e-02   3.1639791e-01  -8.0844609e-03   3.2797535e-03  -3.2580561e-04  -8.2627899e-04
  -6.0767890e-02   3.6275443e-01   9.6555450e-02   3.6881519e-03  -8.4949565e-04  -7.2458380e-04
  -1.4346019e-02   4.1803536e-01   1.2130257e-02   2.9309939e-03  -5.3510520e-04   7.8832630e-05
  -2.6872716e-02   3.0445553e-01   3.5701126e-02   3.7150034e-03  -4.5601070e-04  -1.0700900e-03
  -1.2678714e-02   2.0887986e-01  -3.3824333e-04   5.0740022e-03  -1.4541359e-03  -1.2920164e-03
  -5.4703749e-02   2.7501411e-01   1.4331742e-01   4.8255732e-03  -6.7474281e-04  -8.4258630e-04
   5.7400923e-04   2.9228853e-01   7.2334014e-02   6.5223415e-03  -8.9446976e-04   5.1119287e-05
  -2.5260359e-02   2.5496810e-01   8.4133473e-02   6.2952679e-03  -5.2934266e-04  -4.8473702e-04
  -2.8739176e-02   2.6568460e-01   3.7477421e-02   5.9038035e-03  -3.8938118e-04  -9.8282438e-04
  -3.8762514e-02   2.5868947e-01   4.0038346e-02   6.4125183e-03  -2.2543182e-04  -9.6772951e-04
  -3.5168724e-02   2.4509078e-01   5.7161594e-02   6.4954396e-03  -2.0621138e-04  -6.0107777e-04
  -3.9738537e-02   2.5223130e-01   6.4830418e-02   5.8488770e-03   1.4620196e-04  -6.3876738e-04
  -3.1706231e-02   3.0501111e-01   5.2562430e-02   6.0113311e-03   4.9405156e-04  -6.5360968e-04
  -3.0908044e-02   3.3983906e-01   8.0117393e-03   6.0091591e-03   5.3532382e-04  -5.7288331e-04
  -2.5652179e-02   3.5139834e-01   4.4609839e-03   5.9519342e-03   4.8743418e-04  -7.6893289e-04
  -2.5669910e-02   3.1785369e-01  -9.7016980e-03   6.4536930e-03   5.3558074e-04  -6.9282508e-04
  -2.1421439e-02   3.3234234e-01   4.6667881e-03   6.3926223e-03   7.2303902e-04  -6.0752147e-04
  -1.3528089e-02   3.2467596e-01  -5.0961865e-03   6.2665540e-03   7.2034428e-04  -7.6165725e-04
  -1.8185075e-02   3.2688755e-01  -4.0905300e-03   6.3475358e-03   8.0915576e-04  -1.0034404e-03
  -1.8911182e-02   3.1867827e-01   3.2967859e-03   6.1736724e-03   8.1821642e-04  -6.5694149e-04
  -1.8795440e-02   3.2403233e-01   1.4821319e-02   6.2963351e-03   7.7310309e-04  -2.9478016e-04
  -1.2627889e-02   3.2400688e-01   2.5938681e-02   6.2616801e-03   1.1875505e-03  -5.7035155e-04
   1.2120436e-02   4.2834585e-01  -4.4070700e-02   5.0798228e-03   1.9890078e-03  -5.3870401e-04
   2.2907817e-02   4.1181808e-01   6.1370793e-03   3.3785851e-03   1.6096324e-03  -2.0148784e-04
   1.3726980e-02   3.7403212e-01  -1.5464166e-03   4.3345848e-03   1.5553448e-03  -9.8725248e-05
   3.3555683e-02   2.9906004e-01  -6.3388707e-02   6.3035980e-03   1.1860391e-03   5.0775350e-04
  -2.3394906e-02   4.0161475e-01  -4.4978768e-02   1.5494341e-03  -1.9539182e-03  -2.7923065e-03
  -1.1120214e-02   3.4950497e-01   1.3069940e-03   2.7252984e-03  -8.4332733e-04  -1.7930459e-03
  -2.4361338e-02   4.2403141e-01   4.4869623e-02   2.8747441e-03  -1.0248366e-03  -1.1481872e-03
  -1.1583204e-02   3.6013862e-01   2.0606543e-02   3.3331819e-03  -8.5082601e-04  -1.2459724e-03
  -1.7826787e-03   3.5708090e-01   9.3617854e-02   4.1307936e-03  -1.4884423e-03  -8.5191090e-04
   6.4261297e-03   3.3223138e-01   7.6702552e-02   3.9683890e-03  -1.2852790e-03  -7.5462317e-04
  -1.6667219e-03   3.1244489e-01   8.1331645e-02   4.8021452e-03  -8.5643561e-04  -6.3938737e-04
  -1.1402686e-02   3.1758984e-01   1.0400961e-01   4.2967532e-03  -9.1989122e-04  -9.5104087e-04
  -3.4523637e-02   5.2185109e-01   3.2244377e-02   1.5975510e-03  -2.0767092e-03  -1.2496587e-03
  -3.7739684e-02   3.7537691e-01   5.6924743e-02   1.0059245e-03  -1.8572990e-03  -2.5099885e-03
  -2.4909983e-02   3.6480224e-01   6.4781955e-02   2.7302285e-03  -2.4365943e-03  -2.2740225e-03
  -2.9928472e-02   4.1797251e-01   6.5042334e-02   1.8635965e-03  -2.4622035e-03  -2.5414606e-03
  -2.3402738e-02   3.9569475e-01   2.5849043e-02   1.7031849e-03  -2.4820082e-03  -2.8928321e-03
  -2.1236001e-02   3.7005596e-01   4.8897930e-02   4.4259715e-04  -3.3031701e-03  -3.3924931e-03
  -3.7738549e-02   3.9839824e-01   5.1136942e-02   1.6469871e-04  -2.9936565e-03  -3.8213207e-03
  -2.9605740e-02   4.1451507e-01   6.7065567e-02  -2.3823320e-05  -3.0539788e-03  -3.6670127e-03
  -2.5227550e-02   4.1771840e-01   4.5238269e-02  -8.9270055e-05  -2.9604620e-03  -3.9291940e-03
  -1.8865335e-02   4.2314206e-01   1.0864795e-02   1.6491297e-06  -2.9814740e-03  -3.6611102e-03
  -2.5983559e-02   4.1675926e-01   1.9186951e-02   5.3192081e-04  -2.6852706e-03  -3.3408240e-03
  -7.9201684e-03   4.2296770e-01   3.9816341e-02   3.1620986e-04  -2.2582050e-03  -3.5123308e-03
  -6.9382533e-03   4.6243668e-01   2.8944896e-02  -4.3980278e-04  -1.5929207e-03  -2.6483241e-03
  -4.8707100e-03   4.2583561e-01   5.3256031e-02   2.8717634e-04  -1.4264544e-03  -2.7220921e-03
   1.5719026e-03   4.7131905e-01   9.7308960e-02  -3.5668212e-04  -1.7320673e-03  -2.0034662e-03
  -1.7240191e-03   4.0922991e-01   3.1071332e-02   8.8497312e-04  -1.3956348e-03  -2.0148819e-03
  -5.4405332e-03   3.9912720e-01   1.0999445e-02   2.1578164e-03  -1.4128065e-03  -1.5743988e-03
  -1.6777425e-02   4.0747159e-01   5.3618803e-02   7.5826428e-04  -1.4117362e-03  -2.0587147e-03
  -1.6535481e-02   4.5658012e-01   1.0448245e-01   7.0239340e-04  -1.6092242e-03  -1.8709209e-03
  -2.5062154e-02   4.3143048e-01   5.3722603e-02   1.9432178e-04  -1.4107796e-03  -2.4428081e-03
  -2.4787415e-02   4.2186005e-01   4.1178750e-02   1.1441302e-03  -1.3793824e-03  -2.5690632e-03
  -2.2170190e-02   3.8478112e-01   1.0747369e-01   2.4618491e-03  -1.4674734e-03  -1.9414122e-03
  -2.2495798e-02   3.8262014e-01   1.2570604e-01   3.1925050e-03  -1.4953473e-03  -1.8519299e-03
   2.2921595e-03   4.5644321e-01  -2.3040128e-02   9.0033336e-04  -2.1401642e-03  -2.3803668e-03
   3.5222791e-02   4.0242075e-01  -2.2717934e-01   9.5190830e-04  -3.4852865e-03  -1.7064025e-03
  -5.9056243e-03   4.1327466e-01  -5.8189844e-02  -2.3549132e-04  -1.2505897e-03  -7.4346382e-04
  -1.3906523e-02   4.1413302e-01  -4.4689470e-02   5.8808687e-04  -1.3410331e-03  -1.4818289e-03
  -3.3162615e-02   4.2139081e-01   2.1139907e-02   8.6305454e-04  -1.5024555e-03  -8.1701161e-04
  -5.3654339e-02   5.5594372e-01  -7.6328606e-03  -9.1798786e-04  -1.1689776e-03  -6.3193630e-04
  -5.8746522e-02   4.3790753e-01  -2.2394730e-02   1.1042623e-03  -1.0363821e-03  -1.5167079e-03
  -4.5553896e-02   3.7848476e-01   1.9366664e-03   2.4737422e-03  -1.3596052e-03  -8.9794461e-04
  -4.1590040e-02   3.7738849e-01   4.1375397e-02   2.6606821e-03  -1.3554809e-03  -8.7998322e-04
  -2.1716704e-02   4.9263620e-01  -2.9926371e-02   1.9866918e-03  -2.2559336e-03  -7.8162732e-04
  -5.6310479e-02   3.8248930e-01  -7.8657031e-03   3.4106638e-03  -1.9052958e-03  -9.7375206e-04
  -6.7666283e-02   3.7298342e-01  -1.1694946e-02   3.2221192e-03  -2.2001006e-03  -1.6193410e-03
  -7.8119466e-02   3.9855369e-01   4.6072416e-02   3.5709459e-03  -2.2987088e-03  -1.2695572e-03
  -1.3808938e-01   4.7736487e-01   1.4906013e-02   5.2049155e-03  -2.2523376e-03  -6.1079077e-04
  -1.3504970e-01   4.2873646e-01  -8.8768684e-02   3.2438039e-03  -1.2733255e-03  -1.2153346e-03
  -8.5438569e-02   3.7696103e-01  -1.3960936e-01   1.8273445e-03  -2.2390784e-03  -1.2008543e-03
  -1.0596064e-01   3.8671032e-01  -1.1889263e-01   8.5452139e-04  -2.1812298e-03  -1.7610496e-03
  -1.0009889e-01   4.3499799e-01   4.1276376e-02   1.7287400e-03  -1.9252530e-03  -1.7712380e-03
  -6.2155726e-02   5.0410859e-01   1.7364911e-02   1.2654713e-03  -2.1760679e-03  -1.0912663e-04
  -8.9304973e-02   3.8849072e-01  -2.9302898e-02   3.1674990e-03  -2.0515402e-03  -5.4758418e-04
  -1.2056987e-01   4.0349055e-01  -4.1634191e-03   3.0656575e-03  -1.6244217e-03  -7.2724802e-04
  -9.8813675e-02   3.9595432e-01  -9.6818382e-03   3.7822467e-03  -2.1357368e-03  -5.3749000e-04
  -7.7669182e-02   6.1139266e-01  -1.0630874e-01   1.3497661e-03  -4.0240416e-03  -1.4116161e-03
