   0.0000000e+00   0.0000000e+00   7.1054274e-15  -1.1102230e-16   0.0000000e+00   0.0000000e+00
  -4.8400585e-02  -5.1697630e-02   2.2645045e-01   2.0906324e-03   2.0770891e-04  -1.4214838e-04
  -3.7860607e-02   8.5350508e-03   3.2135451e-01   9.9800231e-04   2.7347368e-04  -5.2277767e-04
  -7.8258641e-05  -3.9075045e-02   2.1641241e-01   7.2550368e-04   6.0223530e-04  -1.1934473e-04
  -4.3245626e-02  -5.0520846e-02   3.1238681e-01   1.6733450e-03   8.2075144e-04  -1.4903526e-05
  -2.8104553e-02  -1.6807465e-02   3.6164079e-01   1.2491031e-04   1.8205448e-04   6.1196973e-05
  -4.2023828e-02  -1.4203105e-04   3.7138484e-01  -2.5379273e-04   5.2872028e-05  -7.5602276e-04
  -4.3037205e-02  -8.3146535e-03   3.6371419e-01  -4.6124974e-05  -2.2426903e-04  -1.1269023e-03
  -4.3537192e-02  -1.3979944e-02   4.0426441e-01   1.6909667e-04  -3.7040659e-04  -1.1693106e-03
  -5.8407925e-02   1.7042690e-02   3.3205249e-01   8.2215749e-04  -1.7086727e-04  -8.0231176e-04
  -6.8382174e-02   8.6387831e-03   3.4677940e-01   1.9422490e-04  -1.8416711e-04  -1.1726985e-03
  -6.1718304e-02   1.6218750e-02   3.9840439e-01  -7.9540273e-04  -1.9824583e-04  -7.9524782e-04
  -7.0854905e-02  -5.9461196e-03   4.3373324e-01   5.7122961e-04  -2.4293799e-04  -7.9436526e-04
  -6.5112159e-02  -2.0712306e-02   4.3397147e-01   2.4254559e-03  -3.9189090e-04  -5.1536052e-04
  -6.7344413e-02   6.5829360e-02   3.9067465e-01   4.4906552e-04  -2.7536445e-04  -8.2061023e-04
  -6.8264102e-02   5.3640384e-02   3.4564048e-01   2.5163446e-04  -3.1744235e-04  -7.6187029e-04
  -6.9750213e-02   7.4841730e-02   4.0070228e-01   2.7686268e-05  -4.5629294e-04  -7.0242384e-04
  -7.8904221e-02   4.3464593e-03   3.8535130e-01   2.0707385e-04  -2.4648303e-04  -8.9803469e-04
  -9.8406949e-02   1.2611421e-01   4.6593912e-01   9.0200631e-04  -8.1662980e-04  -6.8508060e-04
  -4.7555517e-02   9.5611174e-02   2.9867020e-01  -1.9582597e-03  -4.0939510e-04   4.2104025e-06
  -8.3274349e-02   6.5805434e-02   2.9909378e-01  -2.0618454e-03   1.5025421e-04  -5.3769642e-04
  -6.0884660e-02   3.1344660e-02   3.1895529e-01  -1.1248008e-03   3.2078349e-04  -8.8057831e-04
  -6.1502996e-02   7.7452607e-02   3.7795804e-01  -1.8613059e-03  -5.9080113e-04  -1.2879164e-04
  -6.0568470e-02   5.8069792e-03   3.0652986e-01   1.4963067e-03  -6.0982292e-04  -9.3764154e-05
  -7.6182546e-02   1.3337857e-01   3.1515173e-01  -8.9440902e-04  -4.5823164e-04  -9.8621611e-04
  -8.1231994e-02   6.6252118e-02   3.2380106e-01   8.9582822e-05  -3.9328884e-04  -1.4912806e-03
  -9.2251588e-02   6.8619215e-02   3.4193937e-01  -5.6922099e-04  -3.2923686e-04  -1.1137925e-03
  -1.1709731e-01   2.4777781e-01   4.7662885e-01  -1.7547854e-03  -8.3624753e-04  -5.7135913e-04
  -1.3895563e-01   2.5792126e-01   2.6551993e-02  -7.7421946e-03   1.3176797e-03  -1.4008488e-03
  -1.3163157e-01   2.4719729e-01   1.1058686e-01  -9.3672263e-03   1.2857774e-03  -1.6121437e-03
  -9.2177305e-02   2.2884200e-01   1.3015368e-01  -6.8212007e-03   2.9653718e-04  -3.5830282e-05
  -1.0201689e-01   1.8917210e-01   1.4734882e-01  -6.0827733e-03   7.4342470e-04  -1.2524403e-03
  -8.4051409e-02   2.4575623e-01   7.7322306e-02  -4.6851858e-03   4.9186832e-05  -5.9606861e-04
  -7.7367810e-02   1.5052405e-01   8.5724557e-02  -2.7331813e-03  -2.2662202e-04  -6.5958547e-04
  -1.1097533e-01   1.8248471e-01   1.5876956e-01  -3.6798695e-03  -4.2763773e-04  -7.9942419e-04
  -1.0304075e-01   1.6659498e-01   1.4305696e-01  -3.5502650e-03   7.6172916e-05  -3.7140234e-04
  -9.1104149e-02   9.4580410e-02   1.5752116e-01  -2.1333818e-03  -1.9680355e-04  -7.4120448e-04
  -9.2737801e-02   1.2639211e-01   2.0237062e-01  -2.3939835e-03  -5.4659889e-04  -6.0951679e-04
  -7.7319248e-02   1.8859829e-01   2.0615713e-01  -2.3117457e-03  -6.8758655e-04  -6.0286369e-04
  -8.7328976e-02   1.2189314e-01   2.0788415e-01  -3.3309296e-03  -4.9269758e-04  -6.3014624e-04
  -8.8215976e-02   8.7410009e-02   2.1838266e-01  -1.1888089e-03  -7.7554396e-04  -1.6118695e-04
  -1.2439835e-01   1.8399269e-01   3.5978054e-01  -1.4286147e-03  -2.0775388e-03  -2.9601618e-04
  -1.6258968e-01   9.2522511e-02   3.2078564e-01   4.7858755e-04  -2.4706526e-03  -4.8214793e-04
  -1.7306159e-01   2.2006433e-01   3.6079874e-01  -6.9421699e-04  -3.4697067e-03  -2.4164998e-04
  -1.8010400e-01   2.0704391e-01   2.9928226e-01  -2.6751541e-04  -3.3799763e-03  -4.8756422e-04
  -1.9030583e-01   1.9970608e-01   2.6180788e-01  -3.9936019e-04  -2.7924974e-03  -1.3103283e-03
  -1.6442946e-01   2.4122956e-01   2.9915947e-01  -7.6541169e-04  -1.6791693e-03  -6.2915690e-04
  -1.3502357e-01   1.8660898e-01   2.2913434e-01  -1.3451341e-03  -4.5170879e-04  -7.1750627e-04
  -1.1529723e-01   1.8700928e-01   2.2322791e-01  -1.4799983e-03  -6.4178603e-04  -7.1088280e-04
  -8.3556169e-02   2.2824411e-01   1.8171082e-01  -2.4216046e-03  -7.6365077e-04  -1.5547447e-04
  -8.4154275e-02   2.1996085e-01   1.3121049e-01  -2.6634912e-03  -9.5215387e-04  -4.9147966e-04
  -9.7548903e-02   1.7326944e-01   1.5965581e-01  -1.9757826e-03  -1.1134348e-03  -2.6810257e-04
  -1.0965124e-01   1.7038886e-01   2.6410314e-01  -1.6442131e-03  -1.2930048e-03  -2.6272077e-04
  -9.8100481e-02   2.6691174e-01   1.5172546e-01  -4.3120636e-03  -2.7657542e-04  -6.4683929e-04
  -8.7052773e-02   1.8325251e-01   9.5445015e-02  -1.8560894e-03  -4.4978424e-04  -9.6493010e-04
  -8.0341872e-02   1.7454301e-01   1.4742001e-01  -2.0178266e-03  -2.6846987e-04  -1.0115822e-03
  -7.9942144e-02   1.2503888e-01   2.1890495e-01   1.0626640e-03  -4.8217477e-04  -6.3941491e-04
  -1.0939735e-01   2.3570200e-01   2.2772478e-01  -1.9482769e-03  -1.3504052e-03  -1.1984696e-03
  -1.1297411e-01   2.0345987e-01   1.5465491e-01  -9.1653181e-04  -5.7249596e-04  -2.0083276e-03
  -1.1046780e-01   2.0459814e-01   1.8380593e-01  -1.1719779e-03  -4.6787004e-04  -1.9807949e-03
  -1.0509032e-01   3.1229018e-01   1.8262442e-01  -2.5932630e-03  -1.6962109e-03  -1.5962900e-03
  -4.4571754e-02   2.3404921e-01  -5.1491396e-02  -3.0224791e-03  -9.9344469e-04  -1.7693470e-03
  -7.1329336e-02   2.0480933e-01  -3.2310586e-02  -1.4946973e-03  -4.0089196e-04  -2.3905424e-03
  -7.1587924e-02   1.9581449e-01   5.9252940e-02  -1.8472195e-03  -4.6023379e-04  -2.2564759e-03
  -8.4235575e-02   2.5834833e-01   1.8802979e-01  -3.9843961e-03  -9.6522143e-04  -9.4249810e-04
  -1.3815398e-01   2.1954940e-01   1.8353458e-01  -1.4760112e-03  -8.3326274e-04  -1.6142458e-03
  -4.1956697e-02   2.8954207e-01   1.5349786e-01  -2.0785660e-03  -1.5637168e-03  -1.4730547e-03
  -5.1417442e-02   2.5901122e-01   2.0033776e-01  -2.7422140e-03  -1.0054900e-03  -2.1943740e-03
  -8.3507310e-02   1.6475729e-01   2.3428210e-01  -3.8475143e-04  -1.1069419e-03  -1.4981542e-03
  -8.8586902e-02   2.0829590e-01   2.6484751e-01  -2.2099634e-03  -1.5621296e-03  -2.1153719e-03
  -1.1044532e-01   4.1566105e-01   2.9720465e-01  -2.7671132e-03  -2.1347038e-03  -1.2851004e-03
  -9.5538540e-02   2.3631254e-01   2.1587535e-01  -3.3236091e-03  -5.2641699e-04  -1.9373095e-03
  -9.0238531e-02   2.5729710e-01   1.0457100e-01  -5.0228259e-03  -7.3661224e-04  -2.3926428e-03
  -9.9933710e-02   3.2380669e-01   6.7641187e-02  -8.7705231e-03  -2.7428938e-03  -3.2617950e-03
  -1.2742557e-01   2.7125263e-01   2.0408926e-01  -6.8345175e-03  -2.2761081e-03  -3.2213455e-03
  -1.2868071e-01   4.4913973e-01   2.3572390e-01  -8.4253166e-03  -2.1244506e-03  -1.7021611e-03
  -1.1193257e-01   3.4439161e-01   2.0101665e-01  -8.1306247e-03  -1.5071261e-03  -9.5487462e-04
  -1.0694200e-01   2.1899855e-01   2.8706185e-01  -5.3341537e-03  -5.6249691e-04  -1.6547923e-03
  -1.1493627e-01   1.9291004e-01   3.4853748e-01  -3.0908058e-03  -7.2806200e-04  -1.2277730e-03
  -1.6347758e-01   4.2571477e-01   4.8090086e-01  -4.8914308e-03  -1.6958195e-03  -1.0431728e-03
  -1.3397143e-01   3.3762194e-01   3.0686511e-01  -4.2556237e-03  -1.3435602e-03  -4.8770680e-04
  -1.8064805e-01   2.5410984e-01   4.5202693e-01   2.4076698e-05  -1.9266708e-03   2.1899258e-04
  -2.4432501e-01   4.0951342e-01   4.3856600e-01  -3.2330732e-03  -1.4869918e-03   6.9271099e-04
  -2.3404879e-01   2.0796474e-01   3.4960774e-01   3.2324375e-04  -7.0864943e-04  -1.9104741e-05
  -1.9071444e-01   2.0557210e-01   4.5852569e-01   6.1069913e-04  -9.2117573e-04   3.2735554e-04
  -1.7334704e-01   3.1586084e-01   4.6092799e-01  -1.5738252e-03  -1.3439377e-03  -7.7178642e-04
  -1.6983374e-01   3.0863358e-01   3.9369119e-01  -1.3347759e-03  -1.1756259e-03  -8.6960054e-04
  -1.6402482e-01   2.6562161e-01   3.8178727e-01  -1.1935365e-03  -1.0023491e-03  -7.5471872e-04
  -1.5793155e-01   2.3676836e-01   3.4366072e-01  -1.3351225e-03  -7.4650788e-04  -5.9326934e-04
  -1.5481220e-01   2.3688171e-01   3.4143807e-01  -1.0430528e-03  -3.1643637e-04  -7.6371034e-04
  -1.4685603e-01   2.4080850e-01   3.2513580e-01  -1.5369994e-03  -2.4961767e-04  -7.2144608e-04
  -1.4001580e-01   2.6674620e-01   3.3697183e-01   6.1575221e-05  -6.6964045e-04  -1.8737606e-04
  -1.2591849e-01   2.9016626e-01   3.0560437e-01  -1.5333474e-03  -4.7390787e-04  -9.1000446e-05
  -1.0657252e-01   2.7710353e-01   2.0363454e-01  -1.9372575e-03  -3.1295725e-04  -6.4261623e-04
  -9.9333154e-02   3.2011812e-01   2.9150688e-01  -2.9566847e-03  -4.5534724e-04  -7.6684829e-04
  -7.1425313e-02   2.7913080e-01   2.8231794e-01  -9.6081465e-04  -2.6411792e-04  -6.7680206e-04
  -5.6415683e-02   2.6145262e-01   2.9290627e-01  -2.3078336e-03  -2.9015146e-04  -4.4435032e-04
  -9.3014525e-02   3.1858066e-01   3.1799127e-01  -1.6618626e-03  -7.8525408e-04   3.8353004e-04
  -8.1845291e-02   2.9961795e-01   3.0419993e-01  -2.7064898e-03  -5.7346325e-04  -8.1087402e-05
  -7.0993275e-02   2.8153441e-01   2.9531365e-01  -1.5244734e-03  -6.1557231e-04  -1.9891141e-04
  -8.6895129e-02   3.0684803e-01   3.1041275e-01  -1.8452496e-03  -3.2151207e-04   4.6823965e-05
  -1.3134284e-01   4.1538342e-01   4.4384792e-01  -1.2094653e-03  -1.3729594e-03  -5.1624618e-04
  -1.0928914e-01   2.9915311e-01   3.2661458e-01  -1.1176860e-03  -7.1123104e-04  -5.2207778e-04
  -1.2126937e-01   3.0440608e-01   4.2416345e-01  -9.3707417e-04  -9.7063507e-04  -3.5635459e-04
  -1.2091214e-01   2.5497412e-01   4.2464006e-01   1.8678022e-03  -1.0625683e-03   2.6374025e-04
  -1.3563659e-01   2.6897437e-01   4.1921403e-01  -3.1567786e-04  -1.4406702e-03  -7.4265864e-04
  -1.4274616e-01   3.0165708e-01   3.6137096e-01  -8.0838833e-04  -8.8825637e-04  -1.3242881e-03
  -1.3974723e-01   3.1986089e-01   3.6773379e-01  -9.7208996e-04  -7.5544687e-04  -6.7041939e-04
  -1.1820493e-01   2.7308170e-01   3.8811257e-01  -6.9685052e-04  -3.9438273e-04  -2.6261425e-04
  -1.1953380e-01   2.6495054e-01   3.2911583e-01  -1.3780844e-04  -4.6913547e-05  -3.2662402e-04
  -1.1068227e-01   3.0890733e-01   3.4659009e-01  -1.4796871e-03   3.6079599e-05  -6.6762603e-04
  -1.0381052e-01   3.1113748e-01   3.3828678e-01  -1.3283956e-03   1.1762785e-04  -4.1248701e-04
  -9.2100295e-02   2.9524682e-01   3.3866232e-01  -1.4692732e-03   6.6783457e-05  -6.5453876e-04
  -1.0516489e-01   3.1744938e-01   3.1845248e-01  -9.8268718e-04   2.9555466e-04  -1.1957317e-03
  -8.8834720e-02   4.0373495e-01   3.9715918e-01  -2.0587165e-03   1.2053582e-04  -2.1345407e-04
  -8.5820118e-02   3.1874147e-01   3.0176469e-01  -1.5721595e-03   4.2820894e-04  -6.1657911e-04
  -1.0105241e-01   2.9741030e-01   3.7220680e-01  -8.6393054e-04   3.2447313e-04  -6.1422079e-04
  -1.1409546e-01   3.4247049e-01   3.6667110e-01  -1.2823061e-03  -3.7808467e-04  -2.0120820e-04
  -1.0795952e-01   3.5500861e-01   3.6114635e-01  -2.4369183e-03  -3.1545501e-04   2.2562239e-05
  -1.4521676e-01   4.5502666e-01   4.7477690e-01  -2.7762117e-03   3.2316401e-04   6.2411850e-05
  -1.0670048e-01   3.3035904e-01   4.1014535e-01  -2.1404792e-03   1.3488841e-04  -6.8435869e-04
  -1.0297015e-01   2.9130281e-01   4.3212075e-01  -1.6237407e-03   3.4963026e-04  -5.9027247e-04
  -1.0707903e-01   2.9075909e-01   4.6646227e-01  -1.5448718e-03   2.0928637e-05  -3.5737046e-04
  -1.0764651e-01   2.7383802e-01   5.1292352e-01  -4.8451607e-04  -3.2198032e-04   6.6162872e-05
  -1.6439982e-01   5.0825204e-01   7.2468665e-01  -4.5602387e-03  -2.8851479e-04   1.0339427e-03
  -1.2700937e-01   3.7282482e-01   4.6139108e-01  -2.3645576e-03  -7.5629641e-04   7.8641978e-04
  -5.6706848e-02   3.5838849e-01   2.2637388e-01  -3.3318985e-03  -1.2455386e-03  -9.6056068e-04
  -8.0830136e-02   3.4074424e-01   3.2626085e-01  -3.8002706e-03  -4.7636405e-04  -4.5213710e-04
  -1.1445036e-01   5.0173458e-01   4.8717448e-01  -5.0889430e-03  -6.5911771e-04  -9.1473772e-05
  -8.9870436e-02   3.7552569e-01   3.3165072e-01  -3.9628705e-03   5.6644894e-04  -1.8247454e-03
  -7.7395843e-02   3.2135121e-01   3.7491411e-01  -3.6364801e-03   4.9120935e-04  -1.8474976e-03
  -7.1869218e-02   3.5710612e-01   3.8537165e-01  -3.5151796e-03   3.8307322e-04  -1.4577584e-03
  -1.3288426e-01   4.8075324e-01   5.1065195e-01  -2.5571746e-03  -2.6038919e-04  -1.0305140e-03
  -1.1879426e-01   4.1728923e-01   4.5968157e-01  -2.1054242e-03   1.2864983e-04   2.0594490e-04
  -1.0423489e-01   3.6368345e-01   3.8188757e-01  -1.7685662e-03   4.9444386e-06  -6.9547594e-04
  -9.3999419e-02   3.6670755e-01   3.6403142e-01  -2.0010555e-03  -2.3950158e-04  -1.0280917e-03
  -1.1785406e-01   4.2315668e-01   4.2400860e-01  -2.1823628e-04  -1.5302278e-04  -5.3628223e-04
  -9.8740884e-02   4.3602518e-01   3.3862289e-01  -2.7933318e-03   9.5100275e-05  -2.8158642e-04
  -9.0621109e-02   3.6496218e-01   2.5921966e-01  -1.6177654e-03   2.7846189e-04  -1.3416150e-03
  -7.5187992e-02   3.5491770e-01   2.5194364e-01  -1.8879742e-03   4.9016541e-04  -1.0013278e-03
  -5.8466520e-02   3.5757877e-01   2.3782165e-01  -2.0169849e-03   6.7191251e-04  -1.3803423e-03
  -6.3873485e-02   3.8616798e-01   2.3244107e-01  -1.9503243e-03   8.0031096e-04  -1.1858649e-03
  -6.0211973e-02   4.0190795e-01   2.4790815e-01  -2.4792799e-03   9.9448912e-04  -1.5220304e-03
  -5.2084679e-02   3.8905577e-01   2.3494195e-01  -2.1818739e-03   9.5124146e-04  -1.3896944e-03
  -2.3094330e-02   4.9412900e-01   9.1245892e-02  -4.7651048e-03   1.4189923e-03  -2.3985891e-03
  -2.3465534e-02   4.8051327e-01   1.3841341e-01  -6.5053276e-03   1.4472356e-03  -2.9429374e-03
  -2.9008575e-02   5.2382614e-01   1.4220102e-01  -7.6769386e-03   1.9580602e-03  -2.8477723e-03
  -3.2798154e-02   4.3476654e-01   1.5691019e-01  -6.6890413e-03   1.7247906e-03  -2.2637035e-03
  -6.6488174e-02   5.3379801e-01   2.8416858e-01  -7.4001273e-03   1.5861735e-03  -2.3960122e-03
  -3.3758778e-02   4.6605001e-01   2.0399253e-01  -6.1721997e-03   1.7224130e-03  -1.9004355e-03
  -7.4678400e-02   5.3107151e-01   2.9795236e-01  -3.4172719e-03   1.2530418e-03  -1.3481179e-03
  -4.8168522e-02   4.2297850e-01   2.3097567e-01  -4.7412905e-03   1.3239107e-03  -1.2541820e-03
  -5.6806259e-02   4.0503776e-01   3.4387447e-01  -3.5952974e-03   1.2922380e-03  -1.0378474e-03
  -2.3610159e-02   4.8826389e-01   2.8461490e-01  -4.3359040e-03   1.2683913e-03  -1.1630745e-03
  -2.3003386e-02   4.8044926e-01   2.4928770e-01  -4.1433230e-03   1.2709310e-03  -9.7520807e-04
  -2.2798701e-02   4.5228669e-01   2.4787576e-01  -4.9733592e-03   1.0982983e-03  -1.4826457e-03
  -3.5090164e-02   4.4265429e-01   2.7844857e-01  -4.5378435e-03   1.1943927e-03  -1.4459067e-03
  -5.6125865e-02   5.1984826e-01   3.4639709e-01  -4.6950005e-03   7.8293572e-04  -4.8024661e-04
  -5.2725174e-02   4.7761182e-01   2.4736927e-01  -5.9909753e-03   1.7511850e-03  -1.1883981e-03
  -2.8370982e-02   4.4486131e-01   2.4897248e-01  -5.6272113e-03   1.3953187e-03  -1.1775764e-03
  -3.7481092e-02   4.5991849e-01   3.0920189e-01  -4.7782128e-03   1.7342153e-03  -7.3263685e-04
  -8.3750478e-02   5.1909267e-01   4.9670288e-01  -2.9573782e-03   1.4964528e-03   3.0248862e-04
  -6.8096894e-02   4.6788141e-01   3.8149276e-01  -2.9956001e-03   2.4626840e-03  -1.1727559e-04
  -6.0106247e-02   4.3033114e-01   4.3949498e-01  -2.9998750e-03   2.4255232e-03  -7.5973829e-04
  -4.3723722e-02   4.3071785e-01   4.5279995e-01  -5.6756761e-04   2.6273198e-03  -5.0339584e-04
  -3.7297825e-02   4.1082350e-01   4.4842526e-01  -2.0581678e-03   2.4570246e-03  -1.1530489e-03
  -3.5968846e-02   4.2155670e-01   4.1066396e-01  -2.1634266e-03   2.5549833e-03  -8.0597427e-04
  -1.5262828e-02   4.5516805e-01   4.2138921e-01  -2.4975771e-03   2.7502460e-03  -7.4652557e-04
  -2.1528998e-02   4.0756203e-01   4.0030060e-01  -2.2766624e-03   2.2146655e-03  -9.7295803e-04
  -2.3630689e-02   4.4282332e-01   3.9979028e-01  -2.7144384e-03   2.4568826e-03  -8.6924209e-04
  -2.0372639e-02   4.5355658e-01   3.6314485e-01  -2.6889373e-03   2.2619931e-03  -6.5804973e-04
  -2.9488600e-02   4.6719307e-01   4.0522427e-01  -2.6174220e-03   2.3826913e-03  -8.2148005e-04
  -2.1229390e-02   4.5766759e-01   3.9109979e-01  -3.3031967e-03   2.4933263e-03  -5.5655266e-04
  -1.4673598e-02   4.5135196e-01   4.2870424e-01  -2.1694059e-03   2.1847734e-03  -5.4250723e-04
  -8.7709599e-03   4.7804243e-01   4.4210989e-01  -3.7263994e-03   2.1341165e-03  -6.6878850e-04
  -2.0592710e-02   4.3822336e-01   4.1881980e-01  -2.2561363e-03   2.1635965e-03  -4.9854755e-04
  -1.2057075e-02   4.6370772e-01   4.4187246e-01  -1.7610594e-03   2.1766176e-03  -6.6965995e-04
   1.7860817e-03   4.2971627e-01   3.9943157e-01  -1.9216629e-03   1.8685157e-03  -5.0216687e-04
  -2.4735994e-02   4.1386018e-01   3.8243490e-01  -2.6177851e-03   1.6267342e-03  -1.2154710e-03
  -5.1254337e-02   4.8046264e-01   4.0636944e-01  -3.3842042e-03   2.0955379e-03  -7.1580717e-04
  -4.5826226e-02   4.1949684e-01   4.2329684e-01   4.0259746e-04   1.7379386e-03  -6.5962517e-04
  -3.6634993e-02   4.4361840e-01   4.7365611e-01  -1.8165454e-04   1.7422352e-03  -1.1041891e-03
  -1.1626735e-02   4.5791580e-01   4.2310600e-01  -7.8506837e-04   2.0727111e-03  -8.5039987e-04
  -2.5859041e-02   5.0838638e-01   3.8663101e-01  -1.0516786e-03   2.2997132e-03  -1.2699519e-03
