   0.0000000e+00   0.0000000e+00   7.1054274e-15  -1.1102230e-16   0.0000000e+00   0.0000000e+00
  -5.3808919e-02   7.8750336e-02   3.9680179e-01   2.7527088e-05   6.8301154e-04   2.4443207e-04
  -6.6197292e-02   9.0526617e-02   5.1937352e-01   4.3846645e-04   4.0418695e-04   8.7863061e-04
  -4.0771910e-02   5.8401177e-02   5.1633631e-01   1.3016561e-03  -9.9337223e-05   4.5767723e-04
  -6.3069422e-03   7.8308508e-02   5.1282635e-01   1.7499629e-03   1.1207598e-03   1.2036302e-03
  -1.4169191e-02   1.1022456e-01   5.4500862e-01   1.4561755e-03   3.9623575e-04   1.7261223e-03
  -5.0277567e-02   1.1523542e-01   5.3270652e-01   1.7614182e-03   9.3375237e-04   4.6669207e-04
  -1.2200753e-01   8.1344222e-02   5.2496591e-01   1.1373962e-03  -2.9609628e-03  -1.2724010e-03
  -2.2048801e-01   7.8709825e-02   5.6076003e-01   1.4466641e-06  -5.9896009e-03  -7.3864657e-03
  -1.8819036e-01   1.2808673e-01   5.9883614e-01  -1.4452194e-03  -5.0177267e-03  -5.7199848e-03
  -2.0797695e-01   1.0840146e-01   5.4957295e-01  -1.2807641e-03  -4.3935860e-03  -5.5996889e-03
  -2.0602196e-01   1.0710953e-01   5.6404498e-01  -1.7156048e-03  -4.0322921e-03  -5.6540995e-03
  -2.1010554e-01   8.1192539e-02   6.3178090e-01  -3.8297698e-04  -4.3076697e-03  -5.5320717e-03
  -1.3513825e-01   2.5359881e-01   5.0481557e-01  -3.8208246e-03  -3.5058933e-03  -3.4771621e-03
  -1.8713360e-01   1.2448663e-01   5.5098181e-01  -3.6311832e-03  -2.9336532e-03  -3.8302648e-03
  -1.6823319e-01   9.9604524e-02   5.8053690e-01  -2.5695300e-03  -3.0242357e-03  -3.9072301e-03
  -1.5385242e-01   1.1773949e-01   6.0011333e-01  -2.1236970e-03  -3.0768940e-03  -3.3139666e-03
  -1.5776998e-01   1.3396533e-01   5.9083067e-01  -1.7190918e-03  -2.9372154e-03  -3.4218672e-03
  -1.0385750e-01   1.5046958e-01   6.0742660e-01  -5.4378512e-04  -2.3420971e-03  -3.2386943e-03
  -1.4907737e-01   1.5351998e-01   5.2090045e-01  -3.7006066e-04  -1.4478003e-03  -2.1236574e-03
  -1.6218829e-01   1.5159254e-01   5.3231108e-01  -7.0030800e-05  -1.6907616e-03  -3.0201779e-03
  -1.4175893e-01   1.6283720e-01   5.2686726e-01  -3.1755502e-04  -2.2542373e-03  -2.2776030e-03
  -1.3584353e-01   9.1659505e-02   4.9554471e-01   1.8142452e-03  -2.8636949e-03  -1.8887458e-03
  -1.3513226e-01   1.8408779e-01   5.2797390e-01  -1.4587104e-03  -2.7288118e-03  -2.5348219e-03
  -1.2852823e-01   1.8653494e-01   5.7595651e-01  -1.3106940e-03  -2.8482376e-03  -2.4082898e-03
  -1.1530426e-01   2.3736882e-01   6.4255475e-01  -2.7156307e-04  -3.0639758e-03  -2.6574817e-03
  -1.1001603e-01   1.2069502e-01   6.2604016e-01   1.6764416e-04  -3.2497510e-03  -2.5242730e-03
  -1.0895290e-01   1.4665505e-01   6.6426125e-01   4.6802452e-04  -3.0492671e-03  -2.2545549e-03
  -1.0587305e-01   2.8362486e-01   6.7568103e-01   6.2035407e-05  -3.0982034e-03  -2.2998325e-03
  -1.4445195e-01   1.8246726e-01   5.9275898e-01  -6.6101174e-04  -2.2794934e-03  -2.3776090e-03
  -1.3641532e-01   1.5782487e-01   5.9485304e-01  -2.4012984e-04  -2.3706905e-03  -2.6383731e-03
  -1.3339644e-01   1.4847708e-01   5.8893353e-01  -1.5898409e-04  -2.3518155e-03  -2.2153040e-03
  -1.2759764e-01   1.4044690e-01   6.3333886e-01  -2.9582842e-05  -2.4805019e-03  -2.3775206e-03
  -1.1906988e-01   1.7402087e-01   6.3586822e-01   4.3100160e-04  -2.6984910e-03  -2.0391910e-03
  -1.2260708e-01   2.6130398e-01   5.9100845e-01  -4.5130258e-04  -2.8977225e-03  -2.2448220e-03
  -8.0400283e-02   1.2513709e-01   3.1256692e-01  -7.8185214e-04  -3.8222755e-03  -1.1933109e-03
  -1.3760429e-01   2.1338925e-01   4.5734964e-01   2.7839053e-04  -3.3649248e-03  -9.6885991e-04
  -1.5335405e-01   2.2112740e-01   3.6835771e-01   8.2139043e-04  -2.4340434e-03  -9.3846885e-04
  -1.4999504e-01   1.5169120e-01   4.0454895e-01   1.6263498e-03  -2.6118534e-03  -1.8515193e-03
  -1.2996856e-01   1.1537867e-01   4.0425874e-01   1.9991860e-03  -2.9500755e-03  -1.6207285e-03
  -1.3980967e-01   1.5582557e-01   4.4421510e-01   1.8560761e-03  -2.6103675e-03  -1.0608516e-03
  -1.0877856e-01   1.0110997e-01   4.2556240e-01   4.3608649e-03  -2.2594826e-03  -1.1439757e-03
  -1.4864034e-01   1.2227225e-01   4.4017522e-01   3.2193611e-03  -1.5157379e-03  -7.6916497e-04
  -1.4823958e-01   1.9852443e-01   5.4668988e-01   4.3022810e-03  -1.6756431e-03  -6.3193503e-04
  -1.3311092e-01   1.7956738e-01   5.1887714e-01   2.7809832e-03  -1.4131658e-03  -1.3827888e-03
  -1.4031635e-01   1.5714338e-01   5.2318533e-01   2.4810080e-03  -1.1577817e-03  -1.7779480e-03
  -1.2345928e-01   1.3380791e-01   4.6223161e-01   3.2111757e-03  -1.3397095e-03  -1.1202009e-03
  -1.2566565e-01   2.2269079e-01   5.3191150e-01   3.3395145e-03  -1.6821841e-03  -9.2661041e-04
  -1.2806668e-01   1.4442568e-01   5.0574203e-01   4.1230741e-03  -1.4133923e-03  -9.9841560e-04
  -1.2536038e-01   1.1422560e-01   5.0798500e-01   4.6629865e-03  -1.2318586e-03  -1.1261822e-03
  -1.1664282e-01   2.5415462e-01   4.9779284e-01   4.1253756e-03  -1.4756970e-03  -9.2116575e-04
  -1.1787750e-01   1.7542433e-01   4.8866137e-01   4.0021530e-03  -1.6217550e-03  -1.3785595e-03
  -8.8926952e-02   3.1969861e-01   4.8331985e-01   3.0723945e-03  -2.0331333e-03  -1.0860452e-03
  -9.3109458e-02   2.2860436e-01   4.4933998e-01   4.0185676e-03  -1.2963237e-03  -1.3814464e-03
  -4.9778048e-02   1.6893983e-01   5.2221708e-01   5.4222302e-03  -1.9472898e-03  -9.9779707e-04
  -8.1874576e-02   2.5613769e-01   5.2113384e-01   3.6032837e-03  -1.7712141e-03  -4.7965032e-04
  -7.6141308e-02   1.3119849e-01   4.4600629e-01   5.7992402e-03  -1.7789029e-03  -4.8741041e-04
  -1.0375690e-01   1.7936573e-01   5.1731992e-01   4.7965426e-03  -1.4866910e-03  -9.2753369e-04
  -1.0665579e-01   2.2907497e-01   5.8963963e-01   5.4845897e-03  -1.8786055e-03  -5.3403790e-04
  -8.9218158e-02   2.7553205e-01   4.1615870e-01   3.3674918e-03  -1.6101657e-03  -5.7895483e-04
  -1.0431675e-01   1.9938735e-01   4.0499246e-01   4.8432551e-03  -1.0424733e-03  -1.7910129e-03
  -1.0989377e-01   2.3730509e-01   4.8173478e-01   5.1151566e-03  -1.2871272e-03  -1.4782161e-03
  -1.2451215e-01   1.6951401e-01   4.5270146e-01   6.6439209e-03  -7.0547310e-04  -1.7949345e-03
  -1.1317945e-01   1.8169023e-01   4.9521033e-01   5.4597049e-03  -1.1432800e-03  -1.3423826e-03
  -1.2944078e-01   1.6815182e-01   4.8738061e-01   5.1537003e-03  -7.8790357e-04  -2.1475598e-03
  -1.2551972e-01   3.1098727e-01   6.0502675e-01   4.9713320e-03  -1.4179918e-03  -6.1327671e-04
  -1.0049570e-01   2.9147641e-01   4.2624650e-01   2.1795368e-03  -1.4695017e-03  -2.7935965e-04
  -1.1657957e-01   2.5392054e-01   4.4441262e-01   3.0950607e-03  -6.7603754e-04  -1.3282197e-03
  -1.0236783e-01   1.5404548e-01   4.9874446e-01   5.8657738e-03  -6.9447078e-04  -1.0706459e-03
  -1.1876204e-01   2.1751792e-01   4.9995383e-01   5.6438778e-03  -7.3264989e-04  -1.6325841e-03
  -1.3238649e-01   2.7355866e-01   5.6222707e-01   6.1201025e-03  -1.2638293e-03  -1.1717039e-03
  -9.1536699e-02   3.2693630e-01   5.2016741e-01   5.6558211e-03  -1.6234499e-03  -5.3728765e-04
  -9.6237241e-02   2.3296620e-01   3.8763268e-01   7.4356269e-03  -1.2486626e-03  -1.3441059e-03
  -1.1896904e-01   2.0283550e-01   4.1360278e-01   8.0658063e-03  -9.6347657e-04  -1.5336502e-03
  -1.2597847e-01   3.5741636e-01   5.5445423e-01   7.5902752e-03  -1.8085218e-03  -1.0903138e-03
  -1.2341667e-01   2.1474739e-01   5.1006182e-01   8.5821440e-03  -1.2748343e-03  -1.3615558e-03
  -1.5954473e-01   2.3859144e-01   5.8210312e-01   9.3020782e-03  -1.7325446e-03  -5.6005169e-04
  -1.2579812e-01   2.8072306e-01   5.3343597e-01   7.4181802e-03  -1.4182600e-03  -3.5028573e-04
  -1.3366992e-01   1.8290756e-01   5.4026737e-01   8.1656954e-03  -9.1475451e-04  -1.2511443e-03
  -1.2805186e-01   2.1036380e-01   6.0154355e-01   8.1713557e-03  -9.1545794e-04  -1.1487166e-03
  -1.2271808e-01   3.3820857e-01   6.3176477e-01   7.3602655e-03  -1.7110888e-03  -2.3687475e-04
  -5.7901008e-02   3.6767179e-01   6.1318373e-01   6.2773722e-03  -3.0965864e-04  -8.1442714e-04
  -1.1141274e-01   2.4250598e-01   5.8172064e-01   5.6145222e-03  -1.1352410e-03  -7.4676734e-04
  -1.2099939e-01   1.9829644e-01   6.0309636e-01   7.5521765e-03  -1.0808312e-03  -1.1495800e-03
  -1.1185744e-01   3.8638636e-01   6.0675444e-01   5.2720038e-03  -1.4046051e-03  -9.9187665e-04
  -1.1477284e-01   2.1069561e-01   5.3152024e-01   7.1734773e-03  -7.9788910e-04  -1.7676274e-03
  -1.4547980e-01   2.7678597e-01   6.1831901e-01   7.8415090e-03  -1.7291657e-03  -8.4387324e-04
  -1.1252777e-01   3.4152025e-01   5.9016702e-01   7.2194925e-03  -2.3330508e-03  -2.5812013e-05
  -9.4790025e-02   2.1326099e-01   5.7075565e-01   8.8724021e-03  -9.8668221e-04  -7.4291181e-04
  -9.9672968e-02   1.8117668e-01   5.9023068e-01   9.3388329e-03  -1.0838034e-03  -1.0201423e-03
  -1.3832120e-01   2.8426130e-01   6.8853613e-01   9.9776004e-03  -8.5762761e-04  -2.7624179e-04
  -1.4194421e-01   2.2492780e-01   5.1269723e-01   8.1673193e-03  -2.3219412e-04   5.9888883e-04
  -1.4581214e-01   2.4154756e-01   5.6258641e-01   8.3722730e-03  -8.7296516e-04   1.1535184e-04
  -1.4511784e-01   2.9072959e-01   6.2875056e-01   1.0966912e-02  -1.1689643e-03  -1.6511299e-04
  -1.2799215e-01   2.6393767e-01   6.0181952e-01   8.7685372e-03  -8.6712290e-04   2.3605782e-04
  -1.1930450e-01   2.4154336e-01   5.8717128e-01   9.3545413e-03  -6.8811313e-04  -2.3749779e-04
  -1.1288483e-01   1.9327443e-01   6.2348462e-01   1.0232760e-02  -6.6637540e-04  -2.1421626e-04
  -1.1414764e-01   1.8942057e-01   6.5571793e-01   1.1902575e-02  -1.2564104e-03   7.4769571e-04
  -1.2098704e-01   3.3405069e-01   5.8039004e-01   4.9470097e-03  -2.1803928e-04  -5.8057750e-04
  -1.9857324e-01   3.6092994e-01   5.0205555e-01  -5.2539981e-03   2.2905024e-03  -3.1464488e-03
  -1.3636884e-01   3.8049693e-01   4.7058255e-01   1.0580962e-03   7.4648735e-04  -2.9937897e-03
  -1.5333881e-01   2.0267064e-01   4.1715538e-01   7.3715504e-03   1.7681189e-04  -1.7641358e-03
  -1.4470366e-01   2.3130023e-01   4.6228163e-01   6.7380445e-03   1.4687402e-05  -1.9909512e-03
  -1.1904404e-01   3.2087741e-01   4.4949965e-01   6.3699538e-03  -1.0819324e-03  -2.3387772e-04
  -1.3055853e-01   2.2933572e-01   4.1586784e-01   7.2797204e-03  -6.7003750e-04  -8.1931868e-04
  -1.3275109e-01   2.9279556e-01   4.5178611e-01   7.4747475e-03  -7.5994422e-04  -9.4719044e-04
  -1.2125939e-01   2.1912721e-01   4.7393497e-01   8.1771884e-03   5.2682956e-04  -4.4240917e-04
  -1.2369342e-01   2.0548706e-01   4.9372813e-01   6.1809943e-03  -3.7390445e-04  -4.9857731e-05
  -1.4517855e-01   2.3145652e-01   4.7496254e-01   7.3995257e-03  -2.2138247e-04  -3.1422757e-04
  -1.2285588e-01   2.1308362e-01   4.8479759e-01   7.9545256e-03  -1.0462648e-03  -1.1889912e-03
  -2.1059018e-01   2.9049437e-01   6.9024120e-01   8.3249813e-03  -3.2557243e-03  -7.7281039e-04
  -2.8718786e-01   4.0375285e-01   6.6082661e-01   7.2610926e-03  -3.3616109e-03  -2.4482604e-03
  -2.2466040e-01   2.3104278e-01   2.6777923e-01   7.6424824e-03  -6.4379456e-03  -8.4908857e-03
  -2.0160045e-01   2.9237184e-01   3.9360505e-01   1.0354227e-02  -5.6384784e-03  -5.8013400e-03
  -1.3180999e-01   2.1370370e-01   3.8041694e-01   8.9590964e-03  -4.1680773e-03  -3.5983204e-03
  -1.3701319e-01   2.3159880e-01   4.1292822e-01   8.7660335e-03  -3.5504838e-03  -3.3818400e-03
  -1.3404538e-01   3.7756876e-01   4.5913518e-01   8.2382049e-03  -4.0639603e-03  -1.4608771e-03
  -1.3418134e-01   2.3685264e-01   4.4347121e-01   8.5828137e-03  -3.6405218e-03  -2.8802980e-03
  -1.3705269e-01   1.8833098e-01   4.1691570e-01   8.9942813e-03  -3.7840355e-03  -2.6746102e-03
  -1.3366619e-01   1.8074651e-01   4.9038860e-01   9.6231148e-03  -3.5910497e-03  -2.6852090e-03
  -1.4310895e-01   2.0814240e-01   4.8522118e-01   9.1163238e-03  -2.9180512e-03  -1.9658151e-03
  -1.2515792e-01   2.9782639e-01   5.0121315e-01   7.5245174e-03  -1.8556683e-03  -1.3206560e-03
  -1.2136488e-01   4.3254834e-01   4.6043179e-01   9.0992684e-03  -1.6132249e-03  -1.2938147e-03
  -7.2351228e-02   3.9119551e-01   2.5357261e-01   1.7022070e-03   8.9920561e-05  -4.8874987e-04
  -5.9526503e-02   2.8454990e-01   3.3144268e-01   4.0060059e-03  -1.0109264e-03  -5.2837048e-04
  -6.9653642e-02   2.8983034e-01   3.1774431e-01   3.0459430e-03  -8.4015453e-04  -8.9946722e-04
   1.0863539e-02   2.8354706e-01   2.4259787e-01   8.8148503e-03  -2.2422129e-03  -3.8189931e-04
  -6.1082627e-02   2.6511449e-01   2.7269186e-01   8.9828300e-03  -1.3631453e-03  -1.8791318e-03
  -7.2501012e-02   2.4254397e-01   2.1095517e-01   9.9553173e-03  -2.0384743e-03  -7.7915246e-04
  -9.7240489e-02   2.3870755e-01   2.8463167e-01   8.6938138e-03  -2.1596599e-03  -1.3110643e-03
  -1.3245628e-01   3.3024014e-01   4.6584644e-01   9.4676939e-03  -3.1396159e-03  -1.0638124e-03
  -1.6994617e-01   3.4846130e-01   4.0377169e-01   8.4007300e-03  -2.0636977e-03  -1.6252360e-03
  -1.6574525e-01   2.5513915e-01   3.7918481e-01   1.0143027e-02  -2.0912867e-03  -2.3823630e-03
  -1.4426944e-01   2.3329288e-01   3.9435202e-01   9.9929757e-03  -2.0467631e-03  -2.2659319e-03
  -1.8800884e-01   2.5185892e-01   4.4342220e-01   9.5720202e-03  -3.1463325e-03  -3.5602600e-03
  -2.5006365e-01   3.2878804e-01   5.6690865e-01   1.0669370e-02  -4.3290248e-03  -2.7809048e-03
  -2.8846818e-01   3.8443758e-01   3.6593796e-01   7.8878008e-03  -5.5378323e-03  -3.5862338e-03
  -2.6625228e-01   2.9829816e-01   3.4220532e-01   8.9108486e-03  -4.9209745e-03  -4.0824198e-03
  -2.1089440e-01   2.3053992e-01   3.6910203e-01   9.5198915e-03  -4.1939995e-03  -4.4229356e-03
  -2.0703119e-01   2.2143925e-01   4.1424368e-01   9.3005880e-03  -4.2717285e-03  -4.4638790e-03
  -1.7237126e-01   3.5724343e-01   4.4082353e-01   1.0507018e-02  -3.3536571e-03  -3.2855440e-03
  -1.3081791e-01   3.4276161e-01   2.2816674e-01   9.5872494e-03  -2.1209910e-03  -3.1375920e-03
  -1.4476021e-01   2.3417011e-01   3.1405654e-01   1.0230973e-02  -1.1527481e-03  -3.6677411e-03
  -1.6640751e-01   2.1737318e-01   4.3714348e-01   1.2422994e-02  -1.9914383e-03  -2.5844767e-03
  -2.0985558e-01   4.3911470e-01   5.8656728e-01   1.1349299e-02  -3.7215276e-03  -2.5482288e-03
  -1.6658935e-01   3.0982515e-01   3.0386154e-01   1.1251515e-02  -9.3944362e-04  -3.3699806e-03
  -1.5205688e-01   2.1950712e-01   3.7540312e-01   1.3979481e-02  -1.7329858e-03  -3.3601503e-03
  -1.8824603e-01   2.6866424e-01   4.1851682e-01   1.3888101e-02  -2.9673854e-03  -4.2212168e-03
  -2.1618280e-01   4.1504719e-01   5.4320163e-01   1.5747313e-02  -3.4963546e-03  -3.6982972e-03
  -1.5724911e-01   3.5496831e-01   3.6526192e-01   1.2914331e-02  -5.8472194e-04  -2.8364955e-03
  -1.4795025e-01   2.5334192e-01   4.2815499e-01   1.4192753e-02  -2.0809801e-05  -3.4591391e-03
  -1.3268428e-01   3.0851666e-01   4.6377063e-01   1.3514474e-02  -3.1306909e-04  -3.0352576e-03
  -1.4074347e-01   2.4822128e-01   4.8220341e-01   1.5297682e-02  -2.4637436e-04  -3.1093001e-03
  -1.2501460e-01   2.5727239e-01   4.7729944e-01   1.4990436e-02  -6.0596617e-04  -3.5607667e-03
  -1.4849178e-01   3.2510931e-01   5.8669184e-01   1.5950260e-02  -9.1180299e-04  -2.5242558e-03
  -1.1246882e-01   3.7881644e-01   2.3409919e-01   9.6697432e-03  -3.1382268e-04  -3.4045494e-03
  -3.8657887e-02   3.7995249e-01   2.3281132e-01   9.0590977e-03   6.4938184e-04  -3.2928383e-03
  -4.5106778e-02   2.9132385e-01   1.8123718e-01   1.1705898e-02  -1.1868759e-03  -1.8243042e-03
  -9.5155845e-02   2.7191839e-01   2.9999788e-01   1.3891615e-02  -8.9487336e-04  -1.6477066e-03
  -1.3532675e-01   3.9865991e-01   2.2728794e-01   1.0881106e-02  -1.7428761e-03  -2.0122101e-03
  -9.5321564e-02   3.7753918e-01   1.9344782e-01   1.0036003e-02  -8.2769281e-04  -2.4158606e-03
  -1.0079360e-01   3.0236507e-01   2.1946241e-01   1.2311335e-02  -3.8559752e-04  -2.2389412e-03
  -9.9023972e-02   2.6600708e-01   3.1801664e-01   1.1110818e-02  -5.4520342e-04  -2.4695934e-03
  -1.0964301e-01   2.7786218e-01   3.4761939e-01   1.1391309e-02  -3.7480596e-04  -2.2954989e-03
  -1.2484610e-01   4.0789629e-01   4.2496335e-01   1.2201253e-02  -1.0155777e-03  -1.6243007e-03
  -1.3069661e-01   3.2501477e-01   2.8851255e-01   1.1702290e-02   3.1195769e-04  -2.4959596e-03
  -8.9934664e-02   3.2755120e-01   1.5339122e-01   1.1579131e-02  -7.3439563e-04  -1.9496126e-03
  -1.3109764e-01   4.1185681e-01   3.5056082e-01   1.0040570e-02  -9.3387140e-04  -2.0799920e-03
  -1.2918187e-01   3.1377730e-01   3.8729252e-01   1.1355421e-02  -8.4396887e-04  -2.1899712e-03
  -1.5183892e-01   2.8175016e-01   3.5296893e-01   1.3046325e-02  -4.3873922e-04  -3.0375210e-03
  -1.5104737e-01   3.2687108e-01   3.4299303e-01   1.0945324e-02  -6.2077212e-04  -3.2946554e-03
  -1.4932787e-01   3.3667582e-01   3.5415863e-01   1.1707916e-02  -3.2832712e-04  -3.3352400e-03
  -1.4112528e-01   3.2650089e-01   3.6654878e-01   1.1799714e-02  -3.4579563e-04  -3.3450457e-03
  -1.2690850e-01   3.7989069e-01   3.5063545e-01   1.1525302e-02   3.9353683e-05  -2.7066296e-03
  -1.2604547e-01   3.8952245e-01   3.1895626e-01   1.1427772e-02   2.7343511e-04  -3.2714580e-03
  -1.2212088e-01   3.8754269e-01   3.1648954e-01   1.1597663e-02   1.2574617e-04  -3.0803815e-03
  -1.2382577e-01   3.7877424e-01   3.2705127e-01   1.1204724e-02   3.3742562e-04  -3.1509946e-03
  -1.3024151e-01   3.8901613e-01   3.3139339e-01   1.1507950e-02   3.4212875e-04  -3.1142908e-03
  -1.2679373e-01   3.7050624e-01   3.5713277e-01   1.1373110e-02   9.3820561e-05  -3.1702482e-03
  -1.2338548e-01   3.7559547e-01   3.6244338e-01   1.0984861e-02   1.4867022e-04  -2.6317458e-03
  -1.2529653e-01   3.8706335e-01   3.3918368e-01   1.1325310e-02   2.7570383e-04  -2.8205052e-03
  -1.1998699e-01   3.9757564e-01   3.2500097e-01   1.1409527e-02   3.8417297e-04  -2.9014698e-03
  -1.2887342e-01   3.7382922e-01   4.6888070e-01   1.2717299e-02  -4.4899858e-04  -2.5062040e-03
  -8.1752623e-02   5.0525358e-01   2.6892044e-01   8.0067993e-03   2.1092803e-03  -1.2018461e-03
