   0.0000000e+00   0.0000000e+00   7.1054274e-15  -1.1102230e-16   0.0000000e+00   0.0000000e+00
  -1.0620647e-01  -1.6353367e-02   3.7378339e-01   8.5559513e-04  -5.9410672e-04  -2.3205159e-03
  -1.3309428e-01   3.6756652e-03   5.0402395e-01   1.4793066e-03  -2.9633415e-04  -1.3971237e-03
  -1.3349470e-01   1.4476243e-03   5.2567161e-01   1.2846142e-03  -9.9415771e-05  -1.0444834e-03
  -1.4410504e-01  -1.8215133e-02   4.8647733e-01   3.8621476e-03  -1.8857721e-05  -1.4929911e-03
  -1.5943621e-01   4.4446678e-02   5.2401052e-01   1.4223089e-03   3.4880086e-04  -1.6661629e-03
  -1.6526786e-01   4.9197696e-02   4.4817973e-01   2.7387932e-03   3.4827361e-04  -9.6057932e-04
  -1.6299581e-01   5.0852776e-02   4.9044171e-01   2.1170834e-03   3.0511341e-04  -1.4460619e-03
  -1.6484859e-01   4.0638351e-02   5.2701617e-01   2.5110864e-03   5.9353197e-04  -1.3461548e-03
  -2.8196174e-01   2.1780705e-01   5.6009664e-01   1.3314986e-04  -3.4525330e-04   1.3522649e-03
  -2.4488516e-01   1.2426373e-01   2.6132004e-01  -1.4129755e-03  -5.5456346e-04  -6.9053263e-04
  -2.4713971e-01   4.0266405e-02   2.8042366e-01  -5.6551917e-03  -3.5018579e-03  -3.8419502e-03
  -2.5680335e-01   8.8333002e-02   3.8543001e-01  -7.0964331e-03  -2.8350682e-03  -4.4499370e-03
  -2.9733546e-01   2.1752354e-01   6.1436525e-01  -3.3621365e-03  -2.9512811e-03  -3.7704692e-03
  -2.8343116e-01   8.4240715e-02   4.6666737e-01  -1.9418117e-03  -1.2481277e-03  -4.3093306e-03
  -2.6545100e-01   8.4963167e-02   5.2758600e-01  -1.4808802e-03  -9.8148374e-04  -4.4956081e-03
  -2.7183841e-01   8.3645888e-02   5.1312429e-01   9.0568056e-05   7.3623751e-04  -4.6521020e-03
  -2.3264891e-01   3.0858856e-02   5.0943944e-01   2.2165460e-03   8.5049511e-04  -3.5632814e-03
  -2.5487821e-01   6.5341934e-02   5.2802957e-01   1.7034389e-05   8.5657656e-04  -4.1551204e-03
  -4.0810068e-01   1.6177890e-01   6.2409289e-01   2.6379121e-03  -2.5661468e-05  -1.8304203e-03
  -4.4787019e-01   1.3189207e-01   4.2301997e-01   2.9375827e-03   1.7961654e-04  -2.1452111e-03
  -3.7848145e-01   8.2202108e-02   3.4969373e-01  -8.7852946e-05   1.5450793e-03  -4.0768797e-03
  -3.3789749e-01   7.3458800e-02   3.6017444e-01   1.0306760e-03   2.1864411e-03  -3.6717485e-03
  -3.5463946e-01   2.5854871e-01   4.9761023e-01   1.8080833e-03   2.1192736e-03  -2.7990445e-03
  -3.4224697e-01   1.2277974e-01   2.7870015e-01   1.4049635e-03   2.3354172e-03  -3.5585516e-03
  -3.3251546e-01   9.5068238e-02   3.1015235e-01   1.2882358e-03   2.6778766e-03  -4.4007165e-03
  -3.1648676e-01   7.8718948e-02   3.7720731e-01   1.4459206e-03   2.3955855e-03  -4.2073746e-03
  -3.1602848e-01   8.0020569e-02   4.0928561e-01   1.0622407e-03   2.1582696e-03  -4.6589341e-03
  -4.1782615e-01   2.7760924e-01   4.5486511e-01   3.4058909e-03   4.7746283e-04  -3.8399272e-03
  -3.4856487e-01   1.1577532e-01   2.8176415e-01   1.3505954e-03   2.4283952e-03  -5.1131421e-03
  -3.2921035e-01   7.5651770e-02   3.3570231e-01   1.5069282e-03   2.0899776e-03  -5.1989386e-03
  -3.0968470e-01   8.8370169e-02   3.3842714e-01   1.8800007e-03   1.7742324e-03  -5.2367133e-03
  -3.2326576e-01   9.2368554e-02   3.0860325e-01   1.6388977e-03   8.4311220e-04  -5.6534175e-03
  -3.1824642e-01   9.6430320e-02   2.8575031e-01   1.6142190e-03   5.0849546e-04  -6.3655177e-03
  -4.1683516e-01   1.0924728e-01   4.1289362e-01   1.6304573e-03  -8.7240297e-04  -6.4230232e-03
  -4.6720523e-01   1.4388110e-01   3.6576041e-01  -7.7531929e-04  -2.3390994e-03  -8.6473040e-03
  -4.2835594e-01   1.2428774e-01   3.1036121e-01   1.3008544e-04  -1.6049775e-03  -9.0490777e-03
  -3.4408070e-01   9.3485137e-02   2.9180990e-01  -1.3529520e-03  -2.4149215e-05  -7.0771858e-03
  -3.4924536e-01   1.5396788e-01   3.0956355e-01  -8.3993949e-04   1.0239806e-03  -6.8448098e-03
  -3.3694432e-01   1.3631618e-01   3.2410230e-01  -1.5039075e-03   1.1008318e-03  -6.1429038e-03
  -3.3367597e-01   1.2084673e-01   3.0437252e-01  -9.9253675e-04   1.0221510e-03  -6.3859083e-03
  -3.3949800e-01   1.5113362e-01   3.0599108e-01  -1.0911353e-03   9.8673715e-04  -6.0769664e-03
  -3.2841144e-01   1.4269891e-01   3.1832422e-01  -5.4941336e-04   6.9865149e-04  -6.6144794e-03
  -3.3027717e-01   1.4186836e-01   3.3980489e-01   6.2596981e-05   4.9535467e-04  -6.4319719e-03
  -3.8643610e-01   1.7486483e-01   4.8011336e-01   5.2392435e-04   1.0470657e-04  -5.8154428e-03
  -3.5989507e-01   1.5953622e-01   3.4695401e-01  -1.0680442e-03   9.7164099e-04  -6.2547599e-03
  -3.6562743e-01   1.6490689e-01   4.2364732e-01   5.4658717e-04   5.6171950e-04  -5.9613811e-03
  -4.6844541e-01   2.9743804e-01   2.4491264e-01  -3.5003778e-03  -6.2106063e-04  -7.4252180e-03
  -4.6415472e-01   3.2446560e-01   2.4851622e-01  -6.9119492e-03  -1.5658345e-03  -1.0170630e-02
  -4.3496131e-01   2.1539348e-01   3.0636943e-01  -2.8003702e-03  -4.1802311e-03  -9.9101699e-03
  -4.9481518e-01   2.6294362e-01   3.7081686e-01  -4.2685785e-03  -2.6703171e-03  -1.0359597e-02
  -4.6022958e-01   1.6574896e-01   4.1073000e-01  -1.5507219e-03  -3.4098863e-03  -9.9879984e-03
  -4.6061388e-01   2.1100158e-01   3.7058847e-01  -2.4878942e-03  -2.9898181e-03  -1.0340021e-02
  -3.2090614e-01   2.0933815e-01  -2.1362822e-01   8.8074819e-03  -5.0428895e-04  -1.2074341e-02
  -3.4419676e-01   1.5807918e-01   9.0054549e-02   4.4030667e-03   2.2153415e-04  -9.6930738e-03
  -3.7081916e-01   2.0006305e-01   1.4497982e-01   3.8166297e-03   5.9193565e-04  -8.8391155e-03
  -3.5266839e-01   2.1261066e-01   1.4182571e-01   2.8049186e-03   1.7332000e-03  -7.6174881e-03
  -3.4711797e-01   1.9562499e-01   1.7053899e-01   3.2492720e-03   1.4212347e-03  -7.7706936e-03
  -3.6041248e-01   2.0108799e-01   1.7526031e-01   3.4418631e-03   1.5759861e-03  -7.8911855e-03
  -3.8126919e-01   2.4944846e-01   3.3894969e-01   4.4220975e-03   8.0360801e-04  -7.0851126e-03
  -3.5074335e-01   2.7177331e-01   9.1892371e-02  -1.6149188e-04   2.6411446e-03  -5.7918028e-03
  -3.4833737e-01   2.2428668e-01   1.8210143e-01  -8.8973432e-04   2.6319416e-03  -5.4968153e-03
  -4.2581167e-01   4.2868723e-01   1.1208405e-01  -3.6147256e-03  -2.1031129e-03  -5.0702753e-03
  -3.0623185e-01   2.8488236e-01   2.1803805e-02  -3.7623655e-03   1.3611354e-03  -4.0244133e-03
  -2.8741322e-01   2.4131725e-01   7.6491441e-02  -3.7135516e-03   8.9984954e-04  -4.6115944e-03
  -3.0371117e-01   2.5207717e-01   1.4314057e-01  -3.1045142e-03   4.9583243e-04  -4.4381314e-03
  -3.0391442e-01   2.6208116e-01   1.1436993e-01  -2.7040291e-03   2.4658641e-04  -5.2030914e-03
  -3.0574510e-01   2.5814398e-01   1.0180369e-01  -3.0562774e-03   6.2688906e-04  -5.5132827e-03
  -2.6246173e-01   3.0290235e-01  -5.2162151e-02  -3.0922727e-03   8.7046855e-04  -6.2933460e-03
  -2.5176658e-01   2.3346222e-01  -2.5822452e-02  -1.6751413e-03   1.2622448e-03  -5.4923348e-03
  -2.7233455e-01   2.5910591e-01   1.9535139e-01  -7.4349839e-05   1.3035425e-03  -4.7594777e-03
  -2.6625682e-01   3.2132034e-01   4.3339144e-02  -2.9492601e-03   3.3058040e-03  -5.4678414e-03
  -2.6760719e-01   2.4813984e-01   1.2392865e-01  -1.9846188e-03   2.8690888e-03  -5.0157138e-03
  -2.4925545e-01   2.3647177e-01   1.3601552e-01  -1.5628978e-03   2.2945052e-03  -3.8511635e-03
  -2.7871587e-01   2.5514441e-01   2.7130224e-01  -1.0037703e-03   2.0295048e-03  -3.5671205e-03
  -2.9980982e-01   3.2000764e-01   1.3296280e-01  -4.5914873e-03   3.6625310e-03  -3.9201876e-03
  -2.8782793e-01   2.9878021e-01   9.1293077e-02  -4.0572541e-03   3.6128541e-03  -4.0868924e-03
  -2.4852486e-01   2.8799645e-01   1.7023496e-02  -2.9780580e-03   2.7430306e-03  -4.6697749e-03
  -2.8931976e-01   2.4933194e-01   1.7635770e-01  -1.2365798e-03   2.1428394e-03  -4.1783268e-03
  -2.8636457e-01   3.1034309e-01   1.5929335e-01  -3.0596914e-03   2.9145417e-03  -3.9163631e-03
  -2.6814158e-01   2.5142009e-01   1.4152149e-01  -1.8308480e-03   3.2952058e-03  -3.7545719e-03
  -2.7652466e-01   2.4583854e-01   1.6004334e-01  -1.3969418e-03   3.0090801e-03  -3.6908752e-03
  -2.8748204e-01   2.2101844e-01   8.6391796e-02  -7.6598941e-04   3.3959481e-03  -3.8739825e-03
  -2.9131113e-01   2.3098143e-01   1.4885802e-01  -6.1603756e-04   3.4787947e-03  -4.0100618e-03
  -2.9411986e-01   2.4983646e-01   1.3728037e-01   2.1394824e-04   3.4817525e-03  -3.8109836e-03
  -2.8492112e-01   2.5395589e-01   1.6178364e-01   1.1722545e-04   3.6738474e-03  -4.5443261e-03
  -2.6844110e-01   2.8298095e-01   1.0351572e-01   1.2196639e-04   3.6071126e-03  -4.5111770e-03
  -2.6489147e-01   2.8668281e-01   9.9413906e-02   8.7771378e-04   3.0490372e-03  -4.6285473e-03
  -2.5556350e-01   2.7698488e-01   6.2084865e-02   2.9202346e-04   3.0378658e-03  -4.7212634e-03
  -2.6847714e-01   2.5617067e-01   8.8480675e-02  -3.0763896e-05   3.2900690e-03  -4.6759416e-03
  -2.9993010e-01   3.1044824e-01   3.4864564e-01   2.5269912e-03   2.7946101e-03  -3.7802055e-03
  -3.0085867e-01   2.9645080e-01   1.7821637e-01   2.4133910e-04   3.4822953e-03  -4.6529107e-03
  -3.0723079e-01   3.0855059e-01   3.2402730e-01   1.5233389e-03   2.9971403e-03  -3.7210368e-03
  -3.0031781e-01   3.3297760e-01   2.4355915e-01  -4.6189935e-04   3.4523016e-03  -4.3353895e-03
  -2.9194327e-01   2.7755159e-01   2.7045783e-01   1.3141896e-03   3.6372363e-03  -4.5588685e-03
  -2.7193657e-01   2.4845227e-01   2.6480954e-01   3.3135543e-03   3.4792857e-03  -3.8528125e-03
  -2.8508924e-01   2.8647801e-01   2.4339895e-01   1.4729518e-03   3.6038932e-03  -4.3034085e-03
  -2.8556555e-01   2.8657873e-01   2.6504069e-01   1.4898877e-03   3.8198196e-03  -4.4302835e-03
  -2.8682965e-01   3.3167902e-01   2.0448020e-01   1.5459969e-03   3.2404081e-03  -4.5500158e-03
  -3.0240299e-01   2.7859022e-01   2.4601328e-01   2.1918788e-03   3.7118443e-03  -4.3128742e-03
  -2.7380603e-01   2.6911632e-01   2.2461021e-01   2.3236754e-03   3.7827274e-03  -4.3119669e-03
  -2.7406339e-01   2.6930069e-01   2.6066963e-01   2.1011980e-03   3.9248687e-03  -4.2518114e-03
  -3.1510386e-01   4.0500415e-01   2.9717988e-01   1.5211149e-03   2.2643216e-03  -4.4460314e-03
  -2.9852571e-01   2.6688464e-01   2.2032980e-01   1.6847996e-03   3.5617053e-03  -4.2335161e-03
  -2.6611144e-01   2.0032781e-01   2.2825372e-01   1.3544620e-03   2.9132429e-03  -3.6320309e-03
  -2.8493412e-01   2.5695314e-01   2.7187499e-01   8.0043414e-04   3.6716108e-03  -3.7065420e-03
  -2.9234071e-01   3.3701436e-01   3.4599966e-01   2.1656436e-03   2.3483600e-03  -3.7382307e-03
  -3.0618247e-01   2.5131727e-01   1.8297561e-01   2.1376938e-03   3.8885453e-03  -4.8721158e-03
  -3.1906213e-01   2.3817165e-01   2.2685322e-01   3.0332612e-03   4.3274776e-03  -4.3050309e-03
  -2.5300013e-01   3.0787605e-01   7.6347386e-02   1.3816520e-03   3.0649530e-03  -4.9368877e-03
  -2.5460569e-01   3.2129286e-01   5.0224789e-02   8.7157839e-04   3.4341413e-03  -5.1106285e-03
  -2.6145260e-01   2.3781712e-01   1.9454817e-01  -7.6179638e-04   4.5929450e-03  -3.9759548e-03
  -2.4758283e-01   2.8320669e-01   2.4855919e-01   2.6762388e-04   4.5283667e-03  -3.7086922e-03
  -2.4722027e-01   2.4188145e-01   2.1567076e-01   7.7786638e-04   4.4003038e-03  -3.5758234e-03
  -2.4320273e-01   2.6529655e-01   2.1479092e-01   1.3014094e-03   4.3961143e-03  -3.8302310e-03
  -2.3978607e-01   2.2206615e-01   2.4268173e-01   1.7621461e-03   4.1134905e-03  -3.4875548e-03
  -2.2412251e-01   2.0774070e-01   8.9384318e-02   1.4656199e-03   3.7666924e-03  -3.7233073e-03
  -2.9823773e-01   4.4352458e-01   6.7111330e-04   1.5733967e-03   3.5674721e-03  -3.9208573e-03
  -2.9576886e-01   3.1433944e-01   1.9940176e-02   9.2776084e-04   4.9165568e-03  -5.0249441e-03
  -3.0045425e-01   2.5101914e-01   2.0840885e-01   1.7615618e-03   5.5421289e-03  -4.1652107e-03
  -2.9878491e-01   2.5396399e-01   2.2321050e-01   2.5820003e-03   5.1006150e-03  -4.1264857e-03
  -3.3484383e-01   3.1673408e-01   2.2880186e-01   1.9758489e-03   4.5776660e-03  -4.6473427e-03
  -2.1595104e-01   3.3410281e-01   2.3089374e-01  -1.1959713e-03   6.5137054e-03  -1.7212292e-04
  -1.9355142e-01   3.2874418e-01   2.4279765e-01   1.9669790e-04   6.0340702e-03  -4.9305317e-04
  -2.2137300e-01   2.8597127e-01   2.1722248e-01   1.0965566e-03   5.3824779e-03  -1.4072045e-03
  -2.1971698e-01   3.3711858e-01   1.7687453e-01  -2.9655324e-04   5.7248408e-03  -1.2515108e-03
  -2.2204631e-01   3.7678898e-01   8.0723759e-02  -9.6811131e-04   5.0996788e-03  -1.9852923e-03
  -2.4370066e-01   3.3063097e-01   2.4562645e-01   5.7654823e-04   4.9140393e-03  -1.2673224e-03
  -2.5489734e-01   3.9461589e-01   2.3127128e-01  -5.1040078e-04   4.5791081e-03  -7.2093129e-04
  -2.6404964e-01   3.2744482e-01   2.3447981e-01   1.4271330e-03   4.6534477e-03  -1.8759614e-03
  -3.1717108e-01   4.7259067e-01   5.0838420e-01   3.3674717e-04   3.0496354e-03  -3.3904563e-03
  -3.1836691e-01   3.5673706e-01   3.0631338e-01   1.1554067e-03   4.1122129e-03  -3.4922263e-03
  -2.8140704e-01   3.3284711e-01   2.0040970e-01   3.0439884e-04   5.3464014e-03  -3.1080095e-03
  -2.6493444e-01   3.0361959e-01   2.1532377e-01   8.3461850e-04   5.3208522e-03  -3.1401827e-03
  -2.5125881e-01   2.9675955e-01   1.4285698e-01   1.0920692e-03   4.9627197e-03  -2.5294160e-03
  -2.6897186e-01   2.9644765e-01   1.9985950e-01   7.7101200e-05   4.8632225e-03  -2.7104469e-03
  -2.6972989e-01   2.8788462e-01   1.7036237e-01   3.2827844e-03   4.5124424e-03  -2.7656229e-03
  -2.7227378e-01   3.0932480e-01   1.9531531e-01   1.1458073e-03   4.7396020e-03  -3.4577829e-03
  -3.0640984e-01   4.3372438e-01   3.7327050e-01   1.8943170e-03   3.2823322e-03  -2.9739022e-03
  -2.8737070e-01   3.7464354e-01   1.2397595e-01   7.0644565e-04   5.6354819e-03  -2.9527484e-03
  -3.1874768e-01   3.5743024e-01   3.4581857e-01   2.4136805e-03   4.3135555e-03  -2.4734139e-03
  -2.6278973e-01   3.9451816e-01  -5.4308524e-02  -2.4561190e-03   5.1238104e-03  -3.7177254e-03
  -2.9927128e-01   3.7034906e-01   3.5039135e-02  -5.4930874e-03   6.4581461e-03  -3.8937318e-03
  -3.7292342e-01   3.8170063e-01   2.2437708e-01  -1.3986551e-03   4.5065171e-03  -2.8115987e-03
  -3.3530278e-01   2.9955897e-01   1.4031300e-01   5.0442647e-04   6.0255770e-03  -3.2011250e-03
  -3.1138510e-01   2.9281110e-01   1.6675123e-01   9.1005087e-04   6.1380516e-03  -3.0752548e-03
  -2.9283668e-01   2.5376869e-01   2.7695197e-02   2.5007879e-03   5.4182072e-03  -3.2626705e-03
  -3.1685653e-01   2.9275660e-01   1.2012594e-01   3.1935658e-03   5.5614702e-03  -2.8000657e-03
  -4.0133066e-01   4.2928182e-01   3.2258049e-01   6.0645082e-03   5.4928207e-03  -2.4471705e-03
  -3.3753437e-01   2.8243170e-01   2.0972328e-01   4.8489951e-03   6.4465395e-03  -3.4324235e-03
  -3.1715963e-01   2.2695835e-01   2.2193673e-01   7.2635898e-03   5.8465229e-03  -3.2354573e-03
  -3.5180821e-01   2.9141179e-01   2.2293616e-01   5.3204416e-03   5.5005419e-03  -4.3977221e-03
  -3.9873623e-01   4.1202409e-01   2.5251534e-01   4.5309871e-03   4.6484535e-03  -4.1985864e-03
  -3.6665022e-01   3.0548636e-01   1.7828715e-01   4.7097913e-03   6.0158994e-03  -4.6383777e-03
  -3.2668506e-01   2.9710089e-01   1.6165167e-01   5.2300306e-03   5.4089253e-03  -4.3157826e-03
  -3.5014261e-01   2.8561659e-01   1.9363035e-01   4.8446026e-03   5.8161269e-03  -4.8689172e-03
  -3.6494223e-01   2.6316139e-01   2.7868863e-01   5.2828994e-03   5.5192289e-03  -4.6536806e-03
  -4.1909944e-01   4.1548609e-01   4.4572299e-01   4.5314120e-03   4.7761337e-03  -3.6166238e-03
  -3.9833494e-01   2.7239922e-01   3.4262592e-01   6.3444056e-03   5.0175826e-03  -4.6586048e-03
  -3.6164373e-01   2.8646145e-01   2.8158750e-01   5.9692366e-03   4.4938208e-03  -4.9740913e-03
  -3.8925422e-01   3.9043174e-01   2.8591482e-01   4.9746851e-03   3.5934176e-03  -4.6040909e-03
  -4.3509641e-01   5.7401736e-01   3.5077712e-01   1.1487530e-03   4.0416310e-03  -3.7676334e-03
  -3.3705573e-01   2.9803707e-01   1.8552587e-01   3.2730049e-03   4.5074880e-03  -4.8975555e-03
  -3.3383230e-01   3.4994290e-01   9.3285048e-02  -3.3516563e-04   5.3633981e-03  -5.0947499e-03
  -3.3937241e-01   3.5395075e-01   1.9712352e-01  -8.3221201e-04   6.1827647e-03  -4.8045939e-03
  -3.2805462e-01   3.1660447e-01   2.7247861e-01   2.7007115e-04   6.1441986e-03  -4.0952450e-03
  -3.3705763e-01   3.0733817e-01   2.3230219e-01   1.2108085e-03   6.2138851e-03  -4.1708741e-03
  -3.3416988e-01   3.3636818e-01   2.3514951e-01   2.0184671e-03   6.3003942e-03  -4.2180112e-03
  -3.4750795e-01   4.1305480e-01   2.2256739e-01  -9.7448290e-04   6.6303774e-03  -4.5169558e-03
  -3.4962487e-01   3.4854683e-01   3.4183671e-01   1.1569530e-03   5.6661618e-03  -4.1577687e-03
  -4.5164426e-01   6.2805130e-01   2.9628053e-01  -7.1559054e-04   7.5300018e-03  -3.3244241e-03
  -4.4314828e-01   4.2632430e-01   2.3618699e-01   2.2011433e-03   8.3756163e-03  -4.1062610e-03
  -3.6194997e-01   3.3186965e-01   3.1244649e-01   3.4761428e-03   7.9245191e-03  -3.6052840e-03
  -3.6479177e-01   3.4248602e-01   4.1598990e-01   4.0272252e-03   7.6060990e-03  -3.8251521e-03
  -3.5222783e-01   3.5535204e-01   3.9108334e-01   2.9806728e-03   7.6798402e-03  -3.4797397e-03
  -3.3781251e-01   3.6512506e-01   3.5902109e-01   2.8555521e-03   8.0380519e-03  -3.6229728e-03
  -3.3310050e-01   4.0286104e-01   3.0868054e-01   2.2818533e-03   7.9709466e-03  -3.5894425e-03
  -3.3172937e-01   4.3793888e-01   2.8742767e-01   2.6295289e-03   8.0312499e-03  -3.4312309e-03
  -3.2191542e-01   4.1983925e-01   3.0157763e-01   3.0736304e-03   7.9795842e-03  -3.4699612e-03
  -3.1334550e-01   4.0293749e-01   3.0821886e-01   3.3430178e-03   8.0752104e-03  -3.2234054e-03
  -3.1698449e-01   4.1149775e-01   2.9630019e-01   2.6296383e-03   8.1712075e-03  -3.2035482e-03
  -3.1384770e-01   4.1009659e-01   3.0232439e-01   2.6806788e-03   8.1003396e-03  -3.2679571e-03
  -3.1561530e-01   4.1501483e-01   3.1293845e-01   2.3922046e-03   8.1077995e-03  -3.4285356e-03
  -3.1159937e-01   4.1878584e-01   2.6236832e-01   3.9898393e-03   7.8487876e-03  -2.9297937e-03
