   0.0000000e+00   0.0000000e+00   7.1054274e-15  -1.1102230e-16   0.0000000e+00   0.0000000e+00
  -5.3678123e-02  -1.0374264e-02   2.9869666e-01  -1.7854125e-04  -1.7426034e-04  -3.9239445e-04
  -6.8049440e-02  -2.4600679e-02   4.1825874e-01   1.9324006e-04  -2.7049224e-04  -3.0763188e-04
  -7.8543889e-02   1.8320223e-03   4.7325624e-01   5.6677792e-04  -1.3343887e-04  -7.0836693e-04
  -7.2756709e-02  -1.2830835e-02   5.2465024e-01   2.6985050e-03  -2.6293779e-04   9.9670715e-06
  -6.2496806e-02   3.4563456e-02   4.8620259e-01   1.8932371e-03  -5.8250051e-04  -5.1025070e-04
  -8.0702362e-02   5.7945066e-02   3.3600720e-01  -1.5267271e-03  -1.1316947e-03  -1.7309518e-03
  -9.1794172e-02   4.5397382e-02   2.6185532e-01  -2.9976067e-03  -8.7408189e-04  -2.1652319e-03
  -8.4418508e-02   5.2500795e-02   3.2409735e-01  -3.7443411e-03  -7.6352747e-04  -2.2831926e-03
  -7.1679570e-02   7.6302117e-02   3.2457922e-01  -3.4595804e-03  -7.1112050e-04  -1.9935267e-03
  -6.9838632e-02   8.9653957e-02   3.1877215e-01  -3.3660623e-03  -6.0638916e-04  -1.9980149e-03
  -6.4573620e-02   1.1389088e-01   3.2123151e-01  -3.6882628e-03  -7.6889806e-04  -1.9453208e-03
  -6.8258215e-02   1.0227202e-01   2.7203608e-01  -1.9177571e-03  -3.9300745e-04  -1.6562397e-03
  -6.7340191e-02   1.0136251e-01   3.3008303e-01  -3.2896643e-03  -6.9601866e-04  -1.7112316e-03
  -6.9738704e-02   1.1066627e-01   3.1733873e-01  -3.2688764e-03  -4.3333804e-04  -1.6877427e-03
  -6.3811960e-02   1.0617704e-01   3.2495645e-01  -3.7176382e-03  -4.3404197e-04  -1.8036364e-03
  -7.5485324e-02   1.2670240e-01   3.1825396e-01  -3.7493389e-03  -4.0224746e-04  -1.7206247e-03
  -8.0146697e-02   1.2580257e-01   3.2613234e-01  -3.5519706e-03  -1.5587652e-04  -1.6591302e-03
  -8.2698197e-02   1.3994580e-01   3.1959016e-01  -3.9153876e-03  -1.8785519e-04  -1.7097317e-03
  -8.4969418e-02   1.3926946e-01   3.2583292e-01  -2.9114389e-03  -1.2656872e-04  -1.4843770e-03
  -9.1723088e-02   1.2134893e-01   3.4064472e-01  -3.2929111e-03  -4.4688083e-06  -1.6208516e-03
  -9.0432441e-02   1.3077386e-01   3.3238232e-01  -3.5832335e-03   1.9716629e-04  -1.5297646e-03
  -9.0258036e-02   1.4758433e-01   3.1617800e-01  -3.4815980e-03   1.5552484e-05  -1.4664959e-03
  -8.8874779e-02   1.4818188e-01   3.3679005e-01  -3.3054919e-03   2.3366232e-04  -1.5848597e-03
  -1.0418886e-01   1.7365269e-01   3.1740319e-01  -3.8102253e-03   3.1491675e-04  -1.5524568e-03
  -1.2201847e-01   1.6068462e-01   3.3069171e-01  -3.5150640e-03   7.3586406e-04  -1.4080627e-03
  -7.5833055e-02   1.7947834e-01   1.1710797e-01  -3.7748766e-03   8.2400403e-04  -7.8520902e-04
  -8.5684519e-02   1.9508737e-01   1.0718503e-01  -5.1576757e-03   1.3142333e-03  -1.2621182e-03
  -7.7800912e-02   1.6492130e-01   1.3573082e-01  -4.7848752e-03   1.2490125e-03  -1.4121150e-03
  -7.4297976e-02   1.6313292e-01   1.4774993e-01  -3.9872943e-03   1.3381195e-03  -8.5988071e-04
  -8.4852715e-02   1.6321517e-01   1.1519541e-01  -4.0985819e-03   1.2064991e-03  -7.0234829e-04
  -8.0041559e-02   1.6709454e-01   1.5109982e-01  -4.6686605e-03   1.0560490e-03  -8.5608464e-04
  -7.8715312e-02   1.5871747e-01   1.3233783e-01  -3.7644991e-03   1.3108044e-03  -7.5824004e-04
  -6.0911754e-02   1.5807985e-01   1.2126148e-01  -2.5285663e-03   1.3843753e-03  -1.1947964e-03
  -6.0928427e-02   1.8192406e-01   1.4780012e-01  -3.3354434e-03   1.0993550e-03  -7.1135910e-04
  -6.1219749e-02   1.6230753e-01   1.7917835e-01  -3.3055676e-03   1.0208967e-03  -8.6946368e-04
  -5.0285525e-02   2.5761708e-01   9.7959233e-02  -6.0176887e-03   8.3375919e-04  -5.1366878e-04
  -6.3423183e-02   1.9492448e-01   5.1614141e-02  -4.3344511e-03   7.7575740e-04  -5.2032011e-04
  -5.8591833e-02   1.9663128e-01   1.4151152e-02  -3.0094655e-03   9.5400834e-04  -6.9497244e-04
  -5.7616514e-02   1.8112673e-01   5.5275266e-02  -4.1685825e-03   7.1369573e-04  -3.7204839e-04
  -6.0139529e-02   1.9660577e-01   5.1582928e-02  -4.8206448e-03   8.2665182e-04  -5.5240824e-04
  -5.4134533e-02   1.8323088e-01   4.9512167e-02  -4.0803885e-03   7.6108185e-04  -6.0753905e-04
  -5.1790918e-02   2.1783378e-01  -6.7006191e-02  -2.5688780e-03   1.0572489e-03  -6.8803822e-04
  -4.8251774e-02   1.8652702e-01  -1.1623778e-02  -4.4084426e-03   7.6270488e-04  -7.6149901e-04
  -6.5421316e-02   2.4357401e-01  -1.2560178e-02  -5.6783045e-03  -8.7425085e-04  -1.1916000e-03
  -7.1187053e-02   2.0973532e-01  -2.7428216e-02  -5.5923614e-03  -3.0252035e-03  -2.3900003e-03
  -7.0790870e-02   1.9312740e-01   2.0168533e-03  -5.6441681e-03  -2.6283489e-03  -2.6702497e-03
  -7.3641973e-02   2.1929978e-01  -1.6390630e-02  -5.9560334e-03  -2.5657231e-03  -2.5444003e-03
  -7.0349191e-02   2.2310300e-01  -3.0544913e-02  -5.3815698e-03  -2.6519144e-03  -2.6007904e-03
  -7.3129410e-02   2.1629658e-01  -1.6567048e-02  -5.1956088e-03  -2.2781755e-03  -2.2891240e-03
  -7.0961018e-02   2.0427874e-01  -1.0484141e-02  -4.9702482e-03  -2.3433250e-03  -2.3054752e-03
  -7.0326273e-02   2.2906396e-01  -1.2385263e-02  -5.4750966e-03  -1.8631417e-03  -2.0320315e-03
  -6.7597163e-02   2.1477660e-01  -1.9765048e-02  -4.5696039e-03  -1.8752493e-03  -1.5830300e-03
  -5.3221815e-02   2.1260412e-01  -4.8700455e-02  -5.6875121e-03  -1.5344126e-03  -1.6552810e-03
  -6.0239625e-02   2.3910444e-01  -2.3913662e-02  -5.0070602e-03  -1.3417610e-03  -1.4610167e-03
  -6.4434871e-02   2.1767683e-01  -4.0934879e-02  -4.6096710e-03  -1.5142523e-03  -1.6840931e-03
  -4.9462424e-02   2.2769594e-01  -2.6537379e-02  -2.2600149e-03  -1.4198401e-03  -1.4523817e-03
  -6.0309312e-02   2.7103393e-01  -4.5671039e-02  -4.6502650e-03  -1.5420387e-03  -1.9810620e-03
  -5.1984186e-02   2.1795758e-01  -3.7268468e-04  -3.9606667e-03  -1.4700441e-03  -1.6525201e-03
  -4.9634339e-02   2.4017985e-01   1.1639404e-02  -3.7129651e-03  -1.8252759e-03  -1.6220179e-03
  -5.8066370e-02   2.2986577e-01  -5.8052646e-02  -2.6706113e-03  -1.5303479e-03  -1.1777666e-03
  -8.2530496e-02   2.4385149e-01   4.1865040e-03  -4.6566915e-03  -1.4940259e-03  -2.0229054e-03
  -8.2580820e-02   2.9159067e-01   2.7086304e-02  -5.7049152e-03  -1.4047655e-03  -1.8110077e-03
  -8.6321969e-02   2.4036995e-01   9.2808819e-03  -3.7820787e-03  -1.3288006e-03  -1.6149328e-03
  -6.5826984e-02   3.3639970e-01   6.4320615e-02  -4.3816315e-03  -2.1686167e-03  -1.1973388e-03
  -9.3804711e-02   2.3904979e-01   2.7438006e-02  -2.5002269e-03  -1.6547246e-03  -1.5798595e-03
  -9.0612746e-02   2.5624771e-01  -1.8525000e-02  -1.4127014e-03  -1.3684727e-03  -1.5110813e-03
  -9.4084161e-02   2.5085637e-01   6.4063276e-03  -3.2087335e-03  -1.7799969e-03  -1.4850213e-03
  -6.2558992e-02   2.8942986e-01   5.5510272e-02  -3.8242077e-03  -2.0898227e-03  -1.3029921e-03
  -8.3614058e-02   2.5028012e-01  -3.1356809e-02  -3.7405400e-03  -1.9418317e-03  -1.7721049e-03
  -8.1380233e-02   2.5263957e-01   2.1640726e-02  -2.2950141e-03  -2.1249804e-03  -1.3112746e-03
  -9.1033844e-02   2.2049863e-01   8.9107791e-03  -1.5556201e-03  -1.8243476e-03  -1.3806829e-03
  -8.5520680e-02   2.3776001e-01   1.3588611e-02  -1.6404845e-03  -1.7994101e-03  -1.4348796e-03
  -7.0430870e-02   2.2954417e-01   4.7647351e-02  -1.7479258e-03  -1.8437508e-03  -1.1770410e-03
  -7.3926157e-02   2.1000741e-01   4.8726169e-02  -1.1214775e-03  -1.8520609e-03  -1.2228451e-03
  -7.8409367e-02   2.8005186e-01   9.2132232e-02   2.6554055e-04  -1.9753123e-03  -9.4660610e-04
  -7.0574741e-02   2.1742835e-01   8.6338027e-02   2.4319288e-04  -1.9776077e-03  -9.0638436e-04
  -3.8622489e-02   3.6212057e-01   1.8179238e-02  -1.0783156e-03  -1.2364684e-03  -1.7267759e-03
  -7.1803801e-02   3.9967734e-01  -1.5836461e-01   2.4254871e-03  -1.3394597e-03  -1.7359750e-03
  -6.3399528e-02   2.2122657e-01  -2.5389017e-01   7.2289059e-03  -1.0628386e-03  -2.2064917e-03
  -6.1528632e-02   2.4103801e-01  -1.6649978e-01   5.4414433e-03  -1.7339547e-03  -1.5480858e-03
  -8.4997018e-02   2.0250367e-01  -1.0285756e-01   5.3660775e-03  -1.7221920e-03  -1.7480753e-03
  -7.6055383e-02   2.2870982e-01  -8.1820725e-02   4.2919362e-03  -1.6389043e-03  -1.6172857e-03
  -1.0416925e-01   3.2648334e-01  -3.4405616e-02   3.8901264e-03  -1.8242616e-03  -8.0305938e-04
  -1.0024331e-01   2.6667435e-01  -7.2956062e-02   4.2348508e-03  -1.3506871e-03  -1.4217154e-03
  -9.1241583e-02   2.8798040e-01  -5.4516526e-02   1.4353633e-04  -1.8058438e-03  -1.2381145e-03
  -1.0354264e-01   2.9752252e-01   2.0208595e-02   8.4354937e-04  -1.6856247e-03  -9.5641335e-04
  -1.0909178e-01   2.9814952e-01   4.8287677e-02   3.8262162e-04  -2.0610640e-03  -7.4287935e-04
  -1.1207985e-01   3.1437123e-01  -7.7129343e-03   2.1468111e-03  -1.8799768e-03  -1.0698432e-03
  -7.8234916e-02   3.0603183e-01   6.3964177e-03   1.1527123e-03  -2.0568752e-03  -1.6220168e-03
  -7.0452096e-02   2.6254925e-01  -7.8511500e-02   3.6871421e-03  -2.4237740e-03  -1.5388468e-03
  -8.2213184e-02   3.2931075e-01  -1.5378535e-02   3.0732758e-04  -2.6003038e-03  -1.6895611e-03
  -8.4209802e-02   3.4899694e-01   1.7755749e-02   4.9940983e-04  -2.5435327e-03  -1.9730889e-03
  -8.7249562e-02   3.2355018e-01  -1.8511868e-02   8.5363841e-04  -2.2935079e-03  -2.3943782e-03
  -8.2027955e-02   3.2388101e-01  -3.0463202e-02   4.9686657e-04  -2.4882694e-03  -2.2325819e-03
  -8.6124915e-02   3.4741158e-01   5.5938993e-03   8.3356634e-04  -2.1851791e-03  -2.5693019e-03
  -7.6369216e-02   3.3278859e-01  -8.0843364e-02   2.7554683e-05  -2.2635189e-03  -2.0005838e-03
  -9.1984516e-02   3.8858582e-01  -2.6075492e-02  -1.3824356e-03  -1.7378692e-03  -1.8147054e-03
  -8.4865029e-02   3.7200109e-01  -1.8017063e-02  -1.0892528e-03  -1.7183119e-03  -1.3854686e-03
  -7.5000560e-02   4.0767956e-01   2.2324478e-02  -1.1366994e-03  -2.2174765e-03  -1.4720425e-03
  -8.5371118e-02   3.6040364e-01  -3.3561647e-02  -1.0722730e-04  -2.0893481e-03  -1.4266236e-03
  -9.0228486e-02   3.7069411e-01  -6.1590826e-03  -8.1081608e-04  -1.8949427e-03  -1.2531184e-03
  -8.7996425e-02   3.6514535e-01  -7.1063187e-03  -6.9782963e-04  -2.0390965e-03  -1.2261151e-03
  -8.8013151e-02   3.5248279e-01   3.2591725e-02  -1.2198582e-03  -1.9117852e-03  -1.1310701e-03
  -7.9363951e-02   3.6744240e-01   2.9360679e-02  -3.4309421e-04  -1.9632489e-03  -7.4148294e-04
  -6.0066717e-02   3.7330976e-01   2.2190340e-02  -1.1070706e-03  -2.0621949e-03  -9.9436089e-04
  -8.7507364e-02   3.6653854e-01   7.4030936e-03  -6.3036444e-04  -2.3143042e-03  -9.9469947e-04
  -8.0848569e-02   4.4031605e-01  -3.9934599e-02  -1.6035959e-03  -2.4242366e-03  -1.0116362e-03
  -1.2681785e-01   4.1415906e-01   4.6752660e-02   3.8877191e-04  -2.4734486e-03  -8.9424533e-04
  -1.1557347e-01   3.6542473e-01   9.2322953e-02   1.2936480e-04  -2.3728106e-03  -6.2583401e-04
  -1.2231891e-01   4.2508254e-01  -1.8041163e-02   2.5155701e-04  -2.0756111e-03  -6.2455868e-04
  -1.2014358e-01   3.8514482e-01   7.5119651e-03  -5.1241026e-04  -1.8439240e-03  -1.7612160e-03
  -5.8614157e-02   3.7084618e-01   3.7225249e-02  -1.5344177e-04  -1.7668240e-03  -1.3612801e-03
  -1.2505396e-01   3.7517607e-01   1.1188390e-01   3.4391142e-06  -2.5223765e-03  -1.9583324e-03
  -1.2337185e-01   4.7901397e-01   4.3734592e-02  -8.8757616e-04  -2.6360129e-03  -1.8372259e-03
  -1.1384643e-01   4.0472061e-01  -3.9223951e-02   2.2434943e-04  -2.0224788e-03  -1.6468515e-03
  -1.4311555e-01   4.2987128e-01   4.0259003e-02   6.0098177e-04  -2.1108046e-03  -1.4810330e-03
  -1.4538213e-01   4.1147046e-01  -5.0549390e-02  -2.9795650e-05  -1.7819951e-03  -1.6459394e-03
  -1.3884774e-01   4.0095640e-01  -1.6515323e-02   2.8682183e-04  -1.5766228e-03  -1.9415424e-03
  -1.1691157e-01   4.3732119e-01  -7.5902982e-03  -4.1451262e-04  -1.7481653e-03  -1.5226127e-03
  -1.2421055e-01   4.2404071e-01   4.6662662e-02   2.2778904e-04  -1.7921896e-03  -1.5344568e-03
  -1.1832945e-01   3.9947977e-01   1.6893891e-02  -2.7529804e-04  -1.7001675e-03  -1.2519258e-03
  -1.0756386e-01   4.2260483e-01   6.4195916e-02   1.0490027e-03  -1.8614828e-03  -1.0166017e-03
  -1.1719082e-01   4.2005594e-01   5.6886697e-03  -6.2851497e-04  -2.0758930e-03  -9.4876804e-04
  -1.4078050e-01   4.3655338e-01   4.6840746e-02  -4.6133886e-04  -1.8665626e-03  -1.3802450e-03
  -1.7779135e-01   5.2624967e-01   1.5401632e-01  -2.7442447e-04  -1.9249753e-03  -1.2941147e-03
  -1.5262974e-01   5.3511591e-01  -1.5848353e-01  -5.2111698e-03  -1.6068034e-03  -2.0056364e-03
  -1.8433678e-01   5.6754677e-01  -1.1293258e-01  -8.3808412e-03  -1.4814293e-03  -2.9555221e-03
  -1.4903019e-01   4.3156291e-01  -1.0151994e-01  -5.9457143e-03  -6.6976593e-04  -3.0256459e-03
  -1.6043515e-01   4.3955072e-01  -6.4747071e-02  -5.6259191e-03  -8.6163826e-04  -2.9674934e-03
  -1.5991479e-01   4.8708661e-01  -7.4336515e-02  -5.7697266e-03  -5.9107706e-04  -3.2252631e-03
  -1.6274973e-01   4.8682930e-01  -1.1947356e-01  -5.8452259e-03  -6.1950623e-04  -3.0791315e-03
  -1.4441413e-01   6.1319587e-01  -3.5538696e-01  -5.7566472e-03  -1.6692933e-03  -2.2899724e-03
  -1.4334486e-01   6.0867433e-01  -3.1214679e-01  -5.1879112e-03  -1.5323192e-03  -2.4176444e-03
  -1.6195641e-01   5.4117626e-01  -3.2110263e-01  -5.3382160e-03  -1.2544569e-03  -2.4269977e-03
  -1.5683424e-01   5.6477202e-01  -2.0091360e-01  -4.9010574e-03  -1.5360898e-03  -2.5799345e-03
  -1.3637341e-01   4.8600148e-01  -3.3099301e-01  -3.3076656e-03  -1.6854077e-03  -2.3910558e-03
  -1.6910056e-01   5.2638757e-01  -2.1310931e-01  -3.1173632e-03  -1.7412654e-03  -3.0020609e-03
  -1.8102294e-01   4.8119605e-01  -1.7948464e-01  -2.8764553e-03  -1.5422870e-03  -2.3121539e-03
  -1.7934933e-01   4.7725631e-01  -2.4101598e-01  -2.5292023e-03  -1.5882068e-03  -2.2946212e-03
  -1.8807781e-01   5.4360123e-01  -2.6019245e-01  -3.1658547e-03  -1.5370036e-03  -2.8966235e-03
  -1.9213975e-01   5.3355720e-01  -2.4859432e-01  -3.1065515e-03  -1.5298790e-03  -2.6617609e-03
  -1.8060760e-01   5.2533756e-01  -2.1407275e-01  -3.1660170e-03  -1.3979733e-03  -2.8074135e-03
  -1.7556851e-01   6.0350662e-01  -1.5714324e-01  -4.4192652e-03  -1.6877113e-03  -2.3615196e-03
  -1.8911052e-01   5.5243991e-01  -2.2572417e-01  -3.2514635e-03  -1.4368347e-03  -2.6124545e-03
  -1.8053647e-01   5.1847193e-01  -2.2412541e-01  -2.6168545e-03  -1.3280544e-03  -1.9141650e-03
  -1.7821180e-01   5.5937345e-01  -2.5528508e-01  -3.3188203e-03  -1.2658401e-03  -2.4299676e-03
  -1.8744869e-01   6.2141359e-01  -2.1820884e-01  -3.4243592e-03  -1.3473777e-03  -2.0720647e-03
  -1.7530848e-01   6.1061554e-01  -1.7163545e-01  -2.2852583e-03  -1.0740662e-03  -1.9776477e-03
  -1.7529408e-01   5.4308946e-01  -2.7021291e-01  -3.5068565e-03  -6.8660998e-04  -1.7259551e-03
  -1.7230918e-01   5.4322776e-01  -2.3294271e-01  -2.7341240e-03  -8.2985671e-04  -1.6720961e-03
  -1.5123672e-01   5.3388398e-01  -1.8561989e-01  -2.7187951e-03  -1.0093644e-03  -1.0953980e-03
  -1.4378395e-01   4.9720552e-01  -1.7351315e-01  -1.9558606e-04  -1.0550491e-03  -8.0598522e-04
  -1.7022414e-01   5.0236255e-01  -2.1153039e-01  -9.3165074e-04  -1.1237585e-03  -9.8183381e-04
  -1.6547246e-01   5.3795431e-01  -1.8108867e-01  -1.4756904e-03  -1.5319860e-03  -1.2434881e-03
  -1.7628021e-01   5.1057472e-01  -1.9034225e-01  -1.5511574e-04  -1.8003184e-03  -1.7229369e-03
  -1.7140531e-01   5.9135756e-01  -1.6004858e-01  -3.0042315e-03  -2.4384763e-03  -2.5546069e-03
  -1.7342763e-01   6.2280139e-01  -1.9249672e-01  -2.7185234e-03  -2.1080523e-03  -2.3370950e-03
  -1.6746183e-01   5.4987168e-01  -2.1545082e-01  -2.3465183e-03  -1.0294323e-03  -2.2501745e-03
  -1.4189753e-01   5.8366737e-01  -2.0523032e-01  -1.9216603e-03  -1.6219277e-03  -9.9092427e-04
  -1.4476774e-01   6.0617678e-01  -2.0807434e-01  -3.1620812e-03  -9.6922997e-04  -1.5091545e-03
  -1.4772351e-01   4.8959602e-01  -2.3265259e-01  -9.8971288e-04  -1.0941966e-03  -2.0952095e-03
  -1.6552019e-01   5.2187690e-01  -2.7866493e-01  -1.6779596e-03  -1.1718014e-03  -2.1389428e-03
  -1.7463404e-01   4.7723756e-01  -1.6259317e-01  -5.2742618e-04  -1.0937618e-03  -2.8965070e-03
  -1.6843708e-01   5.0966435e-01  -1.6364555e-01   2.5164691e-04  -1.6361506e-03  -2.3531376e-03
  -1.8060322e-01   5.7159375e-01  -2.0535396e-01  -6.8073435e-04  -1.6256114e-03  -3.0120060e-03
  -2.1008485e-01   6.0604295e-01  -1.8623847e-01  -1.0476953e-03  -1.7438683e-03  -2.4479172e-03
  -2.1208564e-01   5.4412962e-01  -2.1482348e-01  -7.4048573e-04  -1.7695822e-03  -2.8557314e-03
  -1.9869554e-01   5.7667603e-01  -2.0584224e-01   1.2960824e-03  -2.5432576e-03  -2.4771498e-03
  -2.0080788e-01   5.4924429e-01  -1.4925304e-01  -5.4948882e-05  -3.1161410e-03  -2.4879899e-03
  -1.9786998e-01   5.9996732e-01  -1.3958507e-01  -1.1590137e-03  -3.3531572e-03  -1.8219987e-03
  -1.9167236e-01   4.8701638e-01  -1.8030038e-01   3.0512020e-03  -3.0047132e-03  -2.3202976e-03
  -1.9286612e-01   4.6781325e-01  -8.9759657e-02   1.0190931e-03  -3.0660362e-03  -2.4956253e-03
  -2.0968131e-01   5.0990149e-01  -7.8233869e-02   7.8192614e-04  -3.9355665e-03  -3.0972415e-03
  -2.0327448e-01   5.3786964e-01  -1.4828192e-01   3.5011214e-04  -3.4348317e-03  -3.8185532e-03
  -2.0636314e-01   5.3409730e-01  -1.4297926e-01  -1.6705513e-04  -2.9995434e-03  -3.5185498e-03
  -2.0856012e-01   6.1763800e-01  -2.7747547e-01  -1.8666486e-03  -1.2227259e-03  -1.6569913e-03
  -1.9481257e-01   5.3084934e-01  -2.3987941e-01  -8.3992751e-04  -1.1979415e-03  -3.1754261e-03
  -1.9702120e-01   4.5936125e-01  -3.0035924e-01   2.1211515e-03  -2.4410436e-03  -2.8540881e-03
  -2.3274762e-01   4.9035016e-01  -1.3110432e-01   1.7401739e-03  -3.1560235e-03  -2.5724809e-03
  -2.0336575e-01   4.8982951e-01  -1.4128151e-01   2.5334120e-03  -2.9139445e-03  -3.1553686e-03
  -2.0336560e-01   5.4328515e-01  -1.4074301e-01   2.1105287e-04  -3.0083835e-03  -3.4014200e-03
  -2.1831862e-01   6.7207853e-01  -1.3884578e-01  -6.6172931e-04  -3.2790340e-03  -3.3950834e-03
  -2.4499735e-01   5.9351617e-01  -2.4302459e-01  -5.4215062e-03  -3.9498570e-03  -4.9630100e-03
  -2.5592972e-01   5.6830605e-01  -2.6957132e-01  -3.4814924e-03  -3.7492486e-03  -5.2831201e-03
  -2.6198291e-01   6.1229181e-01  -2.7407278e-01  -3.7282034e-03  -3.0256838e-03  -5.0221198e-03
  -2.4970625e-01   5.9689741e-01  -2.6054458e-01  -3.2783113e-03  -3.2048879e-03  -4.9374122e-03
