   1.1208101e-14   0.0000000e+00   0.0000000e+00   1.2744735e-57  -1.0884013e-58  -1.3877788e-17
   2.1963117e-03   4.8619666e-02  -5.2584636e-02  -2.6835687e-05   1.6728123e-04   2.5212595e-04
   2.2510402e-02   2.1150892e-02  -5.3914769e-02  -4.4093306e-05  -2.5572273e-04   4.5656074e-04
  -9.3610146e-03   3.0975897e-02  -9.2670482e-02   9.5861317e-04  -8.2218040e-05  -1.3231563e-05
   7.3551345e-03   9.9199104e-02  -8.1054470e-02   1.3725472e-03  -7.6889994e-06   2.0458850e-04
   3.8508080e-03   5.9972372e-02  -1.9765767e-01   1.5360826e-03   1.8457676e-04   1.4597340e-04
  -3.9893927e-02   5.2495969e-02  -1.7827712e-01   8.5558779e-04   2.7567823e-04  -4.7577759e-05
  -3.7844098e-02   7.5745735e-02  -1.9528457e-01   1.7445389e-03   4.4944321e-04  -1.0500551e-04
  -6.2240567e-02   1.0760383e-01  -2.5574119e-01   5.6011512e-04   5.0486357e-04   8.1154770e-05
  -2.0041178e-02   9.8368596e-02  -2.0360769e-01   9.9016761e-04   2.5423983e-04  -1.6824015e-04
  -6.3306440e-02   8.5482254e-02  -2.4686152e-01   1.2577257e-03   5.5486288e-04  -6.4652154e-04
  -3.6422163e-03   8.1696900e-02  -3.1473558e-01   1.8640338e-03   9.0318995e-05  -1.5699494e-04
  -2.2139876e-02   1.4344218e-01  -3.6070813e-01   7.7200505e-04   1.3522537e-03  -9.7361700e-05
  -3.8207743e-02   9.8495676e-02  -2.2424756e-01   5.6386992e-04   9.3055214e-04   2.0240103e-04
  -4.8769657e-02   1.1470048e-01  -2.4926508e-01   1.0862251e-03   1.0658946e-03  -1.4951673e-04
  -5.1905153e-03   1.3479486e-01  -2.9306077e-01   3.9710418e-04   2.3031701e-04  -2.0232079e-04
  -1.8222736e-02   1.1321289e-01  -2.6278660e-01   1.5059056e-03   5.8870933e-04   1.0528793e-05
  -6.2070818e-02   1.3347401e-01  -2.9980834e-01   1.1355275e-03   1.1411515e-03  -2.6417356e-04
  -3.9953400e-02   1.2487393e-01  -3.0226830e-01   1.7355456e-03   6.4170110e-04  -2.4411941e-04
  -7.0413698e-02   1.3382338e-01  -2.8029117e-01   1.7182035e-03   1.0128008e-03  -4.0689116e-04
  -7.0572436e-02   1.7021653e-01  -2.8141118e-01   9.0138611e-04   1.1020308e-03  -1.2336173e-04
  -6.7919933e-02   1.3611011e-01  -3.0674385e-01   1.3486891e-03   1.0767059e-03  -3.4621876e-04
  -8.7057658e-02   1.5805477e-01  -3.1918270e-01   1.4377179e-03   1.2350357e-03  -3.2870385e-04
  -9.4726665e-02   1.7686499e-01  -3.0000794e-01   1.3061150e-03   1.2630631e-03  -6.1587891e-04
  -7.7731421e-02   1.5235725e-01  -2.8945021e-01   1.0075678e-03   1.2786017e-03   1.0614410e-04
  -1.0293941e-01   1.4172541e-01  -2.8376092e-01   1.4012818e-03   1.8737675e-03  -3.4104461e-04
  -7.8581388e-02   1.9699388e-01  -2.4633428e-01   5.8677670e-04   1.2149038e-03  -3.6039734e-04
  -8.0581092e-02   1.6569430e-01  -3.1125739e-01   1.6236021e-03   1.2105238e-03  -5.8404933e-04
  -4.7468550e-02   1.7191310e-01  -2.5454351e-01   1.1376377e-03   9.5614156e-04  -2.4335531e-04
  -7.3302440e-02   1.6960735e-01  -2.8623278e-01   8.0351154e-04   1.3441946e-03  -3.5966399e-04
  -6.8982178e-02   1.7453521e-01  -2.6671199e-01   9.0581440e-04   1.2613034e-03  -3.7884511e-04
  -8.6429570e-02   1.8372612e-01  -2.8179032e-01  -4.8007812e-06   1.0661295e-03  -3.5821878e-04
  -8.1648656e-02   1.8315206e-01  -3.1371101e-01   7.8642408e-04   1.5027491e-03  -8.9753637e-04
  -9.3031323e-02   2.0841711e-01  -3.1149894e-01   6.3297591e-04   1.9178090e-03  -5.6827826e-04
  -6.3690951e-02   2.2993649e-01  -3.0446448e-01   6.9792509e-04   1.9772823e-03   1.7783980e-04
  -9.5261755e-02   2.0954787e-01  -2.5734081e-01   6.7795704e-04   2.1507569e-03  -2.8252691e-04
  -5.9721441e-02   2.2677076e-01  -3.1230959e-01   5.9576916e-04   1.5051937e-03  -4.1282749e-04
  -6.1859316e-02   2.0536513e-01  -2.8885610e-01   1.7792074e-03   9.0270314e-04  -3.6396622e-04
  -3.6812938e-02   2.1406251e-01  -3.6261446e-01   1.9304198e-03   1.1069589e-03  -5.0554969e-04
  -1.9374773e-02   2.3440278e-01  -3.4136814e-01   1.7505323e-03   5.7525819e-04  -3.5039749e-04
  -3.0352279e-02   2.3643426e-01  -3.7642887e-01   1.4605209e-03   4.8760603e-04  -6.2282371e-04
  -3.5841943e-02   2.1567524e-01  -3.7864825e-01   2.0802328e-03   5.8840770e-04  -6.6512502e-04
  -2.2138432e-02   2.4934204e-01  -4.2670931e-01   2.0722346e-03   9.1634470e-04  -4.4460150e-04
  -2.8472189e-02   2.2207981e-01  -3.7849470e-01   1.7257617e-03   5.7717557e-04  -2.8132505e-04
  -4.0151705e-02   2.6583495e-01  -4.2427683e-01   2.7949380e-03   7.8290082e-04  -3.5376495e-04
  -2.5006846e-03   2.6817615e-01  -3.8960726e-01   2.1585580e-03   1.5314890e-04  -5.4709951e-05
  -3.9936107e-03   2.3386403e-01  -4.0747082e-01   2.7220549e-03   1.7976732e-04  -5.4567494e-04
  -2.0829289e-02   2.7149664e-01  -3.6563896e-01   2.0217239e-03   8.1452448e-04  -8.5349653e-05
  -4.6093597e-02   2.5515485e-01  -3.8837327e-01   2.1205898e-03   1.0759942e-03  -3.6523816e-04
  -9.8230532e-03   2.4771819e-01  -3.9399980e-01   1.8955470e-03   5.2875660e-04  -4.0999360e-04
  -2.7135971e-02   2.6986025e-01  -4.3197084e-01   2.2458917e-03   4.9973944e-04  -3.4360825e-04
  -7.1460449e-03   2.7241611e-01  -4.1565722e-01   2.2101783e-03   7.6347113e-05  -1.9750368e-04
  -4.6306805e-02   2.7270122e-01  -4.2281489e-01   2.9351498e-03   7.7663977e-04  -7.4962641e-04
  -4.0455765e-02   3.2564954e-01  -4.2352325e-01   2.5886962e-03   5.4279001e-04  -6.2476058e-04
  -4.2300235e-02   2.6543537e-01  -3.9844774e-01   2.9024869e-03   4.0371780e-04  -4.2069253e-04
  -2.5784659e-02   2.8942536e-01  -4.2058321e-01   2.6422079e-03   7.0443903e-04  -4.2457661e-04
  -3.2411552e-02   2.8992593e-01  -4.0986525e-01   2.3715891e-03   2.0035942e-04  -2.4151688e-04
  -3.8158357e-02   2.9762490e-01  -4.6235010e-01   3.4838280e-03   5.6784214e-04  -6.4014521e-04
  -2.0651797e-02   3.1331847e-01  -4.5379537e-01   2.4438250e-03   3.8095320e-04  -6.2106443e-04
  -2.2087870e-02   3.0943965e-01  -4.3764327e-01   2.5361036e-03  -9.9391887e-06  -6.7932777e-04
  -2.2122679e-02   3.1864989e-01  -4.6884147e-01   2.4655443e-03   4.1847182e-04  -5.9443618e-04
  -9.6982344e-03   3.5143134e-01  -4.8667488e-01   2.3343733e-03   2.7073688e-04  -8.1196671e-04
  -2.4159729e-02   3.2060104e-01  -4.5995273e-01   2.9951915e-03   2.2084013e-04  -4.8972256e-04
  -3.4990951e-02   3.3599928e-01  -4.4393241e-01   2.1205571e-03   4.3730766e-04  -4.7455593e-04
  -3.4754409e-02   3.1774558e-01  -3.2467586e-01   2.0415304e-03   5.5621985e-04  -4.2537039e-04
  -4.3940306e-03   3.3529087e-01  -4.5698109e-01   2.4026852e-03   1.9104924e-04  -3.5353870e-04
   8.4170626e-03   3.5764608e-01  -4.6042463e-01   1.7747592e-03  -2.5012447e-04  -3.7443917e-04
   9.6401436e-03   3.4019441e-01  -4.7320692e-01   2.3613195e-03  -5.8540582e-04  -5.0904255e-04
   1.5891036e-02   3.7381065e-01  -4.8311049e-01   1.7731438e-03  -8.5399213e-04  -5.6826073e-04
   2.0179665e-02   4.0642469e-01  -5.0486040e-01   1.1986333e-03  -4.4748597e-04  -5.7427416e-04
   1.6649163e-02   3.5959237e-01  -4.8815169e-01   1.2280070e-03  -8.0693658e-04  -6.0355515e-04
  -2.6301190e-03   3.6668270e-01  -4.8947464e-01   2.1590953e-03  -2.6040697e-04  -6.3278550e-04
   2.2635806e-02   3.5144208e-01  -4.6962232e-01   1.1013307e-03  -4.4312344e-04  -4.9489585e-04
   8.8660251e-03   3.5719053e-01  -5.1191297e-01   2.6893324e-03  -2.9048760e-04  -9.5734066e-04
   3.6797868e-02   3.8070505e-01  -5.0670074e-01   2.0599616e-03  -7.6889176e-04  -5.8930206e-04
   3.0497605e-02   3.6886365e-01  -4.4945808e-01   2.4060665e-03  -8.1306653e-04  -6.2229067e-04
   6.8082954e-02   3.9469173e-01  -5.2209542e-01   1.8426011e-03  -8.8792407e-04  -4.2181940e-04
   7.3608567e-02   3.8487113e-01  -5.2353359e-01   1.6872673e-03  -1.4058581e-03  -6.2924148e-04
   6.4694506e-02   4.1138527e-01  -5.7433992e-01   2.6495320e-03  -1.2295042e-03  -5.7530388e-04
   9.2446481e-02   3.9504677e-01  -5.5131694e-01   9.6711001e-04  -7.5680081e-04  -3.7008740e-04
   7.6491012e-02   4.0719337e-01  -5.4814201e-01   1.7807487e-03  -7.6655375e-04  -4.3964101e-04
   9.0159426e-02   4.2203423e-01  -5.5514611e-01   1.2661258e-03  -8.2933818e-04  -7.6437208e-04
   1.0242633e-01   4.2431049e-01  -5.6405542e-01   1.9933837e-03  -9.2496976e-04  -4.7912057e-04
   1.2658586e-01   4.3871517e-01  -5.0240852e-01   1.1242571e-03  -1.1650535e-03  -4.9350164e-04
   1.0345128e-01   4.2445886e-01  -5.4894832e-01   1.3604550e-03  -1.2539689e-03  -4.0661779e-04
   1.2579679e-01   4.0691149e-01  -5.0910678e-01   1.6232864e-03  -1.2997129e-03  -7.1409521e-04
   1.1168935e-01   4.2748197e-01  -5.8273875e-01   1.6704473e-03  -8.7250476e-04  -2.8711306e-04
   1.1823576e-01   4.0321692e-01  -5.5798204e-01   2.1949342e-03  -9.7992427e-04  -6.4224457e-04
   9.9887274e-02   4.3725945e-01  -5.8281275e-01   2.3788044e-03  -7.3290141e-04  -1.6980507e-04
   1.6812363e-01   4.6748356e-01  -4.7825018e-01   3.5143182e-03  -5.0505408e-04  -1.9012109e-03
   2.3702883e-01   4.8100924e-01  -3.6694641e-01   1.3799306e-03  -2.0498837e-03  -1.9000686e-03
   2.0242788e-01   3.9882117e-01  -4.7739728e-01   2.1933155e-03  -1.8364806e-03  -1.5897003e-03
   2.1163643e-01   4.1120817e-01  -4.2330949e-01   2.2906930e-03  -2.2427712e-03  -1.9937337e-03
   2.1250168e-01   3.8134487e-01  -2.8098582e-01   6.1659055e-03  -3.1706220e-03  -1.0633627e-03
   2.1165568e-01   3.7544992e-01  -2.7296543e-01   6.3266822e-03  -3.4853461e-03  -1.0870511e-03
   2.2231444e-01   4.0858742e-01  -2.8562635e-01   5.1848829e-03  -3.4525243e-03  -1.0977964e-03
   2.1919165e-01   3.9801708e-01  -2.6528107e-01   5.5829187e-03  -3.4935699e-03  -1.1051284e-03
   2.2486666e-01   3.9444463e-01  -2.5279173e-01   4.9338653e-03  -3.5316628e-03  -1.1225173e-03
   2.2969109e-01   4.5453572e-01  -3.4503847e-01   5.2505661e-03  -2.9596945e-03  -1.3042274e-03
   2.4745296e-01   5.8567828e-01  -4.4510990e-01   8.1334351e-03  -3.0764703e-03  -1.7335855e-03
   2.7050944e-01   4.1676580e-01  -3.2651191e-01   5.4919295e-03  -3.8177717e-03  -1.5676496e-03
   2.8702648e-01   4.6509875e-01  -3.4186417e-01   5.3809496e-03  -3.7531522e-03  -1.3439611e-03
   2.7325208e-01   4.6502116e-01  -3.6760519e-01   4.5631752e-03  -3.6594348e-03  -1.6164871e-03
   3.0641751e-01   4.7085602e-01  -3.4413375e-01   4.0304241e-03  -3.3700520e-03  -1.1117224e-03
   3.0045537e-01   4.3226647e-01  -3.1305364e-01   5.4961123e-03  -3.3786089e-03  -1.2768714e-03
   3.3290288e-01   4.6544448e-01  -3.3907943e-01   4.9097318e-03  -3.5777042e-03  -9.9933779e-04
   3.0863737e-01   4.8143012e-01  -3.8610958e-01   4.4837264e-03  -2.9298009e-03  -1.4170912e-03
   3.1860253e-01   4.8052155e-01  -3.4049275e-01   4.3972353e-03  -3.0207428e-03  -1.1668219e-03
   3.0339495e-01   4.6361145e-01  -3.4960047e-01   4.1479717e-03  -2.7350495e-03  -1.1272659e-03
   2.4303052e-01   4.0842395e-01  -3.2524967e-01   1.7922685e-03  -2.1509094e-03  -1.4641460e-03
   2.8343556e-01   4.7614079e-01  -2.7500216e-01   2.7441284e-03  -1.9126059e-03  -1.4034212e-03
   2.6896393e-01   4.7587006e-01  -3.4230602e-01   3.3137711e-03  -1.7270035e-03  -1.5071421e-03
   2.9295697e-01   4.5633315e-01  -2.9620630e-01   4.4405613e-03  -1.9055848e-03  -1.2818542e-03
   2.9362837e-01   5.1187104e-01  -3.6745771e-01   3.9858308e-03  -1.9907833e-03  -1.3089923e-03
   2.8611549e-01   4.3661320e-01  -2.6383603e-01   5.0554200e-03  -1.9236992e-03  -1.3275443e-03
   2.9832136e-01   4.8692977e-01  -3.2202924e-01   4.7086070e-03  -1.2850965e-03  -1.7419452e-03
   3.1796458e-01   4.3943363e-01  -2.6676121e-01   4.6588462e-03  -1.6352256e-03  -1.7919715e-03
   3.2183852e-01   4.8859650e-01  -3.1850212e-01   4.9178242e-03  -1.5096180e-03  -1.5017387e-03
   3.2026145e-01   4.7290692e-01  -3.1807122e-01   4.3139617e-03  -1.6182783e-03  -1.5979112e-03
   2.9897816e-01   5.0452759e-01  -3.6431510e-01   5.1053882e-03  -1.3833710e-03  -1.7056229e-03
   2.9783905e-01   5.0332336e-01  -2.2225317e-01   4.8967148e-03  -1.7039329e-03  -1.9630293e-03
   3.0186054e-01   4.9084769e-01  -3.4672468e-01   5.4149355e-03  -1.6752268e-03  -1.4986571e-03
   2.9724207e-01   5.5758302e-01  -4.3864519e-01   4.7409402e-03  -1.2789793e-03  -1.5221062e-03
   2.9229504e-01   4.9375945e-01  -3.6553917e-01   4.9194652e-03  -1.2547536e-03  -1.5768722e-03
   2.8968597e-01   5.5621516e-01  -4.2563279e-01   4.7230072e-03  -1.6718998e-03  -1.6037433e-03
   2.6965305e-01   5.1572386e-01  -4.2033529e-01   4.4915481e-03  -2.0068044e-03  -1.8779132e-03
   2.7018372e-01   5.3570333e-01  -4.0162001e-01   4.9690048e-03  -1.9541351e-03  -1.8487140e-03
   2.6515048e-01   4.9489356e-01  -4.3942285e-01   3.7386631e-03  -2.0691009e-03  -1.8137682e-03
   2.4910451e-01   5.6213903e-01  -4.2870983e-01   5.1777069e-03  -2.0271729e-03  -2.1976161e-03
   2.7243491e-01   4.7489390e-01  -3.7196975e-01   6.0900854e-03  -2.1708301e-03  -2.0475018e-03
   2.6256228e-01   5.1936498e-01  -3.1245865e-01   6.1960289e-03  -1.9401503e-03  -2.2126254e-03
   2.5878945e-01   5.0488203e-01  -3.1523660e-01   5.4022141e-03  -2.2074306e-03  -1.8784875e-03
   2.5788960e-01   5.0238151e-01  -3.8275488e-01   7.2304512e-03  -1.8957123e-03  -2.1523880e-03
   2.6643014e-01   5.1184399e-01  -3.2647106e-01   5.5621984e-03  -2.3723592e-03  -2.0299373e-03
   2.4122294e-01   4.9702642e-01  -3.7939149e-01   6.8639394e-03  -2.0838289e-03  -2.5457649e-03
   2.4918766e-01   5.5089547e-01  -4.0376924e-01   6.3450086e-03  -2.1507675e-03  -2.4404599e-03
   2.4408250e-01   5.1619099e-01  -3.6512511e-01   6.3812611e-03  -2.5094378e-03  -2.3178124e-03
   2.4160660e-01   5.3506454e-01  -3.6702980e-01   6.3670994e-03  -2.1165458e-03  -2.2017145e-03
   2.6155469e-01   5.3752663e-01  -3.8779727e-01   6.1688784e-03  -2.2058137e-03  -2.2166590e-03
   2.3518632e-01   5.4817382e-01  -3.7677347e-01   6.2559273e-03  -2.0305501e-03  -2.3166202e-03
   2.5187570e-01   5.4948621e-01  -3.8906072e-01   5.9080051e-03  -2.1606762e-03  -2.2261174e-03
   2.2493126e-01   5.2512878e-01  -4.1581144e-01   7.8869574e-03  -1.8629027e-03  -2.4926407e-03
   2.4719954e-01   5.4043469e-01  -4.0409521e-01   6.7411758e-03  -1.9876968e-03  -2.2851429e-03
   2.2353120e-01   5.2325973e-01  -3.7480621e-01   6.5462255e-03  -1.8917915e-03  -2.2749029e-03
   2.2231860e-01   5.3638829e-01  -3.6894168e-01   5.9085123e-03  -1.7102918e-03  -2.1118652e-03
   2.0519337e-01   5.4335168e-01  -3.8672985e-01   6.2626614e-03  -1.7916767e-03  -2.2711450e-03
   2.0856476e-01   5.4654718e-01  -3.7350968e-01   6.1375561e-03  -1.7847809e-03  -2.3338254e-03
   2.3191982e-01   5.4565085e-01  -3.7714970e-01   6.5222028e-03  -1.9973838e-03  -2.2456986e-03
   2.2296417e-01   5.5517264e-01  -3.8930091e-01   6.7154637e-03  -1.6732126e-03  -2.3124824e-03
   2.3421607e-01   5.5892249e-01  -3.6542725e-01   5.8403166e-03  -2.0100923e-03  -2.3504031e-03
   2.2126764e-01   5.6109191e-01  -3.8051223e-01   6.7627681e-03  -1.7546866e-03  -2.4456800e-03
   2.4470784e-01   5.7449290e-01  -3.6718690e-01   6.0055626e-03  -1.8324593e-03  -2.1426965e-03
   2.2584458e-01   5.7616514e-01  -3.7848464e-01   6.5838271e-03  -2.0837249e-03  -2.3896877e-03
   2.4392533e-01   6.0006848e-01  -3.2046048e-01   5.7537157e-03  -2.1401988e-03  -1.6697889e-03
   2.3920786e-01   5.8226812e-01  -3.0303509e-01   3.6096254e-03  -2.1743357e-03  -2.1770750e-03
   2.1709731e-01   5.7959045e-01  -3.6789456e-01   5.6991973e-03  -2.2523853e-03  -2.4142036e-03
   2.4595543e-01   6.0224850e-01  -3.5659055e-01   4.9056508e-03  -2.4579122e-03  -2.2908178e-03
   2.2195412e-01   5.5978054e-01  -3.7015341e-01   5.1713143e-03  -1.9971986e-03  -2.4015985e-03
   2.3784377e-01   5.7352034e-01  -3.1781127e-01   5.0679007e-03  -2.1674693e-03  -2.1004995e-03
   2.1797116e-01   5.6707099e-01  -3.7087101e-01   5.3959451e-03  -1.8872360e-03  -2.3797139e-03
   2.3754163e-01   5.6627579e-01  -3.1480210e-01   5.7244438e-03  -1.7011619e-03  -2.4409008e-03
   2.2702168e-01   6.0076388e-01  -4.0373097e-01   5.5297604e-03  -1.8636537e-03  -2.3719858e-03
   2.0954258e-01   5.7172347e-01  -3.1518712e-01   4.4266165e-03  -1.9168119e-03  -2.4073498e-03
   2.1209041e-01   6.2884169e-01  -2.2420269e-01   4.1471498e-03  -1.7720935e-03  -2.2722968e-03
   2.0528230e-01   5.8691381e-01  -3.5587568e-01   5.7158236e-03  -2.0601548e-03  -2.4835372e-03
   2.1501723e-01   6.0845667e-01  -3.3048349e-01   5.1796399e-03  -1.8104496e-03  -2.4037492e-03
   2.0068073e-01   5.8576838e-01  -3.6949865e-01   5.2313681e-03  -1.9780739e-03  -2.5656670e-03
   2.0735912e-01   6.0659854e-01  -3.8849813e-01   5.1735944e-03  -1.7779612e-03  -2.6797852e-03
   2.0513155e-01   6.1370847e-01  -3.7093865e-01   5.5972411e-03  -1.7996713e-03  -2.8152434e-03
   2.1219398e-01   6.1997400e-01  -3.7154474e-01   5.7813528e-03  -1.9238458e-03  -2.5813741e-03
   1.8058636e-01   6.2082580e-01  -4.2411055e-01   6.5002683e-03  -1.3555812e-03  -2.9974431e-03
   2.1133462e-01   6.4035176e-01  -3.7151079e-01   5.2580833e-03  -1.9805741e-03  -2.3781544e-03
   2.1440813e-01   6.1229554e-01  -3.6724833e-01   6.2825785e-03  -2.4605026e-03  -2.1873305e-03
   2.2067605e-01   6.4111897e-01  -3.0341081e-01   6.1241695e-03  -2.0843985e-03  -2.3983389e-03
   2.2642791e-01   6.4952438e-01  -3.9275154e-01   5.7568240e-03  -2.2358565e-03  -2.4427378e-03
   2.4755213e-01   6.2974146e-01  -3.1889587e-01   5.5821636e-03  -2.7628742e-03  -2.0790656e-03
   2.1500656e-01   6.2951924e-01  -4.0827402e-01   6.3346769e-03  -2.6131703e-03  -2.3372575e-03
   2.0793072e-01   6.1987927e-01  -3.2828483e-01   6.9644339e-03  -2.4243034e-03  -2.7311141e-03
   2.1189948e-01   6.3497981e-01  -3.8784782e-01   6.3039079e-03  -2.1079895e-03  -2.3524714e-03
