   0.0000000e+00   0.0000000e+00   0.0000000e+00   0.0000000e+00   0.0000000e+00   0.0000000e+00
   6.7923510e-03   2.1928681e-02   3.7515650e-02   5.0089205e-05  -2.8766118e-04   6.2763834e-05
   2.4450852e-02   1.6564219e-02   2.0681630e-02  -6.7715385e-04  -3.1824324e-04   3.1110773e-04
   1.7269164e-02   1.5763795e-02  -1.2239319e-03  -8.9932521e-04  -4.8756604e-04   3.0896524e-05
   2.0403244e-04   1.9977789e-02   1.2329203e-01  -2.0477512e-03   7.7992212e-04  -1.0929159e-04
  -6.1914342e-03   4.6952849e-02   1.4077955e-01  -2.2381339e-03   1.6249718e-04  -7.4149204e-05
  -2.2060572e-03   4.0770176e-02   7.5495769e-02  -1.2319296e-03  -3.6193523e-04   3.6239532e-05
  -3.2303817e-03   4.2809382e-02   8.7526244e-02  -1.6352558e-03  -3.1397600e-04   8.1026349e-05
   4.9252283e-03   1.6315315e-02   1.1500483e-01  -1.8834530e-03  -6.8725075e-04   1.0477310e-04
   6.5926364e-03   4.7401404e-02   9.3337411e-02  -1.8520351e-03  -9.3844700e-04   2.6140687e-04
  -2.2578098e-03   6.4245598e-02   1.1931405e-01  -1.9200117e-03  -5.7047858e-04   9.9254320e-05
   2.1829794e-03   9.9387823e-02   7.3206607e-02  -1.6931187e-03  -7.4573052e-04   5.5401017e-04
   1.0673774e-02   9.4319885e-02   9.3351889e-02  -2.4405749e-03  -8.7433867e-04   5.4087212e-04
   1.4395960e-02   6.8844123e-02   1.0836639e-01  -2.7946145e-03  -8.6965610e-04   6.0837414e-04
   1.5626847e-02   8.2669392e-02   1.1088568e-01  -3.3297822e-03  -1.0396903e-03   4.9753709e-04
   2.4183123e-02   8.0063646e-02   1.3170933e-01  -3.4794278e-03  -1.1823967e-03   5.0697175e-04
   1.7960404e-02   1.0314251e-01   1.1467276e-01  -3.1889727e-03  -1.3578590e-03   3.6586182e-04
   2.0087138e-02   1.1797374e-01   8.3038179e-02  -2.5014696e-03  -1.4609014e-03   6.1557743e-04
   1.9071070e-02   1.2959131e-01   6.7460253e-02  -2.2451906e-03  -1.3611610e-03   7.5026232e-04
   1.4427093e-02   1.2967339e-01   1.0192497e-01  -3.7199112e-03  -1.2882113e-03   6.8715572e-04
   1.2066811e-02   1.2835638e-01   1.0118698e-01  -3.7908059e-03  -1.1574225e-03   7.5640654e-04
   8.1198180e-03   1.1923890e-01   1.1204549e-01  -3.9237411e-03  -1.1401432e-03   6.2326857e-04
   8.8918933e-03   1.0359875e-01   1.4107253e-01  -4.2204787e-03  -8.9193001e-04   5.3475777e-04
   1.5463140e-02   1.1506463e-01   1.3677942e-01  -4.2247142e-03  -1.0585168e-03   5.8217274e-04
   1.1340657e-02   1.3991306e-01   1.2125786e-01  -3.6753456e-03  -1.1053300e-03   6.3002783e-04
   1.4165628e-02   1.4978771e-01   1.2678962e-01  -3.5528186e-03  -9.9483494e-04   7.8417760e-04
   1.8993043e-02   1.6032005e-01   1.2085471e-01  -3.6432231e-03  -1.1725815e-03   8.9640001e-04
   1.6487986e-02   1.7766266e-01   1.1209030e-01  -3.4428810e-03  -9.6041411e-04   8.6583895e-04
   2.3939133e-02   1.6438392e-01   1.2400137e-01  -3.6646209e-03  -1.1810251e-03   9.3255010e-04
   2.4742709e-02   1.6296379e-01   1.3680052e-01  -3.8613788e-03  -1.0628995e-03   8.8890621e-04
   2.7497073e-02   1.6452028e-01   1.0608348e-01  -3.6292075e-03  -1.2664325e-03   7.4548582e-04
   2.7385538e-02   1.4812181e-01   1.2777366e-01  -3.9143305e-03  -1.2475982e-03   9.2014221e-04
   2.7114216e-02   1.6643184e-01   6.8997444e-02  -2.9781930e-03  -1.6292228e-03   6.8274463e-04
   2.4111499e-02   1.8865784e-01   5.4760266e-02  -2.4184213e-03  -1.3039139e-03   6.4453122e-04
   3.4841407e-02   1.8835750e-01   6.7062378e-02  -3.3936766e-03  -1.4330795e-03   8.0887645e-04
   2.4318575e-02   1.7888570e-01   1.1647231e-01  -4.7408053e-03  -1.0978021e-03   6.5923025e-04
   2.7457414e-02   1.8096819e-01   1.2801609e-01  -5.1130045e-03  -1.1304593e-03   7.0669696e-04
   2.8919890e-02   1.9838051e-01   1.4333563e-01  -5.4173341e-03  -1.1520330e-03   6.1965042e-04
   3.6784624e-02   2.2366622e-01   1.0841268e-01  -4.4929557e-03  -1.2621442e-03   6.2880530e-04
   3.9950800e-02   2.3402755e-01   1.1277809e-01  -4.8839747e-03  -1.2701084e-03   8.2753915e-04
   3.6110760e-02   2.1315238e-01   1.0931577e-01  -4.7209632e-03  -1.3012820e-03   6.0489000e-04
   3.7043725e-02   1.9688289e-01   1.3487369e-01  -5.2780988e-03  -1.2640751e-03   7.2913139e-04
   4.6592775e-02   1.9051629e-01   1.1743436e-01  -4.8107462e-03  -1.3581648e-03   8.8581249e-04
   3.9044241e-02   2.2576609e-01   1.5475333e-01  -5.6318385e-03  -1.1084815e-03   6.0603456e-04
   4.8885564e-02   2.3536578e-01   1.2917265e-01  -4.7640624e-03  -1.3296374e-03   9.3268554e-04
   5.0388900e-02   2.2475177e-01   1.1127703e-01  -4.5055019e-03  -1.5469199e-03   8.4607223e-04
   3.9943453e-02   2.5317327e-01   1.3862976e-01  -5.5601020e-03  -1.2630830e-03   7.7281878e-04
   3.1014003e-02   2.3611046e-01   1.4441516e-01  -5.9063528e-03  -1.1535773e-03   5.4081535e-04
   2.7962061e-02   2.2412315e-01   1.3752685e-01  -5.8562198e-03  -1.1066951e-03   5.6232905e-04
   4.8132543e-02   2.3330313e-01   1.1041818e-01  -5.5259409e-03  -1.1975401e-03   8.4957104e-04
   4.0978000e-02   2.4731147e-01   1.9729245e-01  -6.9426098e-03  -1.1479762e-03   6.5023053e-04
   3.1906022e-02   2.5772726e-01   1.7280549e-01  -6.2007661e-03  -1.3550590e-03   6.5106373e-04
   3.5221962e-02   2.8337995e-01   1.5620437e-01  -6.0264570e-03  -1.2816658e-03   6.5335281e-04
   3.8147950e-02   2.7237520e-01   1.5260997e-01  -6.2979803e-03  -1.3036787e-03   6.9419488e-04
   3.5613724e-02   2.5126189e-01   1.7100463e-01  -6.9667257e-03  -1.1099229e-03   5.6175781e-04
   4.0440754e-02   2.5002732e-01   1.6795501e-01  -6.9029016e-03  -1.1319196e-03   5.9622742e-04
   3.8696754e-02   2.8309777e-01   2.0370192e-01  -7.2186273e-03  -1.2173220e-03   5.6105530e-04
   3.6555699e-02   2.9247616e-01   1.7005717e-01  -6.6930587e-03  -1.2005028e-03   5.0665210e-04
   3.7726746e-02   3.0318001e-01   2.0956929e-01  -6.3888581e-03  -1.3279728e-03   5.2574824e-04
   3.9735869e-02   2.8580800e-01   1.3623253e-01  -6.0499930e-03  -1.3808526e-03   6.1153472e-04
   3.1043313e-02   2.7338677e-01   1.3491837e-01  -6.3854088e-03  -1.4297161e-03   5.8158653e-04
   4.0418353e-02   2.8329632e-01   2.0400123e-01  -8.0045605e-03  -1.2411418e-03   5.2473737e-04
   3.2851565e-02   2.8454743e-01   1.5509066e-01  -7.1585794e-03  -1.0789427e-03   4.3412622e-04
   3.0397639e-02   3.0612911e-01   1.8713822e-01  -7.3206330e-03  -1.1451699e-03   3.3095350e-04
   3.3804814e-02   3.2654626e-01   1.6655735e-01  -7.0060766e-03  -1.3269020e-03   3.3394320e-04
   3.0025039e-02   3.0437603e-01   1.6691664e-01  -7.3719670e-03  -1.2501782e-03   3.5349110e-04
   2.9959797e-02   2.9995804e-01   1.7831957e-01  -7.9788141e-03  -1.1526702e-03   2.3578476e-04
   3.4230789e-02   3.0409394e-01   1.9491463e-01  -8.2837877e-03  -1.1447293e-03   4.5652967e-04
   3.1557003e-02   3.1357120e-01   2.0327970e-01  -7.8334387e-03  -1.1395386e-03   3.3876701e-04
   4.2149540e-02   3.3474096e-01   1.8020812e-01  -7.2516868e-03  -1.2898933e-03   4.9717361e-04
   4.4914905e-02   3.2834091e-01   1.8316382e-01  -7.5509988e-03  -1.2210898e-03   4.9238513e-04
   3.0146942e-02   3.3200984e-01   2.9833384e-01  -8.0707301e-03  -1.2101912e-03   3.6861755e-04
   3.2210585e-02   3.3541034e-01   3.0328014e-01  -8.7403162e-03  -1.1775245e-03   5.6988327e-04
   2.3089935e-02   3.1916302e-01   1.8082550e-01  -7.7476461e-03  -1.1842264e-03   2.1609817e-04
   1.5584152e-02   3.4391908e-01   1.4101558e-01  -6.2845959e-03  -1.0358750e-03   1.2200639e-04
   1.9659135e-02   3.4375629e-01   1.6213901e-01  -7.2562093e-03  -1.1395398e-03   1.1116006e-04
   2.7118344e-02   3.1627585e-01   2.2313795e-01  -8.0579150e-03  -1.0298967e-03   2.2623169e-04
   1.9484531e-02   3.4929372e-01   2.4358681e-01  -8.3271234e-03  -8.8654092e-04  -4.0922057e-05
   2.9152223e-02   3.5155202e-01   1.9799234e-01  -7.5479782e-03  -9.3554659e-04   1.5634230e-04
   2.4841789e-02   3.6670479e-01   2.0361231e-01  -8.2711603e-03  -7.7537023e-04   9.7726022e-05
   2.2886006e-02   3.5485959e-01   1.7865326e-01  -7.8138034e-03  -9.4178556e-04  -2.1914355e-05
   1.7873980e-02   3.5655688e-01   2.1493929e-01  -8.5839124e-03  -7.2234506e-04  -5.1340996e-05
   2.5476013e-02   3.5491168e-01   2.3430092e-01  -8.8862471e-03  -8.0246998e-04   1.3171951e-04
   2.2987887e-02   3.9560563e-01   2.1751137e-01  -8.5413601e-03  -6.7825791e-04  -8.3504147e-06
   2.4568279e-02   4.0278793e-01   1.9856559e-01  -8.4024239e-03  -6.5776105e-04   1.8905010e-04
   2.5019782e-02   3.7961149e-01   2.2441061e-01  -8.7623382e-03  -9.3353012e-04   1.5671130e-04
   2.9937932e-02   3.5611812e-01   2.6100968e-01  -9.0583645e-03  -6.9276323e-04   2.1244872e-05
   3.8494672e-02   3.7936933e-01   2.4183132e-01  -8.5219451e-03  -7.2054375e-04   1.1996709e-04
   4.7204733e-02   3.9599821e-01   2.4260403e-01  -8.6340517e-03  -5.8811741e-04   2.5416178e-04
   3.9756975e-02   4.0986147e-01   1.8949873e-01  -7.6598864e-03  -7.7348255e-04   2.9795210e-04
   3.9642704e-02   4.0174031e-01   2.1779951e-01  -8.5529682e-03  -6.7620489e-04   2.5539829e-04
   4.1113476e-02   3.8434427e-01   2.2764980e-01  -8.3580173e-03  -5.7401562e-04   1.5928470e-04
   3.3627155e-02   3.8865186e-01   3.3689654e-01  -8.6970065e-03  -4.9219878e-04   9.8662897e-05
   2.7522987e-02   3.9813245e-01   2.6706731e-01  -7.8718502e-03  -5.5207744e-04   3.7602445e-05
   4.6410785e-02   4.0447011e-01   2.1775743e-01  -7.6816540e-03  -7.5746648e-04   2.7184910e-04
   4.6875132e-02   4.1089070e-01   2.1317057e-01  -7.6314373e-03  -8.6108447e-04   1.8407053e-04
   4.6624048e-02   4.3075764e-01   2.0517354e-01  -7.5984312e-03  -7.6541402e-04   2.3692768e-04
   4.0728560e-02   4.4223443e-01   2.1585236e-01  -8.3829355e-03  -7.9696444e-04   1.7840499e-04
   4.2969096e-02   4.1413859e-01   2.1404388e-01  -8.3720904e-03  -6.7169200e-04   1.5362194e-04
   4.5210763e-02   4.1039869e-01   1.8113219e-01  -8.3380343e-03  -5.3497385e-04   2.0994568e-04
   3.6781897e-02   3.9200712e-01   2.2054118e-01  -8.3176250e-03  -7.6719875e-04   1.0617355e-04
   5.0826152e-02   4.1214410e-01   1.8506385e-01  -7.3575204e-03  -9.6226908e-04   2.2550411e-04
   4.7675916e-02   4.1395581e-01   2.7718236e-01  -7.6258621e-03  -6.7046302e-04   2.5517801e-04
   4.1928754e-02   4.2384760e-01   1.6246249e-01  -7.7423520e-03  -6.3289168e-04   7.2858471e-05
   4.1358602e-02   4.3981095e-01   1.6103598e-01  -8.2098973e-03  -5.9339987e-04   2.0388222e-04
   3.7732989e-02   4.1299033e-01   2.2455168e-01  -8.1206347e-03  -6.0557318e-04   1.6417806e-04
   4.5424005e-02   4.1460784e-01   2.4843641e-01  -8.9455135e-03  -4.5110685e-04   1.3326655e-04
   3.9997167e-02   4.3123038e-01   2.3676593e-01  -8.3014011e-03  -4.4171713e-04   2.0693803e-06
   4.1778903e-02   4.5305235e-01   2.1996640e-01  -8.2795691e-03  -6.6469047e-04   1.1557791e-04
   4.1680149e-02   4.5687895e-01   1.6819999e-01  -6.5903624e-03  -5.2382708e-04   2.0656769e-04
   5.5078602e-02   4.8085200e-01   1.4588319e-01  -7.5080912e-03  -6.9945883e-04   5.5571587e-04
   2.6074605e-02   4.4833964e-01   2.2462003e-01  -9.0272335e-03  -6.9843694e-04   8.7067477e-05
   2.7011646e-02   4.3542133e-01   2.6591670e-01  -9.7507445e-03  -7.9270811e-04  -1.9513036e-05
   2.6849992e-02   4.6808606e-01   3.0665219e-01  -1.0248164e-02  -1.0126430e-03  -9.9390464e-05
   2.2225975e-02   4.7188347e-01   2.7421808e-01  -9.7040086e-03  -1.0688851e-03  -1.2680871e-04
   1.9759296e-02   4.5858603e-01   2.3144986e-01  -8.9854189e-03  -1.0749247e-03  -2.5654486e-04
   1.8803087e-02   4.5076554e-01   2.9074212e-01  -1.0508981e-02  -1.1088015e-03  -3.4828146e-04
   2.1254649e-02   4.5298486e-01   3.0081495e-01  -1.0641942e-02  -1.0963711e-03  -2.4880931e-04
   2.1761114e-02   4.8011036e-01   2.6044998e-01  -9.4221372e-03  -1.2754251e-03  -2.6883252e-04
   1.6515199e-02   4.9819957e-01   2.3382813e-01  -8.6835299e-03  -1.4510477e-03  -3.0391856e-04
   8.4807234e-03   4.8507923e-01   2.6793356e-01  -9.0223965e-03  -1.3637836e-03  -4.7464519e-04
   1.2687454e-02   4.8990340e-01   2.2589153e-01  -8.5233307e-03  -1.5110011e-03  -4.3858003e-04
   2.0620852e-02   4.7781603e-01   2.4539915e-01  -9.0547765e-03  -1.3878622e-03  -3.8513467e-04
   2.1714622e-02   4.8019097e-01   2.8110213e-01  -9.6016226e-03  -1.7299201e-03  -4.1845080e-04
   1.5752484e-02   4.8232274e-01   3.0457042e-01  -1.0141425e-02  -1.4553953e-03  -4.2014363e-04
   8.0717059e-03   5.0931788e-01   2.8619282e-01  -1.0041465e-02  -1.5940364e-03  -4.8910539e-04
   5.7101382e-03   5.2721625e-01   2.9882797e-01  -1.0009808e-02  -1.3919479e-03  -4.3325691e-04
   2.1230692e-02   5.3255166e-01   3.0012658e-01  -9.8669965e-03  -1.3667009e-03  -1.9243094e-04
   1.7159514e-02   5.2122483e-01   2.8525463e-01  -9.5839607e-03  -1.5882265e-03  -1.5824495e-04
   2.0324454e-02   5.2520762e-01   2.4803654e-01  -9.2964760e-03  -1.3898690e-03  -4.0641507e-04
   2.4780446e-02   5.0732287e-01   2.6251308e-01  -9.5753401e-03  -1.6122630e-03  -3.6975435e-04
   2.9845681e-02   4.8784896e-01   2.7625757e-01  -9.9010387e-03  -1.4819137e-03  -1.1172307e-04
   1.6336369e-02   5.0766555e-01   3.1966040e-01  -1.0933381e-02  -1.4858713e-03  -3.7440377e-04
  -1.1164805e-02   5.9583930e-01   3.5254145e-01  -1.0682572e-02  -1.5702573e-03  -6.8858033e-04
   1.6368051e-02   5.0617587e-01   2.6649642e-01  -9.5247436e-03  -1.6082372e-03  -5.2601577e-04
   2.6795802e-02   5.1971563e-01   2.9149764e-01  -9.0867686e-03  -1.6449523e-03  -2.8356353e-04
   2.6174132e-02   4.9735238e-01   2.9049277e-01  -9.1259673e-03  -1.6262950e-03  -3.1149168e-04
   2.6600721e-02   5.0240086e-01   3.3360463e-01  -9.3369574e-03  -1.5211707e-03  -3.9382727e-04
   2.6558008e-02   5.0649914e-01   2.8302843e-01  -9.2859001e-03  -1.6525769e-03  -3.2302935e-04
   3.0023387e-02   5.1512139e-01   2.7468257e-01  -8.5349466e-03  -1.6606095e-03  -2.2739162e-04
   3.0988816e-02   5.4517789e-01   2.5636150e-01  -8.7922771e-03  -1.5325994e-03  -3.3355260e-04
   3.8718396e-02   5.4977153e-01   2.5968817e-01  -9.0420396e-03  -1.7604444e-03  -1.2082823e-04
   4.1375094e-02   5.4554881e-01   1.9426805e-01  -7.2106253e-03  -1.9036963e-03  -2.7426817e-04
   3.9589739e-02   5.4320073e-01   2.6632582e-01  -8.5970403e-03  -1.9015519e-03  -1.2637012e-04
   2.4015878e-02   5.4390861e-01   2.7106401e-01  -9.0000020e-03  -1.7125716e-03  -4.0716298e-04
   2.3710288e-02   5.4946599e-01   2.8898849e-01  -9.1811969e-03  -1.7623083e-03  -4.6206318e-04
   1.9745801e-02   5.7049851e-01   2.8864175e-01  -9.0473126e-03  -1.5640811e-03  -5.0056800e-04
   3.6244454e-02   5.8560298e-01   2.6174090e-01  -8.4524736e-03  -1.7197204e-03  -1.3503962e-04
   3.8435525e-02   5.8345952e-01   2.2442218e-01  -8.0601646e-03  -1.8585453e-03  -1.1836237e-04
   3.5936032e-02   5.6851922e-01   2.6597387e-01  -8.2828701e-03  -1.8120631e-03  -2.5063698e-04
   3.8380086e-02   5.6520394e-01   2.4298244e-01  -8.1428217e-03  -2.0198046e-03  -2.6867904e-04
   4.0051190e-02   5.6387279e-01   2.7214792e-01  -9.1155851e-03  -1.9108143e-03  -5.3824087e-05
   3.0848138e-02   5.8471761e-01   2.8564980e-01  -8.9913956e-03  -1.6437828e-03  -2.7418439e-04
   3.1674560e-02   5.9036102e-01   3.0317843e-01  -9.1167107e-03  -1.8882933e-03  -2.5125696e-04
   3.9782605e-02   6.0001540e-01   2.5607054e-01  -7.7268056e-03  -1.7852238e-03  -2.6410100e-04
   4.4238128e-02   6.0822694e-01   2.5008909e-01  -7.6268345e-03  -1.9039036e-03   2.6049342e-05
   2.7143317e-02   6.1690819e-01   2.5374761e-01  -7.7638188e-03  -2.1112596e-03  -2.1291806e-04
   1.9873791e-02   5.9955562e-01   2.6555679e-01  -8.1567501e-03  -1.8769256e-03  -3.1411554e-04
   1.5696988e-02   6.3790763e-01   3.7842294e-01  -7.4277904e-03  -1.8791332e-03  -2.3281905e-04
   2.0263872e-02   6.1889410e-01   2.8920567e-01  -7.2272349e-03  -1.6499214e-03  -2.5640726e-04
   1.9374155e-02   6.3230650e-01   3.0787515e-01  -7.3559310e-03  -1.7984142e-03  -3.9299652e-04
   2.9362730e-02   6.5645731e-01   2.4040489e-01  -6.3698259e-03  -1.9221372e-03  -1.2911272e-04
   3.0014002e-02   6.5895786e-01   2.1703242e-01  -6.3317659e-03  -1.9055446e-03   5.6628816e-06
   2.1169482e-02   6.5971003e-01   2.5841520e-01  -7.0829211e-03  -1.9192676e-03  -2.2467516e-04
   2.8093499e-02   6.4908779e-01   2.3417483e-01  -6.9175068e-03  -1.8092457e-03  -3.9773203e-05
   1.8491399e-02   6.1987721e-01   2.8814647e-01  -7.6368580e-03  -1.8985653e-03  -5.0716167e-04
   1.3715598e-02   6.4650083e-01   3.0656073e-01  -6.8127130e-03  -2.0560409e-03  -8.6167425e-04
   2.3304191e-02   6.7857137e-01   2.4606009e-01  -5.5829757e-03  -2.1190421e-03  -5.8046892e-04
   2.4758304e-02   6.6108428e-01   1.9220768e-01  -4.6721913e-03  -2.1731788e-03  -6.5124588e-04
   2.3379363e-02   6.6056143e-01   1.9456747e-01  -5.3195461e-03  -2.2932023e-03  -6.2319159e-04
   1.0722808e-02   6.5590382e-01   1.5922118e-01  -5.7023981e-03  -2.4897731e-03  -6.8568973e-04
   1.3661637e-02   6.7117269e-01   1.5072933e-01  -5.7242792e-03  -2.3761310e-03  -6.6730212e-04
   3.1573526e-02   6.7657893e-01   2.0080127e-01  -5.3579888e-03  -2.4796363e-03  -3.7235941e-04
   3.2307420e-02   6.9351363e-01   1.8054692e-01  -5.8070576e-03  -2.6422711e-03  -3.5312110e-04
   2.9656587e-02   6.9668649e-01   1.5613039e-01  -5.4332747e-03  -2.6252146e-03  -4.0086047e-04
   2.0873361e-02   6.8590876e-01   1.6190015e-01  -5.4867320e-03  -2.5912630e-03  -5.2489718e-04
   1.4137182e-02   6.7092252e-01   1.7242280e-01  -6.0663411e-03  -2.5032799e-03  -5.7151610e-04
   2.8030297e-02   6.6774207e-01   1.7790725e-01  -6.1678354e-03  -2.6038453e-03  -2.5249269e-04
   2.3911134e-02   6.8192634e-01   1.5451333e-01  -5.0272801e-03  -2.5637672e-03  -2.8322255e-04
