   0.0000000e+00   1.4210855e-14   0.0000000e+00   0.0000000e+00   0.0000000e+00   0.0000000e+00
  -9.6438598e-03  -2.6805446e-02   8.0865403e-02  -1.1155929e-03  -9.5864339e-04  -5.0927361e-04
   1.8201511e-02  -4.9331080e-02   1.3004126e-01  -2.0797725e-03  -1.3267046e-03  -1.1824163e-04
   1.6564444e-02  -2.4830625e-02   1.5493327e-01  -1.4609559e-03  -1.4056594e-03  -6.9225684e-05
   4.3153148e-02   4.8880101e-02   1.9130612e-01  -3.1777599e-04  -8.5581286e-04   4.7991569e-04
   4.7880481e-02  -2.7781659e-02   1.2971621e-01  -1.4572384e-03  -2.3855996e-03   6.4665799e-04
   3.3653461e-02  -9.8908005e-02   8.2343089e-02   2.6437727e-04  -1.7860006e-03   3.9196052e-04
   1.1931477e-02  -6.3660466e-02   7.5090608e-03  -1.7723402e-03  -3.1361227e-03   4.3598399e-04
  -5.0839902e-02  -8.5490849e-02   1.1732811e-01  -5.9168793e-04  -1.9204993e-03  -3.6153286e-04
  -7.6734407e-02   3.3949949e-03   3.0909055e-01  -1.3848242e-03  -2.4966474e-03  -7.2604390e-04
  -7.2405271e-02  -4.6254463e-02   1.7543675e-01  -1.8546269e-03  -4.1369623e-03  -9.7129317e-04
  -1.0384154e-01   8.9191824e-02   3.3830464e-01  -5.6098319e-04  -3.1623005e-03  -4.1311714e-04
  -6.5065713e-02  -3.7135099e-03   1.8985676e-01  -7.6851327e-04  -3.8546695e-03  -4.5803818e-04
  -1.3008812e-01  -3.7542684e-02   2.1224010e-01  -6.6106392e-04  -3.3258147e-03  -1.0309503e-03
  -1.3008287e-01  -2.4182799e-02   2.4971941e-01  -1.9300629e-03  -3.2890327e-03  -9.4790084e-04
  -1.3818236e-01  -6.1084995e-02   1.6037231e-01  -1.5025452e-03  -3.4699494e-03  -1.4231900e-03
  -1.3400727e-01  -6.1386495e-02   1.7924223e-01  -1.6251788e-03  -3.2867626e-03  -1.3455580e-03
  -1.5312180e-01  -7.5524641e-02   1.8166584e-01  -1.5380231e-03  -3.1869066e-03  -1.7071084e-03
  -1.6040518e-01   8.1295740e-02   3.3249013e-01  -1.3003871e-03  -2.6009492e-03  -1.3227624e-03
  -1.6920639e-01  -2.7002406e-03   2.4748736e-01  -1.3970429e-03  -2.7157733e-03  -1.8857635e-03
  -1.9521045e-01   1.6010883e-01   3.2993944e-01  -8.7674838e-04  -2.0666690e-03  -1.9302105e-03
  -1.0071463e-01  -1.2334154e-02   9.8470958e-02   3.6274144e-04  -3.9655009e-03  -2.5564686e-04
  -1.8426455e-01   3.2701960e-04   1.4650569e-01  -1.1873851e-03  -3.1075206e-03  -1.8643488e-03
  -1.5813542e-01  -5.6921450e-02   3.7927873e-03   2.1868946e-04  -3.9454962e-03  -1.2982673e-03
  -1.8066465e-01  -3.9349943e-02   3.6401553e-02   2.1012727e-04  -3.3383852e-03  -2.3256807e-03
  -1.5161002e-01  -4.9062712e-02  -8.1771013e-02   6.0684523e-04  -4.3267837e-03  -1.7710987e-03
  -1.7644913e-01   1.0485423e-01   2.4842119e-01   3.7132609e-04  -2.0992045e-03  -2.7955549e-03
  -1.8246278e-01   1.4636785e-01   2.1597513e-01   2.9137544e-04  -3.3053940e-03  -1.8491769e-03
  -1.2950818e-01   2.5011255e-02   3.6823431e-04   1.7820260e-03  -3.7672166e-03  -1.4748968e-03
  -1.6874071e-01  -1.3324398e-02   2.0581620e-02  -1.1198812e-04  -3.7872512e-03  -1.6359075e-03
  -1.6080471e-01   7.4824105e-02   6.4736135e-02   3.0189825e-04  -3.4749796e-03  -1.8126723e-03
  -1.6125236e-01   3.7608661e-02   6.4227471e-02   8.8660174e-04  -3.3619257e-03  -1.6155032e-03
  -1.4791883e-01   1.2622337e-02   2.6535454e-02  -2.3689059e-04  -3.6465185e-03  -1.6777878e-03
  -1.4482756e-01  -1.0600341e-02  -6.6559286e-02   4.4671299e-04  -3.7263923e-03  -1.9545517e-03
  -1.2889579e-01   5.6387853e-02   1.3266052e-01  -4.8748657e-04  -2.8179646e-03  -1.7033357e-03
  -1.9426237e-01   3.7419809e-01   5.2598294e-01  -1.7228991e-03  -8.3365311e-04  -1.3781371e-03
  -1.3028205e-01   1.6791760e-01   6.4667783e-02   1.6108290e-03  -2.6353787e-03  -9.4434145e-04
  -9.2653694e-02   7.5197042e-02   4.2460342e-02   1.1687565e-03  -3.2583614e-03  -8.3846783e-04
  -1.0744219e-01   2.8510363e-02  -5.2813206e-02   1.4480848e-03  -3.4891325e-03  -7.8956860e-04
  -1.0493854e-01   1.1427618e-02   8.7938908e-02   9.7235468e-04  -3.0688224e-03  -1.0767153e-03
  -1.3415101e-01   8.7901161e-02   1.8033429e-01   1.8193539e-04  -2.5087148e-03  -8.6978998e-04
  -1.1252143e-01   7.9158916e-02   1.8157754e-01   1.3952639e-03  -3.0791124e-03  -4.5252269e-04
  -1.2956913e-01   5.3317387e-02   1.8220257e-01   1.5663073e-04  -2.1862586e-03  -7.2349945e-04
  -2.5334905e-01   4.6281512e-01   3.4600416e-01   1.9356576e-03  -1.5692502e-03  -7.7839469e-04
  -2.5609340e-01   4.3821280e-01   3.0396518e-01   1.8152272e-03  -1.7075612e-03  -1.4385907e-03
  -1.9650849e-01   1.4210238e-01  -4.2044542e-03   2.6513662e-03  -2.4782703e-03  -1.2571103e-03
  -1.6312186e-01   9.0745983e-02   2.6753190e-02   2.8966838e-03  -2.8689523e-03  -7.1002388e-04
  -1.4637811e-01   3.4669983e-02  -7.2420411e-02   2.9347564e-03  -3.6276679e-03  -2.8622903e-04
  -1.7430043e-01   2.6627805e-02   8.7455322e-02   2.0284938e-03  -3.0823194e-03  -9.5083495e-04
  -1.4876442e-01   3.1877690e-02  -6.8249651e-02   2.9016559e-03  -3.8926904e-03  -5.2347839e-04
  -1.4506528e-01   1.8655048e-02   3.6599818e-03   1.3831907e-03  -3.1777302e-03  -7.4127961e-04
  -1.8459843e-01   5.1011784e-02   1.5348660e-01   2.0415876e-04  -2.9255309e-03  -8.4267130e-04
  -1.6861891e-01   1.6308501e-02  -3.1612791e-02   1.6826239e-03  -3.3943287e-03  -7.2715669e-04
  -2.1602669e-01   1.6737266e-01   8.8477592e-02   1.9867410e-03  -3.3465148e-03  -1.2565499e-03
  -2.0533459e-01   7.8012524e-02   1.2775944e-01   7.7647703e-04  -2.6663943e-03  -1.2290693e-03
  -2.5155601e-01   4.1693151e-01   5.0563065e-01   1.2413707e-03  -9.2715881e-04  -1.3958679e-03
  -1.7943927e-01   1.7486653e-01   2.5491775e-01   1.5164528e-03  -2.9992235e-03  -9.1461018e-04
  -1.6760187e-01   7.0555835e-02   6.1309388e-02   9.1728903e-04  -3.6420925e-03  -8.0182342e-04
  -1.6035876e-01   6.9208753e-02   3.3734216e-02   1.1170539e-03  -3.8566211e-03  -1.0173225e-03
  -1.4389027e-01   7.4959908e-02  -7.7999278e-02   1.7416731e-03  -3.8649602e-03  -1.1492913e-03
  -1.6066165e-01   7.2770517e-02   1.7833016e-02   1.3455236e-03  -3.4313892e-03  -1.5342676e-03
  -1.7823603e-01   5.2339209e-02   6.4037569e-02   1.4510605e-03  -3.2098461e-03  -1.2377573e-03
  -1.4081802e-01   1.5148744e-01   2.2927976e-01   1.6906079e-03  -3.3298033e-03  -9.9372348e-04
  -7.2442848e-02   1.8183749e-01   2.0131943e-01   1.3007124e-03  -3.3900474e-03  -3.1393023e-04
  -5.2515171e-02   9.6853025e-02   6.5321484e-02   1.7224346e-03  -4.4232549e-03  -7.0154638e-06
  -6.6731906e-02   1.3971098e-01   1.2079404e-01   1.4037376e-03  -4.2469446e-03  -4.8480281e-04
  -4.5524410e-02   1.2400272e-01  -5.3797986e-02   3.2414390e-03  -5.2392479e-03  -5.3680047e-05
  -4.3336224e-02   1.2131634e-01   2.0277487e-01   2.8314139e-03  -4.0062384e-03  -1.4553884e-04
  -5.5050691e-02   1.1778908e-01   1.9967067e-01   5.7379404e-04  -5.1915429e-03   2.6603670e-04
  -8.8296816e-02   1.0577479e-01   2.8880863e-01   1.1359254e-03  -3.7396303e-03  -8.5894640e-04
  -9.7172182e-02   1.9229342e-01   3.7472540e-01  -6.3437602e-06  -3.9169040e-03  -2.9121215e-04
  -6.7144963e-02   1.5409459e-01   1.4359814e-01   1.8172105e-03  -4.5240060e-03   4.8008346e-04
  -1.4725130e-01   1.0203829e-01   2.1642494e-01   1.3807079e-03  -4.1004262e-03  -8.3871658e-04
  -1.4815899e-01   1.1624481e-01   3.8117844e-02   2.2794793e-03  -4.8533701e-03  -5.4356004e-04
  -1.2610663e-01   2.2604445e-01   3.0619707e-01   2.1563915e-03  -3.6927695e-03  -2.4249979e-04
  -1.0251301e-01   1.3230367e-01   2.0466516e-01   6.3862656e-04  -4.6264562e-03   5.6245680e-05
  -1.3883087e-01   1.3076650e-01   1.6625926e-01   1.1121036e-03  -4.1419916e-03  -5.2924805e-04
  -1.1405906e-01   2.3373068e-01   2.1145060e-01   2.5258825e-03  -4.1096556e-03  -1.6517578e-04
  -1.2764517e-01   1.5190647e-01   3.3814971e-01  -7.2406570e-04  -3.4083868e-03  -8.5687991e-04
  -1.3711373e-01   2.0368276e-01   2.2249294e-01   3.9819491e-04  -3.6083432e-03  -9.9596650e-04
  -1.2155399e-01   1.7187308e-01   1.5543381e-01   1.5512275e-03  -4.4041129e-03  -3.3240699e-04
  -1.0713449e-01   1.4954815e-01   3.9572910e-02   1.7757919e-03  -4.7441938e-03  -1.1564314e-04
  -1.6300828e-01   3.0438262e-01   4.4770118e-01   1.6097086e-04  -3.0113501e-03   7.0670153e-05
  -2.5588515e-01   6.1164840e-01   5.3081405e-01   2.2831051e-05  -2.6299114e-03  -7.3180294e-04
  -9.9449403e-02   2.1811323e-01   6.6379124e-02   1.6621617e-03  -5.0410912e-03  -1.3092273e-04
  -1.1467573e-01   1.8000521e-01   1.1044936e-01   9.4005596e-04  -3.9055858e-03  -5.2401762e-04
  -1.1955561e-01   1.7563475e-01   3.5350358e-02   8.4527717e-04  -4.5789942e-03  -6.0295034e-04
  -1.3253164e-01   1.7167595e-01   1.2766787e-01   2.9086691e-04  -4.2347657e-03  -7.7944178e-04
  -1.1234458e-01   1.4874828e-01  -7.9982174e-03   1.0524210e-03  -4.8404137e-03  -5.4130457e-04
  -1.1291148e-01   1.7525847e-01   1.3292147e-01   8.4835009e-04  -4.0931735e-03  -1.2869221e-04
  -8.0759330e-02   1.5479039e-01   1.2075248e-01   4.1902771e-04  -4.6979868e-03   2.6374031e-04
  -1.3303761e-01   1.4312117e-01   2.3938538e-02   1.9213594e-03  -3.7650358e-03  -4.6587736e-04
  -1.5274719e-01   2.3363898e-01   1.7811976e-01   1.9963834e-03  -3.3981452e-03   1.1619912e-04
  -1.1791998e-01   1.7563023e-01   6.1536462e-02  -5.2387718e-05  -4.6660168e-03   5.3175655e-04
  -9.3011803e-02   2.4872777e-01   2.9026093e-01   1.5232661e-03  -3.4333960e-03   4.7712106e-04
  -8.5166084e-02   2.2853556e-01   3.3578487e-01  -6.1696890e-04  -3.7368245e-03   8.7537925e-04
  -8.6492197e-02   1.5617935e-01   1.2192997e-01   1.0489471e-03  -4.3851600e-03   9.0950958e-04
  -8.5631376e-02   1.6725277e-01   1.6915096e-01   2.1543464e-05  -4.1454011e-03   9.0074990e-04
  -1.2006814e-01   1.7664203e-01   1.7586563e-01   4.0947411e-04  -4.3261369e-03   4.9823810e-04
  -1.1633106e-01   1.7698186e-01   1.2232106e-01   3.6679674e-04  -4.3898950e-03   7.0025431e-04
  -1.2275168e-01   2.3581479e-01   2.3877480e-01   9.5216776e-04  -3.8279582e-03   3.8691128e-04
  -1.1205548e-01   1.6038382e-01   2.5674072e-01  -2.8017128e-04  -4.3853468e-03   9.4328654e-04
  -1.1377824e-01   1.5961239e-01   1.5208797e-01   4.7768922e-04  -4.9205984e-03   8.1622688e-04
  -1.2414373e-01   1.7068066e-01   2.3038140e-01  -4.0308144e-05  -4.7595673e-03   1.7444966e-04
  -1.0819962e-01   1.6446076e-01   5.2262477e-02   1.1441560e-03  -5.1632912e-03   8.8581134e-04
  -9.7195430e-02   1.6391740e-01   3.0606382e-01   5.5287581e-04  -4.1060374e-03   6.6608025e-04
  -1.0592789e-01   2.0400737e-01   2.9426032e-01   3.8927757e-04  -4.3048481e-03   9.7120182e-04
  -1.0840385e-01   2.2763367e-01   1.6267091e-01   1.2562388e-03  -5.3343675e-03   1.0282557e-03
  -1.3316461e-01   3.5580456e-01   4.0434584e-01   1.2668022e-03  -4.3510072e-03   5.0483820e-04
  -8.5912589e-02   2.2516029e-01   2.1413571e-01   1.8323405e-03  -5.4115656e-03   1.1299264e-03
  -1.5186191e-01   2.5995710e-01   3.5786011e-01   8.3806795e-04  -4.5825987e-03   1.9618371e-04
  -1.4491334e-01   2.5410413e-01   2.4185168e-01   2.4949484e-03  -4.7473471e-03   2.1812069e-04
  -1.7153236e-01   2.1274586e-01   8.4250840e-02   2.9382862e-03  -5.3439126e-03  -2.0423466e-04
  -1.3147986e-01   1.7325939e-01   1.4107203e-01   2.0681084e-03  -5.9468856e-03   9.9303255e-04
  -1.7780225e-01   2.0970809e-01   3.1003114e-01   1.7067304e-03  -4.3784067e-03   6.0933350e-04
  -2.1760747e-01   4.4474111e-01   8.2596739e-01  -1.8492592e-03  -2.6200262e-03   2.6812967e-04
  -1.5762697e-01   2.5556437e-01   2.2739846e-01   1.6770722e-03  -4.6944218e-03   8.3351086e-04
  -1.7046236e-01   2.6797618e-01   3.4275223e-01  -2.2648631e-04  -4.1135402e-03   7.3298463e-04
  -1.6505316e-01   2.5076901e-01   1.2549338e-01   2.7147260e-03  -4.9511819e-03   7.7582730e-04
  -1.8332488e-01   2.5954231e-01   1.1284851e-01   2.0714310e-03  -4.5708267e-03   1.4057101e-04
  -1.7737674e-01   1.9457536e-01   2.4614478e-01   9.9936428e-06  -5.0262566e-03   4.3689066e-04
  -2.7234112e-01   1.9183643e-01   2.5200243e-01  -7.9236629e-04  -4.7080557e-03  -7.0009567e-04
  -2.1487217e-01   1.4856535e-01   1.0874687e-01   9.6815167e-04  -5.5383783e-03   2.7370087e-04
  -2.4564756e-01   3.9006369e-01   5.2876784e-01   5.8443028e-04  -3.6761918e-03  -1.1435743e-04
  -2.5645996e-01   4.7147856e-01   5.5251270e-01  -1.3531587e-03  -3.9872828e-03   1.9554914e-04
  -2.1376683e-01   2.9049308e-01   1.5835564e-01   9.0334937e-04  -5.3209152e-03   6.4500982e-04
  -2.5489550e-01   3.1680015e-01   1.8706552e-01   6.7641243e-04  -4.9663989e-03   4.7990382e-04
  -2.4505784e-01   2.8476102e-01   1.9485112e-01   3.7753551e-04  -5.2088512e-03   6.0746413e-04
  -2.2328903e-01   2.7024540e-01   2.9616095e-01  -1.2455079e-03  -5.5308115e-03   8.2714058e-04
  -2.1076453e-01   2.6476783e-01   2.9043965e-01  -5.8349388e-04  -5.1576801e-03   7.1845047e-04
  -2.8529638e-01   7.2546894e-01   7.9209533e-01  -6.1844311e-04  -3.6469310e-03   9.7609067e-04
  -2.6523227e-01   7.7691454e-01   5.2800598e-01  -1.8549149e-03  -5.9993166e-03   1.4615907e-03
  -2.0641034e-01   4.2017799e-01   2.2005746e-01  -6.6031504e-04  -6.9571869e-03   6.8863923e-04
  -1.8650427e-01   3.7460746e-01   2.8861680e-01  -2.0837934e-03  -6.3334485e-03   1.5818772e-03
  -1.8377932e-01   3.2767219e-01   1.0326617e-01  -5.9462543e-05  -6.3848395e-03   1.9209021e-03
  -1.9548996e-01   3.3975294e-01   1.5626292e-01   1.9070776e-06  -5.9119299e-03   1.8183572e-03
  -1.8943677e-01   3.0306644e-01   1.9242656e-01  -2.0499832e-03  -6.7743972e-03   1.5099772e-03
  -1.6701719e-01   3.5459886e-01   4.6221463e-01  -4.0177847e-03  -6.6972078e-03   2.1023834e-03
  -1.8944517e-01   5.2731746e-01   7.9109517e-01  -3.7771263e-03  -5.9644918e-03   2.1330267e-03
  -1.0996730e-01   4.0403252e-01   4.2499503e-01  -2.3167325e-03  -6.9153118e-03   2.3625995e-03
  -1.3267243e-01   3.6627999e-01   4.2438536e-01  -4.1920426e-03  -6.9871834e-03   2.3806355e-03
  -1.5788610e-01   3.3194935e-01   3.5416275e-01  -2.4816271e-03  -7.3798101e-03   2.3533745e-03
  -1.5496279e-01   4.4125496e-01   6.5966457e-01  -3.8050324e-03  -7.2623560e-03   2.4583399e-03
  -1.7101891e-01   4.0185863e-01   6.7854572e-01  -5.2685972e-03  -7.3819681e-03   2.4333493e-03
  -1.4836037e-01   3.4517788e-01   4.2402101e-01  -3.4583958e-03  -8.0145383e-03   2.7975918e-03
  -1.5048376e-01   3.8088808e-01   6.0672319e-01  -3.9072702e-03  -8.0752946e-03   3.1339138e-03
  -1.6180432e-01   3.9140251e-01   4.0115853e-01  -3.0111538e-03  -8.0639351e-03   2.9871342e-03
  -1.6958917e-01   4.8132751e-01   6.2405733e-01  -1.6398248e-03  -7.4802839e-03   2.9844840e-03
  -1.6519862e-01   4.1503306e-01   5.3016470e-01  -3.9192233e-03  -7.8977486e-03   3.2211996e-03
  -1.8498409e-01   4.8491129e-01   7.2512999e-01  -2.8095866e-03  -7.1520051e-03   3.3734213e-03
  -1.5415384e-01   3.9207995e-01   5.7766197e-01  -2.4320543e-03  -7.8422024e-03   3.7063646e-03
  -1.3485041e-01   3.9329117e-01   5.1472227e-01  -3.2732001e-03  -8.2629764e-03   3.6198877e-03
  -1.6406067e-01   3.7100523e-01   5.7395919e-01  -4.5125549e-03  -8.4998614e-03   3.6590355e-03
  -1.6714612e-01   3.8778775e-01   5.1377881e-01  -3.8914302e-03  -8.3760120e-03   3.4164270e-03
  -1.5426065e-01   3.3872723e-01   4.4705627e-01  -4.3004123e-03  -8.7606475e-03   3.7685572e-03
  -1.6404630e-01   3.7680439e-01   7.0240452e-01  -4.4739187e-03  -7.9442841e-03   3.3905309e-03
  -1.4390459e-01   4.0935955e-01   6.1637464e-01  -4.6913730e-03  -8.5675362e-03   4.0616481e-03
  -1.5432912e-01   4.0481528e-01   6.8326991e-01  -3.7290697e-03  -8.1031808e-03   3.6390108e-03
  -2.2092933e-01   6.1761588e-01   7.7324704e-01  -4.5813640e-03  -7.4769736e-03   3.0685306e-03
  -1.3972649e-01   4.1387885e-01   3.9320819e-01  -1.0734014e-03  -9.6244404e-03   4.2016314e-03
  -1.4760578e-01   3.9879001e-01   5.1207224e-01  -2.1730534e-03  -9.7002803e-03   3.8043551e-03
  -1.4466317e-01   3.5791638e-01   4.5513282e-01  -2.7447536e-03  -9.9793661e-03   4.2238103e-03
  -1.5036653e-01   3.9034443e-01   5.7436565e-01  -3.5905335e-03  -9.4979774e-03   3.7455308e-03
  -1.2479863e-01   3.6567251e-01   5.3745916e-01  -3.9078121e-03  -1.0071620e-02   4.4175453e-03
  -1.4458219e-01   5.0636722e-01   8.4719696e-01  -3.2697544e-03  -9.5806263e-03   4.1343622e-03
  -1.2371491e-01   5.2215817e-01   6.2696587e-01  -2.2126413e-03  -1.0463146e-02   4.4822489e-03
  -1.2236886e-01   4.1627524e-01   4.5163414e-01   9.5709677e-05  -1.0959749e-02   4.5921849e-03
  -8.7113932e-02   4.3616471e-01   4.3223964e-01  -2.5326173e-04  -1.1101251e-02   5.4915820e-03
  -8.4116190e-02   4.2535223e-01   3.8783315e-01  -3.5559357e-04  -1.0317283e-02   5.8205985e-03
  -7.3741405e-02   5.3239502e-01   6.0331876e-01   2.7186346e-04  -9.6108402e-03   5.4610918e-03
  -1.6275705e-02   4.5390757e-01   6.0420126e-01  -9.6398595e-04  -1.0073041e-02   6.3674305e-03
  -3.6075399e-02   4.0918060e-01   6.2031675e-01  -1.6643220e-03  -9.7488229e-03   5.6645614e-03
  -2.0595616e-02   3.9420017e-01   5.4871063e-01  -2.3978731e-03  -1.0160179e-02   6.2066255e-03
  -4.1142695e-02   4.2140849e-01   7.1428600e-01  -2.6457631e-03  -9.7362834e-03   5.8891158e-03
  -6.1953440e-02   4.6866208e-01   8.0225996e-01  -3.9499931e-03  -9.7316356e-03   5.6687165e-03
  -8.3374104e-02   7.7888329e-01   8.5752414e-01  -1.0291982e-03  -1.0018925e-02   5.6354625e-03
   1.9928345e-02   8.8515167e-01   9.3738696e-01  -2.1933475e-03  -1.0791832e-02   6.6930522e-03
   7.3012749e-02   5.5851891e-01   5.5078904e-01  -1.7492382e-03  -1.2067129e-02   7.4578930e-03
   8.4062563e-02   5.1434624e-01   5.3941233e-01  -1.2327227e-03  -1.2253959e-02   7.6949260e-03
