   0.0000000e+00   0.0000000e+00   0.0000000e+00   0.0000000e+00   0.0000000e+00   0.0000000e+00
  -4.6804418e-03  -1.1665710e-02  -3.2969016e-03   7.1699866e-05  -2.0304873e-04  -9.9020692e-05
   2.2609381e-03  -3.0387656e-02   2.3914878e-02  -1.3239527e-03  -2.2074532e-04   5.2464472e-05
  -3.2641849e-03  -2.8034252e-02   2.4294930e-02  -7.9401851e-04  -3.2838986e-04  -4.3575898e-04
  -5.4034463e-03   1.0156500e-02   2.5790803e-02  -6.4764442e-04  -4.0299154e-04  -4.7511012e-04
  -2.2392683e-02  -3.0512729e-02   3.5014741e-02  -7.5358598e-04  -4.4052426e-04  -6.6317323e-04
  -1.2210466e-02  -1.6268889e-02   4.4991310e-02  -8.9376892e-04  -6.1333009e-04  -8.1963117e-04
  -2.2502099e-02  -1.3311022e-02   6.6639942e-02  -1.2183444e-03  -4.7962574e-04  -7.9593997e-04
  -2.4446408e-02  -3.5246142e-02   2.8719684e-02  -1.0450946e-03  -5.9284670e-04  -9.1936710e-04
  -5.6852281e-03   4.6130667e-02   3.7453545e-02  -1.0623190e-03  -5.4295191e-04  -8.0595864e-04
  -5.5346077e-03   4.6891717e-02   5.7506719e-02  -8.2094353e-04  -6.1881604e-04  -9.8501906e-04
  -1.4341303e-02   3.5591978e-02   2.5616498e-02  -3.7404728e-04  -8.1168647e-04  -8.5339179e-04
  -2.6903776e-02   3.3445415e-03   6.6104350e-02  -8.4759918e-04  -6.6329181e-04  -9.7917988e-04
  -3.0770457e-02  -2.3531463e-02   1.9571454e-02  -1.0127108e-03  -7.6583950e-04  -1.0410749e-03
  -2.4620200e-02  -1.4123287e-02   5.9348883e-03  -1.2231058e-03  -9.2738507e-04  -7.9268871e-04
  -3.1283206e-02   5.5521214e-02   6.6632944e-03  -1.1817585e-03  -7.2779513e-04  -9.6955691e-04
  -2.8055684e-02   5.4096210e-02   9.5294704e-02  -1.5131371e-03  -3.7030659e-04  -9.0359738e-04
  -3.1121537e-02  -4.3002552e-03   2.5396326e-03  -9.7592647e-04  -6.0538531e-04  -8.3938976e-04
  -2.4721491e-02   1.1961564e-02   5.7704434e-02  -2.4081460e-03  -7.8638290e-04  -9.0819017e-04
  -2.6482796e-02   3.2566810e-02   1.7897683e-02  -1.6366008e-03  -6.9464516e-04  -1.0455885e-03
  -2.7771190e-02   2.3288225e-02   1.1161125e-02  -1.9960240e-03  -6.7977749e-04  -9.0148516e-04
  -2.5065579e-02   4.7871136e-02   2.8255797e-02  -1.4817216e-03  -5.6811018e-04  -9.5651715e-04
  -2.6658539e-02   6.1383499e-02   3.0281490e-02  -1.5637891e-03  -6.6459330e-04  -9.8425107e-04
  -2.1432278e-02   5.7414969e-02   2.5846388e-02  -1.2074768e-03  -4.3313923e-04  -8.9410078e-04
  -2.2437441e-02   6.0765827e-02   3.5981160e-02  -1.2493281e-03  -3.0208521e-04  -8.5453275e-04
  -3.2211970e-02   7.0122143e-02   1.0895850e-02  -1.0833854e-03  -1.0159489e-04  -8.3828857e-04
  -1.8839616e-02   7.4150307e-02   2.3644037e-02  -1.1012908e-03  -2.7342177e-04  -8.9492554e-04
  -2.4017171e-02   8.3227211e-02  -1.1310427e-02  -6.0775042e-04  -2.7790010e-04  -7.2575072e-04
  -2.3336894e-02   9.3442304e-04   3.3569238e-03  -1.9816747e-04  -3.0124461e-04  -9.3141214e-04
  -3.1993840e-02  -1.7621402e-02   6.6474173e-02  -1.6267748e-03  -2.2818144e-04  -6.5937390e-04
  -1.6894371e-02   7.7848560e-02   6.8360918e-02  -2.2430370e-03  -3.1715563e-04  -6.8568069e-04
  -4.8651170e-03   9.2426256e-02   7.5000491e-02  -1.9508006e-03  -6.2164849e-05  -6.2394685e-04
  -1.7174199e-02   5.2376901e-02   2.6796372e-02  -1.5173160e-03   8.3359552e-05  -3.5061031e-04
  -2.2226017e-03   7.5398107e-02   1.2773024e-01  -2.3210936e-03  -8.1324407e-05  -5.7035689e-04
   4.4648785e-04   6.3934542e-02   1.1045087e-01  -1.7572292e-03  -1.0039898e-04  -8.7677374e-04
  -1.5939472e-02   5.5559325e-02   8.8653326e-02  -1.2250827e-03  -4.6396815e-04  -6.7322780e-04
  -4.0211951e-02   4.6865278e-02   9.8753667e-02  -1.5223672e-03  -5.1940719e-04  -9.9650547e-04
  -4.1312853e-02   6.4310316e-02   7.4496633e-02  -2.1826736e-03  -3.6524564e-04  -1.0945575e-03
  -1.5525190e-02   8.3831950e-02   1.0892672e-01  -2.2930002e-03  -5.5029002e-04  -7.7447295e-04
  -1.6673631e-02   9.0201991e-02   8.9909017e-02  -2.1944899e-03  -4.7434273e-04  -9.2159683e-04
  -1.1707079e-02   1.1724400e-01   8.9431616e-02  -2.1367033e-03  -2.8853510e-04  -6.4678304e-04
  -1.0713177e-02   1.3115068e-01   7.0930595e-02  -1.7678661e-03  -2.0270007e-04  -8.0145695e-04
  -2.6688512e-02   1.1084645e-01   1.0189388e-01  -1.7482587e-03  -1.7235872e-04  -7.0143747e-04
  -2.6453260e-02   5.2293795e-02   9.3956657e-02  -1.4058647e-03  -1.4453495e-04  -6.4496697e-04
  -1.9966625e-02   6.2718363e-02   8.5568986e-02  -2.4703275e-03  -1.2762195e-04  -4.6834577e-04
  -9.1596523e-03   9.7463079e-02   9.6033759e-02  -2.4119385e-03  -3.1026915e-04  -4.8980258e-04
  -4.6937133e-03   1.3893385e-01   1.7619748e-01  -2.5648789e-03  -1.0691727e-04  -6.2124350e-04
  -1.0600968e-02   1.0812056e-01   1.2597393e-01  -2.2860363e-03  -3.3959131e-06  -6.2316564e-04
  -9.2445618e-03   9.2843045e-02   1.0766214e-01  -1.7299269e-03   1.6528258e-06  -5.1171129e-04
  -2.4780838e-02   7.4086453e-02   1.0500300e-01  -1.9417035e-03  -1.1912164e-04  -7.1438355e-04
  -1.2441310e-02   1.0204988e-01   1.3184405e-01  -2.4986091e-03  -2.0853033e-04  -4.0721392e-04
  -1.7325980e-02   8.6719558e-02   1.2190938e-01  -2.0824715e-03   5.1121659e-05  -7.8257044e-04
  -2.6309793e-02   8.0578263e-02   8.6381852e-02  -2.3000179e-03  -3.5403554e-04  -8.6509185e-04
  -2.4575686e-02   1.0749447e-01   8.0547486e-02  -2.6605985e-03  -3.0470999e-04  -7.8203841e-04
  -2.3405579e-02   1.2112485e-01   5.4759731e-02  -2.7155779e-03  -5.3941595e-04  -7.5947962e-04
  -2.5138394e-02   1.4893988e-01   1.1627328e-01  -2.4753235e-03  -2.8605772e-04  -8.7621709e-04
  -7.7406168e-03   1.5011866e-01   1.0667488e-01  -3.0091140e-03  -5.1106022e-04  -8.6364812e-04
  -2.6393671e-02   1.7224474e-01   9.3139191e-02  -2.3540905e-03  -2.6795048e-04  -9.9369921e-04
  -1.9392016e-02   1.6815063e-01   1.0723082e-01  -2.0643240e-03  -2.4513015e-04  -9.5374376e-04
  -2.1596354e-02   1.4364078e-01   9.6256554e-02  -1.5995154e-03  -2.8528157e-04  -1.0903258e-03
  -2.8286899e-02   1.1192032e-01   8.6859212e-02  -1.4986999e-03  -2.4983650e-04  -1.1842756e-03
  -2.0597296e-02   1.1536143e-01   1.0564104e-01  -1.8555473e-03  -3.4809486e-04  -7.2906506e-04
  -2.2254933e-02   1.0324747e-01   1.1203340e-01  -1.7904936e-03  -3.5772519e-04  -9.6200339e-04
  -4.3145927e-02   8.5581624e-02   8.5795773e-02  -2.1587686e-03  -2.7458994e-04  -1.0312693e-03
  -2.1948727e-02   1.1286009e-01   6.8367561e-02  -2.4053157e-03  -6.6944246e-04  -7.2491917e-04
  -2.2050299e-02   1.3199831e-01   7.8825514e-02  -2.3633064e-03  -5.9859337e-04  -6.2640111e-04
  -1.1789999e-02   1.6461224e-01   9.7329730e-02  -1.8690977e-03  -3.2547407e-04  -9.0824014e-04
  -2.0123963e-02   1.5155709e-01   6.5500477e-02  -1.1945875e-03  -2.6236577e-04  -7.7415911e-04
  -2.1862680e-02   1.1038770e-01   1.1522639e-01  -1.4822585e-03  -2.1330516e-04  -7.4929478e-04
  -2.4696172e-02   9.3742454e-02   5.6242147e-02  -2.0902476e-03  -4.6886991e-04  -7.5088451e-04
  -1.4214666e-02   1.2862525e-01   8.0046888e-02  -2.1299521e-03  -4.2090978e-04  -6.6118918e-04
  -2.0663308e-02   1.0761970e-01   8.2968616e-02  -2.3173335e-03  -4.7662285e-04  -8.5326892e-04
   4.6130124e-03   1.9432054e-01   6.0142114e-02  -1.8323414e-03  -1.2406713e-04  -7.9144140e-04
  -9.0744391e-03   1.8740775e-01   4.6938721e-02  -1.8973004e-03  -2.9120166e-04  -8.9317219e-04
  -1.3314371e-02   1.6739963e-01   7.3504038e-02  -1.6837442e-03  -3.1398480e-04  -8.0690189e-04
  -7.7460140e-03   1.5042150e-01   8.5531990e-02  -1.3957503e-03  -1.0018907e-04  -8.8305420e-04
  -3.1468839e-02   1.2743360e-01   5.4028929e-02  -1.6488739e-03  -2.9997569e-04  -8.1995047e-04
  -1.7562848e-02   1.7651039e-01   7.2593212e-02  -2.0594902e-03  -2.2296023e-04  -9.1613070e-04
  -1.0759121e-02   1.9881895e-01   1.0714207e-01  -2.2277758e-03  -1.7238771e-04  -7.4745166e-04
  -8.6395623e-03   2.0993543e-01   1.0368583e-01  -2.0906604e-03  -2.9840730e-04  -9.1829897e-04
  -2.5155132e-02   1.3230136e-01   6.0985470e-02  -1.4789129e-03  -2.0592312e-04  -8.4794495e-04
  -2.0078694e-02   1.2469719e-01   7.8642327e-02  -1.7158039e-03  -5.1395796e-04  -8.0898592e-04
  -2.0877834e-02   1.5638841e-01   7.1982085e-02  -2.2756353e-03  -2.1494011e-04  -7.5854538e-04
  -2.0062870e-02   1.5885760e-01   7.8768489e-02  -2.6089924e-03  -1.7328651e-04  -6.1821518e-04
  -8.9055661e-03   1.9866758e-01   9.8107332e-02  -2.3352484e-03  -1.2874416e-04  -5.9813508e-04
  -3.6952495e-03   1.6734810e-01   7.2981665e-02  -2.0276634e-03  -1.3558622e-04  -5.6807915e-04
   3.7200220e-03   1.9827451e-01   4.7149773e-02  -1.4059318e-03   2.7401200e-04  -3.3582803e-04
  -4.3238664e-03   1.8317352e-01   6.6239504e-02  -9.7262215e-04   9.9125960e-05  -5.5603074e-04
  -1.0586056e-02   1.6289198e-01   7.9849008e-02  -1.2912336e-03   3.7528102e-04  -6.2696883e-04
  -1.4749509e-02   1.5206519e-01   4.3419491e-02  -8.5540776e-04   3.7487432e-04  -5.7061527e-04
  -1.9686345e-02   1.7225943e-01   5.3952285e-02  -1.4116530e-03   2.1895038e-04  -4.4511418e-04
  -1.1347933e-02   1.5536806e-01   5.3136222e-02  -1.8254167e-03   2.9769260e-04  -2.6887515e-04
  -1.3193770e-02   2.2948478e-01   5.6282757e-02  -1.4559124e-03   4.5785464e-04  -4.9245141e-04
  -5.5451802e-03   1.6470648e-01   5.4013829e-02  -1.5255867e-03   2.4076793e-04  -3.7978148e-04
  -1.7225344e-02   1.5145971e-01   8.3535199e-02  -1.0065588e-03   4.2419762e-04  -6.8068938e-04
  -1.6439783e-02   1.6732090e-01   1.2548790e-02  -1.4075602e-03   5.2125695e-04  -2.6638057e-04
  -5.5689656e-03   2.1895695e-01   7.8343884e-02  -2.1403002e-03   3.7982493e-04  -2.0466137e-04
  -1.4895600e-02   1.9499611e-01   8.5042338e-02  -2.0930462e-03   2.9619881e-04  -4.7278705e-04
  -1.6539639e-02   2.2868045e-01   4.3286892e-02  -1.5785864e-03   3.7283626e-04  -3.3909975e-04
  -1.1986803e-02   2.4740452e-01   1.0589227e-01  -1.7580202e-03   7.3000481e-04  -3.2802229e-04
  -2.0276847e-02   2.1837459e-01   8.7566917e-02  -1.1170184e-03   5.4200993e-04  -5.7516136e-04
   1.3833766e-03   2.1449497e-01   2.7856741e-02  -9.2842965e-04   4.9181950e-04  -1.8279366e-04
   1.2391109e-03   1.9111055e-01   2.3349115e-02  -1.0655639e-03   6.1167938e-04  -1.5800571e-04
  -2.6540503e-03   1.8793810e-01   4.8191499e-02  -4.2465781e-04   5.0833858e-04  -1.7472348e-04
  -3.6651597e-03   1.6472372e-01   3.0355426e-02  -9.7262388e-04   4.9603317e-04  -3.2515125e-05
   1.3798387e-02   2.5604645e-01   1.7596951e-02  -5.2703889e-04   3.6906731e-04  -1.4113212e-04
  -1.4630977e-03   2.2995809e-01   2.4772327e-02  -1.1760837e-03   5.1851065e-04  -1.4191086e-04
   1.2431347e-02   1.9235374e-01   8.2800733e-02  -4.1280517e-04   7.0035439e-04  -9.5862794e-05
   3.1976734e-03   1.6305201e-01   5.5264061e-02  -1.3486329e-03   7.0565351e-04  -4.9903434e-05
   5.4730610e-03   1.9665209e-01   3.5356085e-02  -1.3955822e-03   8.4223348e-04   3.4519174e-04
   2.7422705e-02   2.0475224e-01   6.9121669e-02  -1.8972286e-03   7.7893812e-04   3.1925146e-04
   2.4720790e-02   2.2904288e-01   5.3647550e-02  -1.0227132e-03   9.4945563e-04   1.7616516e-04
   2.7385680e-02   2.7322227e-01   1.9480705e-02  -1.2469684e-03   8.1864813e-04   1.9601913e-04
   1.5973575e-02   2.1503402e-01   9.4708577e-02  -1.1076226e-03   1.1297123e-03   1.6354139e-04
   1.5042120e-02   1.8326406e-01   3.3391453e-02  -1.1732789e-03   1.1773046e-03   3.2593734e-04
   1.5508790e-02   2.1171293e-01   3.5022222e-02  -1.5029312e-03   6.5861940e-04   2.3900164e-04
   3.5075103e-02   2.5888017e-01   1.1714509e-01  -1.4693025e-03   1.1555721e-03   4.5436797e-04
   4.2375782e-02   2.1612629e-01   8.4932955e-02  -9.1322631e-04   1.1104720e-03   8.4185959e-05
   5.0012314e-02   1.8620598e-01  -3.0211864e-03  -1.1135327e-03   1.8657558e-03   1.2206834e-03
   6.2738984e-02   2.6255674e-01   4.6680239e-02  -1.1873294e-03   1.7963053e-03   1.4119255e-03
   6.1752051e-02   2.7116060e-01   6.0879055e-02  -9.1610985e-04   1.7667153e-03   1.0003918e-03
   5.0261266e-02   2.2895106e-01   1.0200757e-02   3.5329226e-04   1.8046611e-03   1.0748662e-03
   3.3264938e-02   2.0842344e-01  -1.3661529e-03   7.1400841e-04   1.4473795e-03   8.4166649e-04
   3.9112620e-02   2.2647019e-01   6.6721128e-02  -1.3043506e-03   1.8275604e-03   9.7282711e-04
   5.5532271e-02   2.7482030e-01   5.2316221e-02  -1.3777953e-04   1.6189262e-03   9.3941856e-04
   4.5230224e-02   2.6273860e-01   1.3452785e-02  -1.0768996e-03   1.4897746e-03   8.0460824e-04
   6.9736204e-03   2.0690325e-01  -1.1791525e-02   6.8313647e-04   1.3600101e-03  -9.4262086e-05
   2.5589552e-02   2.2786599e-01   6.8873132e-02   9.1913371e-04   1.2171699e-03  -1.6154435e-05
   2.9684615e-02   2.4877240e-01   3.4849058e-03   3.3356257e-04   1.1114723e-03   2.5778731e-04
   2.6725525e-02   2.6611963e-01  -4.2534062e-03   6.0181151e-04   1.2640297e-03   3.0985508e-04
   2.7130161e-02   2.9057892e-01   4.5183451e-02   4.0188740e-04   1.4547717e-03   3.1888439e-04
   2.6484293e-02   3.0216525e-01   1.9322876e-02   5.3333058e-04   1.4714641e-03   1.3906381e-04
   2.5114916e-02   3.0312187e-01   2.5767204e-02   9.4880862e-04   1.5671309e-03  -8.2598015e-05
   3.4298403e-02   2.6633043e-01   2.1537961e-02   9.5651445e-04   1.6383478e-03   1.4885295e-04
   4.0847707e-02   2.3297940e-01   1.3273422e-02   7.9246688e-04   1.7555903e-03   5.2491244e-04
   4.3216290e-02   2.3485996e-01   3.1287967e-02   1.1089576e-03   1.7035168e-03   5.8377349e-04
   2.9019626e-02   2.2423109e-01   7.7945729e-03   1.5888046e-03   1.7236438e-03   3.3386075e-04
   4.4982318e-02   2.5584412e-01   6.3308790e-02   4.4956667e-04   1.8578053e-03   6.6277385e-04
   2.7945330e-02   2.3419096e-01   1.0634196e-02   3.7788004e-04   1.4049353e-03   1.5928348e-04
   4.0526492e-02   3.2223362e-01  -6.9647479e-03   1.1734909e-04   1.1474294e-03   8.5098489e-05
   3.5696135e-02   3.4805065e-01   9.0984754e-03   1.1618895e-03   1.5489878e-03   9.4634125e-05
   4.4642560e-02   3.1960218e-01   7.0064494e-03   1.1097577e-03   1.3432290e-03   2.0485631e-04
   3.0560010e-02   3.1623305e-01   1.5665563e-02   1.2374190e-03   1.7252030e-03   4.9754103e-05
   3.5864455e-02   3.1237128e-01   1.6721556e-02   1.1279345e-03   1.5750372e-03   2.6440837e-04
   3.7865978e-02   3.0797374e-01   7.5255078e-02   3.8177579e-04   1.6229981e-03   3.7149909e-04
   3.7872752e-02   2.4956008e-01   7.9330861e-03   9.3563921e-04   1.8303672e-03   8.1077233e-04
   4.1213870e-02   2.1984520e-01   4.9103865e-02   6.6017353e-04   1.4612647e-03   3.4444616e-04
   4.2463868e-02   2.4371633e-01  -3.0829493e-02   9.0967320e-04   1.2339093e-03   4.2051376e-04
   3.9767966e-02   2.8295671e-01  -3.2145758e-02   6.0392702e-04   1.1430483e-03   5.4738800e-04
   3.4209504e-02   2.9511525e-01   4.4664626e-02   2.9018723e-04   1.2699592e-03   3.5965579e-04
   3.1188066e-02   2.8688618e-01   2.2169535e-02   5.8279085e-04   1.2024404e-03   1.7728186e-04
   2.3146029e-02   2.8978488e-01   9.2026746e-03   8.4247387e-04   1.2687725e-03   5.4017061e-05
   4.4370600e-02   3.4419210e-01   3.0339775e-02   1.0416631e-03   1.2892049e-03   2.6311433e-04
   6.4328124e-02   2.5248439e-01   1.5124570e-02   1.2170089e-03   1.1728401e-03   7.8129142e-04
   5.2578909e-02   3.2455313e-01   1.4839272e-02   7.1350714e-04   1.2175975e-03   4.7844503e-04
   4.4205922e-02   2.4502271e-01  -1.1081436e-02   1.7558568e-03   1.2094047e-03   4.2905995e-04
   4.4733679e-02   2.6411182e-01  -4.3589734e-02   1.8502590e-03   1.0875824e-03   4.7453830e-04
   5.8770666e-02   2.9529395e-01  -2.1228282e-02   9.9325421e-04   1.2512636e-03   5.0349180e-04
   6.4491109e-02   3.3893620e-01  -3.2735007e-02   1.3957221e-03   1.2684367e-03   4.1801725e-04
   6.6071727e-02   3.0113401e-01  -1.2283501e-02   1.5198088e-03   1.3380921e-03   6.9007157e-04
   5.5019573e-02   2.4919147e-01  -5.9193087e-03   1.9113434e-03   1.3341337e-03   6.2810994e-04
   4.2799857e-02   2.5727847e-01  -1.4493519e-02   8.0512494e-04   1.3741755e-03   3.8143002e-04
   6.4577329e-02   2.9272528e-01  -1.4572966e-02   1.1346276e-03   1.3704028e-03   7.0383477e-04
   7.6130256e-02   3.4023707e-01  -2.3254515e-03   1.3007208e-03   1.3904347e-03   6.4622427e-04
   6.9688757e-02   3.1261036e-01  -7.9753545e-03   1.7971161e-03   1.6013303e-03   7.1698174e-04
   6.2252029e-02   2.9254754e-01   3.0043799e-03   1.7666273e-03   1.8915690e-03   7.2310133e-04
   7.0440965e-02   2.6149235e-01   9.3241314e-04   1.4132525e-03   1.9507827e-03   9.5383608e-04
   6.0347545e-02   2.6760706e-01  -4.1781518e-03   1.2497635e-03   1.5914231e-03   7.6466196e-04
   6.7375551e-02   2.8434953e-01   7.5665636e-04   8.6493885e-04   1.7004327e-03   8.7518027e-04
   6.6957088e-02   3.2396239e-01  -1.3739321e-02   9.6808233e-04   1.7238730e-03   1.0365142e-03
   7.4544552e-02   3.2459317e-01   7.5588223e-02   8.5158676e-04   2.1908961e-03   1.0999090e-03
   7.1408108e-02   3.1221507e-01   1.0988959e-02   7.6082117e-04   2.1095324e-03   1.0448243e-03
   7.4031483e-02   3.0914964e-01   2.0707941e-02   7.5944080e-04   1.8049118e-03   1.0181733e-03
   7.4433763e-02   2.8080810e-01  -8.2135323e-03   1.7761408e-03   1.9146006e-03   8.1112385e-04
   8.0081409e-02   2.9149824e-01  -4.2883677e-02   1.4132920e-03   1.9131188e-03   1.3429599e-03
   7.2954657e-02   2.7510136e-01  -8.4944638e-03   8.8714169e-04   1.4670749e-03   1.0493072e-03
   7.1783506e-02   3.4628832e-01   2.3914889e-02   1.7139576e-03   1.8154260e-03   9.5590677e-04
   7.7789799e-02   3.4170868e-01   6.0427372e-02   9.5558259e-04   2.0376387e-03   9.2489040e-04
   8.2398658e-02   3.2667639e-01   2.8493179e-02   1.2377283e-03   2.1064075e-03   1.2516929e-03
