   0.0000000e+00   0.0000000e+00  -7.1054274e-15   0.0000000e+00   0.0000000e+00   0.0000000e+00
  -2.2740755e-03   3.5831967e-02   2.6153490e-02  -1.4870520e-03  -2.8510572e-04  -2.0192446e-04
  -6.7722010e-03   3.5305009e-02  -4.3934088e-02  -1.1861341e-03  -5.1827776e-04  -6.3554775e-04
  -6.4786517e-03   5.4287635e-02  -3.1128844e-02   1.1467976e-05  -1.9727150e-04  -4.2504467e-04
  -1.5404330e-02   3.5142882e-02   4.6175959e-02  -1.1307294e-03  -2.7944806e-04  -6.1236328e-04
  -1.6695060e-02   4.5005393e-02  -8.9990915e-04  -9.2445332e-04  -2.1612458e-04  -5.9939662e-04
  -1.7322128e-02   4.6824363e-02  -7.9047548e-03  -2.2907876e-04  -1.5477476e-04  -6.6110970e-04
  -2.1353992e-02   7.3915235e-02   4.6661473e-02  -1.3766027e-03   1.3630266e-04  -7.6463200e-04
  -7.8904076e-03   4.9301266e-02   9.1792505e-03  -1.5336954e-03  -1.6243888e-04  -5.6570619e-04
   1.0320233e-02   6.1824199e-02  -2.0859667e-02  -3.0016481e-03   2.3545549e-06  -7.2142679e-04
  -5.5627842e-03   9.6991240e-02   1.2403180e-02  -1.9374060e-03   9.8655795e-05  -5.8964902e-04
   5.2313974e-03   7.4752808e-02   2.9791222e-02  -2.7237460e-03   1.2666334e-04  -7.2458961e-04
  -1.7291354e-02   8.3558405e-02   2.1920872e-02  -2.5073621e-03   1.4090289e-04  -6.9745420e-04
   6.8794791e-03   8.6421521e-02   1.8910921e-02  -2.7762612e-03   1.1360111e-04  -6.1253815e-04
  -1.1135842e-03   9.6702690e-02   2.0696205e-02  -2.3036726e-03   2.9443140e-05  -5.7650065e-04
   1.5712760e-02   1.0596334e-01  -1.9643169e-02  -2.3865859e-03  -1.5901373e-04  -2.5624323e-04
  -3.9306988e-03   1.2280144e-01   1.9059991e-02  -2.4348630e-03   6.5042444e-05  -2.2566102e-04
   1.8158503e-03   1.1775304e-01   3.8560981e-02  -3.4908862e-03   1.5904219e-04  -4.6979502e-04
   5.8212220e-03   1.2122216e-01   1.7176041e-02  -2.8927267e-03   3.8828438e-04  -3.8794943e-04
   1.3895062e-02   1.1301139e-01  -4.1635670e-03  -1.8195247e-03   2.9086505e-04  -3.4098708e-04
   2.0364957e-03   1.1741356e-01   4.5319243e-02  -3.2267370e-03   3.0576621e-04  -5.1671569e-04
   6.1481423e-03   1.3741520e-01   3.3899135e-03  -2.2864218e-03   5.8689582e-04  -3.3870992e-04
   8.7751284e-03   1.3411541e-01   4.0722266e-02  -2.8247608e-03   6.1562956e-04  -4.9300763e-05
   9.8396802e-03   1.4844459e-01   3.2144849e-02  -2.4186354e-03   2.5829309e-04   1.5823098e-05
   6.0188619e-03   1.4561247e-01   5.1375170e-02  -3.3451752e-03   3.2707188e-04   7.1458668e-05
   8.1049652e-03   1.8595690e-01   2.2129498e-02  -3.3852172e-03   2.1821569e-04   5.6584531e-05
  -1.2032941e-02   1.6411473e-01   7.4028808e-02  -2.9686517e-03   5.2025527e-04  -7.3057993e-05
   3.4104581e-03   1.6959641e-01   3.5052642e-02  -2.6867179e-03   4.3521691e-04   1.8064682e-04
  -2.4415459e-04   1.5133789e-01   6.5205829e-02  -2.9841338e-03   6.2884921e-04   3.4535801e-04
  -1.0990114e-02   1.8715455e-01   3.6172105e-02  -2.6673891e-03   9.2150820e-04  -1.0684165e-04
  -1.0959024e-02   1.8858754e-01   4.5201267e-02  -2.5913117e-03   7.7614273e-04  -1.1554163e-04
  -8.1327484e-03   1.8602570e-01   6.4734585e-02  -3.1469819e-03   5.6163624e-04  -1.7270789e-04
  -1.9689616e-03   1.8003447e-01   1.1252456e-01  -3.5998508e-03   1.6494608e-03  -4.5561030e-04
  -2.2681794e-02   1.8263236e-01   6.2896069e-02  -2.6324927e-03   1.1749504e-03  -3.4078910e-04
  -1.9117733e-02   2.9678730e-01   1.2600208e-01  -2.6073036e-03   1.2055248e-03  -1.7384334e-04
  -1.1273511e-02   1.8556994e-01   3.8819439e-02  -1.9367734e-03   4.9746122e-04  -2.5477358e-04
  -1.8618999e-02   1.4920176e-01  -3.8188122e-02  -2.2554619e-03   1.3577225e-03  -3.8912670e-04
  -2.7213909e-02   1.9492583e-01   1.2842747e-02  -2.7707281e-03   2.9480661e-03  -2.0865597e-04
  -8.7442579e-03   2.0408920e-01   7.8333555e-02  -4.0400544e-03   3.0040779e-03  -3.7200048e-05
  -9.3265230e-03   1.8746140e-01   4.8587172e-02  -4.0201636e-03   2.9531057e-03  -4.2942531e-06
  -1.1004898e-02   2.1322077e-01   3.3650568e-02  -3.6123446e-03   2.6572433e-03   8.1800548e-05
  -9.9007804e-03   2.0099343e-01   2.3360039e-02  -3.7706358e-03   2.6098261e-03   1.2608679e-05
  -6.3623064e-03   2.1795479e-01   2.5750209e-02  -3.1812638e-03   2.2395322e-03   1.9969578e-04
   7.8073627e-03   1.8898920e-01   7.4484896e-02  -3.2383164e-03   1.8155416e-03   3.9551513e-04
  -8.8363287e-03   2.1558562e-01   1.7779342e-02  -3.1219469e-03   1.3796553e-03   3.6839551e-04
   6.2175316e-03   2.3581136e-01  -1.9998525e-02  -2.6488219e-03   8.0256752e-04   8.4756156e-04
   1.0822063e-02   2.2695640e-01   4.4717239e-02  -2.3771412e-03   9.7044424e-04   9.4548222e-04
   1.8226839e-02   2.3742464e-01   6.9586550e-03  -2.7276700e-03   1.0027439e-03   8.3339817e-04
   2.2108828e-02   2.3186231e-01   2.0173372e-02  -1.9244372e-03   6.6285084e-04   8.7125669e-04
   3.3154673e-03   2.1982625e-01   4.9263122e-02  -1.9398593e-03   4.9205922e-04   9.9316542e-04
   1.5334825e-02   2.6111638e-01   3.2739686e-02  -1.8078775e-03   3.6501073e-04   1.0625762e-03
   1.4982799e-02   2.4085771e-01   3.2908135e-02  -1.7407111e-03   8.1444702e-04   1.0256883e-03
   3.9555958e-02   2.7200227e-01  -2.2173464e-02  -6.6448192e-04   5.3736961e-04   1.6944340e-03
   2.7852258e-02   2.8659722e-01   1.2046876e-02  -2.1523696e-03   4.9525506e-04   1.1392541e-03
   1.4177876e-02   2.7683532e-01   2.8949665e-02  -1.8301327e-03   1.4024448e-04   1.1054640e-03
   1.3088482e-02   2.8564518e-01   4.8857299e-02  -1.9851062e-03   2.0382038e-04   9.9867056e-04
   8.9833621e-03   2.5515007e-01   4.7799948e-02  -1.8747744e-03   3.1895713e-04   1.1249870e-03
   3.4614343e-02   2.9076248e-01   2.3374446e-02  -1.6387044e-03   2.9610800e-04   1.4457816e-03
   4.3123981e-02   2.6584060e-01   3.5339245e-02  -7.4478238e-04   2.7166910e-04   1.7528734e-03
   3.6143296e-02   2.8693497e-01   3.1063334e-02  -1.7525527e-03   5.3544550e-05   1.6975778e-03
   2.1822142e-02   2.9334178e-01   6.0837743e-02  -1.0642914e-03   3.0507630e-04   1.7195574e-03
   3.8689300e-02   3.0163099e-01   4.6558573e-02  -9.2882766e-04   1.4577988e-04   2.1315180e-03
   6.0674408e-02   3.2722821e-01   8.0054993e-04   5.3656835e-05  -1.2635578e-04   2.3176215e-03
   5.5457264e-02   3.3529722e-01  -1.7280855e-02   4.9381391e-04  -5.3850069e-04   2.3422072e-03
   6.2564994e-02   3.2618683e-01   1.6565739e-01   1.9348457e-04  -1.6704832e-03   1.6727447e-03
   3.9549391e-02   3.2668674e-01   9.7622280e-02  -3.2528300e-03  -4.3648955e-04   1.5478598e-03
  -1.7485827e-02   3.5769609e-01   1.2352417e-01  -3.8130565e-03   2.1654029e-04   4.2496083e-04
   1.2066818e-02   3.4901292e-01   1.9424151e-01  -3.9538054e-03  -1.7450263e-04   4.4825939e-04
   1.2117954e-02   3.3976099e-01   2.0504256e-01  -4.3551942e-03   5.0852575e-04   1.4824844e-04
   1.8918310e-02   3.4307730e-01   2.2344928e-01  -4.7732848e-03   4.5178185e-05   4.6670193e-04
   6.5695936e-02   4.1707116e-01   3.1400763e-01  -3.0393335e-03   6.9184043e-04  -2.4274247e-04
   5.2778843e-02   2.9242338e-01   2.7327353e-01  -3.8109673e-03   2.9392171e-04  -6.7995436e-05
   3.5256021e-02   3.5433527e-01   2.4095262e-01  -4.0000703e-03   2.1248712e-04  -5.3486457e-05
   3.9006959e-02   3.4025638e-01   3.2581048e-01  -4.4286383e-03   5.2458776e-04  -1.8086621e-04
   4.2450825e-02   3.2040480e-01   2.9974281e-01  -4.1375367e-03  -5.2738492e-06   2.6642039e-05
   4.2932807e-02   3.3308300e-01   2.9350711e-01  -4.2710450e-03  -1.7382379e-05   3.1151398e-05
   4.2579608e-02   3.3273171e-01   2.9080728e-01  -3.3832835e-03  -1.4796872e-05   8.1460710e-05
   2.9129572e-02   3.3449500e-01   2.6296883e-01  -3.4717970e-03  -8.1249239e-05   4.4087704e-05
   3.7752836e-02   3.7673385e-01   2.3843685e-01  -4.0067250e-03  -4.7422762e-04   2.2290237e-04
   2.3913823e-02   3.6835579e-01   2.3870511e-01  -3.1220017e-03  -8.6334535e-04   2.0337851e-04
   4.7916533e-02   3.7558941e-01   2.8434706e-01  -3.3351360e-03  -1.4864392e-03   9.0315836e-04
   3.0255752e-02   3.7719992e-01   2.5043750e-01  -3.7596666e-03  -1.2295305e-03   4.7369802e-04
   1.8691925e-02   3.8230719e-01   3.1690398e-01  -2.0924678e-03  -1.6322733e-03   1.1811583e-03
  -1.4560635e-02   3.4449854e-01   1.6427347e-01  -1.2093518e-02  -1.6036700e-03  -1.2982495e-03
  -6.9351973e-02   3.8275016e-01  -3.9234758e-02  -1.1666072e-02  -4.9588905e-04  -9.5509067e-04
  -9.2405239e-02   3.1039719e-01   2.1963870e-01  -9.0868725e-03  -1.8220804e-03  -1.2326363e-03
  -1.6565369e-01   3.7763211e-01   5.6747216e-01  -1.2108008e-02  -2.6532359e-03  -2.2844420e-03
  -1.5473333e-01   4.1476235e-01   5.3750447e-01  -1.0492331e-02  -2.7795571e-03  -1.7496757e-03
  -1.7832757e-01   4.1478082e-01   5.7315993e-01  -1.0168333e-02  -3.0256819e-03  -1.4004106e-03
  -1.6254955e-01   4.1990980e-01   4.6551404e-01  -8.1139505e-03  -3.3130956e-03  -1.2564708e-03
  -2.0369495e-01   4.2776346e-01   4.8050171e-01  -8.1244227e-03  -4.1679554e-03  -1.1584486e-03
  -1.8573544e-01   4.5084633e-01   3.8891642e-01  -9.9182225e-03  -3.2179628e-03  -1.4667362e-03
  -1.2235316e-01   3.5742980e-01  -4.9701060e-02  -1.1956714e-02   9.1675240e-07  -1.8915885e-03
  -1.1721168e-01   3.8147107e-01   2.3926417e-02  -8.6660487e-03  -8.1437678e-04  -4.6579304e-04
  -1.0830136e-01   3.5591074e-01   5.2315713e-02  -7.0614749e-03  -7.3796298e-04   1.8782537e-05
  -1.1884810e-01   3.6902529e-01   6.5998151e-02  -7.0510367e-03  -1.3489098e-03   1.8458458e-04
  -1.3059029e-01   4.0579722e-01   8.2808167e-02  -6.8156923e-03  -1.4975690e-03   4.0622584e-04
  -1.4173577e-01   3.8796314e-01   1.3101398e-01  -6.7861646e-03  -1.2930691e-03   5.0190489e-04
  -1.3385417e-01   4.2528124e-01   9.0996963e-02  -5.8238250e-03  -1.3091626e-03   8.2771177e-04
  -1.1125441e-01   3.8947885e-01  -7.4885269e-03  -4.7371597e-03  -1.7512693e-03   9.3036642e-04
  -1.1487463e-01   4.1066941e-01  -1.8387547e-01  -4.3042671e-03  -1.6469920e-03   6.5801874e-04
  -1.3414419e-01   4.0229869e-01  -8.6952803e-02  -1.5766371e-03  -3.1662296e-03   1.7995830e-03
  -1.1119233e-01   3.7595437e-01  -3.4250456e-01  -2.4385316e-03  -2.4997960e-03   1.7704539e-03
  -9.8925467e-02   3.7905852e-01  -5.5683141e-01  -1.2702581e-03  -3.0101948e-03   1.2540322e-03
  -1.6900634e-01   4.1926738e-01  -1.9299967e-01  -2.2607294e-03  -2.9629309e-03   1.1886363e-03
  -1.7435877e-01   4.4813927e-01   3.1562978e-02  -2.4977162e-03  -3.5502240e-03   8.1490262e-04
  -1.8540847e-01   4.5834041e-01   1.0209626e-01  -3.6959106e-03  -3.3937964e-03   1.1481826e-03
  -1.8181814e-01   5.1050177e-01   6.8392403e-03  -2.6567896e-03  -3.4586994e-03   1.2714401e-03
  -1.7984678e-01   4.9761254e-01   5.1587291e-02  -2.4358838e-03  -3.3864103e-03   1.2710153e-03
  -1.2999618e-01   5.0597949e-01  -4.4464228e-02  -1.6202776e-03  -3.5850824e-03   1.5534475e-03
  -1.4178094e-01   5.0433724e-01   5.7778049e-02  -3.9377435e-03  -3.8498394e-03   1.1487501e-03
  -1.6406643e-01   5.3048230e-01  -3.7357755e-02  -2.3593836e-03  -4.3101462e-03   1.0126529e-03
  -1.6425685e-01   4.8340740e-01   1.3701212e-01  -3.0779120e-03  -4.0092402e-03   9.1450062e-04
  -7.1150702e-02   4.8086720e-01   8.1896787e-02  -5.6474041e-04  -4.6062243e-03   1.3631651e-03
   2.2836607e-02   5.4008905e-01   1.9919402e-01   1.1536649e-03  -2.7120243e-03   3.6615828e-06
  -4.1389634e-02   5.6973728e-01   4.0365973e-01   1.1294022e-03  -3.7952412e-03  -5.3162413e-04
  -6.8144434e-02   5.8772258e-01   4.0251029e-01  -3.4662308e-04  -3.6162628e-03  -4.0949308e-04
  -8.7371172e-02   5.7455467e-01   4.1526929e-01  -4.7546490e-04  -3.7440878e-03  -5.9089043e-04
  -9.2729144e-02   5.9689473e-01   3.9876954e-01  -1.1452906e-03  -4.0975650e-03  -3.5567271e-04
  -9.0624323e-02   5.8006978e-01   3.9758247e-01  -8.9570092e-04  -4.4612778e-03  -6.8351013e-05
  -7.1782762e-02   6.0260735e-01   3.3937625e-01   3.8542593e-04  -4.9708391e-03   6.0776718e-04
  -8.9814905e-02   5.8096710e-01   3.7830838e-01  -4.7150205e-04  -5.4888852e-03   9.9844290e-04
  -7.3625373e-02   5.9278131e-01   4.0538326e-01  -5.8881123e-04  -5.2681751e-03   8.2281633e-04
  -8.5692469e-02   6.1832969e-01   3.6909106e-01   6.4755371e-04  -6.0214267e-03   1.1532336e-03
  -6.9304323e-02   6.1129883e-01   3.1046061e-01   2.3189511e-03  -6.4899948e-03   1.7274688e-03
  -7.6244304e-02   6.4112034e-01   3.7219015e-01   1.9352560e-03  -5.5109520e-03   1.6196488e-03
  -9.2097638e-02   6.0322469e-01   3.6163247e-01   2.0677252e-03  -6.2531944e-03   1.5364989e-03
  -9.0082019e-02   6.1652531e-01   3.9030971e-01   1.0637554e-03  -5.2657347e-03   1.6163726e-03
  -5.1504644e-02   6.1865336e-01   4.2600699e-01  -2.0803276e-04  -4.5759136e-03   1.6316473e-03
  -4.4396780e-02   6.5425850e-01   3.4873856e-01   7.3605116e-04  -4.6250315e-03   1.4971244e-03
   3.5846740e-02   5.8884431e-01   4.2199733e-01   1.4766738e-03  -3.9371215e-03   9.8384312e-04
   5.8871709e-02   5.6350208e-01   5.2275827e-01   2.1455095e-04  -3.7388263e-03   1.1103780e-03
   1.6243025e-02   5.9816581e-01   4.9353085e-01   5.3648797e-04  -2.3369998e-03   3.0073650e-04
  -1.8281940e-02   6.0707408e-01   5.6261463e-01  -2.6807683e-04  -2.8305011e-03   3.3255633e-04
  -3.2934910e-02   6.2860357e-01   4.8981918e-01   1.3591797e-03  -3.6207515e-03   6.4073918e-04
  -5.4487641e-02   6.3180638e-01   5.1792405e-01   1.7503640e-03  -3.7754565e-03   5.2983791e-04
  -5.9918990e-02   6.2825261e-01   5.1348061e-01   5.7804677e-04  -4.6311446e-03   7.4155952e-04
  -5.7479723e-02   6.4389628e-01   5.2916191e-01   4.6382149e-04  -4.3306367e-03   9.3327616e-04
  -6.2607447e-02   6.4692338e-01   5.8831531e-01   2.7826141e-04  -4.3883559e-03   1.0547392e-03
  -6.1202397e-02   6.2450463e-01   5.5959108e-01   2.5107586e-04  -4.2330965e-03   7.7040191e-04
  -5.2219439e-02   6.8191623e-01   4.8931550e-01   1.5606042e-03  -4.1283594e-03   7.6812793e-04
  -3.7283725e-02   6.7245298e-01   5.8209931e-01   3.9307140e-04  -4.6016585e-03   7.9934044e-04
  -3.6434565e-02   6.7874105e-01   5.2969846e-01   5.2259255e-04  -4.0756140e-03   8.7180445e-04
  -5.0511366e-02   6.8205024e-01   5.6426321e-01   1.4343911e-03  -3.7996082e-03   9.1669879e-04
  -5.6423619e-02   6.6485977e-01   6.6194457e-01   1.9297449e-04  -3.9738271e-03   7.6810661e-04
  -5.1476899e-02   6.6854968e-01   6.4552979e-01   1.6928919e-04  -4.3613819e-03   1.0959206e-03
  -5.7631170e-02   7.3060152e-01   5.7315443e-01   4.8241905e-04  -4.0701102e-03   1.1730655e-03
  -1.0236996e-02   7.0635324e-01   5.5118886e-01   2.2139928e-03  -4.1335504e-03   1.1049844e-03
   5.2481614e-02   6.4576380e-01   3.7788360e-01   4.9377243e-03  -4.4541752e-03   1.7570947e-03
   1.4308888e-03   6.7440589e-01   4.4517474e-01   5.2818878e-03  -4.1256502e-03   1.5991357e-03
  -4.0704354e-03   7.0141052e-01   5.0213891e-01   4.8666906e-03  -5.1009169e-03   1.6929325e-03
  -1.8241986e-02   6.7916582e-01   5.7135991e-01   2.8777085e-03  -5.2983422e-03   1.5315002e-03
  -4.0409422e-02   7.1158764e-01   5.0844309e-01   3.4843040e-03  -4.9688254e-03   1.4749816e-03
  -3.3013491e-02   7.3454169e-01   6.1558767e-01   2.5908579e-03  -4.4655474e-03   1.4901736e-03
  -1.3175404e-02   6.9331466e-01   6.1177892e-01   1.9902833e-03  -4.9990447e-03   2.0147141e-03
  -1.0529018e-02   7.3468407e-01   5.1530659e-01   2.8892755e-03  -4.1208152e-03   1.7668411e-03
  -8.4691069e-03   6.8065927e-01   4.0451393e-01   3.6564164e-03  -4.3971464e-03   1.4589420e-03
   1.1274204e-02   6.7214743e-01   4.9121816e-01   2.1997531e-03  -4.4780841e-03   1.5068673e-03
  -8.5021820e-04   6.8339375e-01   6.1317864e-01   2.4569542e-03  -3.7956037e-03   1.5947771e-03
  -5.3307080e-03   7.1101341e-01   6.8503145e-01   2.0403174e-03  -4.6466902e-03   1.9746956e-03
  -4.6396131e-03   7.0803274e-01   6.3619819e-01   2.1799853e-03  -4.8057371e-03   2.1466326e-03
  -7.7884622e-03   7.3268912e-01   6.1884152e-01   2.8423732e-03  -4.9435477e-03   2.0774935e-03
  -5.1688998e-03   7.3618899e-01   6.0843086e-01   3.4326082e-03  -4.9611877e-03   2.3217844e-03
  -6.7050532e-03   7.2310044e-01   6.6783206e-01   1.8187386e-03  -4.9418600e-03   2.2663613e-03
   9.7314077e-03   7.5694652e-01   6.1811796e-01   2.0451376e-03  -5.1666897e-03   2.0824785e-03
   5.6314423e-03   7.6384203e-01   6.4616515e-01   1.2417477e-03  -4.9996637e-03   1.9878030e-03
  -1.2261908e-02   7.5530567e-01   6.2044100e-01   2.7322155e-03  -5.0060692e-03   2.0101683e-03
  -7.0286761e-03   7.1708695e-01   6.7432176e-01   3.6113756e-03  -5.0999705e-03   2.1733098e-03
   1.3032527e-02   7.5689521e-01   6.5250453e-01   1.7119720e-03  -5.3219788e-03   2.0348850e-03
   1.8169740e-02   7.1866260e-01   6.5352371e-01   1.3377871e-03  -3.9323223e-03   1.8129593e-03
   1.7814017e-02   7.8639778e-01   6.8601109e-01   1.4660095e-03  -2.4447917e-03   1.4330308e-03
   3.8092982e-02   6.7353663e-01   8.5660603e-01   2.3467030e-03  -2.4225976e-03   1.1117129e-03
  -6.0772489e-02   6.3715127e-01   5.1538187e-01  -8.5951405e-03  -5.0067521e-04  -1.5197393e-03
  -6.4555696e-02   6.5538445e-01   5.2505379e-01  -7.4028431e-03   2.6763852e-04  -1.0542097e-03
  -5.1043386e-02   5.8735710e-01   7.2473977e-01  -7.9125989e-03   7.3519343e-04  -8.3123434e-04
  -2.8621150e-03   7.2288403e-01   8.0649403e-01  -6.7575158e-03   7.3212798e-04  -5.2244563e-05
  -2.3478620e-02   6.5741974e-01   8.5876542e-01  -5.8540885e-03   1.4916940e-03  -2.6986233e-04
  -3.8575572e-02   6.5373949e-01   8.0618658e-01  -6.4395990e-03   1.4815394e-03  -1.9332355e-04
  -4.3720265e-02   6.6069830e-01   8.2610126e-01  -5.5108910e-03   8.5717460e-04   1.4566066e-04
