   0.0000000e+00   0.0000000e+00  -1.3206917e-14  -3.8316523e-17   3.5798065e-18   1.3716574e-34
  -3.2545273e-02  -9.0604318e-03   1.5559379e-02   1.6293036e-04  -2.2726747e-04  -4.9725440e-05
  -2.1288990e-02  -2.4805310e-02   1.2234513e-01   1.8302803e-04   3.0943057e-04   1.6857410e-04
   5.1971362e-02  -1.2649477e-02   1.3244216e-01   6.2013880e-04   2.4912338e-04   1.0231012e-03
   6.1262122e-02  -1.9891598e-02   1.3786245e-01  -5.6670298e-04  -1.5289603e-04   8.1874385e-04
   6.7136872e-03  -4.2648890e-03   9.1764009e-02  -1.0129126e-04   5.2132067e-04   8.5830183e-05
   2.5809572e-02  -2.5079828e-02   1.7423407e-01  -1.2857601e-03   7.6702576e-04   1.1337200e-04
   1.1842835e-02  -2.4134725e-02   5.6235000e-02   2.4299996e-04   8.3648633e-04   4.1903425e-04
   3.8656828e-02  -1.3274717e-02   2.0194638e-02   1.8340818e-03   5.1244077e-04   4.8830327e-04
  -2.9580278e-02   1.5522521e-02  -7.4798413e-03   1.9706814e-03   2.1688757e-04  -6.7331461e-05
  -1.6810618e-02   4.5569643e-02   3.1119980e-02   6.8707671e-04   2.1939628e-04   1.8574928e-04
  -3.7015050e-02   2.3428102e-02   2.9146736e-02   4.8364250e-04   3.0478504e-04  -1.3146572e-04
  -4.0764097e-02   3.3632735e-02   2.1723707e-02   5.6538225e-04   2.1649971e-04  -1.9309564e-04
  -5.5188488e-02   7.6442887e-02   3.8877109e-03   6.3350810e-04   1.0318399e-04  -2.2665150e-04
  -4.0764505e-02   4.3598005e-02   3.3923052e-02  -2.6228285e-04   3.8668876e-04   1.8963055e-04
  -7.1046122e-02   5.6864514e-02  -5.0180182e-02   1.1071585e-03   3.8543098e-04  -3.5594503e-04
  -4.2960365e-02   7.6431722e-02  -8.0655149e-03   1.2698189e-03   6.3840064e-04  -2.3420563e-04
  -3.0630984e-02   5.4399060e-02  -1.5383535e-02   4.8459169e-04   6.9911843e-04   1.2367073e-04
  -4.3251730e-02   3.6042162e-02   1.6535838e-02  -7.0586318e-05   5.9874904e-04  -1.3224764e-04
  -6.2338990e-02   5.2681646e-02  -1.2609030e-02   3.3998439e-04   3.3734303e-04  -2.5548348e-04
  -4.7104687e-02   5.7280494e-02   2.7539423e-02  -1.5841597e-04   4.1961025e-04  -1.9663730e-04
  -4.4886654e-02   5.2102217e-02   3.0684907e-02  -2.5729714e-04   4.0808596e-04  -6.7345595e-05
  -4.9357651e-02   3.8532381e-02  -2.3580552e-02  -7.7067487e-05   2.7156992e-04  -1.9499481e-04
  -6.4810091e-02   3.9138825e-02  -4.3933891e-02  -1.4023484e-04  -1.2690265e-05  -2.8357923e-04
  -5.8771557e-02   4.3734518e-02   1.5748349e-02  -2.9078513e-05  -6.1579604e-04  -5.7964839e-04
  -8.4783407e-02   1.2197694e-02  -2.0914046e-03  -1.4827082e-03  -1.0246175e-03  -1.0199918e-03
  -5.0236196e-02   3.7221388e-02  -4.5359568e-02  -4.7545211e-04  -9.2410965e-04   1.8328758e-04
  -7.1304572e-02   9.5444887e-02  -9.6949575e-04  -1.2713650e-04  -4.3793001e-04  -6.2046387e-04
  -5.2462875e-02   5.9357142e-02   1.4064915e-02  -9.1208192e-04  -6.4062764e-04   1.3335338e-04
  -7.2814264e-02   7.1282891e-02  -2.0690092e-02   2.9658835e-05  -5.2730572e-04  -5.5206457e-04
  -8.1774796e-02   6.6669781e-02   2.7294769e-02  -3.2160806e-04   5.1973490e-05  -5.6930680e-04
  -7.0300855e-02   8.9290005e-02   4.2309219e-02  -2.6045422e-04  -1.8473763e-04  -3.5280134e-04
  -7.5068261e-02   1.0535837e-01  -6.5416821e-02   9.5748545e-04  -3.2706694e-04  -5.8273349e-04
  -8.1015308e-02   7.0879049e-02  -4.2287908e-02   1.3365892e-04  -4.4393069e-05  -4.6110878e-04
  -7.1884346e-02   9.8917693e-02  -4.3865260e-02   4.4697727e-05  -2.2715656e-05  -3.6088103e-04
  -5.7765829e-02   9.5634236e-02  -1.4925234e-02   1.2455386e-04   3.0030162e-04  -3.8961046e-04
  -9.7046222e-02   1.0530755e-01  -1.1308518e-01   9.3898651e-04  -7.5301060e-05  -7.4072882e-04
  -9.8339788e-02   1.1444088e-01  -9.3316961e-02   8.3188871e-04  -1.5507833e-04  -8.9104524e-04
  -1.0203089e-01   1.1700496e-01  -1.3437315e-01   9.4496969e-04   1.3883841e-04  -6.8394554e-04
  -1.0117532e-01   1.2250647e-01  -8.7488822e-02   2.7849011e-04  -6.9940816e-05  -7.1098010e-04
  -1.0144299e-01   1.6235252e-01  -1.1761377e-01   1.2907253e-03  -2.4331592e-04  -6.1620186e-04
  -1.1197204e-01   1.1606674e-01  -1.1208536e-01   5.8811713e-04  -8.8508049e-06  -8.1493001e-04
  -1.1601057e-01   1.2413995e-01  -1.4803430e-01   1.4233755e-03  -2.3086626e-04  -8.7421885e-04
  -9.2472556e-02   1.2886207e-01  -1.9909310e-01   1.9096661e-03  -1.9026506e-04  -7.1183253e-04
  -7.6703739e-02   1.4305564e-01  -2.1377741e-01   2.9119361e-03  -7.8586232e-04  -2.1782409e-04
  -2.9441180e-02   8.5988225e-02  -3.1955660e-01   4.0995969e-03  -9.7764593e-04   9.3237564e-05
  -9.4178136e-02   1.0980123e-01  -3.2072690e-01   4.4841617e-03  -1.0562267e-03  -3.0970044e-04
  -8.7123559e-02   1.1265844e-01  -3.3231558e-01   4.9588758e-03  -8.3200423e-05  -1.4588265e-04
  -9.1144899e-02   1.1253742e-01  -3.0975214e-01   4.8987654e-03  -3.9395348e-04  -2.5940161e-04
  -7.8761560e-02   1.5215459e-01  -2.8205793e-01   4.4447893e-03  -7.2362314e-04  -8.4855847e-05
  -1.0187440e-01   1.4475529e-01  -3.1745621e-01   5.0606722e-03  -2.3282756e-04  -4.4220312e-04
  -8.1810934e-02   1.4786091e-01  -2.5349252e-01   5.1280783e-03  -3.0988783e-04  -4.6633787e-04
  -1.0915401e-01   1.3627560e-01  -2.8113825e-01   4.9744339e-03  -2.6786652e-05  -6.2186479e-04
  -6.7597485e-02   1.4968394e-01  -2.6463780e-01   5.2283210e-03   1.3425445e-04  -1.2995568e-04
  -5.7116395e-02   1.2992257e-01  -2.4945254e-01   4.7295077e-03   1.3493460e-04  -3.3754564e-05
  -2.6928585e-02   1.3519570e-01  -2.9908257e-01   5.0770940e-03  -6.5192013e-04   5.5202991e-04
  -5.5067002e-02   1.3861425e-01  -3.0711116e-01   4.6569864e-03  -6.9832211e-04   4.1070565e-04
  -6.1793022e-02   1.3500549e-01  -3.2322697e-01   5.7029548e-03  -8.4860863e-04  -1.1689540e-04
  -1.1494557e-03   1.0995059e-01  -3.0538181e-01   5.5500865e-03  -1.2426292e-03   4.1801111e-04
  -1.9791831e-02   1.0729612e-01  -1.8260785e-01   4.0874596e-03  -2.5053670e-04   3.4469107e-04
  -3.2625890e-02   1.3007171e-01  -1.8298535e-01   3.9702391e-03  -3.2555519e-04   2.5552214e-04
  -3.2800680e-02   1.3779457e-01  -1.4727291e-01   4.0618469e-03  -2.9025882e-04   4.2284084e-04
  -1.0593630e-02   1.4002908e-01  -1.5059657e-01   4.3323380e-03  -5.7968927e-04   3.2847622e-04
  -2.7931385e-02   1.2143069e-01  -1.1931166e-01   3.4224785e-03  -3.6093044e-04   1.4349078e-04
  -5.0246769e-02   1.6206853e-01  -1.2938382e-01   3.6583531e-03  -2.5549242e-04  -1.6890820e-04
  -7.7458784e-02   1.2754717e-01  -1.6606255e-01   4.8099517e-03   2.0839028e-04  -2.7495596e-04
  -6.4298340e-02   1.4429801e-01  -8.4492679e-02   4.0253183e-03   1.8547870e-04  -7.4970718e-04
  -4.6701889e-02   2.7608266e-01   1.0967708e-01   3.9897972e-03  -5.0884139e-04   3.4224796e-05
  -2.0245030e-02   1.5796327e-01  -1.4723609e-01   5.4896036e-03  -3.9701646e-04  -2.5660305e-05
  -3.7354847e-02   1.2622082e-01  -1.3794447e-01   4.7547001e-03  -8.2986952e-04  -2.7604955e-04
  -4.1674580e-03   1.9066400e-01  -1.2061766e-01   4.0959980e-03   1.2031795e-06   2.4645858e-04
  -2.5613020e-02   1.8906794e-01  -7.6584465e-02   3.4932995e-03  -1.2611931e-04   1.4284101e-04
   2.0341362e-02   1.6239454e-01  -3.3648065e-02   4.2230692e-03  -3.0768833e-04   8.8432100e-04
  -4.5719721e-03   1.4819720e-01  -6.1170700e-02   3.3823648e-03  -6.2470432e-04   6.9080058e-04
  -6.3655003e-02   1.8029881e-01  -8.0797090e-02   3.9369963e-03   2.0917160e-04  -9.5917106e-05
  -5.6577228e-02   1.9913006e-01  -1.3008627e-01   3.9687481e-03  -1.7399492e-04  -1.5754303e-04
  -8.0159047e-02   1.7818690e-01  -4.0642225e-02   2.7217963e-03  -3.4433709e-04  -2.7472293e-04
  -1.0913046e-01   2.0087008e-01  -2.5904860e-01   5.3759959e-03   3.5460363e-04  -1.3390036e-03
  -9.1544165e-02   1.5308543e-01  -4.3283970e-01   6.3763300e-03   6.5229203e-05  -6.4795453e-04
  -9.1253284e-02   1.5620238e-01  -2.8989026e-01   4.8983284e-03  -6.4716002e-04  -1.9848407e-04
  -9.7991212e-02   1.8224511e-01  -2.1144340e-01   4.9832837e-03  -6.5590019e-04  -3.3212022e-04
  -8.1012944e-02   1.6410146e-01  -1.5133755e-01   4.0819568e-03  -4.0315772e-04  -1.1422754e-04
  -7.9473891e-02   1.8531521e-01  -1.9397741e-01   5.1194332e-03  -3.5852508e-04  -6.0654189e-08
  -7.7583609e-02   1.8017856e-01  -2.0034508e-01   4.6764880e-03  -5.9830178e-04   5.1676437e-05
  -7.4022075e-02   1.9695175e-01  -2.4578054e-01   5.4101079e-03  -6.1555910e-04  -2.2084143e-04
  -9.2441370e-02   1.7723255e-01  -2.0998399e-01   4.4911817e-03  -8.0247513e-04  -2.0322917e-04
  -7.3431886e-02   1.8677438e-01  -2.1163930e-01   5.5277921e-03  -4.2570891e-04  -1.6755583e-04
  -7.8326343e-02   1.8327382e-01  -1.7014675e-01   4.7933491e-03  -7.5849923e-04  -1.0675412e-04
  -7.9062165e-02   2.1641446e-01  -1.9639231e-01   5.8913717e-03  -3.5113598e-04  -4.3944385e-04
  -1.0576676e-01   2.3037459e-01  -2.4503865e-01   6.5704686e-03  -5.2686507e-05  -7.6382669e-04
  -8.8985577e-02   2.1583336e-01  -1.7745623e-01   5.1396691e-03  -4.9267643e-04  -2.8347810e-04
  -9.4362450e-02   2.1095802e-01  -1.6769155e-01   5.1195173e-03  -6.7982736e-04  -3.8385417e-04
  -9.7784260e-02   1.8757474e-01  -1.6858167e-01   5.7968178e-03  -3.5062890e-04  -5.7719782e-04
  -9.1723587e-02   2.0093039e-01  -1.9251918e-01   5.4543461e-03  -6.0699858e-04  -3.9840639e-04
  -9.4165056e-02   2.0122292e-01  -2.4588097e-01   6.8672544e-03  -6.3913236e-04  -6.3270088e-04
  -9.8389022e-02   2.0090918e-01  -2.6861926e-01   7.7459788e-03  -1.6813985e-04  -4.2078489e-04
  -7.3736420e-02   1.6649896e-01  -2.8016175e-01   6.9823743e-03  -7.1697916e-04   6.4320045e-06
  -1.0745970e-01   1.8308864e-01  -2.8261359e-01   6.9417703e-03  -2.3120073e-04  -5.3155514e-04
  -1.0226802e-01   1.6845834e-01  -1.7908198e-01   6.3961650e-03  -4.8272358e-04  -2.9196983e-04
  -1.1645871e-01   1.7773921e-01  -1.9422250e-01   6.5348829e-03   1.1140157e-04  -6.4116758e-04
  -1.3465314e-01   2.2648973e-01  -1.8137223e-01   6.7457109e-03   2.8548341e-04  -1.0569607e-03
  -1.5155021e-01   2.1769439e-01  -2.7721611e-01   7.8962720e-03   2.7973498e-04  -1.2717562e-03
  -1.3031866e-01   2.1071621e-01  -1.6559307e-01   5.5921320e-03  -2.9744308e-04  -7.1949984e-04
  -1.4902872e-01   1.9463871e-01  -2.2527204e-01   5.8964299e-03   2.9806658e-04  -1.4125694e-03
  -1.4163132e-01   2.3103556e-01  -2.1881955e-01   6.0882368e-03  -2.5363783e-04  -9.7083872e-04
  -1.2868608e-01   2.3419391e-01  -3.1938393e-01   6.8877726e-03  -1.4477821e-04  -1.3732877e-03
  -1.1927332e-01   2.0288528e-01  -3.3785069e-01   6.5015793e-03  -4.2717466e-05  -9.6889520e-04
  -1.4390650e-01   2.2579982e-01  -3.2499764e-01   7.2447719e-03   5.2467548e-06  -1.2169829e-03
  -1.3729510e-01   2.3722733e-01  -2.7823441e-01   6.6763679e-03  -3.3791248e-04  -9.9044081e-04
  -1.4190518e-01   2.2344606e-01  -3.2149676e-01   7.6065532e-03   5.1114388e-04  -1.4012404e-03
  -1.5190117e-01   2.1918595e-01  -3.2853883e-01   6.6695314e-03  -4.2551266e-05  -1.1023757e-03
  -1.4387310e-01   2.6828144e-01  -4.2549658e-01   8.3791794e-03  -3.7516615e-04  -1.4494338e-03
  -2.1412722e-01   2.2436620e-01  -5.7657759e-01   8.6611999e-03  -3.1969880e-04  -1.4952206e-03
  -1.9210200e-01   2.4654108e-01  -4.6399369e-01   8.8037476e-03  -7.6454690e-04  -9.6357521e-04
  -1.9479492e-01   2.3827540e-01  -4.2904874e-01   7.4692167e-03  -4.6383695e-04  -1.1808569e-03
  -2.0473231e-01   2.3367242e-01  -3.8638019e-01   7.9883792e-03  -4.3997996e-04  -1.2068711e-03
  -1.8615365e-01   2.4946953e-01  -4.4359946e-01   8.0563661e-03  -3.1484713e-04  -1.1476153e-03
  -2.1636211e-01   2.6094221e-01  -4.5538883e-01   8.3129241e-03  -4.7483589e-04  -1.5540573e-03
  -2.1647008e-01   2.5278042e-01  -4.6134193e-01   8.6726680e-03  -5.4768667e-05  -1.7796289e-03
  -1.9936203e-01   2.4862521e-01  -4.3335139e-01   8.2049565e-03  -1.4153734e-04  -1.4866103e-03
  -1.9668383e-01   2.7439411e-01  -4.3249308e-01   7.4845452e-03  -9.5013102e-04  -1.5645796e-03
  -1.4048333e-01   3.0667263e-01  -1.1046618e-01   7.1984573e-03  -1.8331195e-03  -1.1346966e-03
  -1.3257041e-01   2.2467793e-01  -3.3638829e-01   4.6447127e-03  -1.2292069e-03  -9.3750631e-04
  -2.2944797e-01   2.2261187e-01  -5.1383260e-01   4.7529644e-03  -1.1920864e-03  -2.8496852e-03
  -2.4096984e-01   2.2248184e-01  -4.3227803e-01   5.5534415e-03  -1.0092088e-03  -2.8949905e-03
  -1.7472028e-01   2.2425258e-01  -3.4739287e-01   4.2144309e-03  -1.5081517e-03  -1.6781219e-03
  -1.8393471e-01   2.1206275e-01  -3.0067627e-01   4.2950216e-03  -1.0493514e-03  -1.9465149e-03
  -1.9612018e-01   2.3329201e-01  -3.8125817e-01   4.8269263e-03  -1.3798706e-03  -2.0736959e-03
  -2.1111773e-01   2.2340726e-01  -3.6485913e-01   5.3629193e-03  -5.6137030e-04  -2.4677450e-03
  -1.8331562e-01   2.5084792e-01  -3.5991709e-01   4.2613318e-03  -1.0889596e-03  -1.7079207e-03
  -2.1934858e-01   2.6138229e-01  -4.1417177e-01   5.1283843e-03  -7.8757601e-04  -2.2961647e-03
  -1.8335863e-01   2.5939100e-01  -3.5291178e-01   4.0957073e-03  -1.6642275e-03  -1.7074728e-03
  -1.9819243e-01   2.6706179e-01  -3.8544447e-01   4.5509764e-03  -8.5034281e-04  -2.1927633e-03
  -1.9164867e-01   2.5567743e-01  -3.8318450e-01   4.3100892e-03  -1.3007652e-03  -1.9902664e-03
  -1.8309730e-01   2.8687869e-01  -4.1940814e-01   5.6634232e-03  -1.2132087e-03  -1.9858434e-03
  -1.6623205e-01   2.8894879e-01  -3.7560423e-01   5.2086598e-03  -1.6301363e-03  -1.6082051e-03
  -1.8328645e-01   2.8085683e-01  -4.1698163e-01   6.0529718e-03  -1.0930067e-03  -2.0049602e-03
  -1.7066001e-01   2.7543031e-01  -3.6633267e-01   5.1354630e-03  -1.7192776e-03  -1.5495204e-03
  -2.0688011e-01   2.8109272e-01  -4.3384023e-01   6.6674826e-03  -4.2383638e-04  -2.5972404e-03
  -2.3834902e-01   3.0446803e-01  -5.0025246e-01   7.8389158e-03  -3.4207120e-04  -3.0543130e-03
  -1.6333631e-01   2.7750097e-01  -5.0721512e-01   6.6694337e-03  -1.1643201e-03  -1.2747685e-03
  -1.7709580e-01   1.6743418e-01  -5.3029285e-01   5.0501937e-03  -4.9586037e-04  -1.9773705e-03
  -1.3460287e-01   1.4785574e-01  -4.8438733e-01   5.4602310e-03  -8.3144658e-04  -1.4487961e-03
  -1.4733471e-01   2.1804773e-01  -4.8145255e-01   6.9352637e-03  -6.8827905e-04  -1.9357190e-03
  -1.4580999e-01   2.0996204e-01  -4.0827422e-01   6.4150768e-03  -1.9735502e-04  -1.6859070e-03
  -1.7717966e-01   2.2894519e-01  -4.5472896e-01   7.6999409e-03   6.0492774e-04  -2.7865124e-03
  -1.6077092e-01   1.9118289e-01  -3.6185619e-01   6.6731863e-03  -9.2091877e-05  -2.3048848e-03
  -1.4061579e-01   1.9126842e-01  -4.3569603e-01   7.9672700e-03  -5.5567511e-04  -2.3132908e-03
  -1.8216084e-01   2.0643845e-01  -4.6737704e-01   8.0425634e-03  -6.9231694e-04  -2.9859160e-03
  -1.3294136e-01   2.4100255e-01  -3.9564042e-01   8.0443632e-03  -9.9155304e-04  -2.2094032e-03
  -1.5126311e-01   2.0605325e-01  -3.3512034e-01   7.1192124e-03  -1.4326179e-03  -2.3121304e-03
  -1.8085437e-01   2.1945837e-01  -3.2149034e-01   7.1447421e-03  -6.5185198e-04  -2.6830169e-03
  -1.4048510e-01   2.3197271e-01  -3.3638481e-01   7.8774365e-03  -8.2638125e-04  -2.6655200e-03
  -1.6238719e-01   2.5904449e-01  -2.9927318e-01   7.5124432e-03  -7.9026582e-04  -2.8682246e-03
  -1.4539744e-01   2.3906324e-01  -3.1162197e-01   8.4055289e-03  -6.2512573e-04  -2.8631202e-03
  -1.1922386e-01   2.2251505e-01  -3.2449713e-01   7.7741644e-03  -8.1276703e-04  -2.5666745e-03
  -1.6180584e-01   2.6130474e-01  -3.5928898e-01   8.4501160e-03  -3.0169826e-04  -3.1287841e-03
  -1.6995427e-01   2.8890650e-01  -3.6065692e-01   8.9115348e-03  -4.0187495e-04  -3.2381627e-03
  -1.3759090e-01   2.3458615e-01  -2.6021749e-01   7.3629146e-03  -9.2192992e-04  -2.4328010e-03
  -1.7124710e-01   2.5096278e-01  -2.9504723e-01   7.5545578e-03  -9.8880470e-04  -2.7275047e-03
  -1.5585574e-01   2.6382381e-01  -2.9439362e-01   8.0185559e-03  -9.0471613e-04  -2.3469130e-03
  -1.5305940e-01   3.0561165e-01  -2.9240352e-01   8.1941979e-03  -1.2775204e-03  -2.3831226e-03
  -1.6435582e-01   2.7499726e-01  -2.8223530e-01   8.7797966e-03  -9.9513619e-04  -2.5042303e-03
  -2.0194454e-01   2.5283826e-01  -3.3883044e-01   8.1972341e-03  -1.3609132e-03  -2.9278069e-03
  -1.6928756e-01   2.4607662e-01  -2.8487897e-01   8.8171210e-03  -1.4836037e-03  -1.9323379e-03
  -2.2547401e-01   2.8140376e-01  -5.2803433e-01   7.7631140e-03  -1.4242468e-03  -2.5420708e-03
  -2.4598725e-01   3.4139406e-01  -5.9654797e-01   8.4693384e-03  -1.7514362e-03  -2.8755462e-03
  -2.6149685e-01   2.6160559e-01  -5.2840767e-01   8.6198393e-03  -1.3313509e-03  -3.0754088e-03
  -2.6514075e-01   3.0952681e-01  -5.2017309e-01   8.3163519e-03  -1.6059993e-03  -2.9573238e-03
  -2.6671246e-01   3.1076160e-01  -4.9618440e-01   9.1947513e-03  -1.4334647e-03  -3.1694295e-03
  -2.8462154e-01   3.2535847e-01  -5.3719506e-01   9.4219009e-03  -1.4425996e-03  -3.2219260e-03
  -3.1145436e-01   3.1699239e-01  -5.4800456e-01   9.9719819e-03  -6.5420114e-04  -4.2852794e-03
  -2.7617147e-01   2.8142517e-01  -5.5160511e-01   9.2032201e-03  -1.5999705e-03  -3.0114925e-03
  -2.5625832e-01   2.9122960e-01  -5.0267595e-01   8.3865792e-03  -1.4911373e-03  -3.0760908e-03
  -2.4031450e-01   2.7318007e-01  -5.1881892e-01   7.8575721e-03  -1.8067425e-03  -2.8259783e-03
  -2.9836990e-01   2.9107505e-01  -7.2210115e-01   1.2502084e-02  -1.4179049e-03  -3.7457628e-03
  -2.9715252e-01   3.1024113e-01  -6.7567456e-01   1.2078930e-02  -1.2959073e-03  -3.8746995e-03
  -2.4690224e-01   2.9166257e-01  -5.9152372e-01   1.1188495e-02  -1.6367642e-03  -2.7094966e-03
  -2.8314755e-01   3.3249624e-01  -7.3100735e-01   1.2744372e-02  -1.0994321e-03  -3.5755163e-03
