   0.0000000e+00   0.0000000e+00   0.0000000e+00   0.0000000e+00   0.0000000e+00   0.0000000e+00
   8.5095736e-03  -1.0215964e-02  -2.5981114e-02   6.0544747e-04   4.3697565e-04   1.2050072e-04
   1.9195984e-02   1.2726723e-02  -4.4062309e-02   6.2911145e-04  -8.5908851e-05   5.0532634e-05
   1.7021204e-02  -1.2282269e-02   1.4313886e-02   2.0953293e-04  -5.1216095e-04  -2.2027107e-04
   1.9189481e-02   6.9353570e-03  -2.3413707e-02   1.3877529e-03  -8.7257487e-04  -9.1524643e-05
   1.9439536e-02   1.6910028e-02  -8.8821960e-04   1.0981869e-03  -5.1311586e-04  -5.5772723e-05
   1.6735181e-02   7.7948963e-03   7.8961229e-03   1.5911298e-03  -2.6259928e-04   1.3009624e-05
   1.6956289e-02   1.1566394e-02   6.1904851e-02   6.8645435e-04   1.5026741e-04  -3.8224939e-04
   3.5522188e-02  -7.0725557e-03   6.2672965e-02   1.1659642e-03   1.1843347e-04  -1.0322642e-04
   5.0764592e-02   3.9189011e-02   3.8752348e-02   1.2297337e-03   3.6378281e-04   1.0983630e-04
   3.8552241e-02   2.8446015e-02   1.0260497e-01   5.5818091e-04   1.6017807e-04  -1.5965921e-04
   5.7722053e-02   2.5899392e-02   7.0018692e-02   1.0266188e-03   4.8658433e-04   4.3248720e-04
   4.8488612e-02   5.5230142e-02   7.1664940e-02   1.2346133e-03   1.4933510e-04   2.3566651e-04
   5.9773392e-02   5.3206452e-02   1.0280963e-01   4.6925586e-04   4.6775603e-04   2.8731782e-04
   4.9632127e-02   3.8877953e-02   9.0869059e-02   8.0361505e-04   1.5379091e-04   3.9769364e-04
   6.7653751e-02   8.2921033e-02   2.2454323e-02   2.4849701e-03   3.2536239e-04   5.8384759e-04
   5.1779376e-02   6.3457446e-02   1.0076534e-01   8.3540203e-04   5.4765459e-04   4.0432996e-04
   7.1745340e-02   7.1665174e-02   5.6577811e-02   2.1123255e-03   7.7135027e-04   7.5395731e-04
   7.8632607e-02   1.1442347e-01   8.1940552e-02   1.5206946e-03   7.2941735e-04   5.6493058e-04
   6.7159667e-02   1.0391870e-01   9.5964731e-02   1.6504406e-03   6.6716638e-04   3.2351084e-04
   7.2249007e-02   7.8072168e-02   1.1131192e-01   1.1077382e-03   8.1498020e-04   5.9619077e-04
   8.2131690e-02   1.1204638e-01   8.4379643e-02   1.9288928e-03   9.1197820e-04   5.5107241e-04
   7.8041717e-02   1.1287863e-01   1.1418332e-01   1.3158829e-03   9.9766632e-04   3.5125250e-04
   8.0609277e-02   9.8639167e-02   8.9565231e-02   2.0746661e-03   1.0259183e-03   7.0616160e-04
   7.6216234e-02   1.3069390e-01   8.7774557e-02   1.8840264e-03   1.2823247e-03   7.2504987e-04
   7.5673718e-02   1.3408750e-01   5.7687556e-02   3.0256972e-03   1.3022485e-03   5.7605977e-04
   6.8867405e-02   1.1603997e-01   4.1722201e-02   3.7365721e-03   1.0010238e-03   5.5322794e-04
   7.2910192e-02   1.2680918e-01   9.8003115e-02   2.7040274e-03   1.2879986e-03   8.2207873e-04
   8.9439380e-02   1.4461268e-01   6.9588836e-02   3.1040139e-03   1.1869766e-03   9.5281263e-04
   8.0119132e-02   1.4701144e-01   8.2487461e-02   2.5235231e-03   1.0163926e-03   7.1532562e-04
   7.8411925e-02   1.3702375e-01   1.0386222e-01   2.2459933e-03   9.7031309e-04   8.8570554e-04
   9.2545962e-02   1.4214105e-01   7.5157457e-02   3.1761128e-03   1.4467527e-03   8.6296307e-04
   9.5004623e-02   1.7187636e-01   5.3747652e-02   3.2925686e-03   1.4505462e-03   1.0926509e-03
   8.0916453e-02   1.9163388e-01   8.5003136e-02   2.5700133e-03   1.4516953e-03   7.7011700e-04
   7.9216496e-02   1.6149138e-01   6.8860262e-02   2.7333040e-03   1.4321283e-03   8.4072286e-04
   9.0324863e-02   1.6017524e-01   7.7314721e-02   3.3122541e-03   1.3585081e-03   1.3185664e-03
   9.4777733e-02   1.8851665e-01   5.5524984e-02   4.2558397e-03   1.7131122e-03   1.1249309e-03
   1.0313966e-01   2.0880940e-01   4.4374516e-02   4.7195576e-03   1.7746632e-03   1.1433189e-03
   1.0815604e-01   1.9253327e-01   6.7248048e-02   4.0086482e-03   1.9499561e-03   1.3036806e-03
   1.1856984e-01   1.9690574e-01   4.6231069e-02   4.5838048e-03   2.1980469e-03   1.4706808e-03
   1.1897177e-01   2.3291083e-01   4.1406972e-02   4.5984123e-03   2.1242187e-03   1.3976196e-03
   1.0982602e-01   2.3384093e-01   4.5157568e-02   4.2982105e-03   2.1940689e-03   1.3261080e-03
   1.0893268e-01   1.9619285e-01   4.9696861e-02   4.4183744e-03   2.2238155e-03   1.2488294e-03
   1.2602456e-01   2.2210131e-01   3.0518440e-02   4.6337690e-03   2.3797677e-03   1.4002075e-03
   1.0431032e-01   2.3722951e-01   5.0474560e-02   4.5746922e-03   1.9969210e-03   9.2239758e-04
   1.2034721e-01   2.3632580e-01   2.6268711e-02   4.8048596e-03   2.5470672e-03   1.4989203e-03
   1.2175787e-01   2.7264410e-01   5.8207072e-02   3.5384737e-03   2.3880176e-03   1.0603546e-03
   1.2876359e-01   2.7766804e-01   5.8901692e-02   4.2491621e-03   2.4138401e-03   1.1805003e-03
   1.1608504e-01   2.5707092e-01   4.9286079e-02   4.4537156e-03   2.5740954e-03   1.2801700e-03
   1.1222072e-01   2.7552990e-01   3.5255459e-03   5.2951816e-03   2.9788141e-03   1.4056586e-03
   1.0985825e-01   2.7690346e-01   2.4738623e-02   5.0083023e-03   2.8830203e-03   1.1455599e-03
   1.1524795e-01   2.9698793e-01   2.2167641e-02   4.6835452e-03   2.8084638e-03   1.5169321e-03
   1.0834256e-01   2.6887498e-01  -4.6097298e-03   5.4672715e-03   2.9769994e-03   1.6167687e-03
   1.0767709e-01   2.9927258e-01   2.8966241e-02   5.0159597e-03   2.7895003e-03   1.2636732e-03
   1.0854017e-01   3.1370586e-01   2.3227618e-02   5.2052117e-03   3.2665648e-03   1.2694398e-03
   1.1441141e-01   2.6864892e-01   4.4711100e-02   5.1188512e-03   3.1134921e-03   1.4943523e-03
   1.1778344e-01   3.2024357e-01   2.1281120e-02   5.3124584e-03   3.3128031e-03   1.4335392e-03
   1.1885972e-01   3.2009525e-01   4.4787032e-02   5.3308016e-03   3.0321569e-03   1.2235358e-03
   1.2898206e-01   3.0602690e-01   7.1739264e-02   4.9515282e-03   3.1384275e-03   1.5808284e-03
   1.2398333e-01   3.1564731e-01   2.6779284e-02   5.4718151e-03   3.3099015e-03   1.7046269e-03
   1.3207057e-01   3.3668897e-01  -1.5770274e-02   6.5572172e-03   3.4316018e-03   1.4894457e-03
   1.2236119e-01   3.3315839e-01   6.3727830e-02   5.2255171e-03   3.6170901e-03   1.3826452e-03
   1.2341389e-01   3.0419037e-01   4.3937050e-02   5.0271138e-03   3.3279035e-03   1.3995999e-03
   1.2531145e-01   3.4585478e-01   5.5212347e-02   4.6468663e-03   3.5024900e-03   1.3532537e-03
   1.2364795e-01   3.7318633e-01   2.0544796e-02   5.4184347e-03   3.4303667e-03   1.2732811e-03
   1.1583099e-01   3.4589444e-01   4.9371162e-02   5.0715227e-03   3.4355191e-03   1.3146902e-03
   1.2713399e-01   3.7374460e-01   1.7422661e-02   5.6504885e-03   3.5076381e-03   1.5391520e-03
   1.2059695e-01   3.8396961e-01   3.9142964e-02   5.6443487e-03   3.0900706e-03   9.7302302e-04
   1.3364641e-01   3.5759923e-01   9.6026481e-03   6.0076250e-03   3.0617784e-03   1.6491044e-03
   1.4955867e-01   3.8481228e-01  -3.0628503e-03   6.4878697e-03   3.3941756e-03   1.7840588e-03
   1.3817661e-01   3.9392900e-01  -1.3564958e-02   6.8251342e-03   3.5184838e-03   1.2014065e-03
   1.1624448e-01   3.9196500e-01   3.1062827e-02   5.7911898e-03   3.2792487e-03   1.1302198e-03
   1.2348849e-01   3.7849638e-01   1.2363625e-02   6.3368075e-03   3.3756900e-03   1.4566316e-03
   1.2699039e-01   4.1788654e-01  -1.9622620e-02   6.4778036e-03   3.3863097e-03   1.6355550e-03
   1.2592646e-01   4.0143257e-01   3.5398775e-02   5.9397506e-03   3.8019669e-03   1.3893183e-03
   1.1567495e-01   3.8095965e-01  -2.8607844e-03   6.4656534e-03   3.8026271e-03   1.3732301e-03
   1.3097206e-01   4.1170458e-01   7.1560811e-03   6.5252626e-03   3.9519670e-03   1.7769846e-03
   1.2746607e-01   4.3669352e-01  -3.9684948e-02   6.9520157e-03   4.2370240e-03   1.5580248e-03
   1.1638620e-01   3.9992101e-01  -1.3302461e-02   6.9843646e-03   4.1018001e-03   1.3206006e-03
   1.2338718e-01   3.9888618e-01   2.1102614e-02   6.1937978e-03   4.1451236e-03   1.7048852e-03
   1.2966831e-01   4.3300535e-01  -1.7133584e-02   6.7604297e-03   4.4343831e-03   1.5441673e-03
   1.2310046e-01   4.5068202e-01   3.9051937e-03   6.2368636e-03   4.2003529e-03   1.4172141e-03
   1.1360564e-01   4.4600344e-01  -1.4062974e-02   6.3886404e-03   4.3077920e-03   1.6533222e-03
   1.0568011e-01   4.4376450e-01  -3.7867880e-02   6.6996420e-03   4.1999581e-03   1.4355960e-03
   1.1663599e-01   4.6315591e-01  -4.4156925e-02   7.0131633e-03   4.3410261e-03   1.7475103e-03
   1.1044666e-01   4.6873354e-01  -3.5336329e-02   7.3585386e-03   4.2463830e-03   1.3801236e-03
   1.0603493e-01   4.4442000e-01  -3.3729354e-02   7.5984032e-03   4.2682598e-03   1.5275342e-03
   1.0751762e-01   4.7148626e-01  -1.8774474e-02   7.1500128e-03   4.3483758e-03   1.5435387e-03
   9.9705138e-02   4.7359046e-01  -3.0699939e-02   7.5162510e-03   4.2545217e-03   1.3934931e-03
   9.2322733e-02   4.5748148e-01  -1.7295317e-02   7.2730930e-03   4.5902971e-03   1.5841402e-03
   1.0577875e-01   4.8794234e-01  -7.6608780e-02   8.3921809e-03   4.6356837e-03   1.7555780e-03
   1.1069169e-01   5.2129570e-01  -2.7173934e-02   7.6543002e-03   4.7894724e-03   1.6551525e-03
   1.0982133e-01   4.8792300e-01  -1.5486708e-02   7.6254611e-03   5.0075174e-03   1.4445706e-03
   1.2262926e-01   5.0441773e-01  -4.8572504e-02   7.6523003e-03   5.0326071e-03   1.7009664e-03
   1.0331136e-01   5.0593470e-01  -2.3619986e-02   8.0091356e-03   5.3291228e-03   1.4246420e-03
   1.1012910e-01   4.9186503e-01  -2.1629784e-02   8.1961564e-03   5.6037714e-03   1.5250035e-03
   9.8742168e-02   5.3918669e-01  -2.9456369e-02   8.4844841e-03   6.0258047e-03   1.4221467e-03
   9.6470539e-02   5.0607408e-01  -1.4776351e-04   8.0708345e-03   5.9627896e-03   1.4089799e-03
   1.0075175e-01   5.0899076e-01  -2.4046584e-02   8.3075939e-03   6.0373743e-03   1.4537727e-03
   9.1381065e-02   5.4466480e-01  -8.0240414e-03   8.1033781e-03   6.1123429e-03   1.1659581e-03
   1.0475234e-01   5.2761792e-01   6.9703602e-03   7.3442461e-03   5.7906199e-03   1.7050604e-03
   1.0156703e-01   5.3134214e-01  -3.0048100e-02   8.5406823e-03   5.8169699e-03   1.6212640e-03
   9.8661428e-02   5.4603425e-01   1.8412776e-02   7.4602065e-03   6.0170784e-03   1.3852047e-03
   1.1010682e-01   5.5050842e-01  -7.5168870e-03   7.5438013e-03   5.6526485e-03   1.8456745e-03
   1.1986204e-01   5.0784256e-01   1.2494982e-02   7.6552264e-03   5.7406140e-03   1.8719445e-03
   1.1430905e-01   5.4261135e-01   2.1922812e-02   6.0803902e-03   5.6831727e-03   1.7993139e-03
   1.0327381e-01   5.6778132e-01  -2.7275305e-02   7.6516700e-03   5.8621147e-03   1.4002210e-03
   1.0545848e-01   5.6733954e-01  -1.0803492e-02   7.3390303e-03   6.0052311e-03   1.4330071e-03
   9.4340869e-02   5.2742883e-01   3.2081305e-03   7.8711437e-03   5.9808564e-03   9.3826592e-04
   6.0707744e-02   5.7254000e-01  -2.7303641e-02   8.9071108e-03   6.5358864e-03   5.5119445e-04
   6.9570543e-02   5.7954400e-01  -4.9434595e-02   8.9494846e-03   6.6761626e-03   6.5165311e-04
   7.2125022e-02   5.3472289e-01   1.4292929e-02   8.3183724e-03   6.7128032e-03   7.3112377e-04
   7.6829462e-02   5.6755638e-01  -5.1098133e-02   9.1181885e-03   6.7770291e-03   7.4194474e-04
   6.4633485e-02   5.9932214e-01  -2.8299071e-02   8.6702712e-03   6.5433476e-03   4.7427316e-04
   8.1808780e-02   5.6134472e-01  -7.1459300e-02   9.7200400e-03   6.8695510e-03   6.5102305e-04
   5.5942650e-02   5.8076797e-01   4.3713117e-02   9.2823438e-03   6.8748605e-03   5.1101953e-04
   5.5106172e-02   8.9219102e-01   3.1383096e-01   1.0458838e-02   8.8712481e-03  -1.0339004e-03
   4.6170935e-02   6.7230287e-01   1.3176832e-01   1.2494720e-02   7.7873048e-03  -9.0467492e-04
   5.6350134e-02   6.8356868e-01   1.4801579e-01   1.2505771e-02   7.5347491e-03  -5.9575722e-04
   6.4055483e-02   6.7320630e-01   9.3230369e-02   1.3255079e-02   7.4414920e-03  -3.7249371e-04
   6.5865330e-02   6.5471990e-01   1.2969551e-01   1.3347580e-02   7.6049058e-03  -2.3688437e-04
   6.2844021e-02   6.3447439e-01   1.3036939e-01   1.1960548e-02   7.8043505e-03  -1.9087202e-04
   7.3233569e-02   6.4539906e-01   1.3159871e-01   1.1876434e-02   8.4169597e-03   2.6516953e-04
   8.8129132e-02   6.4664765e-01   1.2204777e-01   1.2373189e-02   8.3769355e-03   3.5782138e-04
   9.7516242e-02   6.7382098e-01   6.8657631e-02   1.2636954e-02   8.0944504e-03   7.1526421e-04
   9.5547739e-02   6.8842451e-01   8.2193203e-02   1.2193512e-02   7.7761903e-03   7.4979274e-04
   8.8526377e-02   6.7512597e-01   6.1775625e-02   1.2189099e-02   7.7814120e-03   5.6407648e-04
   8.5524252e-02   6.6978507e-01   3.4149865e-02   1.2878267e-02   7.4853152e-03   6.3954468e-04
   8.9181152e-02   6.9694594e-01   4.7170084e-02   1.1896228e-02   7.4858909e-03   6.6200223e-04
   9.7569956e-02   7.0321159e-01   2.2021770e-02   1.2510323e-02   7.5335041e-03   3.6348643e-04
   9.6677736e-02   7.1274369e-01   3.8974977e-02   1.1893809e-02   7.2531900e-03   3.3025251e-04
   8.9043192e-02   6.9744686e-01   5.6170424e-02   1.1882103e-02   7.1780636e-03   2.4845245e-04
   1.0196177e-01   7.1635094e-01   3.7818685e-02   1.1763656e-02   7.2250321e-03   3.0063371e-04
   9.3679447e-02   7.3853006e-01   3.3347375e-02   1.2227851e-02   7.1255610e-03  -1.1506579e-04
   8.3885548e-02   7.0018667e-01   5.7336413e-02   1.2422119e-02   7.3533941e-03  -7.0976647e-05
   7.9718234e-02   7.2965562e-01   2.3732905e-02   1.3184044e-02   7.3332299e-03  -4.2636863e-04
   8.8388037e-02   7.6363257e-01   1.7943935e-02   1.3020583e-02   7.1982101e-03  -3.2657696e-04
   7.5695724e-02   7.3767254e-01   3.6351824e-02   1.2725679e-02   7.7170531e-03  -2.5292528e-04
   8.5738798e-02   7.3525708e-01   2.3775072e-02   1.2714743e-02   7.7341125e-03  -8.3041282e-06
   8.5200114e-02   7.8063595e-01   5.6720699e-02   1.2048034e-02   7.6756853e-03  -2.2425048e-04
   6.9984571e-02   7.3411139e-01   6.1780937e-02   1.2501617e-02   7.6566449e-03  -3.4473858e-04
   7.8853920e-02   7.5710371e-01   3.2745591e-02   1.2942995e-02   8.0795252e-03   4.3117355e-06
   7.3933193e-02   7.7609717e-01   3.4444261e-02   1.3082013e-02   7.8717034e-03  -1.5156567e-04
   6.0619672e-02   7.5419064e-01   4.5310519e-02   1.2481716e-02   8.1176869e-03  -9.7350789e-05
   5.8243426e-02   7.5537031e-01   1.5317236e-02   1.3361616e-02   8.1124645e-03  -3.8702546e-04
   6.5409212e-02   7.7989192e-01   2.3169092e-02   1.2821508e-02   8.0010606e-03  -2.6410010e-04
   6.2977454e-02   7.4633746e-01   2.4626466e-02   1.2922027e-02   7.9713845e-03  -2.6471382e-04
   7.2841295e-02   7.6505392e-01  -6.3244335e-03   1.3319077e-02   7.9728779e-03  -1.2810945e-04
   7.2120405e-02   7.7279947e-01   3.9855319e-03   1.3368055e-02   8.0159749e-03  -2.3147094e-04
   6.3767229e-02   7.6296465e-01   3.1927405e-02   1.2263455e-02   7.8370938e-03  -2.6969442e-04
   6.9896814e-02   7.8066037e-01  -1.1350272e-02   1.3293640e-02   7.9730598e-03  -7.7538570e-05
   7.7441017e-02   7.7475546e-01  -2.2970296e-02   1.3031216e-02   7.6405772e-03   1.5623564e-04
   4.8880906e-02   7.8813526e-01  -6.3273874e-02   1.4320893e-02   7.4872486e-03  -3.6908356e-04
   4.6695661e-02   7.9447104e-01  -5.2524294e-02   1.4945817e-02   7.9098108e-03  -6.9119476e-04
   5.4704365e-02   7.8750749e-01   2.2185044e-02   1.3596200e-02   7.6394927e-03  -5.8460364e-04
   5.8027562e-02   7.7961296e-01   9.4869785e-03   1.3927630e-02   7.8855189e-03  -5.5004878e-04
   6.4518923e-02   8.1355348e-01  -2.1621279e-02   1.3785160e-02   8.0058776e-03  -5.8552219e-04
   6.8986992e-02   7.9844186e-01   4.7730492e-02   1.2649901e-02   7.5886658e-03  -4.5906136e-04
   7.5756415e-02   7.8502367e-01   5.0083257e-04   1.4332697e-02   7.6759209e-03  -3.6377237e-04
   9.3845183e-02   8.1973119e-01  -2.4966816e-02   1.4917187e-02   7.9513445e-03  -3.7635611e-04
   8.5221010e-02   8.1459314e-01   4.0016198e-02   1.3280899e-02   7.6871330e-03  -4.6304343e-04
   8.1752744e-02   7.9905917e-01   3.0468599e-02   1.3613293e-02   7.8402421e-03  -3.0589267e-04
   9.3216762e-02   8.3446798e-01   4.1289863e-02   1.2448360e-02   7.4572978e-03  -3.6404875e-04
   8.5529462e-02   8.1404151e-01   4.2328644e-02   1.2129745e-02   7.2851502e-03  -2.6056073e-04
   8.7852268e-02   7.8947764e-01   4.3376558e-02   1.2127298e-02   7.4232433e-03   4.7720164e-05
   7.8714173e-02   8.4230143e-01   1.1948805e-02   1.3031211e-02   7.4323679e-03  -3.1588908e-04
   8.6985836e-02   8.3578512e-01   3.2528910e-02   1.2343041e-02   7.5744152e-03  -1.9751405e-04
   8.4072402e-02   8.0551564e-01   5.0296744e-02   1.2357794e-02   7.5566099e-03  -2.2624935e-04
   8.2697678e-02   8.2212050e-01   3.6503688e-02   1.2919892e-02   7.6402583e-03  -3.3843826e-04
   8.2665130e-02   8.4255349e-01   4.3867385e-02   1.2371309e-02   7.4570587e-03  -2.7361545e-04
   8.5406071e-02   8.2944038e-01   5.7662597e-02   1.2586991e-02   7.4658828e-03  -3.0684603e-04
   9.7722258e-02   8.3054666e-01   3.1274847e-02   1.2912843e-02   7.2662381e-03   1.4896546e-05
   9.6112831e-02   8.7441377e-01   9.1230603e-03   1.3013252e-02   7.3036880e-03  -3.7012549e-05
   8.4865388e-02   8.3265410e-01   4.4906235e-02   1.2369139e-02   7.0610766e-03  -2.8683103e-04
   8.7918596e-02   8.4064773e-01   9.9731006e-03   1.2798859e-02   7.2613675e-03  -7.3870928e-05
   9.1257305e-02   8.6117436e-01   4.5623279e-02   1.2559174e-02   7.3850553e-03  -2.2345126e-04
   9.5823614e-02   8.3121284e-01   7.9057276e-02   1.1705980e-02   7.2828445e-03  -2.4352804e-04
   9.9402690e-02   8.2738794e-01   4.7737527e-02   1.1414642e-02   7.3079770e-03  -7.8176185e-05
   1.0543091e-01   8.5501365e-01   5.7474234e-02   1.0493242e-02   7.0797153e-03   1.0928384e-04
