   0.0000000e+00   0.0000000e+00   0.0000000e+00   0.0000000e+00   0.0000000e+00   0.0000000e+00
  -1.0737725e-02   1.1147765e-02   4.8006320e-02  -8.0999223e-04  -2.1868262e-04  -2.1367231e-04
  -3.4338870e-02   1.4495995e-02   1.1455037e-02  -1.5405276e-04  -5.3326456e-04  -5.0175475e-04
  -2.6561729e-02   3.2147529e-02   2.0997666e-02  -3.4031905e-04  -4.7596912e-04  -3.1755514e-04
  -1.3660774e-02   4.7839039e-02  -7.0481167e-03  -2.9550130e-04  -6.6692895e-04  -3.6189309e-04
  -7.5571699e-03   1.1141758e-01  -4.2746659e-02   3.5720759e-04  -4.6885026e-04  -5.6311274e-04
   1.8687303e-04   1.0516671e-01   2.8139338e-02  -7.8240651e-04  -3.9936617e-04  -2.5141426e-04
  -1.2221061e-02   7.2836714e-02   2.3969209e-02  -3.3774916e-04  -4.5253577e-04  -4.3772061e-04
  -2.0323660e-03   5.8368477e-02   7.5526447e-02  -7.9063757e-04  -9.0785604e-04  -1.3229066e-04
   1.0924755e-02   3.1096707e-02   4.7212881e-02  -3.0777962e-04  -1.0036695e-03  -1.1943689e-04
   8.9686496e-03   4.3358737e-02   7.8240694e-02  -9.9675830e-04  -8.3630504e-04  -1.5599396e-04
  -8.6938036e-03   4.8013489e-02   3.7377619e-02  -9.2479845e-04  -8.0032326e-04  -2.0002119e-04
  -1.2290214e-02   3.7013764e-02   2.3297041e-02  -1.1485056e-03  -4.7901872e-04  -2.9541101e-04
  -1.8663048e-02   4.0223524e-02   7.8260368e-02  -1.4476159e-03  -6.4739438e-04  -4.7454499e-04
  -1.1287087e-02   6.8661655e-02   2.3793094e-02  -3.1721870e-04  -5.4915950e-04  -3.0207909e-04
  -4.6534679e-03   5.7434952e-02   4.1035803e-02  -3.8834207e-04  -6.7398304e-04  -3.1098772e-04
  -8.1033639e-03   5.8898256e-02   8.1516524e-02  -1.5412766e-03  -7.0664530e-04  -3.1314328e-04
  -7.0665511e-03   5.2614346e-02   2.5849366e-02  -9.9895117e-04  -5.3806192e-04  -4.6970816e-04
  -8.0677981e-03   5.0879450e-02   8.8727432e-02  -1.7365950e-03  -8.0695574e-04  -3.0742278e-04
  -1.8575456e-02   7.9783662e-02   3.6186389e-02  -8.2136756e-04  -7.3594396e-04  -4.1883524e-04
  -2.9492745e-02   5.7915780e-02   7.7632272e-02  -1.6065218e-03  -9.1163248e-04  -6.1739698e-04
  -3.0114485e-02   7.9702647e-02   5.1788943e-02  -5.1506309e-04  -9.8166526e-04  -6.3882178e-04
  -2.9771112e-02   7.0620175e-02   1.9624229e-02  -4.1314653e-04  -1.2635141e-03  -6.8765614e-04
  -3.1679627e-02   8.4016324e-02   8.1574433e-02  -7.5880547e-04  -1.0410828e-03  -6.4442262e-04
  -2.3590229e-02   5.2323406e-02   6.3776655e-02  -9.8373568e-04  -1.3611313e-03  -5.0623421e-04
  -1.2123128e-02   8.6610205e-02   6.9946958e-02  -1.2974106e-03  -1.5594971e-03  -4.7099330e-04
  -2.6713155e-02   7.6571120e-02   9.9569445e-02  -1.2838254e-03  -1.5567535e-03  -6.4404087e-04
  -6.5245399e-02   9.2218577e-02   5.3363227e-02  -1.0383460e-03  -1.1043427e-03  -8.4826112e-04
  -6.6630730e-04   1.1850962e-01   1.8800001e-01  -3.0197268e-03  -1.8190093e-03  -5.2014112e-04
  -1.8922658e-02   1.3850377e-01   9.4053227e-02  -2.8857593e-03  -2.2864219e-03  -4.1977238e-04
  -2.3702004e-02   1.4722826e-01   8.3955941e-02  -2.0659499e-03  -1.8494443e-03  -3.8300056e-07
  -6.4722450e-02   1.1789752e-01   5.2129403e-02  -9.3070556e-04  -1.1405291e-03  -9.6440839e-04
  -5.9402869e-02   1.3541575e-01   5.7625650e-02  -9.7354425e-04  -1.2649157e-03  -7.5026021e-04
  -6.6973948e-02   1.0665708e-01   4.5776407e-02  -1.4511216e-03  -1.1441164e-03  -5.4858123e-04
  -8.9291025e-02   1.1131412e-01  -1.1335250e-02  -8.1222135e-04  -9.2865442e-04  -1.0258166e-03
  -3.2045368e-02   9.0230157e-02   5.9502150e-02  -1.4593965e-03  -1.2054203e-03  -8.1506117e-05
  -2.5466069e-02   1.3475276e-01   7.2622952e-02  -2.0851399e-03  -1.2402138e-03  -1.8651519e-04
   1.9468072e-03   1.4118578e-01   7.3820519e-02  -2.2199992e-03  -1.8566290e-03   2.2004082e-04
  -2.9428047e-03   7.7045485e-02   6.9914972e-03  -1.5432098e-03  -2.0285666e-03   1.5516818e-04
   3.6137823e-03   7.2523443e-02   5.2666230e-02  -1.7715260e-03  -2.3817127e-03   3.5578131e-04
  -3.2584129e-02   8.8723892e-02   4.2078115e-02  -2.0963478e-03  -2.2282910e-03  -1.2915536e-04
  -2.5559419e-02   6.9268169e-02   8.4505451e-02  -2.6926388e-03  -1.9099265e-03  -1.6287350e-04
  -5.9459285e-02   9.9260831e-02   5.3334086e-02  -2.4361187e-03  -1.8747554e-03  -7.7083344e-04
  -6.1500677e-02   1.3696867e-01   2.4574724e-02  -2.2594794e-03  -1.8343134e-03  -1.0626446e-03
  -5.0231782e-02   1.2563724e-01   8.0298155e-02  -3.2828152e-03  -1.6597874e-03  -7.9511772e-04
  -6.3316187e-02   1.4255000e-01   5.5987651e-02  -2.2206868e-03  -1.4208603e-03  -1.0361935e-03
  -5.0734486e-02   1.1637975e-01   5.8316701e-02  -2.4829729e-03  -1.4387932e-03  -6.8743843e-04
  -5.1142481e-02   1.2030247e-01   5.1075033e-02  -2.2426486e-03  -1.6655606e-03  -5.8095662e-04
  -1.9635879e-02   1.0744421e-01   1.0119316e-01  -2.8811038e-03  -1.7820952e-03  -2.1248755e-04
  -5.6639738e-02   1.0630649e-01   8.2149286e-02  -2.1022329e-03  -2.0683735e-03  -6.4355192e-04
  -5.8039741e-02   7.4123582e-02   1.2373213e-01  -2.7775321e-03  -2.2781367e-03  -5.4747390e-04
  -5.1898664e-02   8.7532753e-02   1.2706501e-01  -2.7773405e-03  -2.5442216e-03  -5.3927818e-04
  -3.4059543e-02   1.0586223e-01   1.4509967e-01  -3.5402734e-03  -2.4655618e-03  -4.0194290e-04
  -4.6150457e-02   1.3068205e-01   1.2463691e-01  -2.6451398e-03  -2.3215473e-03  -6.2758765e-04
  -5.6916241e-02   1.2667240e-01   9.9579920e-02  -2.3689474e-03  -2.0353085e-03  -1.0179041e-03
  -4.1890361e-02   1.4856961e-01   1.2182601e-01  -1.7419515e-03  -2.4799071e-03  -7.1196768e-04
  -6.6862904e-02   1.6925148e-01   8.2859600e-02  -1.3595499e-03  -2.1709773e-03  -1.2477106e-03
  -4.2802752e-02   1.3789152e-01   1.1307929e-01  -2.8528173e-03  -1.9221977e-03  -6.6942623e-04
  -4.3831664e-02   1.4723452e-01   1.1316269e-01  -2.1892321e-03  -2.1902359e-03  -7.4371875e-04
  -4.1576809e-02   1.3461811e-01   1.1545431e-01  -2.3499899e-03  -2.2261192e-03  -6.3734997e-04
  -7.0822375e-02   1.3372365e-01   9.2739913e-02  -1.9566608e-03  -2.0699543e-03  -9.5903616e-04
  -3.7677514e-02   1.4340771e-01   8.2946045e-02  -1.6796439e-03  -1.9076227e-03  -6.2729173e-04
  -4.7508842e-02   1.6553274e-01   7.4826561e-02  -1.7269178e-03  -1.4970351e-03  -4.2669375e-04
  -5.2828308e-02   1.6591587e-01   4.5648443e-02  -1.8656319e-03  -1.1141815e-03  -5.4720154e-04
  -8.0502905e-02   2.0286434e-01   1.1235515e-01  -2.1899902e-03  -2.2749229e-03  -7.5732481e-04
  -9.7621023e-02   1.4942841e-01   1.1485414e-01  -2.0930006e-03  -2.8664707e-03  -6.9049788e-04
  -9.0850361e-02   1.1537768e-01   1.0213471e-01  -1.9279230e-03  -2.1169789e-03  -8.8219853e-04
  -1.0418305e-01   1.1336150e-01   1.1913969e-01  -2.3062040e-03  -2.1338316e-03  -7.8765624e-04
  -9.9998008e-02   1.2197210e-01   1.2205237e-01  -1.6609658e-03  -2.1016198e-03  -9.7248035e-04
  -8.0328342e-02   1.4828234e-01   1.4945044e-01  -3.2323411e-03  -2.6234356e-03  -9.0354494e-04
  -1.0284107e-01   1.7196957e-01   9.7374450e-02  -2.0590880e-03  -2.5448028e-03  -1.4536759e-03
  -9.0209449e-02   2.1566175e-01   1.3013052e-01  -2.1236371e-03  -2.4287394e-03  -1.2971250e-03
  -7.9837738e-02   1.4515669e-01   5.4437015e-02  -6.3626939e-04  -2.2682073e-03  -8.8639523e-04
  -7.7130688e-02   1.4218870e-01   3.4838806e-02  -5.6679947e-04  -2.1801130e-03  -1.0878321e-03
  -9.3775756e-02   1.2646993e-01   1.0874959e-01  -2.2505330e-03  -2.2412755e-03  -1.4746298e-03
  -8.5717711e-02   1.6950139e-01   7.5320335e-02  -1.8291500e-03  -2.5508869e-03  -1.2751701e-03
  -3.9103750e-02   1.6579814e-01   8.2420802e-02  -2.6070486e-03  -2.3718256e-03  -4.2277927e-04
  -6.9598588e-02   1.9969566e-01   4.1265067e-02  -1.2038653e-03  -1.8917650e-03  -1.0242924e-03
  -3.0331812e-02   1.8078166e-01   1.0380284e-01  -2.3434252e-03  -2.3659110e-03  -2.2666855e-04
  -6.2556485e-02   1.1599671e-01   5.1820347e-02  -1.3687119e-03  -2.0478899e-03  -4.1139990e-04
  -6.0774767e-02   1.1003024e-01   6.4261950e-02  -1.9652325e-03  -1.9825577e-03  -6.6048166e-04
  -5.7149270e-02   1.4936647e-01   3.1586836e-02  -1.8719024e-03  -1.9474902e-03  -6.1931241e-04
  -5.5254886e-02   1.7728796e-01   5.0225748e-02  -2.2331246e-03  -2.0068169e-03  -4.9391928e-04
  -9.3341787e-02   1.7894026e-01   3.4552191e-03  -5.3337973e-04  -1.6868854e-03  -1.4642779e-03
  -7.4516139e-02   1.9718531e-01   1.0244768e-02  -6.0420463e-04  -1.4712761e-03  -1.1370779e-03
  -6.3611550e-02   1.6566549e-01   5.2886280e-02  -1.5782988e-03  -1.4200833e-03  -9.2292715e-04
  -6.1333025e-02   1.5967829e-01   4.4277899e-02  -1.4849280e-03  -1.6786745e-03  -7.9514728e-04
  -7.6247451e-02   1.2428792e-01   1.6314358e-02  -1.5730192e-03  -1.7211685e-03  -9.2165726e-04
  -8.3933874e-02   1.4095037e-01   3.5484808e-02  -1.3962302e-03  -2.0427232e-03  -1.0796103e-03
  -8.0241377e-02   1.1773272e-01   3.4104343e-02  -1.4068560e-03  -2.0507656e-03  -8.9643185e-04
  -8.4120110e-02   1.5219576e-01   4.8716454e-02  -1.6875974e-03  -2.2704025e-03  -1.2875468e-03
  -9.4612708e-02   1.3465288e-01   9.0743499e-03  -1.4583697e-03  -2.0031220e-03  -1.2637800e-03
  -7.0254960e-02   1.5495901e-01   2.8010745e-02  -1.8641094e-03  -2.0972573e-03  -7.3580291e-04
  -9.2938001e-02   2.6738572e-01   1.2119309e-01  -1.8322137e-03  -1.7307469e-03  -1.2789840e-03
  -9.6279441e-02   1.3752143e-01  -1.2217925e-02  -5.3840451e-04  -1.6237718e-03  -1.0563500e-03
  -9.5651699e-02   1.3627696e-01  -2.3613741e-02  -1.0861979e-03  -1.2924066e-03  -1.2896903e-03
  -1.0249454e-01   1.8444042e-01   4.8693574e-02  -7.0931627e-04  -1.4282184e-03  -1.0682286e-03
  -1.1137590e-01   1.6450411e-01   6.0264352e-02  -7.4184783e-04  -1.0897244e-03  -1.3404441e-03
  -1.0792904e-01   1.5962708e-01   1.0286725e-01  -1.6656128e-03  -1.5850834e-03  -1.3618673e-03
  -1.1795363e-01   1.6476011e-01   4.0757109e-02  -9.4016797e-04  -1.7561370e-03  -1.2998112e-03
  -1.1981741e-01   1.5619322e-01   6.5077122e-02  -1.1815638e-03  -1.6461923e-03  -1.4013703e-03
  -1.2778450e-01   1.4713995e-01   2.2338093e-02  -6.9031690e-04  -1.8190099e-03  -1.4675232e-03
  -1.1975988e-01   1.4195042e-01   6.1353540e-02  -1.0939491e-03  -1.8129017e-03  -1.4179297e-03
  -1.2980513e-01   1.6100405e-01   1.0430614e-02  -4.8545943e-04  -1.7567383e-03  -1.5453336e-03
  -1.2362388e-01   1.2800312e-01   3.3501563e-02  -8.5850404e-04  -1.6327028e-03  -1.4850188e-03
  -1.2162499e-01   1.6806958e-01  -2.4812168e-02  -2.8292888e-04  -1.7154922e-03  -1.6106889e-03
  -1.1338846e-01   1.4954505e-01  -4.5188069e-02  -5.0196609e-04  -1.2816767e-03  -1.3683742e-03
  -1.2982169e-01   2.2051674e-01   2.7471200e-02  -1.5118867e-03  -1.4495852e-03  -1.6548816e-03
  -1.0779554e-01   2.2154644e-01  -4.3479771e-03  -1.0597423e-03  -1.4816773e-03  -1.8193436e-03
  -1.1021396e-01   1.8015656e-01   4.3557464e-02  -1.0897226e-03  -1.1196469e-03  -2.0263292e-03
  -1.3228212e-01   2.1448521e-01  -1.7888813e-03  -2.0281323e-04  -1.3863502e-03  -2.3460777e-03
  -1.1929083e-01   1.5669426e-01  -3.3158308e-02   4.5057832e-04  -1.4272384e-03  -2.0186521e-03
  -1.1036072e-01   1.5232296e-01  -2.3894217e-02  -7.1504997e-04  -1.5380716e-03  -1.5768773e-03
  -1.1286269e-01   1.2770305e-01  -5.4255751e-03  -8.2367088e-04  -1.4343752e-03  -1.6740770e-03
  -1.3372765e-01   1.4230506e-01  -3.4404490e-02  -1.4122721e-03  -1.1265588e-03  -1.6518960e-03
  -1.4499442e-01   1.6389144e-01  -6.0177887e-02  -6.0228279e-04  -1.2031167e-03  -2.0912748e-03
  -1.3790010e-01   1.5569323e-01  -6.5096970e-02  -2.2536108e-04  -1.1383778e-03  -2.0566895e-03
  -1.1699393e-01   1.4656436e-01  -1.9816261e-02  -9.5114727e-04  -1.1392834e-03  -1.3073669e-03
  -1.2199700e-01   1.6603924e-01  -2.8440387e-02  -1.1843895e-03  -9.0332561e-04  -1.5591225e-03
  -1.1630533e-01   1.6810651e-01  -1.6124567e-02  -3.9617301e-04  -9.8190892e-04  -1.6014108e-03
  -9.9923461e-02   1.8468830e-01  -2.3377328e-02  -1.0915892e-03  -9.2589670e-04  -1.3982616e-03
  -8.5247572e-02   1.9323034e-01  -3.2651646e-02  -1.0414675e-03  -7.8775525e-04  -8.7262675e-04
  -5.8266867e-02   2.5624961e-01   8.4610763e-03  -8.6215167e-04  -1.3285355e-03  -5.5294382e-04
  -1.1024398e-01   2.0623912e-01   2.7344949e-02  -3.5297721e-04  -1.3169767e-03  -1.3907990e-03
  -1.0228655e-01   2.0643412e-01   1.3455515e-02  -5.5802544e-05  -1.6634811e-03  -1.5854087e-03
  -4.3964314e-03   2.2395040e-01   5.3777143e-02  -8.9287110e-04  -1.4462291e-03   2.3552804e-04
  -3.3151849e-02   2.3935993e-01   2.2242512e-02  -6.6915257e-04  -1.3204180e-03  -5.8656608e-04
  -3.9104527e-02   1.8635781e-01   5.4774339e-02  -1.0546836e-03  -1.8842928e-03   6.9750291e-05
  -4.2406322e-02   2.0960073e-01   7.7817598e-02  -4.4133615e-04  -1.8699492e-03  -7.8887398e-05
  -4.9473142e-02   1.6552023e-01   6.0910287e-02  -1.4771294e-03  -1.9313143e-03  -1.9964295e-04
  -4.6869278e-02   1.8452043e-01   4.7185311e-02  -9.2987422e-04  -1.6749476e-03  -5.3713287e-04
  -8.3086174e-03   1.8760872e-01   8.7357690e-02  -1.8339082e-03  -1.7423298e-03   1.0964569e-04
  -2.0274927e-02   2.1840828e-01   5.2666707e-02  -1.5840017e-03  -1.8126901e-03   5.1423752e-05
  -2.9200021e-02   2.5316251e-01   6.6233347e-02  -2.3723673e-03  -1.7109111e-03  -9.7184407e-05
  -4.0370812e-02   2.3108239e-01   8.8842151e-02  -2.1071908e-03  -1.8406039e-03  -2.4151231e-04
  -2.7304425e-02   2.3389022e-01   7.7644502e-02  -2.4142938e-03  -1.9488752e-03  -1.0980553e-04
  -5.6772886e-02   2.1383709e-01   5.1701301e-02  -2.0741977e-03  -1.9683067e-03  -3.1692178e-04
  -4.8073645e-02   2.2916265e-01   4.1560812e-02  -1.9815795e-03  -1.7817654e-03  -2.0500522e-04
  -5.8002364e-02   2.0753962e-01   8.4757833e-02  -2.3822924e-03  -1.9392696e-03  -2.6586714e-04
  -5.5873059e-02   2.2860787e-01   2.8119184e-02  -1.8272042e-03  -1.7782173e-03  -1.2052324e-04
  -7.3081261e-02   2.1067576e-01  -1.1361696e-02  -1.6216922e-03  -1.5264394e-03  -3.1594731e-04
  -6.8384900e-02   1.9827094e-01   9.5156953e-02  -2.4894274e-03  -1.7107766e-03   5.4073916e-05
  -6.1853498e-02   1.8711851e-01   6.1689513e-02  -2.2311305e-03  -1.3869133e-03  -7.2180131e-06
  -7.5169969e-02   1.7479799e-01   7.0168717e-02  -2.4522463e-03  -1.1180056e-03  -4.6103948e-06
  -9.2950417e-02   1.9009222e-01   2.6687534e-02  -1.7232773e-03  -1.0498692e-03  -3.9353682e-04
  -9.6535671e-02   1.6769261e-01   4.1837698e-02  -1.9457833e-03  -9.4078662e-04  -5.6682947e-04
  -1.0868932e-01   1.9937508e-01   2.3580872e-02  -1.0854204e-03  -7.8895562e-04  -9.2701680e-04
  -9.1386421e-02   1.8623301e-01   9.8206888e-03  -1.0348681e-03  -6.7495710e-04  -7.9447746e-04
  -1.0555609e-01   1.9009290e-01  -1.8672127e-02  -1.7704827e-03  -2.7258934e-04  -1.0435014e-03
  -8.3465654e-02   2.0828831e-01  -1.9941105e-02  -1.8662544e-03  -2.6149355e-04  -6.3221628e-04
  -3.6015656e-02   2.3556164e-01  -6.2014630e-03  -2.1442257e-03  -4.1023807e-04  -1.2233614e-04
  -5.0229589e-02   2.5954345e-01   1.2353229e-02  -1.3741262e-03  -2.5108833e-04  -5.6699412e-04
  -3.3379837e-02   2.8058252e-01  -1.5337622e-02  -1.5401954e-03  -5.1660661e-04  -4.0086638e-05
  -3.3828281e-02   2.0920763e-01  -7.3003436e-03  -1.7968040e-03  -9.9802142e-04   4.5973325e-04
  -4.7730659e-02   2.0969775e-01  -1.7326908e-02  -1.5555700e-03  -5.6072900e-04   1.2129819e-04
  -4.1394400e-02   2.5973522e-01  -3.5359366e-03  -3.1091809e-03  -5.9644514e-04   3.7951192e-04
  -5.4750610e-02   2.3143985e-01  -6.6825510e-02  -1.5517602e-03  -3.7931796e-04   2.8481723e-04
  -3.5790798e-02   2.7944855e-01  -1.1505950e-02  -2.0534600e-03  -3.3407480e-04  -4.7718604e-05
  -5.1008123e-02   2.5922012e-01  -5.0987520e-02  -1.8804525e-03  -3.4505929e-04  -3.8913718e-06
  -7.0189964e-02   2.4866612e-01  -3.0074625e-02  -1.2346015e-03   3.1791682e-05  -2.8739611e-04
  -6.2688444e-02   2.0711767e-01  -1.9133408e-02  -1.3039830e-03  -4.9944899e-04  -3.4219982e-04
  -5.7349641e-02   1.8593288e-01  -2.0851159e-02  -1.2641028e-03  -7.5597242e-04  -1.3382206e-04
  -7.0066385e-02   1.7595409e-01  -4.4750980e-02  -9.6889559e-04  -7.9123414e-04  -2.8614406e-04
  -5.8929103e-02   2.0007156e-01  -6.0974034e-02  -1.3820094e-03  -8.3960219e-04  -3.6489045e-04
  -6.7398076e-02   1.9956879e-01  -6.3488308e-02  -9.1962811e-04  -7.3211918e-04  -6.1572504e-04
  -7.6998014e-02   1.9332802e-01  -6.9843774e-04  -8.6554438e-04  -7.1039049e-04  -2.8609979e-04
  -6.5488362e-02   2.3409772e-01  -4.0548116e-02  -2.7979964e-04  -7.7303374e-04  -6.4536016e-04
  -5.9094992e-02   2.4601625e-01  -5.4545029e-02  -1.8059917e-04  -6.8623327e-04  -7.5852799e-04
  -3.5073641e-02   2.3828355e-01  -9.1367110e-02  -5.5593299e-05  -4.0933629e-04  -4.0836921e-04
  -3.9913306e-02   2.4216220e-01  -1.5918147e-02  -1.1297156e-03  -5.7058305e-04  -4.6310326e-04
  -4.4830440e-02   2.6413856e-01  -3.4025464e-02  -5.2408411e-04  -7.5639954e-04  -5.2575527e-04
  -4.4701614e-02   2.8062952e-01  -6.1703233e-02  -1.5524747e-04  -4.5505885e-04  -7.7152253e-04
  -6.2374510e-02   2.5352312e-01  -3.8015387e-02  -5.2104405e-04  -3.6442658e-04  -7.8852672e-04
  -5.2328931e-02   2.9035205e-01  -6.3754559e-02   7.2884811e-04  -5.0021006e-04  -8.6728163e-04
  -2.7487304e-02   2.8163474e-01  -1.8411297e-02  -9.8128634e-04  -9.7693673e-04  -5.9455206e-04
  -4.0480035e-02   2.8868736e-01  -2.3498390e-02  -5.8368888e-04  -6.0834968e-04  -5.4257253e-04
  -4.6041838e-02   1.4991743e-01  -2.0358832e-01   1.6967546e-03  -1.2899455e-03  -2.8299557e-05
  -3.6801715e-02   2.2762454e-01  -7.5640191e-02   3.6750531e-04  -6.9295507e-04   1.1904677e-04
  -3.1846958e-02   2.6151591e-01  -3.3155077e-02   1.0588461e-04  -1.3346937e-03  -1.4099896e-04
