   1.1007744e-14   0.0000000e+00   0.0000000e+00  -1.9796242e-54   1.2037062e-35   0.0000000e+00
  -3.3518768e-03   1.7678381e-03  -1.0658147e-02   1.1085610e-04   1.2332968e-05  -7.2079334e-05
  -1.1256832e-02  -1.5042153e-02   2.5309245e-02  -3.9157710e-04   2.4229300e-04  -1.1314214e-04
  -1.6793354e-02   2.3630715e-02   2.6618090e-02  -1.0713551e-03   4.5407065e-04  -1.7980992e-04
  -2.1694169e-02   1.7230606e-02   6.0559023e-02  -1.7024574e-03   3.4012124e-04  -1.2087014e-04
  -2.2200513e-02   5.1789245e-03   6.0469406e-02  -1.6925439e-03   3.9218639e-04  -1.4239663e-04
  -2.4419185e-02   2.1948654e-02   1.0586056e-01  -2.4527119e-03   4.4396180e-04  -1.3274784e-04
  -3.0058255e-02   2.6764766e-02   8.3332524e-02  -2.6597382e-03   4.3239276e-04  -1.9086306e-04
  -2.8139243e-02   2.3405221e-02   1.2853263e-01  -2.6206802e-03   4.3447096e-04  -1.3333345e-04
  -3.3300982e-02   3.5763942e-02   1.3971051e-01  -3.1921254e-03   2.6492072e-04  -3.3604389e-04
  -2.7655610e-02   5.5681815e-02   1.3865120e-01  -3.2708520e-03   2.3202417e-04  -3.3890558e-04
  -3.5094797e-02   3.7862281e-02   1.5006891e-01  -3.1715969e-03   3.7687731e-04  -4.3674912e-04
  -2.7277174e-02   4.3806786e-02   1.2950020e-01  -2.4435991e-03   4.1841298e-04  -3.4044707e-04
  -3.1005803e-02   6.6757525e-02   1.3738237e-01  -2.7564428e-03   4.0314745e-04  -4.9571206e-04
  -1.5926932e-02   7.1652857e-02   1.4742126e-01  -2.6527000e-03   3.7148734e-04  -2.2781262e-04
  -3.3408171e-02   6.0095155e-02   1.4499238e-01  -2.5716540e-03   4.7846524e-04  -4.7225887e-04
  -3.4018609e-02   4.5459985e-02   1.4785842e-01  -2.5932059e-03   5.7325630e-04  -4.3080169e-04
  -3.3459806e-02   7.9861198e-02   1.5692988e-01  -3.0763412e-03   3.9101918e-04  -5.2756307e-04
  -1.3985098e-02   5.0202411e-02   1.3553687e-01  -2.4295554e-03   6.9433291e-04  -2.2585458e-04
  -1.4276554e-02  -3.2977830e-02   9.9002692e-02  -2.3231568e-03   4.8772872e-04  -5.4960871e-05
  -3.8307234e-02  -3.8142931e-02   1.0190297e-01  -2.9443872e-03   6.4852245e-04  -7.5309529e-04
  -3.9573862e-02  -3.9148896e-02   8.3681882e-02  -2.9539799e-03   6.8323023e-04  -5.6543151e-04
  -5.7596514e-02  -4.0022274e-02   8.4022424e-02  -2.5604697e-03   1.0821635e-03  -6.7573069e-04
  -5.5108461e-02  -4.3467195e-02   7.5128657e-02  -2.4061642e-03   1.1041654e-03  -6.6774730e-04
  -6.1346386e-02  -5.5193951e-02   8.6714491e-02  -2.3567616e-03   1.1458163e-03  -9.0357552e-04
  -5.1221507e-02  -3.8880370e-02   7.9248549e-02  -2.3058904e-03   1.2058501e-03  -8.3716808e-04
  -5.4547798e-02  -2.4563596e-02   1.0219740e-01  -2.7777232e-03   1.1035792e-03  -7.9227202e-04
  -6.1439093e-02  -3.2947690e-02   1.2533747e-01  -2.5283219e-03   1.1591210e-03  -6.6145682e-04
  -5.4822943e-02   1.7540012e-03   1.3001910e-01  -2.9466932e-03   1.2381184e-03  -5.2260343e-04
  -5.3081646e-02  -2.1407653e-02   1.6064072e-01  -3.0668799e-03   1.2527878e-03  -6.7300900e-04
  -5.4834545e-02   1.8219531e-02   1.5495422e-01  -3.6572047e-03   1.1637610e-03  -4.7783345e-04
  -5.4000222e-02   2.3619906e-03   2.0448712e-01  -3.6048038e-03   1.2140914e-03  -3.9358137e-04
  -5.4408918e-02  -1.1290762e-03   2.0850513e-01  -3.8882427e-03   1.2539487e-03  -3.2300795e-04
  -5.4563788e-02  -6.5883878e-03   2.3715925e-01  -4.1574165e-03   1.3406867e-03  -3.2500662e-04
  -5.4005259e-02   1.7502510e-02   2.1408445e-01  -4.3854806e-03   1.2775405e-03  -1.3612202e-04
  -5.8721461e-02   1.2298450e-02   2.5298438e-01  -5.1947978e-03   1.3533348e-03  -3.2652263e-04
  -5.2635737e-02   3.8697324e-03   2.3000691e-01  -4.7290863e-03   1.3522795e-03  -5.8568003e-05
  -5.8960655e-02   1.6165219e-04   2.9834597e-01  -4.9985776e-03   1.4387499e-03  -2.5808982e-04
  -5.8161440e-02   2.9098578e-02   2.4534362e-01  -5.4146241e-03   1.4084490e-03  -6.9439353e-05
  -5.7827607e-02   3.2603849e-02   2.7392390e-01  -5.5018842e-03   1.5029906e-03  -1.1235949e-04
  -5.6681354e-02   3.5849402e-02   2.7602148e-01  -5.5915055e-03   1.5582088e-03  -1.8952657e-05
  -5.2976933e-02   5.1843236e-02   2.7305620e-01  -5.1046691e-03   1.6321314e-03   8.1845044e-05
  -5.9672286e-02   3.6963051e-02   2.7177755e-01  -4.7049349e-03   1.6044711e-03   1.2515456e-04
  -5.2446762e-02   3.3532036e-02   2.7739259e-01  -4.3857534e-03   1.5603089e-03   9.9002342e-05
  -7.1605304e-02   5.3813112e-02   2.4660089e-01  -4.5952651e-03   1.6632142e-03  -3.2760490e-04
  -5.8012545e-02   5.7737102e-02   2.6843864e-01  -4.4377409e-03   1.6148874e-03   2.5978777e-05
  -6.5578752e-02   5.4007295e-02   2.5719070e-01  -4.6378302e-03   1.6687702e-03  -1.8533852e-04
  -2.0850018e-02   2.6865120e-02   1.8796995e-01  -1.9780195e-03   1.7745955e-03   5.1140310e-04
   9.3709856e-03  -2.8033193e-02   2.5992099e-02  -2.4522636e-04   1.7847189e-03   2.0115744e-03
  -5.5472582e-02   2.2501149e-02   8.1907859e-02  -1.1466187e-03   2.0538638e-03   4.6404799e-04
  -3.9947589e-02   2.3534967e-02   8.6584430e-02  -6.2647368e-04   2.0939939e-03   5.3052885e-04
  -1.9751090e-02   1.7093631e-02   1.1973081e-01  -1.3225221e-03   1.8173992e-03   8.4366584e-04
  -2.8570667e-02   3.9331071e-02   1.0905106e-01  -1.3544652e-03   1.8323160e-03   6.3075620e-04
  -4.2799342e-02   6.1439454e-02   1.1048996e-01  -1.9322589e-03   2.0191158e-03   4.7315230e-04
  -3.2114868e-02   5.6841825e-02   1.5630430e-01  -1.7811861e-03   2.0047731e-03   5.9564503e-04
  -3.3250128e-02   4.4823710e-02   1.3600070e-01  -1.8463866e-03   1.9168351e-03   5.7525577e-04
  -3.0576232e-02   6.3552520e-02   1.4671938e-01  -1.8948548e-03   1.8774389e-03   5.4923727e-04
  -3.7154037e-02   8.5713569e-02   1.6536500e-01  -2.5958501e-03   1.9229554e-03   3.4456235e-04
  -3.0857197e-02   7.3235449e-02   1.8145139e-01  -2.4458013e-03   1.8278817e-03   4.0752500e-04
  -2.7142609e-02   4.9217512e-02   1.7049280e-01  -2.0524768e-03   1.7439198e-03   5.3220390e-04
  -3.6262120e-02   5.1994857e-02   1.8994476e-01  -2.3044631e-03   2.0239384e-03   3.5870583e-04
  -4.0335625e-02   8.5684546e-02   1.9433018e-01  -3.1852352e-03   1.8612559e-03   2.5712452e-04
  -4.9477971e-02   1.0720698e-01   1.7226934e-01  -2.8044788e-03   1.8758863e-03   2.5034268e-04
  -5.4707397e-02   1.0559042e-01   1.9105037e-01  -3.1478823e-03   1.8243770e-03   2.3258669e-04
  -6.2239223e-02   8.9075539e-02   1.7563504e-01  -2.5658596e-03   1.8342138e-03   2.5306991e-04
  -6.2470717e-02   1.0401992e-01   1.7543551e-01  -3.0682423e-03   1.8751474e-03   2.8718660e-04
  -7.2487482e-02   9.2016596e-02   1.9521028e-01  -3.5924957e-03   1.9172475e-03   9.5009018e-05
  -7.7583935e-02   9.3485460e-02   1.9656218e-01  -3.6928336e-03   2.0165215e-03   5.7472401e-05
  -6.5188377e-02   1.1266699e-01   1.5673950e-01  -2.9683875e-03   2.1280551e-03   1.9878788e-04
  -7.5400919e-02   1.1728331e-01   1.7242077e-01  -3.2139088e-03   2.1193922e-03   2.0070872e-05
  -6.5451206e-02   7.9151840e-02   1.8281076e-01  -3.1555880e-03   2.0309318e-03   8.9944406e-05
  -6.5369635e-02   1.0965348e-01   2.0115053e-01  -3.1807435e-03   2.0522368e-03  -6.4596387e-05
  -6.6496486e-02   9.8875854e-02   1.7886239e-01  -3.1715974e-03   1.9680651e-03   1.2987737e-04
  -7.1043950e-02   1.2224093e-01   1.9294822e-01  -3.5634832e-03   1.9304772e-03  -7.8246414e-05
  -7.6994938e-02   1.0059858e-01   1.3796360e-01  -2.8872776e-03   1.9886589e-03   1.5656540e-04
  -9.2584287e-02   1.3821560e-01   1.5637392e-01  -2.9114877e-03   2.0600757e-03   4.3038981e-05
  -8.4649375e-02   1.3237688e-01   1.8163865e-01  -3.0803683e-03   2.0995562e-03   9.6516592e-06
  -8.3239348e-02   1.1009042e-01   1.7467772e-01  -3.1419490e-03   1.9285288e-03   1.6632861e-04
  -8.5488981e-02   1.0735026e-01   1.7896813e-01  -2.8974357e-03   1.8975359e-03   3.9334032e-05
  -9.2104854e-02   1.0221777e-01   2.2811824e-01  -3.8933334e-03   1.9307140e-03  -1.3172632e-04
  -9.4545213e-02   1.3881339e-01   2.0656798e-01  -3.7119820e-03   2.0324679e-03  -1.6129430e-04
  -1.0006240e-01   1.5224980e-01   1.9606722e-01  -3.6225544e-03   2.1000383e-03  -2.5900004e-04
  -8.7144665e-02   1.6040446e-01   2.1056522e-01  -3.9630744e-03   2.1217541e-03  -4.4425043e-05
  -8.8882465e-02   1.4697922e-01   2.2513464e-01  -4.2857969e-03   2.0170471e-03   8.3197787e-05
  -9.5426673e-02   1.2969964e-01   2.2445556e-01  -4.0578428e-03   1.8872185e-03  -6.1259495e-05
  -1.0217746e-01   1.3392391e-01   2.2736664e-01  -4.2790267e-03   1.9986923e-03  -1.6779819e-04
  -1.0289624e-01   1.3054031e-01   2.3500834e-01  -4.3854733e-03   1.8575666e-03  -1.5996782e-04
  -1.0191308e-01   1.5873594e-01   2.1976176e-01  -4.7455722e-03   2.1324374e-03  -7.6342884e-06
  -1.0189751e-01   1.5982792e-01   1.9510857e-01  -4.3353459e-03   2.1550600e-03  -9.0930063e-05
  -1.0509505e-01   1.5452663e-01   2.1898618e-01  -4.7348288e-03   2.1312119e-03  -1.0381475e-04
  -1.0689908e-01   1.6398378e-01   2.4523678e-01  -4.3130108e-03   2.1777859e-03  -1.7102311e-05
  -9.9073401e-02   1.6554825e-01   2.3448667e-01  -4.4466711e-03   2.0356849e-03   6.0935796e-05
  -9.7962431e-02   1.3877598e-01   2.5931301e-01  -4.9706377e-03   1.9641789e-03   5.3054762e-05
  -1.1096198e-01   1.7625821e-01   2.6285825e-01  -5.2575366e-03   1.9271139e-03  -1.7308183e-04
  -1.1160817e-01   1.7760736e-01   2.8073651e-01  -5.8698194e-03   2.1220091e-03  -5.5474271e-05
  -1.0488130e-01   1.6667628e-01   2.8054679e-01  -5.5005311e-03   2.0458080e-03  -4.6169048e-05
  -1.1320827e-01   1.7532314e-01   2.9405261e-01  -5.6921663e-03   1.9086678e-03  -3.8943772e-04
  -1.0833296e-01   1.7638988e-01   2.6962560e-01  -5.4668456e-03   2.0787065e-03  -9.3764380e-05
  -1.2218898e-01   2.1797010e-01   2.8103661e-01  -5.8316469e-03   1.9582769e-03  -6.0920656e-04
  -1.2227870e-01   2.2416731e-01   2.9827387e-01  -6.2139381e-03   2.0267497e-03  -5.0638879e-04
  -1.1852991e-01   1.8499626e-01   3.1165960e-01  -6.3229180e-03   1.9641881e-03  -3.9622808e-04
  -1.1694652e-01   2.0586083e-01   2.8921845e-01  -6.0966111e-03   1.7789107e-03  -4.7151513e-04
  -1.1859943e-01   2.0860735e-01   3.2638652e-01  -7.1482118e-03   2.0910168e-03  -3.7884395e-04
  -1.1848750e-01   1.9871424e-01   3.3443788e-01  -7.2846569e-03   2.0829053e-03  -2.3672137e-04
  -1.2216736e-01   1.9741659e-01   3.3676506e-01  -7.2256946e-03   2.0733163e-03  -3.9010463e-04
  -1.2430410e-01   2.0260125e-01   3.3763561e-01  -6.6956439e-03   2.1376736e-03  -5.4194628e-04
  -1.2362413e-01   2.0045856e-01   3.3646524e-01  -6.9371493e-03   2.1963496e-03  -3.6100866e-04
  -1.1578900e-01   2.2676217e-01   3.2691119e-01  -6.9185691e-03   2.0661927e-03  -2.8736724e-04
  -1.1573907e-01   2.2186513e-01   3.3158884e-01  -6.3189974e-03   2.0799293e-03  -2.6912327e-04
  -1.3260586e-01   2.2142410e-01   3.5960519e-01  -6.8165177e-03   2.1713001e-03  -6.6385843e-04
  -1.1411832e-01   2.1996060e-01   3.3336140e-01  -6.6291980e-03   2.1106648e-03  -1.7549358e-04
  -1.1895327e-01   2.3786026e-01   3.4707426e-01  -6.7691802e-03   2.1335049e-03  -3.8667801e-04
  -1.1442420e-01   2.3628979e-01   3.3375457e-01  -6.6850990e-03   2.1027189e-03  -2.5100037e-04
  -1.2144880e-01   2.2129847e-01   3.5787065e-01  -6.5120377e-03   2.1226690e-03  -4.8353677e-04
  -1.1968899e-01   2.1292481e-01   3.6124438e-01  -6.9392325e-03   2.1270797e-03  -3.4633376e-04
  -1.2365490e-01   2.2490053e-01   3.5734152e-01  -7.0120208e-03   2.2520885e-03  -3.3424102e-04
  -1.3087286e-01   2.3771779e-01   3.4000969e-01  -7.3575000e-03   2.2391058e-03  -4.0558644e-04
  -1.3185231e-01   2.3361542e-01   3.4303958e-01  -7.2901697e-03   2.3026489e-03  -4.4222052e-04
  -1.2845244e-01   2.1163699e-01   3.9168578e-01  -7.6035631e-03   2.2006568e-03  -3.9165551e-04
  -1.3383467e-01   2.2877901e-01   3.5393381e-01  -6.9550827e-03   2.4910490e-03  -5.9003234e-04
  -1.3654549e-01   2.1865814e-01   3.5347740e-01  -6.6196605e-03   2.4334212e-03  -7.5504688e-04
  -1.2965447e-01   2.4220879e-01   3.3903658e-01  -6.8468801e-03   2.1466924e-03  -3.8922717e-04
  -1.3258633e-01   2.2846437e-01   3.3949397e-01  -6.7328724e-03   2.2087310e-03  -5.1967915e-04
  -1.3870252e-01   2.2338096e-01   3.8656869e-01  -7.1976474e-03   2.0551212e-03  -4.6707871e-04
  -1.3757416e-01   2.3201172e-01   3.4866896e-01  -6.6632531e-03   2.2282901e-03  -4.8091253e-04
  -1.4258589e-01   2.4706607e-01   3.7554888e-01  -7.0871607e-03   2.2737140e-03  -6.4869924e-04
  -1.4106978e-01   2.7024411e-01   3.6451309e-01  -7.2043990e-03   2.1660432e-03  -5.6868600e-04
  -1.3907699e-01   2.6070670e-01   3.9206340e-01  -7.2782052e-03   2.2094681e-03  -5.6670391e-04
  -1.3645360e-01   2.7018905e-01   3.9513626e-01  -7.4378099e-03   2.1138789e-03  -4.8899137e-04
  -1.3614276e-01   2.6587395e-01   4.2721487e-01  -7.8372106e-03   2.0956524e-03  -5.0957299e-04
  -1.4620723e-01   2.6140659e-01   4.2065431e-01  -7.9673589e-03   2.2016356e-03  -7.9097121e-04
  -1.4739985e-01   2.6549742e-01   4.1252711e-01  -7.8846481e-03   2.1131402e-03  -7.7339375e-04
  -1.4936163e-01   2.8528450e-01   4.1294073e-01  -8.4758357e-03   2.2151420e-03  -7.6948676e-04
  -1.5550002e-01   2.8904672e-01   4.1995342e-01  -8.5531031e-03   2.2565042e-03  -8.1490876e-04
  -1.5499341e-01   2.6047830e-01   4.5908429e-01  -8.8687935e-03   2.1100579e-03  -9.7474539e-04
  -1.5209843e-01   2.7567698e-01   4.1245313e-01  -8.1223482e-03   2.2480407e-03  -8.2849908e-04
  -1.5362879e-01   2.9312084e-01   4.2263605e-01  -8.2647282e-03   2.2594324e-03  -8.2782880e-04
  -1.5131497e-01   2.7161104e-01   4.2654102e-01  -8.0660425e-03   2.1108526e-03  -9.3037698e-04
  -1.5333369e-01   2.6962059e-01   4.3389621e-01  -7.8760872e-03   2.2192397e-03  -9.4526145e-04
  -1.5790279e-01   2.9139652e-01   4.2423203e-01  -7.8824812e-03   2.2792274e-03  -7.7751809e-04
  -1.6293697e-01   3.1506686e-01   3.8123175e-01  -7.5260600e-03   2.5507600e-03  -8.9241133e-04
  -1.6674798e-01   3.0326650e-01   4.4334922e-01  -8.1353145e-03   2.5427036e-03  -1.0524057e-03
  -1.6186213e-01   2.9942499e-01   3.9162123e-01  -7.4367313e-03   2.5108255e-03  -9.6908372e-04
  -1.6199619e-01   2.9831987e-01   4.4511277e-01  -7.8706306e-03   2.4811247e-03  -1.0908818e-03
  -1.7178565e-01   3.1467864e-01   4.0358037e-01  -7.5235694e-03   2.6138217e-03  -1.1432738e-03
  -1.7483716e-01   3.2202584e-01   4.2670840e-01  -8.2017587e-03   2.5643911e-03  -1.2620827e-03
  -1.6502982e-01   3.3784718e-01   4.2717283e-01  -8.9512391e-03   2.4247201e-03  -1.0399203e-03
  -1.7007204e-01   3.0997753e-01   4.3235858e-01  -8.4385151e-03   2.4705618e-03  -1.2826244e-03
  -1.6473312e-01   3.1599406e-01   4.3065918e-01  -8.9977539e-03   2.4826193e-03  -9.9844066e-04
  -1.6923850e-01   3.1843437e-01   4.1281415e-01  -8.2252135e-03   2.3804308e-03  -1.2039664e-03
  -1.7347051e-01   3.1418842e-01   4.4934437e-01  -8.4726248e-03   2.5068725e-03  -1.2861407e-03
  -1.5715041e-01   3.0575240e-01   4.2933004e-01  -7.9471291e-03   2.3317300e-03  -1.0059397e-03
  -1.6218920e-01   3.4041646e-01   4.2721529e-01  -8.2813561e-03   2.5009457e-03  -9.6735458e-04
  -1.5507517e-01   3.1988942e-01   4.4703397e-01  -8.1926615e-03   2.3866449e-03  -9.3401039e-04
  -1.6650617e-01   3.3665855e-01   4.2724591e-01  -8.0786848e-03   2.5248077e-03  -1.1741101e-03
  -1.5716642e-01   3.3645944e-01   4.1594915e-01  -7.9615455e-03   2.4608031e-03  -1.1019331e-03
  -1.6942478e-01   3.4993110e-01   4.6224136e-01  -9.1356533e-03   2.3462652e-03  -1.2040736e-03
  -1.6224323e-01   3.4841293e-01   4.5064761e-01  -8.8169986e-03   2.3463599e-03  -1.1768488e-03
  -1.6273049e-01   3.2566677e-01   4.8578800e-01  -9.2258701e-03   2.3492106e-03  -1.1377352e-03
  -1.7040424e-01   3.3222541e-01   4.7880460e-01  -9.0906825e-03   2.5186326e-03  -1.3247359e-03
  -1.6785459e-01   3.4409392e-01   4.7962990e-01  -9.4847494e-03   2.6023807e-03  -1.3168592e-03
  -1.7449611e-01   3.5507660e-01   4.9513723e-01  -9.9682358e-03   2.5948378e-03  -1.5095540e-03
  -1.6592102e-01   3.6642470e-01   4.9412376e-01  -1.0093656e-02   2.4790778e-03  -1.0981117e-03
  -1.6996244e-01   3.4797323e-01   5.1873885e-01  -9.6951738e-03   2.5958627e-03  -1.3903272e-03
  -1.7319398e-01   3.3418070e-01   4.8190408e-01  -9.3909604e-03   2.5217328e-03  -1.4020900e-03
  -1.7354929e-01   3.4041886e-01   4.5860784e-01  -9.0556474e-03   2.6398003e-03  -1.4160634e-03
  -1.8063960e-01   3.7505890e-01   4.7508600e-01  -9.7204931e-03   2.6353110e-03  -1.4789163e-03
  -1.7807078e-01   3.6530531e-01   4.6775935e-01  -9.1378572e-03   2.6872700e-03  -1.5476204e-03
  -1.7363199e-01   3.6870332e-01   4.7642711e-01  -9.2832925e-03   2.5833961e-03  -1.2965565e-03
  -1.8217297e-01   3.7494164e-01   5.1053054e-01  -9.8571711e-03   2.8409479e-03  -1.3692852e-03
  -1.8929557e-01   3.5478665e-01   4.6172579e-01  -9.2861092e-03   2.7543576e-03  -1.6672339e-03
  -1.8989126e-01   3.6319696e-01   4.7606503e-01  -9.8774720e-03   2.7071354e-03  -1.5108269e-03
  -1.9946416e-01   3.4195689e-01   4.6378358e-01  -9.3416674e-03   2.6829047e-03  -1.7299112e-03
  -1.9496089e-01   3.7119832e-01   4.9635293e-01  -9.9507598e-03   2.8284404e-03  -1.6738463e-03
  -2.0302821e-01   3.6799183e-01   4.8934264e-01  -9.8435478e-03   2.6732150e-03  -1.8629179e-03
  -1.9596155e-01   3.5044375e-01   5.0723482e-01  -9.9102798e-03   2.5965756e-03  -1.6192044e-03
  -2.0450966e-01   3.7164832e-01   4.5621780e-01  -9.1114209e-03   2.5722951e-03  -1.8719494e-03
  -2.0421715e-01   3.7197569e-01   4.8096559e-01  -9.1695742e-03   2.6126975e-03  -1.7667890e-03
  -2.0665241e-01   3.8061865e-01   5.2104950e-01  -9.5919156e-03   2.6219917e-03  -1.9668712e-03
