   0.0000000e+00   0.0000000e+00   0.0000000e+00   0.0000000e+00   0.0000000e+00   0.0000000e+00
  -1.6522374e-02   7.3024293e-03  -1.3970142e-02  -6.9005089e-04  -2.5367731e-04  -5.4411767e-04
  -2.6157673e-02   6.9789141e-02   1.9390145e-03  -1.0883084e-03  -4.5151927e-04  -8.0901762e-04
  -5.8995179e-02   3.8375670e-02   7.4737403e-03  -6.1795293e-04  -4.7236464e-04  -1.2383874e-03
  -8.6680157e-02   2.1185297e-02   3.7176229e-02  -1.0527557e-03  -6.0529775e-04  -1.8150178e-03
  -6.8188370e-02   3.5835658e-02   1.8452148e-02   6.5384575e-04  -7.2131849e-05  -1.3993298e-03
  -6.0683973e-02   3.9977663e-02  -3.4899100e-03   7.1763133e-04  -1.0856623e-04  -1.5163774e-03
  -8.5505054e-02   1.1596755e-02   9.1646740e-02  -2.2151448e-04   1.8865589e-04  -2.0780103e-03
  -9.0514044e-02   3.0667073e-02  -4.5697821e-03  -1.3363540e-04  -2.5989826e-04  -1.8528081e-03
  -7.3010695e-02   1.0892024e-01   7.5087414e-02   1.3032708e-04   3.9357011e-05  -1.7654634e-03
  -6.7467195e-02   6.9566365e-02   4.7107017e-02   2.8022017e-04   5.7043468e-04  -1.5876101e-03
  -8.0539848e-02   1.1408974e-01   1.1162988e-03   8.9043125e-04   1.1901452e-03  -1.7247554e-03
  -7.5145543e-02   6.2664574e-02   9.6720662e-02   1.1315164e-04   9.9952670e-04  -2.2421460e-03
  -1.8271360e-01  -9.9239579e-02  -1.3179505e-01   1.5847184e-03   2.4707941e-03  -4.1974020e-03
  -1.8444560e-01   2.2878904e-02  -1.7151030e-01   2.7076278e-04   3.0138355e-03  -3.6589158e-03
  -1.4833144e-01   2.5214096e-02  -1.9274790e-01   8.4483280e-04   2.4315141e-03  -3.4619317e-03
  -1.7398181e-01   4.0590715e-02  -1.1215745e-01   8.2966593e-04   2.8683675e-03  -3.5231773e-03
  -1.6416295e-01   5.1127949e-02  -5.4722993e-02   3.6022809e-04   2.7528933e-03  -3.6294037e-03
  -1.7632638e-01   5.6402390e-02  -1.3461822e-02   3.1399310e-04   2.4149490e-03  -3.5649522e-03
  -1.6819362e-01  -2.9524803e-02  -1.1115568e-01   1.1370251e-03   2.5743552e-03  -3.5214521e-03
  -1.5923774e-01   5.8124508e-02  -5.1305327e-02   3.5349360e-04   2.2906259e-03  -3.1343393e-03
  -2.0599819e-01   3.3372515e-02   2.9375633e-03   8.7682775e-04   2.6849488e-03  -3.6958339e-03
  -1.5533143e-01  -1.1757746e-03  -2.4130098e-02   8.0108134e-04   2.6956743e-03  -3.4533008e-03
  -1.5234232e-01   3.6687919e-03  -5.0245345e-02   1.0493451e-03   2.5204135e-03  -3.4215268e-03
  -1.5761222e-01   7.7613163e-02  -6.4424172e-02   8.3720139e-04   2.7679952e-03  -3.5818678e-03
  -1.5260737e-01   4.1461344e-02  -8.7778233e-02   1.5263004e-03   2.2518636e-03  -3.6260054e-03
  -1.4808472e-01   7.0263707e-02  -1.1783909e-01   8.0370352e-04   2.3268355e-03  -3.3907975e-03
  -1.4816460e-01   9.2383653e-02  -8.0092297e-02   1.4410261e-03   2.2971964e-03  -3.4167862e-03
  -1.3589011e-01   4.4983702e-02  -1.7123419e-01   1.0702753e-03   1.9915414e-03  -3.0461949e-03
  -1.2762891e-01   1.1108052e-01  -6.6400608e-02   9.5621712e-05   2.0222771e-03  -3.2527864e-03
  -1.3009293e-01   1.0879826e-01  -7.6391398e-02   5.1837262e-04   2.0902256e-03  -3.1782977e-03
  -1.0448675e-01   7.5502112e-02  -1.1589542e-01   6.0937690e-04   1.8928955e-03  -2.4437426e-03
  -1.5478809e-01   9.8557724e-02  -1.3798577e-01   8.3354501e-04   1.6266332e-03  -3.6171048e-03
  -1.4251076e-01   1.1982067e-01  -1.0469385e-01   1.1089516e-03   1.2781815e-03  -4.0669263e-03
  -1.6154695e-01   3.4501915e-02  -1.1941544e-01   1.1782766e-03   1.6307809e-03  -4.1216826e-03
  -1.5256783e-01   8.3049185e-02  -1.2205235e-01   9.2218810e-04   1.0758053e-03  -4.0373549e-03
  -1.7274169e-01   1.0039053e-01  -9.0360789e-02   5.9539716e-04   9.5403529e-04  -4.4099063e-03
  -1.7739384e-01   1.6058799e-02  -1.6645827e-01   1.4885913e-03   1.4570025e-03  -4.6048303e-03
  -1.5940905e-01   7.5235611e-02  -1.4874085e-01   1.6663523e-03   8.2034570e-04  -4.1485467e-03
  -1.7934687e-01   6.4835969e-02  -1.0142557e-01   1.1936084e-03   1.1692671e-03  -4.4488343e-03
  -1.6648646e-01   7.5181615e-02  -9.7121626e-02   1.0738898e-03   1.1326058e-03  -4.3740557e-03
  -1.8268721e-01   6.3587119e-02  -1.6194218e-01   1.7108438e-03   5.4009971e-04  -4.3241972e-03
  -1.8248772e-01   9.4086684e-02  -8.8401246e-02   1.1786056e-03   1.4061703e-03  -4.3684876e-03
  -1.8923640e-01   1.2942210e-01  -6.9270967e-02   9.6538744e-04   1.2290892e-03  -4.4564958e-03
  -1.9560390e-01   1.2209171e-01  -7.7943276e-02   1.1507027e-03   1.2191439e-03  -4.6468160e-03
  -1.7858822e-01   1.2689224e-01  -1.0595022e-01   1.1787454e-03   1.2314617e-03  -4.2359661e-03
  -2.0326812e-01   1.2148575e-01  -5.6920169e-02   1.1458548e-03   1.2933193e-03  -4.5255941e-03
  -2.1322517e-01   1.0134376e-01  -1.2534043e-01   1.2169187e-03   1.1615548e-03  -4.7521667e-03
  -2.1329783e-01   1.7260274e-01  -7.8290454e-02   1.0610390e-03   1.1575466e-03  -5.0636123e-03
  -2.2645144e-01   9.5467772e-02  -1.2728580e-01   1.9729817e-03   1.2435563e-03  -5.3189216e-03
  -2.2810805e-01   1.0245088e-01  -1.4231874e-01   2.1444059e-03   9.1293855e-04  -5.1520930e-03
  -2.1847907e-01   1.4865720e-01  -8.7536865e-02   1.4265806e-03   1.3181288e-03  -4.8927532e-03
  -2.2155285e-01   1.8982810e-01  -7.1587930e-02   1.7627843e-03   1.3242187e-03  -5.1907287e-03
  -2.2632539e-01   1.5067747e-01  -6.5964908e-02   1.8477561e-03   1.3475040e-03  -5.0780409e-03
  -2.2882453e-01   1.2806169e-01  -9.5187122e-02   2.1030424e-03   1.5079301e-03  -4.9958328e-03
  -2.0689058e-01   1.7163235e-01  -6.9663799e-02   1.0379337e-03   1.2734781e-03  -4.6245646e-03
  -2.2000968e-01   1.1149585e-01  -6.4922499e-02   2.3675621e-03   1.3574662e-03  -5.1676725e-03
  -2.0206923e-01   1.2693085e-01  -8.7616137e-02   2.1728831e-03   1.1027290e-03  -4.9103005e-03
  -2.1425060e-01   1.4145880e-01  -1.0065383e-01   1.5716169e-03   9.6156535e-04  -4.9465634e-03
  -2.1298827e-01   2.0394101e-01  -5.8229679e-02   1.4102371e-03   1.1294390e-03  -4.8227601e-03
  -1.9588201e-01   1.8873302e-01  -6.0032830e-02   1.5137717e-03   1.0576273e-03  -4.6181101e-03
  -1.9044642e-01   2.5389753e-01  -9.6036950e-02   1.9397141e-03   1.1776216e-03  -4.4763502e-03
  -1.9847424e-01   1.9598545e-01  -9.4002573e-02   2.2899153e-03   1.1040792e-03  -4.4716514e-03
  -1.8172914e-01   2.0997256e-01  -6.0989726e-02   1.5207842e-03   1.2499613e-03  -4.4878539e-03
  -1.8806415e-01   2.3371549e-01  -7.8571969e-02   1.9223120e-03   1.3055501e-03  -4.5784741e-03
  -1.9297774e-01   2.4605319e-01  -1.1349120e-01   2.4172095e-03   1.0856803e-03  -4.9483939e-03
  -2.0171037e-01   2.3070099e-01  -7.7232087e-02   2.2685562e-03   1.1603176e-03  -5.0016681e-03
  -2.0298837e-01   2.3581490e-01  -1.0712499e-01   2.3379965e-03   1.0047705e-03  -4.9422310e-03
  -2.4085740e-01   1.9082354e-01  -8.5299645e-02   2.2016592e-03   1.2491436e-03  -5.2412884e-03
  -2.3871050e-01   2.0966166e-01  -5.4993943e-02   1.8057585e-03   1.3653398e-03  -5.3376938e-03
  -2.2601685e-01   2.0426693e-01  -9.7749168e-02   1.9969002e-03   1.2842645e-03  -5.0596801e-03
  -2.2353126e-01   2.7809719e-01  -6.3453798e-02   2.6380406e-03   1.4626260e-03  -5.3407511e-03
  -2.1293631e-01   2.8947122e-01  -3.1638693e-02   2.5210353e-03   1.5481187e-03  -5.1590658e-03
  -2.3391012e-01   2.7143983e-01  -5.9724245e-02   2.7399814e-03   1.3437455e-03  -5.5569551e-03
  -2.1650062e-01   2.8300450e-01  -4.9329832e-02   2.6609571e-03   1.6877144e-03  -5.3610799e-03
  -2.0577088e-01   2.6376842e-01  -9.3744055e-02   2.9301378e-03   1.3291749e-03  -5.0781424e-03
  -2.0321692e-01   2.3713167e-01  -5.7217865e-02   3.3063174e-03   1.6030925e-03  -4.9008599e-03
  -2.1065388e-01   2.2303206e-01  -8.3685450e-02   3.1901477e-03   1.5907278e-03  -4.7760284e-03
  -2.2539054e-01   2.2694474e-01  -2.8329563e-02   2.7373690e-03   1.4524708e-03  -4.8521207e-03
  -2.4774958e-01   2.3616294e-01  -1.0175949e-03   2.2736937e-03   1.5717438e-03  -5.3339702e-03
  -2.4121703e-01   2.8469130e-01  -2.9399642e-02   2.7080665e-03   1.5174794e-03  -5.0979189e-03
  -2.4054492e-01   2.9237284e-01   2.5481129e-03   2.3013549e-03   1.8196704e-03  -4.9545847e-03
  -2.4183492e-01   3.0314728e-01   3.8749775e-04   2.8278028e-03   1.8535454e-03  -5.3579844e-03
  -2.5219263e-01   2.9490336e-01  -4.9827739e-02   3.0128691e-03   1.6465512e-03  -5.2063670e-03
  -2.1640755e-01   3.3404703e-01  -5.9248030e-03   2.4463023e-03   1.9271890e-03  -4.9200070e-03
  -2.3965286e-01   2.7492202e-01  -7.3490797e-02   3.0278611e-03   1.5660781e-03  -5.2315490e-03
  -2.4633480e-01   3.0698809e-01  -2.2311321e-02   2.0792147e-03   1.7723985e-03  -5.2378666e-03
  -2.3761429e-01   3.5581785e-01  -1.7518466e-02   2.7897855e-03   1.8243803e-03  -5.2935426e-03
  -2.1840865e-01   3.4433310e-01  -9.8420449e-02   2.6828788e-03   1.4690570e-03  -4.9467402e-03
  -2.1688744e-01   2.8662061e-01  -1.1409659e-01   3.5446353e-03   1.8887996e-03  -5.2234125e-03
  -2.0059452e-01   2.7714023e-01  -1.7545477e-01   3.5544854e-03   1.8302689e-03  -4.6069042e-03
  -2.1326201e-01   2.5700038e-01  -9.4841429e-02   2.9514693e-03   1.8443559e-03  -4.9990915e-03
  -2.2853426e-01   2.7626618e-01  -3.7903049e-02   2.8313062e-03   1.6876347e-03  -5.4747079e-03
  -2.3649404e-01   2.4308838e-01  -9.9017330e-02   3.1217825e-03   1.4227904e-03  -5.7641755e-03
  -2.2374263e-01   3.4818285e-01  -7.2166151e-02   3.2248785e-03   1.5147027e-03  -5.7592396e-03
  -2.4438719e-01   2.8459695e-01  -1.4693679e-01   3.5702879e-03   1.4534590e-03  -5.6938688e-03
  -2.3035647e-01   3.2846418e-01  -7.3869654e-02   3.4704652e-03   1.4619152e-03  -5.3799696e-03
  -2.4402852e-01   2.9891119e-01  -5.2090997e-02   3.4372833e-03   1.8347932e-03  -5.7762005e-03
  -2.1603909e-01   3.5668960e-01  -6.3911901e-02   3.5083711e-03   1.6732122e-03  -5.3451009e-03
  -2.2981538e-01   3.7429671e-01  -5.5999384e-02   3.4457220e-03   1.6440847e-03  -5.5350712e-03
  -2.1254940e-01   3.7720627e-01  -5.9004998e-02   3.8310171e-03   1.7916190e-03  -5.2539989e-03
  -2.2445586e-01   3.6677614e-01  -2.7277288e-02   4.1983828e-03   1.6716070e-03  -5.2120872e-03
  -2.2882255e-01   3.5506215e-01   8.3992446e-04   3.6221946e-03   1.7958739e-03  -5.5110217e-03
  -2.4350544e-01   3.1060574e-01  -4.5600396e-02   4.2463570e-03   1.9259777e-03  -5.4550118e-03
  -2.3764001e-01   3.3570527e-01  -4.2295617e-02   4.0061636e-03   1.6064266e-03  -5.6055815e-03
  -2.4767198e-01   2.8987600e-01  -6.2760833e-02   4.2678972e-03   1.3177382e-03  -5.5713888e-03
  -2.3291804e-01   2.7952258e-01  -5.4275600e-02   4.5528333e-03   1.7015986e-03  -5.2305844e-03
  -2.1853345e-01   3.1251083e-01  -8.9220255e-02   4.0255620e-03   1.8710083e-03  -4.9397267e-03
  -2.2780930e-01   3.3541132e-01  -1.5914474e-02   3.9454926e-03   1.4640404e-03  -5.3089245e-03
  -2.3305131e-01   3.3544312e-01  -7.6776212e-02   3.4601788e-03   1.3884115e-03  -5.0594682e-03
  -2.2043298e-01   3.3975789e-01  -5.8406119e-02   4.0409785e-03   1.4834511e-03  -4.7705760e-03
  -2.4280732e-01   3.6438452e-01  -7.3122953e-02   3.5155397e-03   1.3896487e-03  -5.4163569e-03
  -2.2284213e-01   3.5328910e-01  -9.4278293e-02   4.3932844e-03   1.4550600e-03  -5.1359123e-03
  -2.1413874e-01   3.6179149e-01  -1.0433960e-01   4.5992129e-03   1.5047372e-03  -4.9951512e-03
  -2.2045804e-01   4.3201484e-01  -9.9979054e-02   4.7208595e-03   1.7159459e-03  -5.1747453e-03
  -1.7411388e-01   4.1652012e-01  -1.1532747e-01   4.9015066e-03   1.8270446e-03  -4.0712484e-03
  -1.5056077e-01   4.3841186e-01  -4.5840577e-02   4.8943431e-03   2.3116408e-03  -3.9398177e-03
  -1.5921014e-01   4.3821527e-01  -2.5441212e-02   5.0977345e-03   1.9779244e-03  -4.4026609e-03
  -1.4024909e-01   4.2271516e-01  -5.7002161e-02   4.7470036e-03   1.8572026e-03  -3.8150068e-03
  -1.3999009e-01   4.0617590e-01  -6.6714222e-02   5.5488424e-03   1.7835527e-03  -3.8322470e-03
  -1.4228384e-01   3.6734600e-01  -7.4030140e-02   5.8597798e-03   2.1236694e-03  -3.5396926e-03
  -1.4501514e-01   3.8002986e-01  -4.1972769e-02   4.8509542e-03   1.6644082e-03  -3.5362121e-03
  -1.6305212e-01   3.9386862e-01  -4.6766109e-02   4.5815293e-03   1.3968090e-03  -4.0223831e-03
  -1.4901537e-01   4.2631095e-01  -3.0333355e-02   4.3888171e-03   1.5120277e-03  -3.8005623e-03
  -1.5427301e-01   3.9007524e-01  -8.7568884e-02   5.3179790e-03   1.5437176e-03  -4.0221368e-03
  -1.3876459e-01   4.0099163e-01   1.3745639e-02   4.3104828e-03   1.7781148e-03  -3.7296858e-03
  -1.6522790e-01   4.0314448e-01  -3.6165368e-02   4.1755701e-03   1.6126837e-03  -4.0100914e-03
  -1.5409738e-01   4.8355697e-01   3.1087753e-02   4.9324575e-03   1.7609649e-03  -3.6473365e-03
  -1.5390440e-01   4.7158695e-01   1.1211988e-02   5.0957333e-03   2.0261909e-03  -3.7958954e-03
  -1.3797527e-01   4.3448285e-01  -1.4280619e-02   5.0588958e-03   2.2112379e-03  -3.5667583e-03
  -1.5746717e-01   4.1256239e-01  -6.1512860e-02   5.7604167e-03   2.2153046e-03  -3.4164072e-03
  -1.3049682e-01   4.8159394e-01   2.9147647e-02   4.8616218e-03   2.1841862e-03  -3.3444589e-03
  -1.4194259e-01   4.0085376e-01  -2.8379897e-02   5.2008799e-03   1.9932220e-03  -3.4064177e-03
  -1.2294688e-01   4.7522901e-01  -4.5567411e-02   4.6437201e-03   1.6715472e-03  -3.2455072e-03
  -1.2240530e-01   4.5156948e-01  -9.1143030e-02   5.3356563e-03   1.6922257e-03  -3.1154011e-03
  -1.1852223e-01   4.8375655e-01  -6.1219009e-02   6.0188226e-03   2.0275703e-03  -3.2412449e-03
  -1.1566723e-01   4.9973419e-01  -3.8623041e-03   5.6845641e-03   1.9068668e-03  -3.2381436e-03
  -1.1516873e-01   5.0894981e-01  -2.0018104e-02   5.9219383e-03   1.8510467e-03  -3.1685242e-03
  -1.2026267e-01   4.3359753e-01  -6.8528703e-02   5.7696432e-03   1.7940626e-03  -3.0619395e-03
  -1.1464875e-01   4.2828448e-01  -8.5465132e-02   5.3041409e-03   1.6239366e-03  -2.9825948e-03
  -8.4322051e-02   4.5783783e-01  -9.3439747e-02   5.4160155e-03   1.7864135e-03  -2.4423756e-03
  -8.8889047e-02   4.8430634e-01  -2.6676472e-02   5.6049336e-03   1.6081343e-03  -2.6215280e-03
  -1.0485585e-01   5.1475366e-01  -2.8550134e-02   5.8903088e-03   1.3460712e-03  -3.1751384e-03
  -8.6760634e-02   5.1371070e-01  -4.7905759e-02   5.7251432e-03   1.4722365e-03  -2.7409747e-03
  -9.9180240e-02   4.4651913e-01  -7.6321941e-02   6.4750234e-03   1.6202882e-03  -2.7636978e-03
  -9.7290704e-02   4.3205746e-01  -3.3183666e-02   5.5550505e-03   1.6283689e-03  -2.6056290e-03
  -9.3499399e-02   4.7417803e-01  -1.9591735e-02   5.5125641e-03   1.7034486e-03  -2.6654865e-03
  -1.0836260e-01   4.6459419e-01  -4.3548032e-02   5.4989813e-03   1.5893184e-03  -2.5971550e-03
  -1.1097736e-01   4.5095185e-01  -7.9927399e-03   5.9922870e-03   1.5774630e-03  -2.6775358e-03
  -9.0606447e-02   4.5355511e-01   4.6072904e-03   5.7260077e-03   1.5514716e-03  -2.7274434e-03
  -9.6191356e-02   4.7422528e-01  -1.9473754e-03   5.6459223e-03   1.4106560e-03  -2.5994125e-03
  -1.0314380e-01   5.3208801e-01   2.4349903e-02   5.5793146e-03   1.3893478e-03  -2.7587582e-03
  -1.0449958e-01   5.5330768e-01   8.4893739e-02   5.1317913e-03   1.7265642e-03  -2.8200039e-03
  -9.8990917e-02   5.0689926e-01   3.6643760e-02   5.0322028e-03   1.4405707e-03  -2.7645887e-03
  -6.8529257e-02   5.0902933e-01   6.7400915e-03   5.2483463e-03   1.8012269e-03  -2.1277422e-03
  -7.0896047e-02   5.2187124e-01   1.8492317e-02   5.4337795e-03   1.5717274e-03  -2.1344236e-03
  -7.6394049e-02   4.9867392e-01   1.8231786e-02   5.1178629e-03   1.3364515e-03  -2.4945311e-03
  -6.6305725e-02   5.1868700e-01  -3.1602094e-02   5.5221538e-03   1.4674111e-03  -2.3189930e-03
  -4.1246693e-02   5.5368799e-01   5.6360759e-02   5.2432071e-03   1.9674369e-03  -1.6867314e-03
  -6.1996087e-02   5.7971349e-01   5.7723384e-02   5.5261794e-03   2.0301894e-03  -2.1393449e-03
  -6.5845157e-02   5.8667263e-01   5.4139786e-02   5.6029590e-03   1.7373017e-03  -2.2949035e-03
  -7.5918507e-02   5.0741276e-01   1.9319857e-02   6.1114215e-03   1.3125686e-03  -2.3885149e-03
  -6.6478182e-02   5.2892767e-01   2.7275881e-02   5.1291777e-03   1.0403228e-03  -2.4938640e-03
  -5.7553855e-02   5.5113658e-01  -3.5004081e-02   5.5028436e-03   1.2378905e-03  -2.2093561e-03
  -5.3096047e-02   6.0748247e-01   2.9803446e-02   5.5723992e-03   1.2370972e-03  -2.3580886e-03
  -6.2408528e-02   5.4250664e-01  -2.1447504e-02   5.7370472e-03   1.3364850e-03  -2.4612621e-03
  -7.7337305e-02   5.8329564e-01   2.0197952e-03   6.1123781e-03   1.3400169e-03  -2.4335238e-03
  -8.1372346e-02   5.7878949e-01   3.4995233e-02   5.7459241e-03   1.7812313e-03  -2.3458149e-03
  -8.1425675e-02   5.3151721e-01   4.0785110e-02   5.7909414e-03   1.7556424e-03  -2.5415589e-03
  -7.8660786e-02   5.5049961e-01   5.2281614e-02   4.7960697e-03   1.3351338e-03  -2.4844266e-03
  -7.8138906e-02   5.3346541e-01   2.8146026e-02   5.6504331e-03   1.3508216e-03  -2.3760408e-03
  -3.9508109e-02   6.4679505e-01   3.1313593e-02   4.2420422e-03   1.4687712e-03  -2.2439410e-03
   1.7878425e-02   6.3676161e-01  -1.3772598e-02   4.5509745e-03   1.7752016e-03  -1.2575992e-03
   2.5290913e-03   6.2036863e-01   1.9683896e-02   4.6072513e-03   1.8373399e-03  -1.3770034e-03
  -3.9540272e-02   5.9199153e-01  -3.2059446e-02   5.3541538e-03   1.2354930e-03  -1.8288716e-03
  -4.2332353e-02   5.6524066e-01  -1.5325947e-02   5.9154994e-03   1.1022244e-03  -1.9817695e-03
  -3.4824355e-02   5.7372579e-01   8.4470713e-02   4.9009199e-03   1.5629803e-03  -1.4832061e-03
  -3.1188811e-02   5.9999178e-01   9.9511695e-02   4.5997536e-03   1.3931196e-03  -1.3740594e-03
  -1.2074262e-02   6.3010951e-01   2.0385000e-02   3.8394847e-03   1.1296360e-03  -1.2494925e-03
