   1.1381326e-14   0.0000000e+00   0.0000000e+00   4.0114833e-51  -6.1806686e-84  -1.5407440e-33
  -4.5839033e-03   3.8359209e-02   4.5948809e-02  -1.4563359e-03   6.7737692e-04  -1.5239624e-04
  -5.8655479e-03   2.9987854e-02   4.3735375e-02  -1.7063523e-03   3.6241055e-04   3.6682191e-05
  -7.2743877e-03   1.2018715e-02   2.9797823e-02  -8.5990657e-04   1.7304679e-04  -5.3495457e-05
  -1.4874146e-02  -2.1777920e-02   2.6197808e-02  -6.1263346e-04   3.8814223e-04  -3.4082491e-04
  -1.0769625e-02   1.1377482e-02   5.3668277e-03  -3.1710471e-05   3.5773484e-04  -4.4270892e-04
  -7.4484304e-03   4.1736090e-02  -6.6908938e-03  -1.1202720e-04   3.4944410e-04  -2.8384542e-04
   2.6403154e-03   3.1087041e-02   1.2906236e-02   2.6434850e-04   2.9010654e-04  -3.6572975e-04
   1.1493364e-02   2.6480192e-02   3.5169220e-02  -5.9578478e-04   4.6255171e-04  -1.9663391e-04
  -4.8499283e-03   3.3080763e-02   5.5984839e-03  -1.0303814e-03   2.6077170e-04  -1.5066582e-04
   1.2209397e-02   7.9132657e-02   4.6782264e-02  -1.5359152e-03   4.7572711e-04   2.5376727e-05
   2.1094278e-02   7.6164768e-02   7.8783495e-02  -1.4250243e-03   6.4179678e-04  -1.0688490e-04
   6.1670343e-03   3.1084526e-02  -1.9819235e-02  -7.6276765e-04   1.6715865e-04  -6.9522337e-05
   7.4881737e-03   4.0192968e-02   4.0612202e-02  -1.3484949e-03   6.6533943e-05   4.1661105e-05
   1.1615112e-02   9.2378474e-02   7.8517892e-02  -1.6687093e-03   7.1426042e-04  -1.9994990e-04
   3.0720725e-03   4.7896569e-02  -4.9412107e-03  -6.7496050e-04   5.5150881e-04  -7.8136396e-05
   2.0686739e-03   3.7731031e-02   4.9580740e-02  -1.8130346e-03   6.1421681e-04  -1.3707190e-04
   1.4373936e-02   5.2975110e-02   5.4666650e-03  -8.9043801e-04   5.4144729e-04  -1.5640919e-04
   7.8571143e-03   4.3434345e-02   9.4245029e-03  -1.1597776e-03   5.4586787e-04  -1.5314342e-04
   9.7201844e-03   7.6319903e-02   9.6814284e-03  -1.0983296e-03   7.1110993e-04  -5.8228216e-05
   1.5623931e-02   7.4310871e-02   3.9347489e-02  -1.5220513e-03   6.7946578e-04   6.2301664e-05
   1.5437969e-02   1.1543079e-01   2.7128369e-02  -1.4685082e-03   5.7903636e-04   1.8125267e-05
   1.0987328e-02   1.1927045e-01   2.5672101e-02  -1.1000062e-03   5.5540582e-04  -3.2003095e-05
   1.0044901e-02   8.4666753e-02   5.6298233e-02  -1.2039785e-03   7.1890420e-04  -2.7757063e-04
   6.6608529e-04   4.1092884e-02   4.5026053e-02  -7.5216352e-04   5.0115341e-04  -4.0330395e-04
  -3.6561912e-03   4.7778114e-02   4.7102890e-02  -1.9020289e-03   3.9595650e-04  -3.3660654e-04
   8.3258810e-03   8.8435379e-02   7.0107806e-02  -2.4100875e-03   4.8472298e-04  -1.6230581e-04
   4.4907094e-03   1.1453367e-01   7.1961614e-02  -2.0533558e-03   4.8185317e-04  -2.3350855e-04
   7.7388744e-04   5.6368971e-02   4.3387687e-02  -1.5653663e-03   4.6111987e-04  -3.5838888e-04
   8.8911437e-03   5.6829493e-02   6.9051186e-02  -2.5465454e-03   3.2396127e-04  -1.2058653e-04
   1.3553357e-02   8.7007862e-02   8.8698407e-02  -2.8659200e-03   5.4270484e-04   8.1404115e-05
   1.5314465e-02   9.5498987e-02   7.8563643e-02  -1.6394558e-03   5.6435493e-04  -5.1816144e-05
   9.9433462e-03   6.5743619e-02   6.9742816e-02  -2.3942142e-03   5.4356968e-04   1.0825277e-04
   1.8629505e-02   6.5582960e-02   7.2143823e-02  -2.7858773e-03   3.5671436e-04  -3.8556100e-05
   1.9937310e-02   1.2391266e-01   1.1684166e-01  -2.6631301e-03   8.6521685e-04   1.5040015e-04
   3.3026010e-02   5.3756006e-02   5.5663744e-02  -1.8828437e-03   4.3864980e-04   2.4888699e-04
   1.2320757e-02   5.3770414e-02   1.0118151e-01  -3.1710521e-03   4.7161771e-04   2.0446905e-04
   1.8283792e-02   8.6145537e-02   5.3603997e-02  -2.7159450e-03   5.9170197e-04   2.2948039e-04
   2.0519144e-02   9.4761397e-02   7.2108030e-02  -2.5197191e-03   4.5743307e-04   1.5562781e-04
   2.6548771e-02   1.2974957e-01   6.9072187e-02  -2.4505462e-03   6.3750631e-04   5.9380841e-05
   1.5204062e-02   9.9486174e-02   4.6857531e-02  -2.1173345e-03   7.6797405e-04   8.2719259e-05
   2.2296889e-02   7.2992478e-02   8.6738175e-02  -1.5383474e-03   6.7827925e-04   4.3265272e-05
   4.0281866e-03   6.1726970e-02  -1.4862455e-02  -1.4532193e-03   3.5241209e-04   5.8051442e-06
   2.5544113e-02   1.0828942e-01   7.8656281e-02  -2.4656414e-03   7.4571826e-04   1.4406058e-04
   1.7829604e-02   7.4513769e-02   7.8576577e-02  -2.2485650e-03   4.1886111e-04  -4.0177494e-05
   1.8295152e-02   9.4114912e-02   5.0028942e-02  -2.4823114e-03   5.3285348e-04   1.6943117e-04
   3.3699583e-02   1.5262428e-01   4.4161659e-02  -1.8242910e-03   4.4240461e-04   1.5714613e-04
   1.8212532e-02   1.5700715e-01   5.7656200e-02  -2.5616082e-03   6.9511347e-04   3.1736657e-06
   3.4116219e-02   1.5892062e-01   6.7909368e-02  -2.3606486e-03   6.4398504e-04   8.6376777e-05
   1.7134380e-02   1.4075397e-01   9.3423148e-02  -2.4262547e-03   6.3601137e-04  -8.3903544e-06
   2.2770023e-02   1.3167199e-01   3.6356499e-02  -1.6868800e-03   8.1116552e-04  -4.7700272e-05
   6.2642847e-03   1.0272351e-01   7.6193539e-02  -2.2238749e-03   8.4607112e-04  -1.5879339e-04
   2.2007530e-02   9.8876295e-02   7.3390891e-02  -1.9170649e-03   6.1672934e-04  -8.8382502e-05
   3.2076207e-02   9.2221116e-02   7.2784110e-02  -1.9304011e-03   4.2169680e-04   1.8572986e-04
   2.2141659e-02   8.3787618e-02   7.2940613e-02  -2.1647857e-03   5.7880121e-04   1.0042737e-04
   1.9207629e-02   7.3618769e-02   5.5081851e-02  -2.1370896e-03   8.2426910e-04  -3.2031955e-06
   4.8617581e-02   1.7168774e-01   6.4327283e-02  -1.9447559e-03   6.4812426e-04   2.2236137e-04
   3.2794619e-02   1.8071286e-01   4.8330723e-02  -1.9057694e-03   6.3844928e-04   2.9277170e-04
   4.0902988e-02   1.8459046e-01   7.0478186e-02  -1.7467745e-03   7.3400408e-04   2.4491884e-04
   4.1039060e-02   1.8054324e-01   8.2370047e-02  -1.7607689e-03   7.0331456e-04   9.0604040e-05
   4.1182909e-02   1.7187241e-01   7.4481420e-02  -1.5764011e-03   7.3878967e-04   4.5415841e-05
   4.0630175e-02   1.5495383e-01   5.0726604e-02  -1.2384995e-03   6.3567879e-04   1.2993559e-04
   4.3192375e-02   1.2191006e-01   5.6417187e-02  -1.0488397e-03   6.5998559e-04   1.8311868e-04
   3.6756317e-02   1.1409396e-01   5.9515219e-02  -1.8539963e-03   5.5217644e-04   2.8755729e-04
   3.1034523e-02   1.2740275e-01   6.7725648e-02  -2.1720362e-03   5.0790756e-04   2.8929245e-04
   3.1289431e-02   1.9845048e-01   5.5687287e-02  -1.6698556e-03   6.4159509e-04   1.5651451e-04
   3.4750815e-02   1.3466336e-01   9.9050112e-02  -1.8178176e-03   7.1328200e-04   3.3766642e-04
   3.0173999e-02   1.1472897e-01   3.6454275e-02  -1.9659307e-03   5.0443451e-04   3.3633871e-04
   4.1873554e-02   1.5353726e-01   8.5795585e-02  -2.9340087e-03   7.4224755e-04   6.0363205e-04
   4.5586879e-02   1.6017673e-01   8.1058497e-02  -2.5145730e-03   7.9038721e-04   6.4716793e-04
   4.8302914e-02   2.0155897e-01   5.0777150e-02  -2.0325904e-03   8.2224420e-04   3.8819627e-04
   4.1137058e-02   1.7818653e-01   6.3175262e-02  -1.7810195e-03   6.7592677e-04   4.4463660e-04
   3.5098982e-02   1.4272675e-01   3.8970738e-02  -1.2917957e-03   8.8224455e-04   5.1218307e-04
   4.8815341e-02   1.3258859e-01   5.8022141e-02  -1.6316211e-03   8.5299242e-04   6.5655513e-04
   5.4654080e-02   1.1235923e-01   9.1429543e-02  -2.1885044e-03   7.6939674e-04   8.5517779e-04
   4.6256221e-02   1.4762399e-01   6.7413980e-02  -2.3209632e-03   7.8154380e-04   6.3094833e-04
   4.6512878e-02   1.5182002e-01   5.3780395e-02  -2.3699424e-03   7.3133876e-04   6.1648950e-04
   6.1714117e-02   1.9972460e-01   3.7585967e-02  -1.6547844e-03   9.3621101e-04   8.7726659e-04
   6.6677295e-02   2.1946019e-01   3.4413772e-02  -1.3244095e-03   5.6521690e-04   8.8089211e-04
   4.8499006e-02   2.0205104e-01   8.6614993e-02  -1.6883074e-03   1.0412822e-03   5.9912020e-04
   5.2772381e-02   1.3466069e-01   2.1128358e-02  -1.3695807e-03   7.1064590e-04   6.9096816e-04
   5.1484095e-02   1.6664114e-01   3.3000281e-02  -1.7550972e-03   8.6733681e-04   7.3093051e-04
   2.9459649e-02   1.3989015e-01   3.3073442e-02  -1.5672300e-03   9.7936609e-04   5.6426720e-04
   4.8033816e-02   1.5501467e-01   3.8157326e-02  -2.7370054e-03   7.5223676e-04   6.1564292e-04
   5.4185133e-02   1.8753716e-01   1.5038926e-02  -2.1453078e-03   8.2891161e-04   5.8262218e-04
   7.0765765e-02   2.7127925e-01   8.7885039e-02  -2.6621311e-03   6.9834183e-04   6.6718521e-04
   5.7450111e-02   2.4907272e-01   5.3536234e-02  -2.1038682e-03   9.4173953e-04   4.8572571e-04
   4.5460674e-02   2.0624394e-01   3.6534007e-02  -1.4827460e-03   9.3703426e-04   6.0246043e-04
   4.5225821e-02   1.6744231e-01   4.9285071e-02  -1.4657048e-03   7.9338486e-04   6.0602698e-04
   4.8533253e-02   1.6384422e-01   5.3364193e-02  -2.3303218e-03   6.1890813e-04   6.5219597e-04
   4.9520710e-02   1.8567059e-01   5.9429240e-02  -2.6108115e-03   5.7769304e-04   6.3698699e-04
   4.8890903e-02   1.7829934e-01   5.8806817e-02  -2.6992128e-03   7.2526625e-04   7.3690745e-04
   5.0564407e-02   1.4524361e-01   3.9719433e-02  -1.2814330e-03   6.0436970e-04   4.8558437e-04
   5.6362373e-02   1.6022873e-01   4.6632940e-02  -1.6587452e-03   2.9090643e-04   5.3349868e-04
   3.4740360e-02   1.5979430e-01   5.5251206e-03  -1.7704842e-03   6.5108732e-04   2.6229917e-04
   4.0176650e-02   1.7876072e-01   2.7518492e-02  -2.3435628e-03   4.4983723e-04   3.3301739e-04
   5.9680041e-02   2.2949987e-01   4.3932484e-02  -2.0575251e-03   6.1835451e-04   4.5250350e-04
   6.8974001e-02   2.4818483e-01   4.5711688e-02  -1.7655108e-03   7.7756100e-04   5.0030045e-04
   3.4472429e-02   1.7597419e-01   3.5533537e-03  -2.0395667e-03   7.0470012e-04   3.9733661e-04
   5.7768704e-02   2.4900650e-01   5.2263438e-02  -1.8134986e-03   5.4059361e-04   3.3990267e-04
   4.9074417e-02   2.2295969e-01   5.6444784e-02  -2.0103397e-03   7.7202463e-04   3.8731873e-04
   5.5615912e-02   1.9377926e-01   8.8540891e-02  -1.9379257e-03   6.1849693e-04   4.5411181e-04
   6.4911478e-02   1.6596007e-01   6.3143461e-02  -2.1747840e-03   5.3953890e-04   7.0048670e-04
   6.8865441e-02   1.8342920e-01   9.0450503e-02  -3.0421771e-03   2.1215646e-04   8.9404354e-04
   6.8798835e-02   2.4097670e-01   1.4636207e-01  -3.9445034e-03   3.9016267e-04   9.5361564e-04
   8.1239963e-02   1.7641859e-01   8.4771849e-02  -2.5789150e-03   3.0066975e-04   1.1154491e-03
   8.2538065e-02   1.8709432e-01   1.2243097e-01  -3.5089078e-03   4.9089383e-05   1.3550885e-03
   8.6660238e-02   2.6600316e-01   1.2821549e-01  -3.5797532e-03   1.7289897e-04   9.5565911e-04
   7.2736795e-02   2.4136470e-01   1.8554811e-02  -2.5261931e-03   1.7431960e-04   8.8478415e-04
   7.0440330e-02   2.6734966e-01   9.7894894e-02  -3.2851983e-03   2.0422989e-04   8.3041935e-04
   7.4489055e-02   2.8727364e-01   1.1198834e-01  -2.6647076e-03  -8.2794147e-06   9.8268728e-04
   7.0618801e-02   2.0588416e-01   1.0379563e-01  -1.8952065e-03   1.5414738e-04   9.6260692e-04
   7.2099744e-02   1.8697563e-01   1.5249619e-01  -2.7042929e-03   3.0811753e-04   8.8076287e-04
   7.0181979e-02   2.0872368e-01   1.4046493e-01  -2.9597572e-03   1.1966401e-04   7.8280676e-04
   8.3469784e-02   1.8890771e-01   7.6017557e-02  -2.9067299e-03   2.1553113e-05   1.1757490e-03
   9.6868510e-02   2.4726559e-01   1.3776103e-01  -2.6494832e-03   4.2819309e-04   1.1319502e-03
   5.5483194e-02   1.8488864e-01   7.3974742e-02  -2.9172575e-03   1.9063209e-04   7.5130948e-04
   4.6656026e-02   1.9640102e-01   7.4858601e-02  -3.4572669e-03   7.3775291e-05   7.4721088e-04
   6.2351565e-02   2.1478408e-01   1.1583956e-01  -3.6381816e-03   1.2281032e-04   9.3832966e-04
   7.3777723e-02   2.2500270e-01   8.0371747e-02  -2.7345489e-03   2.6140961e-04   8.9580063e-04
   9.7248299e-02   2.6054501e-01   1.1434685e-01  -2.8029883e-03   6.7856678e-05   1.0675345e-03
   8.1559982e-02   2.5842250e-01   1.1839140e-01  -2.7559436e-03   2.8415963e-04   7.9321866e-04
   8.7748394e-02   2.2388512e-01   1.0487313e-01  -2.6683459e-03   3.1671451e-04   8.1278607e-04
   8.9415473e-02   1.8516868e-01   7.2050873e-02  -2.0706002e-03   9.0634717e-05   1.1093067e-03
   7.0202245e-02   1.9591470e-01   6.5404086e-02  -2.8517271e-03  -4.2376832e-05   1.0509742e-03
   8.7920735e-02   2.2307673e-01   1.1879848e-01  -3.4653334e-03   3.8181111e-04   1.2032267e-03
   9.4875297e-02   2.3746030e-01   1.1455641e-01  -3.0773580e-03   1.6376282e-04   1.1345601e-03
   9.5048482e-02   2.5951796e-01   1.3219983e-01  -3.4995131e-03   1.0912379e-04   1.3919685e-03
   9.5860106e-02   1.9640628e-01   1.0261933e-01  -2.7216025e-03  -1.0606138e-04   9.8772072e-04
   7.4656540e-02   1.8612779e-01   4.8545563e-02  -3.2490006e-03  -2.3375377e-04   1.0768762e-03
   8.0071753e-02   2.8668449e-01   1.1818445e-01  -3.6528967e-03   2.4746930e-04   1.0918026e-03
   8.5166071e-02   2.8874935e-01   8.1183327e-02  -3.6664179e-03  -7.9850741e-05   1.0051505e-03
   6.9847987e-02   2.3653023e-01   7.0722930e-02  -3.4226246e-03   2.9656415e-04   1.1092022e-03
   7.0616862e-02   2.0241678e-01   6.8480068e-02  -3.1732809e-03   2.7792691e-04   1.0320281e-03
   7.2620298e-02   1.9260393e-01   9.7516567e-02  -4.1980587e-03   1.1489165e-04   1.3026652e-03
   7.7928237e-02   2.0403581e-01   9.6923617e-02  -5.1025190e-03   1.5350307e-04   1.2952450e-03
   8.8046450e-02   2.2654110e-01   1.2057413e-01  -5.2885753e-03   2.5756147e-04   1.5273847e-03
   8.6459816e-02   2.7394933e-01   1.4579985e-01  -5.7222207e-03   3.8991261e-04   1.5085516e-03
   6.7394442e-02   2.7064873e-01   9.3581200e-02  -5.3743020e-03   2.0819325e-04   1.2936146e-03
   7.3586032e-02   2.5510387e-01   1.4099749e-01  -5.4589682e-03   3.3755836e-04   1.1966270e-03
   6.5396093e-02   2.1098899e-01   1.3523262e-01  -4.9801153e-03   1.5050279e-04   1.1173966e-03
   5.9047237e-02   2.2449471e-01   1.0945339e-01  -6.1721458e-03   1.0747219e-04   1.2601113e-03
   7.4333291e-02   2.7511131e-01   1.7420913e-01  -5.0345061e-03   2.1284168e-04   1.2713665e-03
   7.0168574e-02   2.0623975e-01   1.2398842e-01  -5.3548217e-03  -2.9855209e-05   1.2817791e-03
   7.6057306e-02   2.8200613e-01   1.4415772e-01  -6.0369295e-03   7.8137157e-05   1.2807137e-03
   8.0952718e-02   3.0311794e-01   1.9370046e-01  -6.4314222e-03   2.4807551e-04   1.2957355e-03
   7.9230505e-02   2.1843212e-01   1.6020365e-01  -5.3583359e-03  -5.7869439e-05   1.4073266e-03
   6.8327617e-02   2.1390236e-01   1.3582132e-01  -6.0542017e-03  -2.0528207e-04   1.3819920e-03
   7.4395001e-02   2.7055945e-01   1.8383053e-01  -6.5520521e-03   9.6730307e-05   1.3077487e-03
   7.2204453e-02   2.1972457e-01   8.1576372e-02  -5.1509657e-03   3.0596720e-05   1.4942733e-03
   8.2618594e-02   2.5626703e-01   2.0379325e-01  -7.0646843e-03  -1.6047028e-04   1.5257423e-03
   7.6341309e-02   2.4039817e-01   9.2882393e-02  -5.7735596e-03  -6.0272796e-04   1.0985533e-03
   5.5231713e-02   3.0950505e-01   9.3880137e-02  -5.6101001e-03  -4.8248793e-05   1.0008764e-03
   7.4367707e-02   2.5194109e-01   1.3735059e-01  -5.0845568e-03  -1.2303849e-04   9.3392025e-04
   6.3902927e-02   2.1196186e-01   1.5792847e-01  -5.4476383e-03  -4.2967254e-04   8.5120566e-04
   6.7618654e-02   2.6288454e-01   2.0354237e-01  -5.1439228e-03  -8.6169706e-04   8.0316749e-04
   6.0468354e-02   2.4956165e-01   1.3156801e-01  -5.8225345e-03  -6.7639996e-04   9.8766396e-04
   6.5181095e-02   2.8218142e-01   1.6535739e-01  -6.0575821e-03  -5.0131950e-04   9.3551222e-04
   7.6255834e-02   2.9990258e-01   1.5986234e-01  -6.3066874e-03  -2.4030973e-04   1.2725158e-03
   1.0858138e-01   2.4362333e-01   1.8519848e-01  -6.5083244e-03  -1.2218587e-04   1.6487671e-03
   9.4122512e-02   2.6234613e-01   1.8357536e-01  -6.3890372e-03  -6.4556657e-04   1.3447843e-03
   1.0173645e-01   2.5985272e-01   1.7946037e-01  -7.1992408e-03  -6.1112801e-04   1.6785163e-03
   1.0353072e-01   3.4034441e-01   1.9321707e-01  -6.9006812e-03  -2.7849709e-04   1.5303134e-03
   1.1298532e-01   3.2177516e-01   1.9472606e-01  -6.4291565e-03  -7.9935016e-04   1.4861990e-03
   1.4302775e-01   3.3164506e-01   1.9009077e-01  -6.1981721e-03  -1.3711300e-03   1.6661753e-03
   1.8122890e-01   2.8020454e-01   2.5544487e-01  -9.7364846e-03  -1.1854850e-03   2.8446721e-03
   1.1453593e-01   2.7835511e-01   1.9452821e-01  -7.5150059e-03  -1.5248841e-03   1.6179447e-03
   9.1137404e-02   2.8709112e-01   2.0659814e-01  -8.8112069e-03  -1.4454299e-03   1.4388832e-03
   9.9802423e-02   3.2696815e-01   2.2496590e-01  -8.7147472e-03  -1.3310200e-03   1.4876048e-03
   1.0224071e-01   3.0185312e-01   2.1510010e-01  -8.7530130e-03  -1.4535488e-03   1.4755586e-03
   9.4398299e-02   3.2654074e-01   2.0326777e-01  -8.4861789e-03  -1.1916346e-03   1.4622648e-03
   9.9906282e-02   3.3670755e-01   2.1890338e-01  -8.9644833e-03  -1.1984659e-03   1.5010102e-03
   1.0807807e-01   3.5008268e-01   2.2806965e-01  -8.3176732e-03  -1.3415868e-03   1.4784890e-03
   1.0674890e-01   3.6286381e-01   2.3073778e-01  -8.2388291e-03  -1.2345298e-03   1.3578381e-03
   9.3220940e-02   3.2095004e-01   2.4317999e-01  -8.2852723e-03  -1.3113974e-03   1.2548014e-03
   9.4858714e-02   3.4447467e-01   2.2115966e-01  -8.0983554e-03  -1.2461277e-03   1.1418996e-03
   8.9124468e-02   3.1250118e-01   2.0647478e-01  -7.9145885e-03  -1.1565087e-03   1.2878467e-03
   9.4495183e-02   2.6774608e-01   2.1356804e-01  -7.6903558e-03  -1.4935808e-03   1.3893086e-03
   9.5837752e-02   2.6731046e-01   1.8998240e-01  -8.3159697e-03  -1.7625358e-03   1.4563667e-03
