   0.0000000e+00  -1.0257430e-14  -1.3552582e-14  -6.2264958e-17  -3.4432560e-18   5.7778096e-18
  -2.3893702e-04   3.2913373e-02   1.3807560e-01  -1.5497622e-03  -4.4019674e-04   5.5630168e-05
  -5.3696766e-03   4.4436127e-02   1.2290388e-01  -1.9337682e-03  -4.7896046e-04  -1.1701461e-04
   1.0634595e-02   4.4806080e-02   1.4350579e-01  -2.0530064e-03   1.2746422e-04   5.0652358e-04
  -4.1814501e-03   3.9483192e-02   1.2804134e-01  -1.8444621e-03   5.4723060e-05   3.2043005e-04
   4.6213259e-03   2.6625091e-02   1.4989925e-01  -1.3134103e-03   4.7162958e-05   5.5982366e-04
  -4.2794651e-02   4.3464370e-02   6.9730682e-02  -5.2257647e-04  -1.4597002e-04   3.5829732e-05
  -4.6898304e-03   4.0784568e-02   1.0002940e-01  -3.8291627e-04   5.1215154e-04   9.0424948e-04
  -2.6350643e-03   6.3097672e-02   3.4204896e-02  -6.6057254e-04   2.7906662e-04   5.2052789e-04
  -5.5348201e-03   4.8224461e-02   2.1630473e-02  -3.3948662e-04   5.3249125e-04   7.4758752e-04
   6.6549517e-04   6.7689327e-02   2.6225277e-02   2.1526251e-04   7.0690246e-04   2.6886719e-04
   4.9878703e-03   4.7154013e-02  -7.2780552e-03   9.7140804e-04  -3.1312436e-05   6.6388696e-04
   7.7008964e-04   6.9571557e-02   3.5100532e-02  -1.3635876e-03  -1.7290645e-05   3.3918735e-04
  -1.5863148e-02   1.2972448e-01   4.6746133e-01   1.8846759e-03  -9.5063429e-04   1.0763425e-03
  -6.5314903e-02  -2.8007387e-02   5.8778225e-01   2.9945820e-03   1.8690146e-03   6.2866836e-04
  -7.2315876e-02  -1.1609182e-02   5.3237701e-01   2.0610206e-03   1.7628087e-03   6.5963721e-04
  -6.9946464e-02   4.4490078e-03   6.0669317e-01   1.3841033e-03   2.5440679e-03   9.3797880e-04
  -1.1230207e-01   1.4469810e-02   5.8331430e-01   6.3716085e-04   1.2988460e-03  -1.5828039e-04
  -1.2197556e-01   2.7092893e-02   6.6046476e-01  -1.2923825e-03   2.8457860e-03   4.6752965e-05
  -1.6173472e-04   7.7448942e-02   5.1970574e-01  -1.6436272e-03   2.0009802e-03   1.4040619e-03
  -1.4123460e-02   1.0365413e-01   4.5943662e-01  -1.4036967e-03   1.0454627e-03   1.2686074e-03
  -8.1033948e-03   9.4609829e-02   3.9586688e-01  -2.4793267e-03   1.6251904e-03   8.4683836e-04
  -4.0962258e-02   7.2682959e-02   3.8067485e-01  -9.9159312e-04   3.7477659e-04   6.2844619e-04
  -7.0700265e-02   1.0107414e-01   3.7776563e-01  -2.9784089e-03   2.0441075e-03   4.6560788e-04
  -3.6282533e-02   1.0404225e-01   4.2335383e-01  -3.0279829e-03   1.2501939e-03   4.9397325e-04
  -4.6584087e-02   1.0167046e-01   3.7527636e-01  -2.7426800e-03   2.1387607e-03   5.1765096e-04
  -2.6145425e-02   1.2551346e-01   3.3863839e-01  -2.8616798e-03   1.3055217e-03   5.5071101e-04
  -3.5459005e-02   1.2648806e-01   3.4949812e-01  -3.1616175e-03   1.7080718e-03   3.0252841e-04
  -2.8496483e-02   1.3273795e-01   3.4490951e-01  -3.1033287e-03   1.4685038e-03   4.2821135e-04
  -3.7817357e-02   1.3548734e-01   3.0775564e-01  -3.2441287e-03   1.3712523e-03   1.9694918e-04
  -6.2309183e-02   1.7472615e-01   2.9149216e-01  -3.4314403e-03   1.0241892e-03   2.3025996e-04
  -5.3180867e-02   1.3893089e-01   2.4842704e-01  -4.0901108e-03   1.1243074e-03   1.7445235e-04
  -6.9628076e-02   1.4396831e-01   1.8896124e-01  -9.4459936e-04   5.1132432e-04  -2.7435825e-05
  -2.3986744e-02   1.3469278e-01   1.4589045e-01  -1.2756958e-03   1.2355152e-03   3.6454187e-04
   6.9370990e-03   1.4593826e-01   2.6997932e-01  -2.6177262e-03   1.5954040e-03   2.5450742e-04
  -3.6384554e-02   1.2173084e-01   1.6895096e-01  -1.0495050e-03   9.8274155e-04  -3.6143237e-04
   1.4412563e-02   1.4150680e-01   2.4275706e-01  -2.4780041e-03   1.7493688e-03   4.1403864e-04
  -5.8032442e-03   1.8447115e-01   3.1108299e-01  -1.3795772e-03   7.4500249e-04  -2.4121817e-04
  -2.7109562e-02   1.2447555e-01   3.1935168e-01  -2.7914843e-03   1.6785370e-03   6.0028629e-04
   3.6714317e-03   1.5866911e-01   2.8493238e-01  -3.7496966e-03   1.9990380e-03   4.6420280e-04
   1.5528589e-03   1.2885338e-01   3.2497937e-01  -2.9217223e-03   2.4936854e-03   7.2556719e-04
   1.4496224e-03   1.5947646e-01   2.4421893e-01  -3.9633056e-03   1.5771151e-03   3.0501838e-04
   2.7215410e-02   1.4335333e-01   3.7259324e-01  -2.4297329e-03   1.7220059e-03   1.2244292e-03
  -1.7731828e-02   1.3906058e-01   2.8766492e-01  -1.1106256e-03   1.6585692e-03   5.2214267e-04
   1.1546655e-02   1.7155836e-01   3.1029053e-01  -4.7885653e-03   2.9403994e-03   4.9577867e-04
  -4.6676636e-03   1.5011238e-01   2.9370076e-01  -2.4408746e-03   1.2392913e-03   1.8657391e-04
   2.2723430e-04   1.5573076e-01   2.5563520e-01  -3.3159643e-03   1.9636245e-03   1.8449685e-04
   3.7013286e-02   1.5202252e-01   2.5974869e-01  -2.8356651e-03   2.2465881e-03   6.7365712e-04
   3.1683154e-02   1.4381645e-01   2.6866242e-01  -3.1400491e-03   1.7480482e-03   3.7525989e-04
   4.0633835e-02   1.6863060e-01   2.5487198e-01  -2.8699221e-03   1.3198986e-03   6.7105383e-04
   2.8057938e-02   1.6817057e-01   2.3659640e-01  -3.2831815e-03   2.0627741e-03   5.6410900e-04
   4.4816012e-02   1.6822755e-01   2.8337120e-01  -3.7432146e-03   1.8083729e-03   7.9633730e-04
   4.7101284e-02   1.6495631e-01   2.9624521e-01  -3.6272098e-03   1.4241351e-03   3.7576600e-04
   4.0140451e-02   1.7382379e-01   2.7168222e-01  -4.2782050e-03   1.5727009e-03   5.0525655e-04
   4.2226480e-02   1.8372122e-01   2.5263711e-01  -4.1066849e-03   1.6635414e-03   8.6656519e-05
   4.6573254e-02   1.9223789e-01   2.4556661e-01  -4.0627966e-03   1.3778895e-03   1.4537973e-04
   6.8588916e-02   1.6013030e-01   3.1737239e-01  -4.6317637e-03   1.4804145e-03   3.4087784e-04
   5.8481874e-02   1.8845359e-01   2.7657423e-01  -4.3046803e-03   1.7753336e-03   2.1479579e-04
   5.9586137e-02   2.1304121e-01   2.5250101e-01  -4.6090610e-03   1.1285814e-03   2.5591466e-04
   7.6968628e-02   2.0980989e-01   2.6294782e-01  -4.5652606e-03   1.5169787e-03   1.3190494e-04
   6.7992272e-02   2.1231875e-01   2.4661585e-01  -4.5965841e-03   1.0359462e-03   1.9527209e-04
   6.7974705e-02   2.3808357e-01   1.9334668e-01  -3.9734987e-03   1.7073264e-03   2.8597213e-04
   6.5105804e-02   2.2929475e-01   2.1594917e-01  -3.7017333e-03   1.4950802e-03   1.6604407e-04
   8.3209838e-02   2.3954186e-01   2.4940467e-01  -4.6078411e-03   1.4073579e-03   5.4699423e-04
   7.7591017e-02   2.1899775e-01   2.6109703e-01  -4.7920484e-03   1.6323245e-03  -1.9570206e-05
   1.0471637e-01   2.2595573e-01   2.4673840e-01  -4.4791890e-03   1.8661953e-03   7.7891665e-04
   1.1106604e-01   2.1405232e-01   2.9699325e-01  -6.0271548e-03   1.7361223e-03   6.1449012e-04
   1.2112782e-01   2.3623719e-01   2.5426291e-01  -5.3405117e-03   1.6928330e-03   7.5337773e-04
   1.2792078e-01   2.3143994e-01   2.6939373e-01  -5.9005368e-03   1.7235077e-03   5.4011759e-04
   1.2184160e-01   2.3103426e-01   2.1821450e-01  -6.1561170e-03   1.7911910e-03   6.2845498e-04
   1.3234839e-01   2.2384395e-01   2.7376534e-01  -6.0104955e-03   1.3771806e-03   6.8137214e-04
   1.4028079e-01   2.4944464e-01   2.6467945e-01  -7.6793614e-03   1.7916826e-03   5.7121473e-04
   2.0611369e-01   2.3465229e-01   2.6939758e-01  -7.7998785e-03   1.6568014e-03   1.0174263e-03
   1.7981264e-01   2.5563310e-01   2.0547801e-01  -7.8977942e-03   1.3337021e-03   1.1044173e-03
   1.5635718e-01   2.6578138e-01   2.8061705e-01  -7.5925987e-03   1.3694000e-03   8.9922920e-04
   1.3910426e-01   2.8594771e-01   2.6123920e-01  -8.0940355e-03   1.2123935e-03   9.5413977e-04
   1.5899895e-01   2.8659076e-01   2.3821706e-01  -8.3797545e-03   1.3627033e-03   9.1600246e-04
   1.5322485e-01   2.8304185e-01   2.6033900e-01  -7.4615302e-03   9.8552989e-04   9.0553285e-04
   1.7910220e-01   2.6370501e-01   3.1105463e-01  -8.8347698e-03   1.6362662e-03   9.0110175e-04
   1.4344833e-01   2.9016112e-01   2.6434250e-01  -8.5506948e-03   1.3397690e-03   5.8135584e-04
   1.9901629e-01   2.7408270e-01   3.0569292e-01  -9.5653611e-03   1.7564647e-03   9.5803242e-04
   1.7679675e-01   2.7254458e-01   2.4022456e-01  -8.8440297e-03   1.4494120e-03   9.6153881e-04
   1.9852719e-01   2.8557878e-01   2.9867672e-01  -1.0370830e-02   1.7757640e-03   1.2185555e-03
   1.8656169e-01   2.6635394e-01   1.8444796e-01  -7.3463010e-03   1.3275517e-03   9.3171037e-04
   1.6534745e-01   2.5875235e-01   2.8694041e-01  -5.1343736e-03   2.8142691e-04   8.5101962e-04
   2.1143037e-01   2.9403830e-01   1.5471634e-01  -4.9614592e-03   2.2256121e-04   1.9070319e-03
   2.2598498e-01   2.7045124e-01   2.4206566e-01  -6.0550564e-03   4.6385687e-04   1.2319657e-03
   2.2822707e-01   3.0225841e-01   1.9869078e-01  -6.0515222e-03   7.3701968e-04   1.7788538e-03
   2.4527307e-01   2.8503655e-01   2.8942836e-01  -7.1919025e-03   7.3230250e-04   1.3276637e-03
   2.0625797e-01   3.0776233e-01   1.5543510e-01  -6.2947062e-03   4.4683151e-05   1.3699917e-03
   2.5469414e-01   2.7880596e-01   3.3385773e-01  -8.0438304e-03   1.0761172e-03   1.4635341e-03
   2.3204686e-01   3.0060797e-01   3.1503634e-01  -8.6023457e-03   4.0472332e-04   2.5672764e-03
   2.7682529e-01   2.9021196e-01   3.7848691e-01  -9.5913545e-03   1.0257391e-03   1.9620003e-03
   2.0237492e-01   3.0282884e-01   2.3439555e-01  -7.3326836e-03  -1.1504058e-03   2.3564558e-03
   2.6270004e-01   3.0226736e-01   8.9185574e-01  -1.0634816e-02   1.1312381e-03   1.3666064e-03
  -1.3075053e+00   1.0467396e+00   2.7511858e+00  -3.5290301e-02  -1.6771822e-02  -1.4459190e-03
  -9.8477784e-01   6.9773240e-01   3.4644287e+00  -3.3948130e-02  -1.7214391e-02  -3.1067514e-03
  -8.6071795e-01   5.6494839e-01   2.8364753e+00  -3.3574941e-02  -1.2454994e-02  -3.8610180e-03
  -9.0525009e-01   5.1885486e-01   2.2159958e+00  -3.0125482e-02  -1.5480016e-02  -5.7334662e-03
  -7.4431102e-01   6.8385983e-01   1.8364124e+00  -1.0779974e-02  -1.7815738e-02  -3.6532899e-03
  -9.9411353e-01   6.6166315e-01   1.2375158e+00   4.2242454e-02  -2.4383167e-02  -1.0100014e-02
  -9.2227287e-01   6.5303659e-01   1.6235791e+00   3.9223083e-02  -2.2882039e-02  -1.1306647e-02
  -9.3988492e-01   6.5452737e-01   1.4170409e+00   3.5685009e-02  -2.4310426e-02  -1.1143913e-02
  -8.7725003e-01   6.7471197e-01   1.8162299e+00   3.4696283e-02  -2.3885074e-02  -1.1324809e-02
  -9.2046580e-01   7.2187645e-01   1.8600869e+00   3.4821624e-02  -2.4969563e-02  -1.0407744e-02
  -8.5035761e-01   6.9048360e-01   2.0368001e+00   3.1643824e-02  -2.4515662e-02  -1.0651637e-02
  -9.0517311e-01   7.0329670e-01   1.9592601e+00   2.8469795e-02  -2.5394510e-02  -1.0905261e-02
  -8.8318212e-01   7.0337258e-01   2.0153596e+00   2.8879533e-02  -2.4198034e-02  -1.0850170e-02
  -9.2508539e-01   7.1603737e-01   2.1139763e+00   2.7897056e-02  -2.4832043e-02  -1.1061623e-02
  -8.7153252e-01   6.9950525e-01   2.0961888e+00   2.7503594e-02  -2.4655245e-02  -1.0810851e-02
  -8.8425394e-01   7.3831186e-01   2.1039395e+00   2.6521539e-02  -2.5349242e-02  -1.0718093e-02
  -8.5201789e-01   6.8737399e-01   2.2322844e+00   2.4626473e-02  -2.4794325e-02  -1.0744621e-02
  -8.7934145e-01   7.1914055e-01   2.1819219e+00   2.4629529e-02  -2.5370790e-02  -1.0481997e-02
  -8.5049749e-01   7.3422246e-01   2.2585192e+00   2.4301391e-02  -2.4707143e-02  -1.0608644e-02
  -8.6489216e-01   7.5414495e-01   2.1467650e+00   2.4332308e-02  -2.5384651e-02  -1.0663655e-02
  -8.4339608e-01   7.6425039e-01   2.2064616e+00   2.2967140e-02  -2.4833716e-02  -1.0455355e-02
  -8.5620778e-01   7.4997142e-01   2.1280486e+00   2.3690733e-02  -2.5203818e-02  -1.0530635e-02
  -8.2634107e-01   7.3987183e-01   2.1619908e+00   2.2885615e-02  -2.5107077e-02  -1.0522165e-02
  -8.0138558e-01   7.4564086e-01   2.1136978e+00   2.4703490e-02  -2.5846526e-02  -1.0479047e-02
  -7.9519104e-01   7.3721734e-01   2.1294695e+00   2.4165995e-02  -2.5018241e-02  -1.0642027e-02
  -7.9768384e-01   7.5306476e-01   2.1153542e+00   2.4098975e-02  -2.5808744e-02  -1.0473882e-02
  -7.8486450e-01   7.6152503e-01   2.1526374e+00   2.3907776e-02  -2.4673302e-02  -1.0217334e-02
  -7.4036816e-01   7.5588357e-01   2.1500293e+00   2.4079377e-02  -2.4567859e-02  -9.9393618e-03
  -7.5333280e-01   7.6475589e-01   2.1499129e+00   2.3869912e-02  -2.4613305e-02  -1.0117440e-02
  -7.5815551e-01   7.8413992e-01   2.1226980e+00   2.3837720e-02  -2.5084037e-02  -9.8315496e-03
  -7.4319666e-01   7.5799117e-01   2.2187929e+00   2.4245475e-02  -2.4418607e-02  -9.9876210e-03
  -7.4986866e-01   7.8057502e-01   2.1276305e+00   2.4863326e-02  -2.4770301e-02  -9.6916982e-03
  -7.3250233e-01   7.6829813e-01   2.1524983e+00   2.4282100e-02  -2.4593740e-02  -9.7412684e-03
  -7.5674385e-01   7.7598123e-01   2.1608916e+00   2.4209694e-02  -2.3677289e-02  -9.7556133e-03
  -7.2252118e-01   7.5765151e-01   2.2211331e+00   2.4640942e-02  -2.2019729e-02  -9.7794598e-03
  -7.0190846e-01   7.6645837e-01   2.1141622e+00   2.3834304e-02  -2.1875746e-02  -9.6663551e-03
  -5.6450629e-01   7.8101617e-01   2.3152539e+00   2.3512350e-02  -1.6231610e-02  -6.5496657e-03
   3.1570147e-01   7.4630339e-01   2.1349233e+00   8.0331527e-03   2.6137242e-02   5.0451937e-02
   3.9230118e-01   6.5892796e-01   1.9068111e+00   9.5744814e-03   2.0252369e-02   4.7806639e-02
   3.7436676e-01   6.2737496e-01   2.0630059e+00   8.5449850e-03   2.0819868e-02   4.7882378e-02
   4.1332066e-01   6.3764559e-01   2.0057593e+00   9.4485709e-03   2.0017823e-02   4.7703262e-02
   4.3354059e-01   6.2187169e-01   2.0695403e+00   8.4112313e-03   2.0876250e-02   4.8458104e-02
   4.5306006e-01   6.4735501e-01   1.9689576e+00   9.3008345e-03   2.1213238e-02   4.8067869e-02
   4.6495796e-01   6.6146396e-01   2.4213693e+00   9.3700728e-03   2.1115819e-02   4.8477658e-02
   4.7846482e-01   7.1801836e-01   3.2459231e+00   6.5595538e-03   1.9665790e-02   4.8479269e-02
   3.9666442e-01   7.1367932e-01   2.1888839e+00   8.0314952e-03   1.9089068e-02   4.8291917e-02
   2.9608692e-01   6.8237928e-01   1.5859202e+00   9.0201965e-03   1.8175219e-02   4.5225776e-02
   2.9374946e-01   6.9745362e-01   2.0284355e+00   9.5298973e-03   2.0187613e-02   4.5529752e-02
   3.1689724e-01   6.8951446e-01   2.0073064e+00   9.1895384e-03   1.9551470e-02   4.5706578e-02
   3.4850659e-01   6.7501959e-01   2.0057571e+00   8.9440076e-03   1.9943231e-02   4.6094970e-02
   4.0013497e-01   7.3088979e-01   1.8914467e+00   8.5955327e-03   1.8933961e-02   4.5984223e-02
   4.5042076e-01   7.2479129e-01   1.9027640e+00   8.3578601e-03   1.8766839e-02   4.6981139e-02
   4.1352629e-01   7.5613130e-01   1.7789745e+00   7.9631856e-03   1.8917329e-02   4.6257448e-02
   4.4227365e-01   6.8965121e-01   2.0323005e+00   8.3144822e-03   1.9442918e-02   4.7033884e-02
   3.6641353e-01   7.9899205e-01   1.0878265e+00   6.7034183e-03   1.9540390e-02   4.4680465e-02
   4.1651718e-01   7.8003215e-01   8.1502631e-01   7.3165392e-03   1.6997919e-02   4.3304395e-02
   3.7321846e-01   6.1523372e-01   1.0576073e+00   9.6625949e-03   1.6616355e-02   4.2251879e-02
   2.1203360e-01   7.0872558e-01   8.1353728e-01   8.9294028e-03   1.5714939e-02   4.0279355e-02
   2.8528999e-01   6.9041373e-01   9.8152215e-01   9.1536271e-03   1.5173365e-02   4.1677329e-02
   3.0029216e-01   7.1318228e-01   1.0038806e+00   8.9346646e-03   1.4675134e-02   4.1595185e-02
   3.3266114e-01   7.3645292e-01   1.0133967e+00   9.9511549e-03   1.4977829e-02   4.1955001e-02
   3.3152583e-01   7.1908370e-01   9.3226767e-01   8.9819698e-03   1.4638694e-02   4.1962860e-02
   3.2890916e-01   6.8525332e-01   8.5096796e-01   9.8369194e-03   1.4755945e-02   4.1644698e-02
   3.1733697e-01   7.1243425e-01   7.6461037e-01   9.1296629e-03   1.4607438e-02   4.1510948e-02
   3.4302063e-01   7.3218805e-01   8.0984787e-01   8.4740812e-03   1.4546728e-02   4.1943354e-02
   3.1110253e-01   5.6611651e-01   3.7805046e-01   1.0411374e-02   1.5434320e-02   4.1136471e-02
   3.0865993e-01   6.6762930e-01   4.1793533e-01   1.1054123e-02   1.5351247e-02   4.0511082e-02
   3.2717259e-01   6.5869591e-01   4.7238764e-01   1.0747770e-02   1.5100078e-02   4.0734025e-02
   2.8457413e-01   7.2659458e-01   4.6238312e-01   1.1647588e-02   1.4642295e-02   4.0275137e-02
   3.0738197e-01   6.8276315e-01   4.7185727e-01   1.0984307e-02   1.4484300e-02   4.0567382e-02
   3.2710045e-01   7.0946362e-01   6.3543698e-01   1.1412284e-02   1.4066425e-02   4.0376827e-02
   3.2569202e-01   7.0964474e-01   7.1680588e-01   1.0061981e-02   1.3897233e-02   4.0658042e-02
   3.4585008e-01   7.1294109e-01   9.1707946e-01   1.2111110e-02   1.4390866e-02   3.9879934e-02
   4.8903659e-01   5.3200595e-01   1.2935444e+00   4.8351646e-03   1.5164126e-02   4.1125570e-02
   5.0597271e-01   5.0310749e-01   1.1669908e+00   1.1142505e-03   1.3617226e-02   4.0536673e-02
   3.9290227e-01   4.9565221e-01   1.6596584e+00   2.0979932e-03   1.3159162e-02   4.0173828e-02
   3.0673162e-01   5.2173430e-01   2.0795520e+00  -2.3603331e-03   1.1798075e-02   3.9056752e-02
   2.7917374e-01   5.1715278e-01   2.3233084e+00  -1.0069322e-03   1.2594391e-02   3.8651183e-02
   2.2341470e-01   6.0841398e-01   2.9373364e+00  -2.0933657e-03   1.1379136e-02   3.8439247e-02
   2.5978217e-01   6.4625563e-01   2.7070574e+00  -2.0533594e-03   1.1315767e-02   3.8544704e-02
   2.4955083e-01   6.1411239e-01   2.6823078e+00  -1.7176530e-03   1.2067398e-02   3.8285362e-02
   2.6047479e-01   6.9190041e-01   2.2905109e+00  -2.3409412e-03   1.1817545e-02   3.8646058e-02
   2.6005588e-01   6.1492941e-01   1.9196972e+00   2.6543759e-04   1.0938760e-02   3.8303049e-02
   1.5526566e-01   6.2881660e-01   1.6289265e+00   1.8277188e-03   1.0262414e-02   3.7727833e-02
