   1.0622991e-14   0.0000000e+00   2.0274641e-16  -4.5698448e-17  -9.8565262e-18  -3.8518599e-34
   2.7175581e-03  -2.4863934e-02   8.5765993e-02  -6.9167621e-04  -4.2603535e-05  -2.3370441e-04
  -4.5791838e-03  -3.3425629e-02   6.8362736e-02  -1.2572781e-03  -3.7349917e-04  -2.6004776e-04
  -1.5867847e-02  -3.7855853e-03   6.8436799e-02  -1.0938952e-03  -2.4747998e-04  -4.5197117e-04
  -4.6637315e-03  -2.6572276e-02   8.4836042e-02  -7.6989490e-04  -4.6713693e-04  -3.1193435e-04
  -1.9475376e-02   6.6282740e-03   8.4618753e-02  -1.4391675e-03  -3.0030916e-04  -3.5686681e-04
  -5.3163372e-03  -2.6672052e-02   9.4312614e-02  -8.2731137e-04  -6.1850899e-04  -3.0926748e-04
  -1.6400309e-02  -1.2100202e-02   1.1010452e-01  -1.4862804e-03  -5.6261130e-04  -2.6274738e-04
  -1.2669976e-02   8.2282714e-03   7.3715173e-02  -9.5725255e-04  -4.9693862e-04  -2.8878957e-04
  -1.6272259e-02   1.4674331e-03   1.0144258e-01  -1.7370284e-03  -6.2387344e-04  -3.4815055e-04
  -2.4509464e-02  -1.1646654e-02   1.2094374e-01  -1.7942036e-03  -6.0144373e-04  -6.4497187e-04
  -1.5035566e-02   2.1016804e-02   1.0359545e-01  -1.9383746e-03  -5.4430750e-04  -3.3209720e-04
  -2.7339158e-02   2.4250117e-02   9.4374189e-02  -2.4527069e-03  -3.4755994e-04  -6.7610702e-04
  -4.4988802e-02   4.6300638e-02   1.8956704e-01  -4.0353158e-03   6.8460482e-04  -8.0499943e-04
  -2.8934165e-02   3.4233382e-02   1.6983492e-01  -3.6993097e-03   2.1689261e-05  -6.1408596e-04
  -2.4565185e-02   4.7035480e-02   1.7562703e-01  -3.7273912e-03   2.8349026e-04  -5.4570303e-04
  -2.8651833e-02   3.2397372e-02   1.9446463e-01  -3.4745638e-03   3.5126828e-05  -9.0861272e-04
  -3.6513242e-02   3.6545001e-02   1.8693355e-01  -3.6814763e-03   2.4081566e-04  -8.3409190e-04
  -2.0583300e-02   4.2343488e-02   1.6565313e-01  -3.3772724e-03  -1.2046605e-04  -5.5662968e-04
  -2.8909560e-02   5.7148030e-02   2.3127682e-01  -4.5945267e-03  -1.1531254e-04  -9.3524859e-04
  -4.2561360e-02   6.2860811e-02   1.8436643e-01  -4.5615980e-03  -2.3547133e-04  -9.6817547e-04
  -2.0193556e-02   4.1555422e-02   2.5575383e-01  -4.1046153e-03  -6.2869508e-04  -8.3436957e-04
  -2.3838572e-02   8.7189512e-02   4.2739465e-01  -5.9673076e-03  -4.5964973e-04  -8.5157201e-04
  -1.5639127e-02   7.7667299e-02   4.0340237e-01  -4.5126418e-03  -6.3565844e-05  -8.9507911e-04
   5.0101067e-03   7.5386970e-02   4.2085406e-01  -5.0314156e-03   1.2997456e-04  -6.5720168e-04
  -1.9996322e-03   6.5044190e-02   4.0057062e-01  -5.1564630e-03   3.1902704e-04  -7.5229351e-04
  -4.8331044e-03   7.2716690e-02   4.3882118e-01  -5.4963092e-03  -7.7537487e-06  -9.7438075e-04
   4.8599372e-03   7.3226347e-02   4.1924790e-01  -4.8818386e-03  -5.1451045e-04  -5.8137331e-04
   4.8397379e-03   7.0720740e-02   3.6216055e-01  -4.9492103e-03  -4.4998196e-04  -6.3607184e-04
   4.1478319e-03   1.2078508e-01   3.7533925e-01  -5.7332892e-03  -5.0648777e-04  -5.0652117e-04
   8.2207514e-03   8.5583117e-02   4.1625235e-01  -5.1262111e-03  -6.4014016e-04  -5.6039615e-04
  -5.9968365e-04   8.7467593e-02   4.2257961e-01  -5.5720688e-03  -6.6195036e-04  -6.5132858e-04
  -1.0654141e-03   9.4588867e-02   4.1911266e-01  -5.5244632e-03  -9.9518127e-04  -7.6805325e-04
  -1.2332772e-02   1.1752028e-01   4.1414830e-01  -5.5126058e-03  -5.2689945e-04  -8.1281376e-04
   3.8802939e-03   8.0291070e-02   4.3184502e-01  -5.0170698e-03  -7.3734708e-04  -6.6555250e-04
   9.4136702e-03   1.0932171e-01   4.4897170e-01  -5.4944741e-03  -5.4793551e-04  -2.4139838e-04
  -4.5435197e-04   1.0665193e-01   4.8142038e-01  -5.1320496e-03  -6.5148901e-05  -7.1801267e-04
  -9.8671270e-03   1.0336809e-01   5.1638818e-01  -5.7519318e-03   1.2005483e-04  -7.6150522e-04
   5.0151259e-02   1.3162277e-01   4.5686365e-01  -4.8672540e-03  -1.8711738e-04  -9.9945825e-05
   4.2465698e-02   1.6218256e-01   4.6708086e-01  -4.0856367e-03  -9.5570408e-04  -2.2731889e-04
   4.0389449e-02   1.3346917e-01   4.6970563e-01  -3.6301035e-03  -1.2990814e-03  -3.3802872e-04
   3.4499833e-02   1.4106763e-01   5.1576762e-01  -4.5958837e-03  -1.1767801e-03  -2.8721380e-04
   9.4844908e-02   1.6678259e-01   4.2967552e-01  -2.6134212e-03  -1.0344711e-03   5.3375975e-04
   5.8413786e-02   1.3624756e-01   5.2577991e-01  -4.9960807e-03  -2.0741518e-03   2.5035523e-04
   4.9761789e-02   1.7673040e-01   6.5985282e-01  -5.7038150e-03  -1.4808749e-03  -5.4093119e-04
   6.9630848e-02   2.1002889e-01   6.6212633e-01  -5.7275177e-03  -1.2753142e-03  -1.0280465e-04
   4.6793590e-02   1.5288870e-01   5.6218518e-01  -6.6241601e-03  -1.4498185e-03  -4.4600926e-04
   4.1884290e-02   1.8457412e-01   6.3889398e-01  -6.9349546e-03  -1.3709426e-03  -5.8258438e-04
   2.9861931e-02   2.0126244e-01   7.2359130e-01  -8.3839690e-03  -7.2242986e-04  -7.5365098e-04
   3.1170859e-02   1.7821771e-01   7.0523227e-01  -7.6937933e-03  -5.6579590e-04  -6.0940595e-04
   6.4247051e-02   2.1975631e-01   7.4018257e-01  -8.2669253e-03  -3.4654758e-04  -1.2788701e-03
   5.0885181e-02   2.0375291e-01   7.2903970e-01  -8.7953617e-03  -1.1991584e-03  -7.5337080e-04
   2.6146808e-02   1.8349273e-01   6.6369314e-01  -7.1442203e-03  -1.1858867e-03  -5.2939383e-04
   5.1990776e-02   1.9128715e-01   7.2506932e-01  -8.1206772e-03  -1.3018839e-03  -9.6796711e-04
   6.4582063e-02   2.0703871e-01   7.4470246e-01  -9.9533500e-03  -9.1545938e-04  -7.6851215e-04
   5.0310694e-02   2.4003659e-01   7.0009684e-01  -8.8794549e-03  -5.5981160e-04  -1.1953678e-03
   2.8058937e-02   1.8817279e-01   7.6715271e-01  -8.9694922e-03  -5.8874856e-04  -1.1841514e-03
   3.9122665e-02   1.9721646e-01   6.8367635e-01  -7.8354008e-03  -4.9054522e-04  -1.1214822e-03
   3.5317073e-02   2.1438316e-01   7.4053454e-01  -8.8178257e-03  -6.4526271e-04  -1.2194079e-03
   4.1713570e-02   1.8956802e-01   7.1796130e-01  -9.4183846e-03  -6.0826096e-04  -1.2158023e-03
   4.1254382e-02   2.5431064e-01   7.2207316e-01  -9.0800349e-03  -7.2300618e-04  -1.2820685e-03
   4.4043264e-02   1.9298040e-01   8.0293735e-01  -9.4138909e-03  -1.0488184e-03  -1.3355070e-03
   1.8255072e-02   2.2562059e-01   7.8029736e-01  -1.0004278e-02  -8.1448257e-04  -1.6907932e-03
   2.8888484e-02   2.3141951e-01   7.8556509e-01  -1.0121265e-02  -1.0038276e-03  -1.6516979e-03
   3.9775621e-02   2.2969825e-01   7.7878044e-01  -1.0338291e-02  -1.3097075e-03  -1.5509608e-03
   5.3094654e-02   2.6709699e-01   7.7969016e-01  -8.9741083e-03  -1.1729497e-03  -1.4091733e-03
   7.5542613e-02   2.0500711e-01   8.2096820e-01  -8.1905828e-03  -5.1720639e-04  -1.3582436e-03
   5.5597716e-02   2.5015309e-01   8.0787739e-01  -8.9464150e-03  -2.9400759e-04  -1.2682338e-03
   7.3525346e-02   2.5692034e-01   8.6033003e-01  -8.9516820e-03   7.0124289e-04  -1.9635936e-03
   5.5748545e-02   2.5226473e-01   9.0426446e-01  -9.6885589e-03   2.4377611e-03  -2.2495684e-03
   7.0724658e-02   2.6820531e-01   8.6198530e-01  -9.1736580e-03   1.3694504e-03  -1.8132883e-03
   8.1210157e-02   2.5844187e-01   8.8432489e-01  -9.3983986e-03   1.4642398e-03  -2.2211253e-03
   8.6260789e-02   2.7145034e-01   8.7158250e-01  -9.1220577e-03   1.2714079e-03  -1.7511408e-03
   5.6894506e-02   2.5580720e-01   8.8591174e-01  -9.9857222e-03   1.4115253e-03  -2.2000376e-03
   8.4067399e-02   2.5138102e-01   8.5451266e-01  -9.5154658e-03   6.5173954e-04  -8.7094638e-04
   1.2184264e-01   2.5088738e-01   7.5437910e-01  -7.8491710e-03   1.4847674e-03  -3.4958958e-04
   1.1567004e-01   2.3468917e-01   7.9568716e-01  -8.7725666e-03   1.1933203e-03  -7.1046802e-04
   1.1101868e-01   2.1691018e-01   8.3448207e-01  -8.9660862e-03   4.5973701e-04  -6.1379177e-04
   1.1257235e-01   2.5548753e-01   8.2966186e-01  -8.9029761e-03   7.7833882e-04  -6.9761653e-04
   1.1366046e-01   2.6447070e-01   8.7604549e-01  -9.7834494e-03   8.1520010e-04  -9.3221692e-04
   1.0869379e-01   2.7624670e-01   8.4607768e-01  -9.7852691e-03   7.5950980e-04  -1.0760506e-03
   1.1898496e-01   2.8658780e-01   8.5516708e-01  -9.3085963e-03   2.2604085e-04  -9.6586444e-04
   1.1195055e-01   3.1202218e-01   8.6292744e-01  -8.9905591e-03   3.1942647e-04  -1.1358256e-03
   1.1732910e-01   2.7511481e-01   8.9203222e-01  -9.1937932e-03  -3.9423300e-05  -8.7241918e-04
   1.1028345e-01   2.8327667e-01   8.9294906e-01  -9.4699955e-03   1.3450268e-04  -1.1706735e-03
   1.2215234e-01   3.1651195e-01   1.0068184e+00  -1.0275335e-02  -6.5924888e-04  -1.1414470e-03
   1.2716637e-01   2.8157924e-01   9.3320907e-01  -9.2450508e-03  -1.4282866e-03  -9.9352264e-04
   1.2249184e-01   3.2846808e-01   9.0132629e-01  -8.7217537e-03  -6.1605210e-04  -9.2656915e-04
   1.5034177e-01   2.9384795e-01   9.4151932e-01  -9.0058283e-03  -1.6136397e-03  -7.1930173e-04
   1.5141590e-01   3.1306554e-01   9.5651981e-01  -8.9252925e-03  -1.1566479e-03  -9.7398959e-04
   1.3871396e-01   3.1179299e-01   9.4980652e-01  -8.0497981e-03  -1.6056753e-03  -1.0260684e-03
   1.4130989e-01   3.1360244e-01   9.9680107e-01  -9.1025989e-03  -1.7729173e-03  -9.7112612e-04
   1.2862845e-01   3.2277325e-01   9.2986777e-01  -8.7148566e-03  -1.9497387e-03  -7.7817992e-04
   1.4829949e-01   3.4128142e-01   8.2548767e-01  -9.0742443e-03  -2.0479107e-03  -4.1338763e-04
   8.6730169e-02   3.2664932e-01   7.7573641e-01  -1.3617763e-02  -1.0793259e-03  -3.3446400e-04
   1.1711874e-01   2.6060127e-01   8.2570877e-01  -1.2893771e-02  -1.7204110e-03  -2.2641071e-04
   1.1739968e-01   2.6748350e-01   8.1937896e-01  -1.1776961e-02  -1.6557946e-03  -5.5126944e-04
   1.1992052e-01   2.5163753e-01   7.7965600e-01  -1.0750303e-02  -1.8545073e-03  -5.7333830e-05
   1.3026283e-01   2.7007190e-01   7.8275781e-01  -1.0848929e-02  -1.9644746e-03   6.0328129e-05
   1.4291597e-01   3.0312952e-01   8.1404865e-01  -1.0687605e-02  -2.6693584e-03   2.0914305e-04
   1.3633256e-01   3.0885245e-01   8.7742184e-01  -1.1566547e-02  -3.2904313e-03  -3.4570893e-04
   1.3949441e-01   3.3218588e-01   8.3405287e-01  -1.1798035e-02  -2.8538008e-03  -4.3047893e-04
   1.3725049e-01   3.4234202e-01   8.3661120e-01  -1.0884079e-02  -2.7713523e-03  -5.0863352e-04
   1.4684106e-01   3.1561973e-01   8.6744128e-01  -9.7191946e-03  -2.6680051e-03  -1.8061832e-05
   1.5350181e-01   3.4480294e-01   8.9345639e-01  -1.0055423e-02  -2.9482928e-03   3.7918871e-04
   1.4519141e-01   3.1501306e-01   9.1530099e-01  -1.0039069e-02  -2.9129517e-03  -5.8668251e-05
   1.2913993e-01   3.3731624e-01   8.9338839e-01  -1.1033572e-02  -3.0094113e-03   1.9763470e-05
   1.3897053e-01   3.3216870e-01   8.2136546e-01  -1.0169125e-02  -2.8164640e-03   8.2435061e-05
   9.3988888e-02   2.7294534e-01   8.2086568e-01  -1.1100467e-02  -3.6702362e-03   9.1011316e-05
   9.3683107e-02   3.0904883e-01   9.2767323e-01  -1.2223336e-02  -3.0045118e-03  -3.6750768e-04
   9.6055455e-02   3.3522520e-01   9.1228207e-01  -1.2473167e-02  -2.0781595e-03  -1.5209766e-04
   7.3589455e-02   3.0810956e-01   9.4344449e-01  -1.4312171e-02  -1.0459496e-03  -4.5858207e-04
   7.9477000e-02   3.2429561e-01   9.1635729e-01  -1.3315547e-02  -1.5931497e-03   3.0723282e-04
   7.6854784e-02   3.2605150e-01   9.0522163e-01  -1.2861163e-02  -1.3870773e-03   3.6251769e-04
   9.6711537e-02   3.2673690e-01   9.0303550e-01  -1.2077922e-02  -1.8530734e-03   4.0740573e-04
   1.0497756e-01   3.2658633e-01   8.8505572e-01  -1.2419924e-02  -2.3390384e-03   5.2873549e-04
   1.0592722e-01   3.4445356e-01   8.8076093e-01  -1.2051874e-02  -2.4590335e-03   4.0371655e-04
   1.0789424e-01   3.6463906e-01   9.5006027e-01  -1.2871137e-02  -2.4401265e-03   6.9268767e-05
   1.3703730e-01   3.5744870e-01   9.5110133e-01  -1.1608659e-02  -3.7019918e-03   2.5446262e-04
   1.5968893e-01   3.9079542e-01   9.7799414e-01  -1.1911594e-02  -3.8860356e-03   4.1240597e-04
   1.5138889e-01   3.5705126e-01   1.0111884e+00  -1.1635600e-02  -4.9026999e-03   3.1548328e-04
   2.0746955e-01   4.2685947e-01   1.0048830e+00  -1.1405875e-02  -2.8537235e-03  -2.5609955e-04
   2.0947052e-01   3.9908456e-01   1.0566429e+00  -1.1360631e-02  -2.6461465e-03  -1.5471382e-04
   1.9106751e-01   4.1641420e-01   1.0243137e+00  -1.1322535e-02  -2.5654645e-03   8.3687171e-05
   1.9673452e-01   3.9449250e-01   1.0445716e+00  -1.0933772e-02  -2.2798235e-03  -2.9604778e-05
   1.8824154e-01   3.9321377e-01   1.0692606e+00  -1.1097351e-02  -2.3212733e-03   1.8047442e-04
   1.9901222e-01   4.3322915e-01   1.0534471e+00  -1.0943910e-02  -2.7055617e-03   4.9107202e-04
   1.8462152e-01   4.1755277e-01   1.0076494e+00  -1.0612613e-02  -2.5842517e-03   5.9417292e-04
   1.9228816e-01   3.9790747e-01   1.0124303e+00  -9.9203625e-03  -2.6116740e-03   5.3223352e-04
   1.8736909e-01   4.0315742e-01   1.0920109e+00  -1.1580255e-02  -2.5311209e-03   1.1386020e-04
   1.8897010e-01   3.8280356e-01   1.1529429e+00  -1.3468558e-02  -2.5702701e-03  -1.4376729e-04
   2.0906618e-01   4.3566381e-01   1.0277785e+00  -1.2640306e-02  -2.9415854e-03   2.6355532e-04
   2.0446336e-01   4.2304893e-01   9.9928296e-01  -1.1343050e-02  -3.1421343e-03  -3.2118680e-04
   2.1103405e-01   4.2824572e-01   1.0788115e+00  -1.1724534e-02  -3.8041027e-03  -3.3205817e-04
   2.2521777e-01   4.2291021e-01   1.0949120e+00  -1.1521268e-02  -4.0918806e-03   1.8610412e-04
   2.4320915e-01   4.1456592e-01   1.1469168e+00  -1.1039014e-02  -4.6975453e-03   2.3955938e-04
   2.2735852e-01   3.9506856e-01   1.1585536e+00  -1.1529632e-02  -5.0194737e-03   3.4422915e-04
   2.3918978e-01   4.1807529e-01   1.1735879e+00  -1.1622986e-02  -5.1091282e-03   4.2433095e-04
   2.3050048e-01   4.0775563e-01   1.1712685e+00  -1.2142001e-02  -4.9873645e-03   3.2113210e-04
   2.3603391e-01   4.5855314e-01   1.1232547e+00  -1.1623154e-02  -4.9302690e-03   3.4567039e-04
   2.4153833e-01   4.6444415e-01   1.1505085e+00  -1.2890199e-02  -5.0026373e-03   4.2506267e-04
   2.3606876e-01   4.8198309e-01   1.1108452e+00  -1.1373906e-02  -5.1792345e-03   1.6463804e-04
   2.4026125e-01   4.4004231e-01   1.2181474e+00  -1.2118456e-02  -4.5816083e-03   2.1322231e-05
   2.4086227e-01   4.9446230e-01   1.2163676e+00  -1.2880429e-02  -3.8811920e-03  -5.6954811e-04
   2.0414288e-01   4.2167824e-01   1.2182549e+00  -1.3680596e-02  -5.1939492e-03   1.4342272e-05
   1.9715424e-01   4.1219220e-01   1.2126567e+00  -1.3655188e-02  -4.9326903e-03  -3.2302763e-04
   2.3488070e-01   4.6707160e-01   1.2112228e+00  -1.3657834e-02  -4.5548062e-03  -1.3165665e-04
   2.2368374e-01   4.4726691e-01   1.2359849e+00  -1.3918189e-02  -4.1805914e-03  -5.3558627e-04
   2.1906592e-01   4.9569184e-01   1.1991133e+00  -1.3625457e-02  -3.7560223e-03  -7.9727085e-04
   2.1405471e-01   5.5320151e-01   1.2932494e+00  -1.4559529e-02  -3.5437173e-03  -8.3701822e-04
   1.4644399e-01   4.6962768e-01   1.3218126e+00  -1.4811372e-02  -4.1528364e-03  -1.3003791e-03
   1.5090211e-01   4.9128250e-01   1.3235272e+00  -1.5098248e-02  -2.9372024e-03  -1.3778499e-03
   1.4696621e-01   4.4735708e-01   1.4289408e+00  -1.5506209e-02  -3.4952480e-03  -1.1694353e-03
   1.5441141e-01   4.6117568e-01   1.3882472e+00  -1.5531480e-02  -3.0508337e-03  -1.5512208e-03
   1.4701728e-01   4.8292196e-01   1.3947678e+00  -1.6657361e-02  -3.2792688e-03  -1.4627648e-03
   1.4135997e-01   5.1399238e-01   1.4007393e+00  -1.6692267e-02  -2.7176124e-03  -1.9624478e-03
   1.1679777e-01   5.0464677e-01   1.4459955e+00  -1.8422706e-02  -2.3908759e-03  -2.2533684e-03
   1.3535440e-01   4.7334673e-01   1.4050835e+00  -1.7139117e-02  -2.2449900e-03  -1.5608949e-03
   1.4280390e-01   4.9141690e-01   1.4674406e+00  -1.7415031e-02  -2.3028762e-03  -1.5526681e-03
   1.2664166e-01   4.7598097e-01   1.4488383e+00  -1.8285122e-02  -2.3395458e-03  -1.6520970e-03
   1.1937202e-01   5.1475657e-01   1.4163001e+00  -1.7511969e-02  -2.0210320e-03  -1.9432855e-03
   1.4031471e-01   4.7497653e-01   1.5427706e+00  -1.9061283e-02  -2.4220003e-03  -1.9302597e-03
   1.3622964e-01   4.9765637e-01   1.4854197e+00  -1.8416038e-02  -2.5893638e-03  -1.9081339e-03
   1.2362555e-01   4.7344905e-01   1.5400376e+00  -1.9253194e-02  -2.5189165e-03  -2.2288175e-03
   1.4551909e-01   4.9636678e-01   1.5677959e+00  -1.9136051e-02  -2.7495442e-03  -1.7553482e-03
   1.5867767e-01   5.1150284e-01   1.5386829e+00  -1.8868640e-02  -3.2081357e-03  -1.4599477e-03
   1.7320543e-01   5.1692987e-01   1.5720890e+00  -1.8916616e-02  -3.1417429e-03  -1.2402228e-03
   1.8734542e-01   5.4411826e-01   1.4496168e+00  -1.6732507e-02  -4.2659945e-03  -1.1265241e-03
   1.7662177e-01   4.8224612e-01   1.3118092e+00  -1.4391573e-02  -4.5379841e-03  -2.5070046e-04
   1.8269868e-01   4.9934428e-01   1.3873605e+00  -1.3207494e-02  -4.5083751e-03   1.0506811e-04
   1.8977576e-01   5.0188647e-01   1.3758164e+00  -1.3794746e-02  -4.4770814e-03   1.6827873e-04
   1.9598805e-01   5.2970297e-01   1.3888376e+00  -1.3278948e-02  -4.6863027e-03   4.0316093e-04
   1.9857470e-01   5.2166724e-01   1.4141493e+00  -1.4046064e-02  -4.6625693e-03   4.8877380e-04
   2.0352038e-01   5.1102118e-01   1.4351581e+00  -1.4660974e-02  -4.4529022e-03   2.7817969e-04
   1.9251447e-01   5.4786514e-01   1.3443303e+00  -1.4408576e-02  -4.0414553e-03  -4.5917410e-05
   2.2113328e-01   5.3130288e-01   1.4110020e+00  -1.3606357e-02  -4.3510667e-03   3.5055271e-04
   1.8927325e-01   4.9576257e-01   1.3027113e+00  -1.4220250e-02  -4.1070458e-03  -1.6550203e-04
   1.9438011e-01   5.4219272e-01   1.3223110e+00  -1.4765826e-02  -3.9778612e-03   8.4594418e-05
   1.9379019e-01   5.2100729e-01   1.3802022e+00  -1.3699770e-02  -4.2631430e-03   1.2072333e-04
