   0.0000000e+00   0.0000000e+00  -6.7694171e-15  -6.0925735e-17  -2.8795765e-19  -1.7544031e-35
  -9.5551292e-03   1.2112578e-02   2.4169789e-02  -1.7130086e-03  -5.3570127e-04  -1.9019470e-04
   1.7551185e-03   3.2033426e-03   5.3301472e-02  -2.4679791e-03  -2.1081932e-04  -5.7350618e-04
   4.3367172e-03   5.9546306e-02   7.0475130e-02  -1.5350829e-03   4.8537215e-04  -3.2127593e-04
   4.3148693e-02   1.2053089e-01   1.1408331e-01  -1.6392856e-03   3.7748385e-04   2.0325983e-04
   3.4009271e-02   1.4869453e-01   1.3352099e-01  -1.3338292e-03   9.0909095e-04   3.9360456e-04
   5.6428205e-02   3.2873876e-01   1.9606907e-01  -1.5680431e-03   1.8199451e-03   4.7121908e-04
   4.1652214e-02   2.3699464e-01   2.0351254e-01  -4.3466384e-04   1.5211627e-03   5.4161665e-04
   8.3171307e-02   3.0365426e-01   3.6842363e-01  -1.2786727e-03   1.5876504e-03   7.2064685e-04
   1.9130355e-01   5.0496175e-01   3.5224356e-01  -2.6316134e-03   9.5713737e-04   1.5577485e-03
   1.5908038e-01   3.6183491e-01   4.5823314e-01  -5.2745084e-03   7.4611645e-04   2.1943958e-03
   1.6508773e-01   2.8001265e-01   4.8415943e-01  -7.0711142e-03  -9.1545105e-04   2.0530679e-03
   1.3253820e-01   2.6065356e-01   4.7107540e-01  -8.0244944e-03  -9.1143925e-04   2.0959898e-03
   1.3283361e-01   2.8057893e-01   4.8839643e-01  -8.0938465e-03  -7.9991552e-04   1.9597170e-03
   1.1026149e-01   2.7827106e-01   4.5048237e-01  -7.8801620e-03  -3.2829620e-04   2.1940515e-03
   1.3170386e-01   2.5744713e-01   4.0728261e-01  -6.1351880e-03  -3.1098465e-04   2.3836150e-03
   1.1310609e-01   1.3285730e-01   4.8985934e-01  -9.7750689e-03  -1.5192738e-03   2.1833681e-03
   1.1761782e-01   2.0556630e-01   5.5347541e-01  -1.0797215e-02  -1.4298016e-03   1.9415617e-03
   1.1298531e-01   1.7198365e-01   4.6923087e-01  -1.0866151e-02  -1.7246904e-03   2.0933296e-03
   1.6358491e-01   4.3563575e-01   6.3390519e-01  -5.9769385e-03  -1.7333008e-04   2.6986179e-03
   2.1044286e-01   4.4229101e-01   9.7239656e-01  -9.1136409e-03  -6.9161867e-04   2.8393567e-03
   1.5848618e-01   2.5828827e-01   1.0054071e+00  -1.1490806e-02  -1.1248072e-03   2.6608604e-03
   1.6914913e-01   3.0765642e-01   9.3844645e-01  -1.0892048e-02  -1.9699357e-03   2.5914650e-03
   1.3515903e-01   2.2946579e-01   9.4988769e-01  -1.2258008e-02  -1.5140880e-03   3.1029338e-03
   1.4680255e-01   2.6115730e-01   9.5784758e-01  -1.3288007e-02  -1.7794560e-03   2.5509504e-03
   1.3853879e-01   2.1945220e-01   9.0271474e-01  -1.2957760e-02  -1.5192754e-03   2.6993722e-03
   1.6257682e-01   1.9036060e-01   9.0331897e-01  -1.2826836e-02  -2.4118782e-03   2.8215555e-03
   1.6466615e-01   1.8628374e-01   8.1384002e-01  -1.3046517e-02  -2.0030017e-03   2.7320685e-03
   1.6188806e-01   2.9702373e-01   8.6921478e-01  -1.3235122e-02  -1.2146746e-03   2.7061689e-03
   1.4969853e-01   2.6995012e-01   8.7801717e-01  -1.2915089e-02  -2.3293914e-03   2.7598827e-03
   1.7155469e-01   2.5123476e-01   8.3429188e-01  -1.2800266e-02  -3.2083614e-03   3.4041220e-03
   1.3824959e-01   2.1115679e-01   9.3671233e-01  -1.3711597e-02  -2.5302325e-03   3.1363876e-03
   1.5565001e-01   2.3613371e-01   9.1475168e-01  -1.3575601e-02  -2.9400114e-03   3.4724943e-03
   1.4175649e-01   2.1288323e-01   9.3681232e-01  -1.4398726e-02  -3.1724100e-03   3.0147533e-03
   1.4839924e-01   2.1045368e-01   8.2936017e-01  -1.2954192e-02  -2.9000515e-03   3.1349303e-03
   1.4692565e-01   1.6282486e-01   9.1090107e-01  -1.4954780e-02  -2.8403091e-03   2.9293918e-03
   1.8811212e-01   3.1018610e-01   7.7759511e-01  -1.2832271e-02  -3.0034283e-03   3.1106778e-03
   1.7926052e-01   5.5630895e-01   1.1113027e+00  -1.4673373e-02  -1.8947814e-03   3.5246906e-03
   1.5297670e-01   2.8660035e-01   1.3334889e+00  -1.5616681e-02  -2.3756418e-03   3.8329058e-03
   1.2158696e-01   3.1784951e-01   1.1133240e+00  -1.4955429e-02  -2.4343283e-03   2.5235604e-03
   9.5431956e-02   5.1506758e-01   8.9714441e-01  -1.3859204e-02  -1.7821858e-03   2.5330462e-03
   2.0927051e-01   5.6442831e-01   4.8946520e-01  -1.1034367e-02  -4.7507417e-03   2.9239359e-03
   1.4713742e-01   6.5311398e-01   7.9550220e-01  -1.4652669e-02  -3.2635785e-03   2.1740249e-03
  -1.1367708e-02   4.2408813e-01   9.4458326e-01  -1.4498522e-02  -6.1828494e-03   8.5497556e-04
  -1.4879482e-02   4.7781720e-01   9.4254311e-01  -1.4471239e-02  -5.4142727e-03   8.9335702e-04
   7.5796532e-02   4.7774432e-01   8.8655216e-01  -1.5021790e-02  -3.1590506e-03   1.6993607e-03
   7.0899554e-02   5.8737592e-01   8.1173351e-01  -1.4409406e-02  -3.3039779e-03   1.6612408e-03
   9.9112556e-02   6.0044907e-01   6.3960421e-01  -1.1853617e-02  -2.6880176e-03   1.9461509e-03
   7.1204453e-02   6.1658665e-01   9.0709317e-01  -1.5484617e-02  -2.3226034e-03   2.1000186e-03
   8.7744031e-02   5.5610139e-01   8.4271212e-01  -1.5113183e-02  -2.5978138e-03   2.0172284e-03
   8.1909578e-02   5.1584940e-01   9.2918791e-01  -1.6566210e-02  -2.5562353e-03   1.9415488e-03
   1.0561718e-01   4.9729122e-01   8.8353980e-01  -1.6605278e-02  -3.0306784e-03   1.7681528e-03
   4.6752853e-02   4.4245881e-01   8.5245696e-01  -1.7143018e-02  -5.0137869e-03   9.4826068e-04
   6.4368890e-02   5.0181413e-01   9.6900852e-01  -1.5085281e-02  -3.7883294e-03   1.2149858e-03
   9.6211160e-02   7.8137597e-01   1.0493298e+00  -1.6492760e-02  -3.3196013e-03   1.4312403e-03
   9.7471755e-02   6.4323252e-01   9.0371576e-01  -1.6358856e-02  -3.3915467e-03   1.8827158e-03
   8.3754879e-02   6.2666716e-01   9.7187804e-01  -1.7187352e-02  -3.8997795e-03   1.5472898e-03
   7.3474067e-02   5.6902330e-01   9.2817207e-01  -1.6975240e-02  -3.5579158e-03   1.7915043e-03
   7.2970008e-02   5.6325354e-01   9.2298777e-01  -1.6617662e-02  -4.5380975e-03   1.5691772e-03
   5.0098232e-02   5.3854553e-01   8.4871609e-01  -1.6639618e-02  -4.9959399e-03   1.1803020e-03
   4.7922079e-02   5.5038586e-01   9.2250462e-01  -1.7772087e-02  -4.7463535e-03   1.2007369e-03
   6.0460852e-02   6.1142026e-01   8.2108171e-01  -1.7193357e-02  -4.3116245e-03   1.5229304e-03
   4.2349277e-02   5.9312871e-01   8.6482649e-01  -1.7714262e-02  -4.7271646e-03   1.4846849e-03
   5.4148194e-02   5.8015835e-01   7.9119647e-01  -1.7564825e-02  -5.2907724e-03   1.3391155e-03
   4.1553723e-02   5.6684763e-01   7.6673861e-01  -1.7234382e-02  -5.3147602e-03   1.3924521e-03
   4.4343845e-02   5.6645456e-01   7.3858742e-01  -1.6918304e-02  -4.9867810e-03   1.4960474e-03
   2.6231760e-02   5.8454656e-01   9.0505162e-01  -1.8223565e-02  -4.1397194e-03   1.4577198e-03
   3.5630356e-02   6.0239456e-01   8.1826457e-01  -1.6928418e-02  -4.1827592e-03   1.5605721e-03
   2.7390525e-02   5.9847568e-01   8.1567670e-01  -1.6794813e-02  -3.9491642e-03   1.5519589e-03
   1.9404245e-02   5.1206298e-01   8.1592366e-01  -1.6126038e-02  -4.5047447e-03   1.4268855e-03
  -8.8668527e-03   4.4924719e-01   9.0318659e-01  -1.7499409e-02  -5.0580307e-03   9.8691169e-04
   1.6431252e-02   4.2540899e-01   8.1665327e-01  -1.7692537e-02  -4.9344343e-03   1.0334598e-03
   8.8266979e-02   4.2972606e-01   9.0072292e-01  -1.6817930e-02  -4.3483546e-03   1.0096820e-03
   2.0447293e-01   5.4731707e-01   9.9706368e-01  -1.7445859e-02  -2.4156336e-03   2.9690618e-03
   1.1849037e-01   3.3084194e-01   7.5084975e-01  -1.3751956e-02  -2.7742172e-03   2.6277718e-03
   8.4713941e-02   3.2141461e-01   9.2109615e-01  -1.7656033e-02  -3.6592097e-03   2.5790042e-03
   1.6138749e-01   5.4098203e-01   8.8125143e-01  -1.6746459e-02  -7.4019405e-04   3.3609064e-03
   1.7005497e-01   6.4433167e-01   8.8718192e-01  -1.6466122e-02  -9.6609566e-04   2.7967809e-03
   1.4293686e-01   5.4234477e-01   8.9931411e-01  -1.7574259e-02  -1.8197973e-03   2.7290613e-03
   1.5620448e-01   4.4933705e-01   8.2073414e-01  -1.7251025e-02  -1.5065160e-03   2.9199314e-03
   1.6183511e-01   3.3492282e-01   8.0206087e-01  -1.7934215e-02  -2.1888750e-03   2.9655950e-03
   1.5249957e-01   3.1318468e-01   7.6450505e-01  -1.9547187e-02  -2.2689346e-03   2.6288978e-03
   1.5041179e-01   3.9632643e-01   7.9288256e-01  -2.0231300e-02  -2.9170424e-03   2.4017642e-03
   1.6957012e-01   4.7651166e-01   4.8965793e-01  -1.8932816e-02  -2.2103155e-03   2.5723579e-03
   1.8110741e-01   5.0051951e-01   3.7458510e-01  -1.7157050e-02  -2.5090666e-03   2.9571482e-03
   1.5336228e-01   4.2367577e-01   5.6408763e-01  -1.7823761e-02  -2.8065976e-03   2.9023019e-03
   1.5124241e-01   4.2363887e-01   5.6446451e-01  -1.8217714e-02  -3.0291427e-03   2.9449625e-03
   1.5290005e-01   4.0064797e-01   5.7963777e-01  -1.7950543e-02  -2.9786905e-03   2.8882059e-03
   1.4878352e-01   3.9767224e-01   6.3053947e-01  -1.8225679e-02  -2.6845846e-03   3.1213953e-03
   1.4764902e-01   4.1520855e-01   5.8576845e-01  -1.8374390e-02  -3.3731570e-03   2.8040491e-03
   7.8627940e-02   4.1261349e-01   5.7724605e-01  -1.5955262e-02  -3.7156538e-03   2.0174298e-03
   4.6692675e-02   4.0858850e-01   6.7882615e-01  -1.8217322e-02  -4.9825447e-03   1.6736941e-03
   8.0315590e-02   5.0629817e-01   5.0883385e-01  -1.5470328e-02  -4.5479233e-03   1.7603923e-03
   7.4215077e-02   6.7307444e-01   6.7523453e-01  -1.6859993e-02  -3.9109656e-03   1.6403121e-03
   1.0815493e-02   5.2383978e-01   6.7839602e-01  -1.7909830e-02  -4.2936771e-03   1.3870726e-03
   1.9406124e-02   5.4215108e-01   6.6568800e-01  -1.7431662e-02  -4.4736076e-03   1.1959432e-03
   2.1703263e-02   5.0515198e-01   6.2360593e-01  -1.8261444e-02  -4.8265960e-03   1.2007888e-03
   1.0624691e-02   4.8714695e-01   6.5081569e-01  -1.7959708e-02  -4.6514062e-03   1.1243198e-03
   5.2879885e-02   4.6936513e-01   6.0208071e-01  -1.7925401e-02  -5.0278666e-03   1.6574345e-03
   4.2658945e-02   4.9406241e-01   6.3754086e-01  -1.7771542e-02  -5.3623896e-03   1.3661371e-03
   2.7697621e-02   4.3626717e-01   5.4476035e-01  -1.7734020e-02  -5.0981984e-03   1.1475551e-03
   2.3594714e-02   4.2111735e-01   5.2701995e-01  -1.5814714e-02  -5.3752134e-03   7.7664977e-04
   4.8827444e-02   4.0508277e-01   5.0097389e-01  -1.7168249e-02  -5.6127684e-03   1.1557939e-03
   2.7472014e-02   4.0706258e-01   6.7306707e-01  -1.6541109e-02  -5.0658994e-03   9.0507360e-04
   6.5143445e-02   6.5430906e-01   5.8268425e-01  -1.9539972e-02  -3.9443446e-03   1.2763718e-03
   3.0308150e-02   6.3962117e-01   1.0731534e+00  -1.8939262e-02  -4.5907895e-03   1.2511576e-03
  -4.0385161e-03   5.2947403e-01   1.0434276e+00  -1.6029827e-02  -2.9395510e-03   1.3928219e-03
   7.9951598e-02   7.4935641e-01   9.6343175e-01  -1.5961556e-02  -2.8977331e-03   1.8162390e-03
   6.1701072e-02   7.5630265e-01   9.3674788e-01  -1.4994572e-02  -2.4144557e-03   2.0648920e-03
   6.9204266e-02   7.0501916e-01   1.0003402e+00  -1.6790784e-02  -3.2767510e-03   1.9266923e-03
   2.6952223e-02   6.3449933e-01   8.0038145e-01  -1.3275098e-02  -3.7305205e-03   1.0025745e-03
   5.7558276e-02   4.6890601e-01   1.8189273e-02  -1.1632171e-02  -2.2777714e-03   1.0313935e-03
   8.9686029e-02   8.3665256e-01   3.0533757e-01  -1.7022159e-02  -2.3679106e-03   9.7140792e-04
   6.8259175e-02   6.9214262e-01   5.6018696e-01  -1.6579755e-02  -2.7652300e-03   1.4217953e-03
   4.0577616e-02   6.2148418e-01   6.2217503e-01  -1.9122544e-02  -3.5434033e-03   1.0173628e-03
   4.9970601e-02   6.4988847e-01   5.3665499e-01  -1.6990338e-02  -2.7730308e-03   1.4872353e-03
   3.6207998e-02   5.7425721e-01   5.2437461e-01  -1.7182410e-02  -2.5778428e-03   1.5370729e-03
   5.7351493e-03   5.0702425e-01   5.0524727e-01  -1.7189107e-02  -2.2875290e-03   1.5633645e-03
   1.5023640e-02   4.6963851e-01   5.7247058e-01  -1.8784693e-02  -2.6754971e-03   1.5147119e-03
   3.0395738e-02   5.2412649e-01   4.6713687e-01  -1.8619799e-02  -3.8383815e-03   1.0496459e-03
  -1.8907826e-03   4.2262903e-01   6.8378113e-01  -1.9381195e-02  -4.2265085e-03   2.3527863e-04
   7.1248325e-02   5.6101897e-01   7.5205911e-01  -1.9142044e-02  -4.4543797e-03   7.8524620e-04
   6.0756381e-02   7.3938972e-01   8.4538765e-01  -1.9886218e-02  -3.1124750e-03   1.1939134e-03
   8.2371080e-02   7.8122072e-01   6.9601947e-01  -1.6602007e-02  -2.9475473e-03   1.1930935e-03
   1.0554148e-01   8.4351043e-01   7.6032508e-01  -1.6722882e-02  -2.9124473e-03   1.3477430e-03
   1.0561204e-01   7.3629656e-01   7.9799738e-01  -1.7752978e-02  -3.5146775e-03   1.2152333e-03
   9.7319988e-02   7.6583167e-01   7.7288067e-01  -1.8027091e-02  -3.2724527e-03   1.3125277e-03
   9.9051801e-02   6.9856368e-01   8.4848213e-01  -1.8694542e-02  -3.8389966e-03   1.1099750e-03
   1.0367381e-01   7.4588655e-01   8.4936286e-01  -1.8893767e-02  -3.9912971e-03   1.0464600e-03
   9.7056169e-02   7.1452943e-01   8.3141678e-01  -1.8438812e-02  -4.1742803e-03   9.1669860e-04
   8.9006006e-02   7.3788415e-01   8.6423591e-01  -1.9018154e-02  -4.2267426e-03   7.9026810e-04
   6.5516718e-02   6.7495804e-01   8.2945889e-01  -1.8014577e-02  -3.3687313e-03   9.9274054e-04
   6.4975054e-02   5.7093019e-01   8.8107402e-01  -1.9279041e-02  -4.9293768e-03   7.8784254e-04
   3.3184574e-02   5.6192004e-01   9.5700989e-01  -2.0926421e-02  -4.0797842e-03   6.8042197e-04
   5.7114975e-02   6.0849446e-01   8.5513538e-01  -2.0087656e-02  -4.4522419e-03   7.7215864e-04
   3.0734027e-02   5.9753011e-01   9.3802155e-01  -2.0759890e-02  -5.5844644e-03   4.7316281e-04
   2.1190048e-02   5.6262420e-01   9.1245867e-01  -2.0131986e-02  -5.1100594e-03   4.1332386e-04
   1.3939677e-02   5.2803602e-01   9.2298603e-01  -2.0502605e-02  -5.1072270e-03   4.7436255e-04
   7.6735782e-03   4.8873368e-01   8.6812471e-01  -2.0489670e-02  -5.6363922e-03   1.9049581e-04
   1.3346521e-02   5.0397251e-01   8.6793295e-01  -2.1749060e-02  -6.1545717e-03  -1.9077744e-04
   5.3786850e-02   8.1638442e-01   1.2827304e+00  -2.1381248e-02  -5.3025385e-03  -1.4442825e-04
   1.0014251e-01   8.0630724e-01   1.3699820e+00  -2.0275896e-02  -4.3123269e-03   5.4506174e-04
   9.9058649e-02   8.1218630e-01   1.3193265e+00  -2.0661188e-02  -3.7868588e-03   3.9436886e-04
   1.4872000e-01   8.5547342e-01   1.3102479e+00  -2.0096159e-02  -3.9944609e-03   8.8396713e-04
   1.4163323e-01   7.7796376e-01   1.2559000e+00  -2.0267439e-02  -4.3891398e-03   7.1288488e-04
   1.4616680e-01   7.8014253e-01   1.2727011e+00  -1.9140295e-02  -4.5135411e-03   1.0050626e-03
   1.1064401e-01   7.0022768e-01   1.2389070e+00  -2.0154270e-02  -5.1157650e-03   5.9851579e-04
   9.4759355e-02   5.7863512e-01   1.1806191e+00  -1.9777289e-02  -5.9450761e-03   3.3322135e-04
   9.7876087e-02   5.3697225e-01   9.5900979e-01  -2.0378937e-02  -7.0072974e-03  -3.2117961e-04
   1.0862671e-01   4.1211855e-01   9.9244914e-01  -1.9662048e-02  -8.3606036e-03  -2.3695033e-04
   6.6761108e-02   5.4802099e-01   1.0450162e+00  -2.1461645e-02  -7.7259495e-03  -4.0136556e-04
   7.0378116e-02   4.9321346e-01   1.1960723e+00  -2.1312514e-02  -7.3503254e-03  -2.3607525e-05
   6.0827871e-02   5.1164743e-01   1.1310625e+00  -2.1177379e-02  -7.1657476e-03  -2.2637204e-04
   7.3682100e-02   4.3617272e-01   1.1512918e+00  -1.9733445e-02  -7.1527765e-03   4.9058012e-05
   5.8823012e-02   4.2323644e-01   1.1256062e+00  -2.0746698e-02  -7.9248516e-03  -3.1810718e-04
   6.1384787e-02   4.0856212e-01   1.1997837e+00  -2.1164189e-02  -8.4844891e-03  -2.0898840e-04
   7.7576078e-02   4.1221442e-01   8.1352428e-01  -2.0761814e-02  -8.0700930e-03  -5.7318070e-04
   4.4140300e-02   4.5520444e-01   1.0574690e+00  -2.1333789e-02  -7.6767722e-03  -2.9614025e-04
   4.9205116e-02   4.3790327e-01   1.1804275e+00  -2.0975960e-02  -7.2406546e-03  -5.8335414e-04
   5.6185747e-02   4.5400938e-01   1.1739185e+00  -2.2607935e-02  -7.6635211e-03  -4.6661781e-04
   7.2440432e-02   4.7311683e-01   1.1914149e+00  -2.1780860e-02  -7.6847379e-03  -3.8757702e-04
   4.3194981e-02   4.5459720e-01   1.1724664e+00  -2.2420502e-02  -7.1267018e-03  -3.9074024e-04
   6.7527948e-02   4.6164664e-01   1.0755657e+00  -2.0585900e-02  -7.3749854e-03  -2.2315056e-04
   5.7413187e-02   4.3881287e-01   1.1064565e+00  -2.0880175e-02  -7.9082637e-03  -4.5182337e-04
   6.1349228e-02   4.5663072e-01   1.0831744e+00  -1.9388490e-02  -7.6042890e-03  -1.5193104e-04
   6.7211202e-02   3.3740556e-01   1.1074230e+00  -2.1188751e-02  -7.3791530e-03  -6.0505901e-04
   7.7267920e-02   4.9748185e-01   9.4021342e-01  -1.9970840e-02  -7.1278851e-03   8.9426148e-05
   7.6125219e-02   5.3842781e-01   6.4659235e-01  -1.4355127e-02  -6.4827160e-03   4.5697993e-04
   4.2265126e-02   3.7384100e-01   4.8242451e-01  -1.4095508e-02  -6.6988990e-03   2.2870597e-04
   1.4941075e-01   9.4312733e-01   6.6494588e-01  -1.4995435e-02  -5.5177785e-03   7.3781681e-04
   1.5490435e-01   8.1839336e-01   8.7276201e-01  -1.5394299e-02  -4.7585393e-03   1.2344278e-03
   1.3694344e-01   8.3182807e-01   8.9879014e-01  -1.5857510e-02  -5.2115207e-03   1.0301707e-03
   1.4253476e-01   7.6995694e-01   9.2291412e-01  -1.6675115e-02  -5.1932685e-03   1.0275154e-03
   1.1107299e-01   7.1922199e-01   8.8839166e-01  -1.6214403e-02  -5.4645798e-03   9.6998829e-04
   1.1547612e-01   7.3064624e-01   8.9205475e-01  -1.7608450e-02  -5.8396534e-03   9.7860793e-04
   7.8793086e-02   7.4158892e-01   1.0079419e+00  -1.8849191e-02  -5.8600056e-03   7.3961596e-04
   8.4766776e-02   7.6242905e-01   1.1942646e+00  -1.9672554e-02  -5.5574716e-03   9.3639021e-04
   8.1438965e-02   7.9663409e-01   1.1462343e+00  -1.9305376e-02  -5.9377912e-03   7.2431702e-04
   8.5318527e-02   7.9529210e-01   1.1839533e+00  -1.9548490e-02  -6.3489054e-03   7.0225090e-04
