   0.0000000e+00   0.0000000e+00   0.0000000e+00   0.0000000e+00   0.0000000e+00   0.0000000e+00
   4.1262820e-02   5.6883832e-02   5.3940492e-02  -7.4979927e-04  -6.0573331e-04   2.2969553e-04
   6.3733026e-02   1.2014232e-01   1.1953345e-01  -9.8367185e-04  -8.9260888e-05   1.1161379e-03
   3.8102186e-02   1.6391659e-01   2.7285055e-01  -2.4071007e-03  -4.5776383e-04  -6.0553861e-04
   3.4897010e-02   1.5915165e-01   1.8698687e-01  -1.2089185e-03  -1.2367520e-03  -5.9807038e-04
   6.0023245e-02   2.0460691e-01   2.4630906e-01  -2.5629669e-03  -1.2629553e-03   3.8732433e-04
   6.5329019e-02   2.0790153e-01   2.4594153e-01  -2.3925785e-03  -1.5681713e-03   3.6963822e-04
   6.1943186e-02   2.1522985e-01   2.7600902e-01  -1.7560024e-03  -1.3216626e-03   4.7723045e-04
   6.4388996e-02   1.8911294e-01   2.6326545e-01  -2.9038685e-03  -1.7545958e-03   4.4848753e-04
   8.8245970e-02   2.1327928e-01   2.8032261e-01  -2.0917307e-03  -1.5965668e-03   1.2121982e-03
   8.6197362e-02   2.0967463e-01   2.3787777e-01  -4.1123381e-04  -1.7295585e-03   1.1679290e-03
   8.2703635e-02   2.4436626e-01   2.8963625e-01  -2.9351350e-03  -1.5440705e-03   1.4321652e-03
   6.9782843e-02   2.3633672e-01   3.0629142e-01  -2.9778701e-03  -1.6599508e-03   1.0502400e-03
   7.9119981e-02   2.8662378e-01   3.4034592e-01  -3.6452254e-03  -1.7619341e-03   1.2893725e-03
   6.1903044e-02   2.8655574e-01   3.2067772e-01  -3.4986697e-03  -2.1036202e-03   7.7632991e-04
   7.5797609e-02   2.8999369e-01   3.4319653e-01  -3.7161098e-03  -1.9718066e-03   1.1974280e-03
   3.8354420e-02   2.8834063e-01   3.5688103e-01  -3.7873639e-03  -2.1072992e-03   6.5247433e-04
   3.9503734e-02   3.1616256e-01   3.4169037e-01  -3.6054761e-03  -2.4034401e-03   6.8669049e-04
   4.3693172e-02   3.2270943e-01   3.5601616e-01  -3.6762679e-03  -2.1240266e-03   1.1721928e-03
   4.8385649e-02   3.8376098e-01   4.4244506e-01  -3.4884245e-03  -2.2185167e-03   1.5082528e-03
   2.7798282e-02   3.7428970e-01   4.1979789e-01  -2.4423289e-03  -2.1652379e-03   8.8017824e-04
  -6.6062874e-04   3.7761922e-01   3.9601969e-01  -3.5490511e-03  -2.3605898e-03   2.7280933e-04
   1.4771068e-02   3.3588824e-01   4.3614998e-01  -3.0904837e-03  -2.0039572e-03   5.8756173e-04
   1.7507331e-02   3.4878168e-01   3.8925143e-01  -2.3891966e-03  -2.1010462e-03   1.0150433e-03
  -1.4116457e-02   4.0534661e-01   4.0943303e-01  -3.5573490e-03  -1.7888203e-03   5.8493899e-04
  -2.1445320e-02   4.6216236e-01   4.9531378e-01  -2.7425718e-03  -1.9029554e-03   5.6077844e-04
   2.7971942e-02   4.3860871e-01   5.3592737e-01  -3.9827968e-03  -1.6028339e-03   1.7043702e-03
   2.8507205e-03   4.1980177e-01   4.2132079e-01  -3.4314793e-03  -1.6012493e-03   1.1968765e-03
   3.4966896e-02   4.1748420e-01   5.0591096e-01  -3.6233567e-03  -2.4138929e-03   1.7681836e-03
  -1.7449320e-04   3.9180542e-01   4.9773997e-01  -5.1300392e-03  -2.8080189e-03   1.0095566e-03
  -7.8416922e-03   4.0052843e-01   5.1099415e-01  -4.9314716e-03  -2.3031033e-03   8.9040456e-04
  -1.2787733e-02   4.3201303e-01   4.7883773e-01  -5.2604532e-03  -2.1064849e-03   1.0665625e-03
  -5.8886536e-02   5.0688874e-01   6.2834863e-01  -5.4237980e-03  -2.4264295e-03   8.4114706e-05
  -3.9174798e-02   5.1224906e-01   5.8755059e-01  -5.4295427e-03  -2.2121027e-03   4.7929420e-04
  -4.2152786e-02   4.9739690e-01   4.6403825e-01  -3.9082319e-03  -2.0203766e-03   3.1287559e-04
  -6.7000962e-02   5.5497070e-01   5.9731200e-01  -5.8687320e-03  -2.0544459e-03   2.5531972e-04
  -8.4447593e-02   5.0711596e-01   6.2014596e-01  -6.2484821e-03  -2.5071798e-03  -2.9463300e-04
  -8.7112772e-02   5.0112333e-01   4.9531446e-01  -6.3922953e-03  -2.6468936e-03  -4.8202619e-04
  -7.7473908e-02   6.8532199e-01   8.7150440e-01  -5.1195533e-03  -2.3070539e-03  -4.9094131e-04
  -1.0868126e-01   5.6822224e-01   7.7912645e-01  -4.7509872e-03  -9.1842490e-04  -8.6634764e-04
  -1.1403526e-01   5.5632096e-01   6.8062934e-01  -6.3336376e-03  -1.3390998e-03  -9.0304817e-04
  -9.1727503e-02   5.4049850e-01   6.6290253e-01  -5.0553114e-03  -1.4176038e-03  -4.5913441e-04
  -1.1053776e-01   5.2855077e-01   6.7439128e-01  -6.6569688e-03  -1.5268530e-03  -7.8021164e-04
  -1.1345479e-01   5.2201720e-01   6.1522710e-01  -6.7208794e-03  -1.9061044e-03  -9.2807857e-04
  -1.2023745e-01   5.4330840e-01   5.8574235e-01  -6.6410432e-03  -1.4092267e-03  -5.8027175e-04
  -8.7514460e-02   5.4494258e-01   5.6599233e-01  -4.9967595e-03  -1.8355309e-03   7.4507184e-05
  -1.2946161e-01   5.4514755e-01   5.7025593e-01  -5.8042372e-03  -1.7668002e-03  -5.3010650e-04
  -1.5240902e-01   5.9081708e-01   6.3327653e-01  -6.8878151e-03  -2.2737228e-03  -1.0019276e-03
  -1.3126612e-01   5.6208243e-01   6.1692145e-01  -8.3268646e-03  -1.6754839e-03  -6.4554220e-04
  -1.6867083e-01   5.6708277e-01   6.8001438e-01  -9.5736273e-03  -1.6008515e-03  -1.5784956e-03
  -1.6536382e-01   5.5738852e-01   6.1754359e-01  -9.1407530e-03  -1.4228799e-03  -1.5403136e-03
  -1.7284479e-01   5.6667177e-01   5.8692318e-01  -7.5821198e-03  -1.7846293e-03  -1.6420898e-03
  -1.8210305e-01   6.0959790e-01   5.9781601e-01  -9.4444117e-03  -2.4471890e-03  -1.8398132e-03
  -2.0981213e-01   5.7878239e-01   5.8585391e-01  -8.2864061e-03  -3.1795057e-03  -3.1118639e-03
  -2.3528196e-01   5.7176229e-01   4.8978299e-01  -8.3943989e-03  -2.8628745e-03  -3.0675626e-03
  -2.1982302e-01   6.5845061e-01   6.3741179e-01  -7.6355437e-03  -2.3117515e-03  -2.6195886e-03
  -1.9448557e-01   5.6468813e-01   4.8426481e-01  -8.0053948e-03  -2.3455367e-03  -2.1198219e-03
  -2.1378395e-01   7.3228609e-01   8.0863904e-01  -6.3486107e-03  -1.9257421e-03  -2.5004979e-03
  -2.3182739e-01   7.1190171e-01   7.4785997e-01  -4.8657574e-03  -9.5826639e-04  -2.9157173e-03
  -2.0783071e-01   6.1477169e-01   5.2560170e-01  -6.5243564e-03  -1.7053629e-03  -2.6369124e-03
  -1.9123387e-01   6.2642006e-01   6.2151406e-01  -6.2500682e-03  -1.6459074e-03  -2.1786631e-03
  -2.0104762e-01   6.1455369e-01   5.8932552e-01  -7.5614964e-03  -1.9768898e-03  -2.4333457e-03
  -1.9983356e-01   6.1442444e-01   6.5938393e-01  -9.3695062e-03  -1.5446804e-03  -2.4811626e-03
  -1.9128986e-01   6.1583970e-01   5.7321621e-01  -7.8857537e-03  -2.1192103e-03  -2.1886528e-03
  -2.1834821e-01   6.3253808e-01   6.2166986e-01  -9.8309509e-03  -1.9194589e-03  -2.5246135e-03
  -2.1273786e-01   6.2293896e-01   6.1651160e-01  -9.1137654e-03  -2.0657988e-03  -2.4654489e-03
  -2.4001758e-01   6.2525844e-01   6.5194641e-01  -9.5875037e-03  -1.9437433e-03  -3.0060826e-03
  -2.2518512e-01   6.3603509e-01   5.8297916e-01  -9.4992238e-03  -2.1431881e-03  -2.7856666e-03
  -2.5200164e-01   6.6937318e-01   6.5611849e-01  -1.0200025e-02  -2.5288096e-03  -3.0729868e-03
  -2.7710824e-01   6.4297061e-01   6.0753848e-01  -8.6625288e-03  -2.3173259e-03  -3.6937268e-03
  -2.5641017e-01   6.3568564e-01   6.3806762e-01  -8.9918202e-03  -2.3650202e-03  -3.1726660e-03
  -2.6999132e-01   6.8654555e-01   5.6998539e-01  -8.7580280e-03  -3.2656222e-03  -3.3868025e-03
  -2.6014365e-01   6.7636336e-01   6.2525903e-01  -9.5896249e-03  -3.4507244e-03  -2.8965092e-03
  -2.9152902e-01   6.6996737e-01   5.8471973e-01  -8.7898105e-03  -3.2104491e-03  -3.4590792e-03
  -3.0593058e-01   7.1617669e-01   6.7141267e-01  -7.0463344e-03  -2.9799184e-03  -3.5789071e-03
  -3.4440385e-01   6.6209909e-01   6.1677008e-01  -8.3195255e-03  -2.6623740e-03  -4.0232386e-03
  -3.3145853e-01   6.4631547e-01   5.5185728e-01  -9.2357205e-03  -2.1114810e-03  -3.6741799e-03
  -3.1306686e-01   6.3851905e-01   6.1830932e-01  -9.2640236e-03  -2.0914995e-03  -3.5703321e-03
  -3.2845492e-01   6.1230265e-01   5.5461339e-01  -9.1259033e-03  -1.7929797e-03  -3.8821030e-03
  -3.2725746e-01   6.3109069e-01   6.0478624e-01  -1.0137222e-02  -2.0147153e-03  -3.7603999e-03
  -3.3930006e-01   6.2385669e-01   5.7918524e-01  -1.0174768e-02  -2.2254986e-03  -4.0130841e-03
  -3.3270611e-01   6.4172861e-01   5.8465092e-01  -1.0156236e-02  -2.1462067e-03  -3.7240063e-03
  -3.3455633e-01   6.3349229e-01   5.2152685e-01  -9.1948470e-03  -1.9861939e-03  -3.7391743e-03
  -3.5066900e-01   6.4338930e-01   5.3560848e-01  -1.0118223e-02  -1.5316792e-03  -3.4860190e-03
  -3.5366095e-01   6.4112605e-01   5.6226754e-01  -9.3544542e-03  -1.6342063e-03  -3.8081780e-03
  -3.6224629e-01   6.0803194e-01   4.4846816e-01  -8.1697840e-03  -1.7740868e-03  -3.7451494e-03
  -3.6248929e-01   6.1698926e-01   4.5959257e-01  -8.4533416e-03  -1.7105677e-03  -3.7196061e-03
  -3.4576704e-01   5.9609171e-01   4.6109173e-01  -7.8671050e-03  -1.8436720e-03  -3.4454098e-03
  -3.6925278e-01   6.4528885e-01   5.3808750e-01  -9.0795485e-03  -1.9927559e-03  -4.1121004e-03
  -3.3819235e-01   6.7216104e-01   5.1719286e-01  -8.8057283e-03  -2.3372940e-03  -3.6856607e-03
  -3.4355306e-01   6.8949804e-01   5.0636926e-01  -9.4527421e-03  -2.3567770e-03  -3.5664303e-03
  -3.3632352e-01   6.3935763e-01   4.8948863e-01  -9.1874916e-03  -2.4362582e-03  -3.4626284e-03
  -3.4866781e-01   6.4780939e-01   5.1949202e-01  -9.7244665e-03  -2.2551115e-03  -4.0447492e-03
  -3.3542153e-01   8.0337024e-01   7.2132438e-01  -8.3229517e-03  -2.5382671e-03  -3.7320066e-03
  -2.8899974e-01   7.1729907e-01   6.3510799e-01  -8.6785622e-03  -3.0903925e-03  -3.0902996e-03
  -2.9911495e-01   7.1107688e-01   5.7486050e-01  -8.7350101e-03  -3.1966251e-03  -3.3669907e-03
  -2.9415642e-01   6.9373643e-01   5.7555273e-01  -9.2363276e-03  -3.1575407e-03  -3.3994177e-03
  -2.9424757e-01   6.8372463e-01   5.4824662e-01  -8.6307610e-03  -3.2653435e-03  -3.5020438e-03
  -2.8083418e-01   6.7004868e-01   5.1663324e-01  -8.4616801e-03  -3.4202156e-03  -3.0905383e-03
  -3.0409783e-01   6.5983181e-01   5.5244484e-01  -9.0763404e-03  -3.3689594e-03  -3.5096458e-03
  -3.0270873e-01   6.6880918e-01   5.4666111e-01  -8.9887344e-03  -3.6384403e-03  -3.6171910e-03
  -2.9572682e-01   6.5534529e-01   5.1825110e-01  -9.3067348e-03  -3.4766348e-03  -3.5507597e-03
  -2.9814498e-01   6.9257308e-01   5.9190085e-01  -9.0955462e-03  -3.7189661e-03  -3.4810683e-03
  -2.9885927e-01   6.8724562e-01   5.1161209e-01  -7.6770731e-03  -3.6510247e-03  -3.4114451e-03
  -3.0783217e-01   6.9739980e-01   5.6108666e-01  -8.8629254e-03  -3.7087927e-03  -3.3508467e-03
  -3.3063479e-01   7.1541478e-01   5.3852186e-01  -7.9297924e-03  -3.9243626e-03  -3.7412906e-03
  -3.2043225e-01   7.3404744e-01   5.5479603e-01  -8.8046891e-03  -3.7561150e-03  -3.4450681e-03
  -3.3504558e-01   7.2459203e-01   5.5411119e-01  -8.2710486e-03  -4.0375607e-03  -3.7155631e-03
  -3.2484123e-01   7.3339426e-01   5.2018587e-01  -7.4113282e-03  -4.2831651e-03  -3.6115448e-03
  -3.2543890e-01   7.2369611e-01   5.5953908e-01  -9.1339754e-03  -4.2313591e-03  -3.4080190e-03
  -3.2956778e-01   7.1645361e-01   5.2408885e-01  -8.3862260e-03  -4.0969929e-03  -3.7522875e-03
  -3.0782281e-01   7.1315194e-01   5.4329618e-01  -9.4093462e-03  -4.2448226e-03  -2.9107689e-03
  -2.0630230e-01   8.4070835e-01   6.9083132e-01  -5.7572111e-03  -3.7489431e-03   4.1704809e-04
  -2.4351936e-01   7.4715272e-01   5.2745451e-01  -6.7203684e-03  -4.4247753e-03  -1.2261471e-03
  -2.2222317e-01   7.2656704e-01   5.0139783e-01  -7.5506288e-03  -4.2646396e-03  -7.0853709e-04
  -2.5995126e-01   7.0204170e-01   5.3727696e-01  -6.9386376e-03  -4.4167022e-03  -1.3276254e-03
  -2.3558537e-01   6.8817713e-01   5.0735517e-01  -7.4731442e-03  -4.3663207e-03  -1.0653728e-03
  -2.5161097e-01   6.8849068e-01   5.7662352e-01  -8.7254562e-03  -4.4010933e-03  -1.2152679e-03
  -2.5964885e-01   6.9426206e-01   4.8006181e-01  -7.1544868e-03  -4.6324140e-03  -1.2951375e-03
  -2.4235337e-01   6.9612788e-01   4.6216143e-01  -7.1176942e-03  -4.4042760e-03  -1.0116088e-03
  -2.5782353e-01   7.2378852e-01   4.6660208e-01  -6.8192649e-03  -4.2866821e-03  -1.5502089e-03
  -2.5692517e-01   7.0811399e-01   4.4551190e-01  -6.3400894e-03  -4.4568975e-03  -1.6414479e-03
  -2.5593773e-01   7.0050468e-01   4.7584537e-01  -8.2975746e-03  -4.2706234e-03  -1.7368792e-03
  -2.5919759e-01   7.0929201e-01   4.6705093e-01  -8.2626782e-03  -4.8000452e-03  -1.9777034e-03
  -2.4905552e-01   7.4247035e-01   4.6318948e-01  -7.9584707e-03  -4.2748776e-03  -1.4797900e-03
  -2.6663028e-01   7.3292216e-01   4.7286408e-01  -8.2954974e-03  -4.6117803e-03  -1.9581047e-03
  -2.5513269e-01   7.5767603e-01   4.9764519e-01  -9.0437282e-03  -4.4547524e-03  -1.6548475e-03
  -2.6758785e-01   7.4358700e-01   4.9407833e-01  -8.6636062e-03  -4.6446123e-03  -2.1101264e-03
  -2.5250537e-01   7.2537732e-01   4.9641839e-01  -8.2825433e-03  -4.4550912e-03  -1.9072388e-03
  -2.6324465e-01   7.1226492e-01   5.0980484e-01  -9.0982806e-03  -4.8976774e-03  -2.0405595e-03
  -2.4545772e-01   7.1295773e-01   5.1132423e-01  -9.6330965e-03  -4.8632885e-03  -1.6288015e-03
  -2.5383632e-01   7.1679470e-01   4.9058554e-01  -8.5497416e-03  -4.6332726e-03  -1.7291039e-03
  -2.6565088e-01   7.0139620e-01   5.0798612e-01  -7.8991819e-03  -4.6223353e-03  -1.7417011e-03
  -2.8245099e-01   8.1652656e-01   6.8022633e-01  -7.7014448e-03  -5.1200030e-03  -2.1661368e-03
  -2.5022170e-01   7.3748026e-01   4.8706171e-01  -7.4674614e-03  -5.1924204e-03  -1.6704314e-03
  -2.2841074e-01   7.3639272e-01   5.0060820e-01  -7.1805035e-03  -5.1636279e-03  -1.4076036e-03
  -2.3286398e-01   7.1125778e-01   4.8838127e-01  -7.6309962e-03  -5.4115146e-03  -1.3699440e-03
  -2.2754878e-01   6.7374092e-01   4.8252183e-01  -8.1123486e-03  -5.0757576e-03  -1.4972314e-03
  -2.3758900e-01   7.2077040e-01   5.3496739e-01  -9.1153821e-03  -5.4962611e-03  -1.5992613e-03
  -2.5006161e-01   8.0656000e-01   5.7627878e-01  -8.7908297e-03  -4.8067520e-03  -1.3839389e-03
  -2.3830146e-01   7.6993297e-01   4.9187862e-01  -7.9911865e-03  -5.2040654e-03  -9.6227435e-04
  -2.3194256e-01   7.2942422e-01   4.0524126e-01  -6.8531249e-03  -5.5046789e-03  -1.1052576e-03
  -2.5933322e-01   7.6141506e-01   5.7190647e-01  -9.8505122e-03  -6.0155622e-03  -1.8335548e-03
  -2.4980461e-01   6.9648754e-01   5.6043925e-01  -9.0402442e-03  -5.8592771e-03  -1.9211986e-03
  -2.4605099e-01   6.7875868e-01   4.8009360e-01  -9.1464964e-03  -5.8628740e-03  -1.9124890e-03
  -2.6364858e-01   7.2830763e-01   5.2296958e-01  -9.5031333e-03  -5.8897572e-03  -2.1959127e-03
  -2.6126616e-01   7.2693250e-01   4.7998761e-01  -9.2540144e-03  -5.8171564e-03  -1.8499631e-03
  -2.6556186e-01   7.0169122e-01   4.5377607e-01  -8.0436036e-03  -6.5002135e-03  -2.1599495e-03
  -2.5101704e-01   7.2669714e-01   4.8904824e-01  -9.3138218e-03  -5.8544360e-03  -1.9391999e-03
  -2.4551993e-01   8.6065228e-01   6.0836577e-01  -7.3214661e-03  -7.1982315e-03  -2.3401420e-03
  -2.2409910e-01   7.8609693e-01   5.2179413e-01  -8.6096988e-03  -8.0139103e-03  -2.1320199e-03
  -2.4263380e-01   7.8908176e-01   4.7659210e-01  -9.1717206e-03  -7.8127533e-03  -2.3440102e-03
  -2.1940867e-01   7.6829098e-01   4.4684392e-01  -8.1690584e-03  -7.7423964e-03  -1.6851047e-03
  -2.2749047e-01   7.4673194e-01   3.9281979e-01  -7.4111937e-03  -8.0246293e-03  -2.3192916e-03
  -2.1841246e-01   7.2963222e-01   5.1238085e-01  -1.0271074e-02  -8.1053082e-03  -2.0992077e-03
  -2.1839336e-01   8.5909318e-01   6.4787723e-01  -8.3822997e-03  -8.4493549e-03  -2.3209935e-03
  -2.0077036e-01   7.3822335e-01   4.2758906e-01  -6.9037632e-03  -8.8631063e-03  -2.4561800e-03
  -2.0702036e-01   7.6897946e-01   4.6153122e-01  -7.8891649e-03  -9.4963939e-03  -2.4914417e-03
  -1.9860479e-01   7.4939853e-01   4.8946074e-01  -7.9013716e-03  -9.6775084e-03  -2.5869880e-03
  -2.1823965e-01   7.6690830e-01   5.2508537e-01  -8.3289455e-03  -9.8763215e-03  -2.8288135e-03
  -2.1480587e-01   7.6086228e-01   5.1563311e-01  -1.0678892e-02  -9.8964451e-03  -2.9223703e-03
  -2.1246115e-01   7.8828838e-01   5.0459069e-01  -1.0162842e-02  -9.8360840e-03  -2.6906242e-03
  -1.9770231e-01   7.7761739e-01   4.6701535e-01  -8.8183022e-03  -1.0075160e-02  -2.4360114e-03
  -2.0486655e-01   7.6989343e-01   4.7412143e-01  -1.0464399e-02  -9.8577358e-03  -2.4544074e-03
  -2.1162840e-01   7.4792464e-01   4.6738589e-01  -1.0029109e-02  -1.0093540e-02  -2.5692050e-03
  -2.0772239e-01   7.6028522e-01   5.2068681e-01  -1.1242924e-02  -9.8327965e-03  -2.4262177e-03
  -2.2099187e-01   7.7922281e-01   4.6916092e-01  -9.4928283e-03  -9.8591963e-03  -2.6390807e-03
  -2.2141091e-01   8.4568685e-01   5.0386219e-01  -1.0213158e-02  -1.0254428e-02  -2.5649515e-03
  -2.5784135e-01   8.5418925e-01   5.5719249e-01  -1.1593670e-02  -1.0356353e-02  -3.1885966e-03
  -2.4997557e-01   8.4154581e-01   5.2675059e-01  -1.1235211e-02  -1.0645957e-02  -3.1158217e-03
  -2.6471250e-01   8.4068644e-01   5.4055872e-01  -1.0676379e-02  -1.0543490e-02  -3.4512072e-03
  -2.4523608e-01   8.1874896e-01   5.7025020e-01  -1.0604521e-02  -1.0563508e-02  -2.8712021e-03
  -2.1776204e-01   8.1198885e-01   4.7639106e-01  -9.4118773e-03  -1.0694996e-02  -2.2671909e-03
  -2.3062752e-01   8.6008816e-01   5.4874603e-01  -9.0845434e-03  -1.0534565e-02  -2.7686591e-03
  -2.0371975e-01   8.1075974e-01   5.1250794e-01  -9.0547748e-03  -1.0586024e-02  -2.2921569e-03
  -2.1253515e-01   7.9441218e-01   4.8447058e-01  -8.9872330e-03  -1.0666332e-02  -2.4135351e-03
  -2.4039428e-01   7.8048311e-01   4.5925314e-01  -8.8030857e-03  -1.0611491e-02  -2.5751315e-03
  -2.6702023e-01   7.9512042e-01   5.2240644e-01  -1.0616913e-02  -1.0379320e-02  -3.0021544e-03
  -2.6002570e-01   8.2267761e-01   5.5001697e-01  -1.0186314e-02  -1.0376211e-02  -3.4035691e-03
