   0.0000000e+00   0.0000000e+00  -7.1054274e-15   0.0000000e+00   0.0000000e+00   0.0000000e+00
   5.4644047e-03   2.3061756e-02  -2.1364952e-02   4.2434396e-04  -7.0832996e-05   3.2271879e-04
   1.6285186e-02   3.6623418e-02  -3.4622435e-03   1.5455426e-04  -3.2973656e-04   4.0829840e-04
   5.4027406e-03   4.0603874e-02  -4.9242776e-03   3.2273235e-05  -1.5157548e-04   1.6507757e-04
  -5.5142426e-03   4.1154153e-02   2.5946775e-02   6.7714985e-04   5.6674180e-05   4.6349701e-04
  -3.8243365e-03   3.8604555e-02   1.9533780e-02   4.6829079e-04   3.0354869e-04   3.2710735e-04
   2.5795653e-03   3.4245414e-02   5.9464822e-02   1.2653308e-04   4.9763535e-04   2.8408045e-04
   1.0570496e-02   5.9357067e-02   3.5559560e-03   6.9610404e-04   3.0841336e-04   6.0306547e-04
   2.9755624e-02   8.2924095e-02   4.8836036e-03   7.7013600e-04   4.9887510e-04   8.3259279e-04
   2.3299346e-02   7.1284163e-02   2.9690189e-02   6.1496643e-05   8.0672090e-04   6.6405974e-04
   1.0002739e-02   6.7574471e-02   6.8454041e-02  -1.2459121e-05   6.4640051e-04   6.1965535e-04
   1.6750748e-02   6.1472758e-02   6.3816745e-02   1.0145001e-04   6.4755461e-04   8.0209837e-04
   1.7374458e-02   7.5329995e-02   5.3470153e-02  -1.4062898e-04   6.7887851e-04   7.5314442e-04
   2.3377085e-02   7.0415432e-02   8.8629574e-02  -4.5852755e-04   5.6858452e-04   9.3151744e-04
   1.7483088e-02   7.5919906e-02   9.8647573e-02  -7.9741070e-04   9.3814161e-04   5.7063625e-04
   3.1320422e-02   1.0092047e-01   8.7215816e-02  -1.3753861e-03   5.2820683e-04   7.6255204e-04
   2.7533832e-02   1.1904939e-01   5.7621704e-02  -5.3429991e-04   4.7611767e-04   5.9654465e-04
   1.0258532e-02   1.2194822e-01   1.1982204e-01  -1.2646059e-03   4.5969722e-04   6.5992888e-04
   3.9044123e-03   1.2248553e-01   1.0853534e-01  -2.0668808e-03  -1.4323858e-05   7.2675136e-04
  -9.9633787e-03   1.0830353e-01   1.4849388e-01  -1.8815157e-03   7.2292414e-05   6.7846505e-04
   2.8193851e-03   1.0609211e-01   1.1180377e-01  -2.2314274e-03   1.0006785e-04   8.9245323e-04
  -4.3816387e-03   1.3927375e-01   2.0601927e-01  -2.0706139e-03   3.8757320e-04   8.2440196e-04
  -6.9139993e-03   1.4147102e-01   1.4321271e-01  -1.7504985e-03  -9.5534898e-06   8.1570392e-04
   1.1373915e-02   1.4838061e-01   1.5019619e-01  -3.2201110e-03  -1.1416946e-04   1.2263467e-03
  -1.0980680e-02   1.5111311e-01   1.8420047e-01  -2.4075786e-03   5.4714296e-07   4.3409252e-04
  -1.1613620e-02   1.5721800e-01   1.8415905e-01  -2.6296149e-03   3.3619501e-04   5.9364428e-04
   8.3731481e-04   1.4614502e-01   1.5529409e-01  -3.3327253e-03   1.8896065e-04   8.2138865e-04
  -1.2228499e-02   2.0324273e-01   1.6185808e-01  -1.6264596e-03  -5.5169842e-04   6.6213608e-04
  -1.7749381e-02   1.6408647e-01   1.9976680e-01  -2.7918462e-03  -4.8132269e-05   6.0988184e-04
   3.9524745e-03   1.6513769e-01   1.9446652e-01  -3.3316008e-03   1.5214471e-04   7.2166325e-04
   7.8139687e-03   1.7274404e-01   1.7723153e-01  -3.4786991e-03   2.8944358e-05   9.9924823e-04
   2.0248268e-02   1.7173113e-01   2.3396450e-01  -3.7477357e-03  -9.7217331e-05   9.7382812e-04
   4.4889128e-02   1.8166163e-01   1.9015151e-01  -3.4414721e-03   5.5853526e-04   1.7418498e-03
   3.6005747e-02   1.8696127e-01   2.3057529e-01  -3.6451943e-03   1.2220187e-04   1.3022761e-03
   2.3516454e-02   2.1865874e-01   2.6973318e-01  -3.6117225e-03   2.2302613e-05   6.6984752e-04
   2.3541179e-02   2.0954150e-01   2.4363010e-01  -2.9948461e-03  -6.5086060e-06   1.0947080e-03
   2.8341932e-02   2.0279702e-01   2.6274222e-01  -3.3482586e-03   1.3170679e-04   1.2715713e-03
   8.5468619e-04   1.7663747e-01   2.4661627e-01  -2.8139456e-03  -3.6562008e-06   7.8436631e-04
   1.3665930e-02   2.1689913e-01   2.2833276e-01  -2.9364398e-03   2.4263468e-04   1.0766615e-03
   1.6909073e-02   2.0867069e-01   2.2590835e-01  -2.9193522e-03   3.1381265e-04   1.1286272e-03
   6.3296769e-02   2.1088644e-01   2.4502793e-01  -4.3535613e-03   4.7074398e-04   1.9628794e-03
   5.4602358e-02   2.2505227e-01   3.1681268e-01  -5.5294815e-03   9.8994212e-05   2.1041749e-03
   4.9877839e-02   2.4315263e-01   2.5909665e-01  -4.9162809e-03   1.5632844e-04   2.1297543e-03
   3.7093454e-02   2.5259658e-01   3.0917925e-01  -5.1108092e-03   6.0667206e-05   1.7072040e-03
   5.4168261e-02   2.4401172e-01   2.9879684e-01  -5.2827711e-03   2.1371372e-04   1.8029375e-03
   5.2442109e-02   2.6941736e-01   2.9542149e-01  -5.1408494e-03  -7.7763983e-05   1.8711755e-03
   2.6864533e-02   2.5315785e-01   2.9863530e-01  -5.3836281e-03   3.3082448e-05   1.7418729e-03
   3.0875753e-02   2.7245307e-01   3.1466967e-01  -5.6435272e-03  -9.0724122e-05   1.7197687e-03
   4.2718329e-02   3.0015399e-01   3.3010161e-01  -5.0799963e-03   8.4272025e-05   1.8116839e-03
   6.5004220e-02   3.0033256e-01   2.8443952e-01  -4.7964543e-03   3.0105241e-04   2.5267698e-03
   3.3913382e-02   2.9196117e-01   3.3464350e-01  -5.3462680e-03   1.6723723e-04   1.6569494e-03
   6.1015764e-02   3.1633262e-01   3.0427527e-01  -6.4542086e-03   7.0752374e-06   2.5468159e-03
   3.0376228e-02   2.8319139e-01   3.4982580e-01  -7.3105296e-03  -2.3918435e-04   2.4002398e-03
   3.4392026e-02   2.8623998e-01   3.4134508e-01  -7.2946738e-03  -1.4716909e-04   2.1409685e-03
   4.3426634e-02   2.7905325e-01   3.6448339e-01  -7.3715656e-03  -1.8853044e-04   2.3949287e-03
   1.9345072e-02   2.6379156e-01   3.8908740e-01  -7.7641552e-03   4.2777191e-05   2.1591801e-03
  -1.1515684e-02   2.7689079e-01   3.4843254e-01  -7.0698827e-03  -2.3588275e-04   1.8277535e-03
   8.0176152e-03   2.6864761e-01   3.5583419e-01  -7.1192681e-03  -3.6512612e-04   2.1292868e-03
  -1.2221624e-02   2.5743161e-01   3.5834134e-01  -7.3682272e-03  -1.4655164e-04   1.7091920e-03
  -2.5959627e-02   2.6841426e-01   3.7503164e-01  -7.2790717e-03  -2.0296149e-04   1.6915730e-03
  -1.6319761e-02   2.6574202e-01   3.4660962e-01  -7.5599369e-03  -1.1670019e-04   1.9391866e-03
  -2.4659331e-02   2.8598315e-01   3.0432510e-01  -6.1046931e-03  -8.3878886e-06   1.6649369e-03
  -1.2242131e-02   3.0313997e-01   3.6718769e-01  -7.7328298e-03  -4.6295047e-04   1.8993788e-03
  -4.7536974e-02   2.9066555e-01   3.7419097e-01  -7.6341256e-03  -4.2908287e-04   1.5302524e-03
  -3.2623412e-02   2.9810365e-01   3.8048034e-01  -8.3958083e-03  -4.7989384e-04   1.3360690e-03
  -3.1857604e-02   3.8337479e-01   4.4012107e-01  -6.9685597e-03  -1.3661002e-04   1.2193619e-03
  -2.9777283e-02   3.2606133e-01   3.6555203e-01  -6.1459236e-03  -3.7154402e-04   1.6614832e-03
  -3.3446279e-02   3.3543847e-01   4.1176440e-01  -6.8902694e-03  -3.5497875e-04   1.5217585e-03
  -4.1285389e-02   3.3223230e-01   4.0941148e-01  -6.8485299e-03  -5.3365566e-05   1.6211207e-03
  -2.6808334e-02   3.1449750e-01   4.5360943e-01  -7.6532324e-03  -4.0413307e-04   1.6671831e-03
  -4.0520999e-02   3.3080194e-01   4.7326163e-01  -8.0279523e-03  -2.0984078e-04   1.8836568e-03
  -2.8977720e-02   3.4485425e-01   4.4049064e-01  -7.6952148e-03  -2.2296626e-04   2.4484254e-03
  -4.2504208e-02   3.6750765e-01   4.5102251e-01  -7.5604610e-03  -4.8186192e-04   1.8519118e-03
  -4.9000525e-02   3.5705960e-01   4.6838902e-01  -8.1788107e-03  -3.0470734e-04   1.8766526e-03
  -4.0395415e-02   3.7205917e-01   4.5507327e-01  -7.5846820e-03  -2.1236092e-04   1.8857176e-03
  -2.6257953e-02   3.8345614e-01   4.4333482e-01  -7.2647718e-03  -2.6742343e-04   1.7349447e-03
  -3.9305112e-02   3.7469359e-01   4.3657660e-01  -7.0230572e-03  -4.1503888e-04   1.4838717e-03
  -3.4276072e-02   3.9825974e-01   4.5083301e-01  -7.2517806e-03  -5.9358080e-04   1.5636363e-03
  -4.4570096e-02   4.1046210e-01   5.3614419e-01  -8.5755885e-03  -5.4860934e-04   1.2529484e-03
  -5.0180939e-02   3.9831722e-01   5.8674800e-01  -8.7063661e-03  -2.5496057e-04   1.2294857e-03
  -5.4372060e-02   3.8343226e-01   5.5625115e-01  -8.9250911e-03  -5.2243462e-04   1.1717568e-03
  -7.1431224e-02   3.8080771e-01   5.6693967e-01  -8.7914001e-03  -3.3667155e-04   1.4469559e-03
  -5.2081282e-02   4.0478397e-01   5.5932451e-01  -8.6388444e-03  -2.1749716e-04   1.5046534e-03
  -5.0745764e-02   4.0863820e-01   5.2531861e-01  -8.7509204e-03  -3.6318181e-04   1.5392989e-03
  -6.1283110e-02   4.0566887e-01   5.9333001e-01  -9.5512582e-03  -3.5751329e-05   1.3017400e-03
  -6.5157915e-02   4.1848085e-01   5.5608383e-01  -9.4423291e-03  -3.0378506e-04   1.2830312e-03
  -6.0258990e-02   4.1978909e-01   5.8940023e-01  -9.8257517e-03  -4.7807748e-04   1.3297220e-03
  -5.7584902e-02   4.2702033e-01   5.9263049e-01  -9.8555472e-03  -7.9186589e-04   1.0862384e-03
  -7.2243045e-02   4.2981114e-01   6.6098666e-01  -1.2238001e-02  -7.5054989e-04   1.0354903e-03
  -7.6801381e-02   5.1818365e-01   7.5832912e-01  -1.2104470e-02  -9.9649633e-04   3.0275871e-04
  -8.7139589e-02   4.8475128e-01   7.1663516e-01  -1.1033887e-02  -8.1765191e-04   7.4447580e-04
  -1.0497431e-01   4.6965575e-01   7.4795466e-01  -1.1385506e-02  -5.9942415e-04   7.1030424e-04
  -8.9834301e-02   4.9120691e-01   7.2913287e-01  -1.1911454e-02  -9.2545573e-04   6.9354547e-04
  -1.0734972e-01   5.0100937e-01   6.7714343e-01  -1.1139205e-02  -8.2685980e-04   6.0971177e-04
  -8.2810955e-02   4.9050509e-01   6.9637149e-01  -1.1784894e-02  -6.0039271e-04   8.9259536e-04
  -8.8969263e-02   4.8407491e-01   6.9614508e-01  -1.1631860e-02  -4.6298831e-04   9.4725269e-04
  -8.6161522e-02   4.8247029e-01   6.7562817e-01  -1.2009144e-02  -7.0273222e-04   6.8017675e-04
  -9.0255922e-02   4.9034287e-01   6.9699717e-01  -1.1805418e-02  -9.6368193e-04   4.9055272e-04
  -8.9563426e-02   4.9588567e-01   6.5762243e-01  -1.1856146e-02  -8.1954384e-04   6.1285242e-04
  -9.5490090e-02   4.9081995e-01   6.8933135e-01  -1.1734835e-02  -6.6921880e-04   6.0684105e-04
  -1.0326787e-01   4.7945974e-01   7.0895129e-01  -1.2330078e-02  -6.5835520e-04   6.1450116e-04
  -7.6011041e-02   5.0170113e-01   6.8645571e-01  -1.2283710e-02  -9.1571258e-04   5.7060851e-04
  -9.1840042e-02   4.9405080e-01   6.6668071e-01  -1.1530704e-02  -7.7692271e-04   6.0257318e-04
  -4.7493974e-02   4.9707000e-01   6.9469044e-01  -1.2576358e-02  -9.5531830e-04   7.7376326e-04
  -4.8900338e-02   5.0018388e-01   7.0296594e-01  -1.2493001e-02  -8.2261801e-04   8.6895003e-04
  -3.3358525e-02   4.9342126e-01   7.2799617e-01  -1.3143003e-02  -8.6088418e-04   1.1509583e-03
  -2.8410831e-02   4.9058972e-01   7.3135975e-01  -1.2651383e-02  -9.3241722e-04   1.0362861e-03
  -3.6395170e-02   4.8551070e-01   7.3437923e-01  -1.3011830e-02  -9.8004424e-04   1.0288096e-03
  -7.7348117e-02   4.8519627e-01   7.6884947e-01  -1.2849136e-02  -7.7531143e-04   8.5724075e-04
  -7.3596823e-02   4.9789506e-01   7.4661154e-01  -1.3775236e-02  -6.0279216e-04   7.1221331e-04
  -6.5740115e-02   5.1799622e-01   7.5192640e-01  -1.2648874e-02  -1.0459592e-03   5.9612805e-04
  -6.7078915e-02   5.0536207e-01   7.5523429e-01  -1.3690878e-02  -9.0592119e-04   5.3426598e-04
  -7.8917586e-02   5.5677609e-01   7.9738073e-01  -1.2702213e-02  -9.2080695e-04   3.8442205e-04
  -7.5787819e-02   5.3171434e-01   7.5997789e-01  -1.2587049e-02  -6.5652563e-04   5.9277390e-04
  -6.1540669e-02   5.2700140e-01   7.6739329e-01  -1.2422472e-02  -7.4276808e-04   6.4750940e-04
  -6.7018753e-02   5.0360764e-01   7.6738080e-01  -1.2573958e-02  -7.2705229e-04   7.6807461e-04
  -7.2442709e-02   5.1914173e-01   8.0755422e-01  -1.2324097e-02  -7.9156733e-04   6.1667649e-04
  -7.2164806e-02   5.2382678e-01   7.9331212e-01  -1.2492927e-02  -9.5851532e-04   4.0634196e-04
  -6.6576561e-02   5.1911536e-01   7.7566955e-01  -1.2133740e-02  -1.0182245e-03   4.9167949e-04
  -8.1984562e-02   5.3125195e-01   7.8464320e-01  -1.1966421e-02  -8.5885708e-04   5.5961457e-04
  -5.7180487e-02   5.3472562e-01   7.3638790e-01  -1.2921933e-02  -7.4307695e-04   7.7817953e-04
  -6.1748941e-02   5.6887164e-01   7.6276552e-01  -1.1994997e-02  -7.3983933e-04   6.6365116e-04
  -6.5898458e-02   5.6023087e-01   7.4919828e-01  -1.1821749e-02  -4.3907764e-04   1.0843813e-03
  -4.6317745e-02   5.8418319e-01   7.6275469e-01  -1.1388170e-02  -4.9961884e-04   1.1425349e-03
  -5.1692056e-02   5.7230333e-01   7.7535967e-01  -1.1307885e-02  -1.3824881e-04   1.1459488e-03
  -5.9551090e-02   6.0889110e-01   7.9790981e-01  -1.2287359e-02   5.1999112e-05   1.4102072e-03
  -4.0557162e-02   5.6337709e-01   7.6676207e-01  -1.2449344e-02  -3.1785968e-04   1.7422950e-03
  -4.9223381e-02   5.5414544e-01   8.1021070e-01  -1.2723363e-02   3.7413819e-05   1.7760876e-03
  -6.3652623e-02   5.4228474e-01   8.3952468e-01  -1.3274651e-02   1.2786203e-04   1.7512477e-03
  -5.0509770e-02   5.5723762e-01   8.0279293e-01  -1.3840274e-02  -3.1729056e-04   1.8164017e-03
  -3.8763549e-02   5.4773190e-01   8.1227588e-01  -1.3858781e-02  -3.3496521e-04   1.9204990e-03
  -5.5422535e-02   5.5081639e-01   7.8137129e-01  -1.3500525e-02  -5.9577728e-04   1.8546027e-03
  -5.1929352e-02   5.5525737e-01   8.1709571e-01  -1.3798995e-02  -3.4848258e-04   1.8864172e-03
  -5.3570257e-02   5.8053581e-01   8.0640632e-01  -1.3894870e-02  -4.9712992e-04   1.5722543e-03
  -2.0947798e-02   5.8024728e-01   7.5977322e-01  -1.3832855e-02  -3.5905293e-04   2.0884819e-03
  -4.1682157e-02   5.9816134e-01   7.9706494e-01  -1.4069289e-02  -1.6459086e-04   1.8038996e-03
  -8.3777190e-03   6.0480222e-01   7.7848341e-01  -1.4322386e-02  -5.1858132e-04   2.3651014e-03
  -2.1797015e-02   6.1165398e-01   7.8175143e-01  -1.4323700e-02  -5.0083102e-04   1.8834895e-03
  -2.5431100e-02   6.2752027e-01   8.0016126e-01  -1.3685244e-02  -6.6715166e-04   1.6205672e-03
  -1.5000324e-02   6.1123314e-01   7.9552991e-01  -1.3881282e-02  -3.4060756e-04   1.8584182e-03
  -3.6320834e-03   6.1335886e-01   8.2758861e-01  -1.3907040e-02  -5.2991703e-04   1.4242457e-03
  -1.0970423e-02   6.2289634e-01   8.3598870e-01  -1.3884718e-02  -3.9240821e-04   1.4657485e-03
   9.3358572e-04   6.3541837e-01   8.1560404e-01  -1.3943064e-02  -5.2062653e-04   1.7479485e-03
   2.9502386e-03   6.2651715e-01   8.3532938e-01  -1.3802678e-02  -6.2561357e-04   1.8010477e-03
   1.0330491e-02   6.2216511e-01   8.3023682e-01  -1.4120602e-02  -6.3738793e-04   1.9094505e-03
   4.2493359e-03   6.4596625e-01   8.3808261e-01  -1.3040375e-02  -1.5462479e-04   1.5953095e-03
   1.2461924e-02   6.0935118e-01   8.0606285e-01  -1.2921585e-02   5.9748288e-05   2.0447026e-03
   2.3847188e-02   6.2765522e-01   7.9798552e-01  -1.2538260e-02  -4.8721267e-05   2.0318529e-03
   2.5887946e-03   6.2089409e-01   8.2313985e-01  -1.3135194e-02  -9.5506605e-05   2.0427695e-03
   3.0928257e-02   6.2127636e-01   7.8242147e-01  -1.3028050e-02  -3.6117216e-04   1.9883103e-03
   2.0287143e-02   6.1791946e-01   8.4314969e-01  -1.3726321e-02  -1.7477967e-04   1.9292802e-03
   2.1927596e-02   6.1917391e-01   8.2091316e-01  -1.3691169e-02  -6.5786099e-05   1.6662213e-03
   1.5155848e-02   6.5277299e-01   8.1037955e-01  -1.3006442e-02  -8.7562788e-05   1.8367006e-03
   2.2397669e-02   6.5184388e-01   8.2707431e-01  -1.3058963e-02  -8.1629730e-05   1.9684646e-03
   4.4172203e-02   6.2838251e-01   7.4246390e-01  -1.3259845e-02  -9.3975484e-05   2.5832118e-03
   4.0917951e-02   6.5216171e-01   7.9003467e-01  -1.3052156e-02  -5.3700199e-04   2.1949855e-03
   2.3294881e-02   6.6863286e-01   8.0126862e-01  -1.2477579e-02  -5.5792347e-04   1.7957653e-03
   2.4785448e-03   6.7009614e-01   8.3846573e-01  -1.3060040e-02  -1.4451852e-04   1.9598042e-03
   2.8565682e-02   6.8412020e-01   7.7061692e-01  -1.2740578e-02  -7.9313837e-04   2.0528977e-03
   3.2058893e-02   6.9577434e-01   7.7673452e-01  -1.2237216e-02  -5.9592983e-04   2.0522155e-03
   3.7418575e-02   6.6141672e-01   8.2013649e-01  -1.3247653e-02  -2.6913028e-04   2.4316125e-03
   4.6375959e-02   6.5909962e-01   8.2705080e-01  -1.3395513e-02  -6.3613685e-04   2.2098895e-03
   7.0758553e-02   6.6163923e-01   8.5409116e-01  -1.3428163e-02  -3.8462261e-04   2.1543472e-03
   8.6234013e-02   6.5157082e-01   8.4844694e-01  -1.3641396e-02  -5.4575821e-04   2.2408199e-03
   7.7981963e-02   6.4776669e-01   8.3426503e-01  -1.3232375e-02  -5.2908778e-04   2.0205194e-03
   9.1688489e-02   6.4934895e-01   8.9653001e-01  -1.4279582e-02  -1.4250778e-04   2.2745765e-03
   7.2851189e-02   6.4744985e-01   8.5910417e-01  -1.3971163e-02  -4.9994467e-04   2.0904348e-03
   7.9650886e-02   6.3696324e-01   8.5022189e-01  -1.3732403e-02  -5.4882740e-04   2.1452135e-03
   8.3315644e-02   6.7000028e-01   8.2056244e-01  -1.3272622e-02  -5.3753220e-04   2.1723289e-03
   7.0246262e-02   6.5632756e-01   8.6797515e-01  -1.4117995e-02  -4.5234229e-04   2.1659092e-03
   8.3098146e-02   6.6482780e-01   8.2883151e-01  -1.4156447e-02  -3.1640143e-04   2.4594903e-03
   8.4120814e-02   6.5638927e-01   8.6486666e-01  -1.4596538e-02  -6.3426217e-05   2.3608762e-03
   6.2473082e-02   6.4572978e-01   9.1470729e-01  -1.6083883e-02   7.3223367e-04   2.5136514e-03
   7.6044587e-02   6.6025348e-01   8.9862960e-01  -1.6165866e-02   1.8924316e-04   2.5377009e-03
   5.7113769e-02   6.9737175e-01   9.4995803e-01  -1.6464439e-02  -2.4326048e-05   2.2720819e-03
   7.1344601e-02   6.7840724e-01   9.5170546e-01  -1.6052218e-02   1.1997140e-04   2.3632844e-03
   6.8728685e-02   6.8335666e-01   9.3816773e-01  -1.6949247e-02   1.6650595e-04   2.6789827e-03
   6.0424843e-02   7.1756457e-01   9.3721624e-01  -1.6506539e-02   5.2045737e-04   2.5612075e-03
   6.6006202e-02   7.2383507e-01   9.1149356e-01  -1.5830803e-02   3.5636083e-04   2.3561012e-03
