   0.0000000e+00  -1.0461828e-14   0.0000000e+00   6.1629758e-33   0.0000000e+00  -4.2488536e-18
  -9.9058882e-03   2.1066490e-02   6.1766140e-02  -9.4614289e-04   2.0019114e-05  -2.2739918e-04
  -6.0536861e-03   2.0457235e-02   1.0295360e-01  -1.9959378e-03   9.5152263e-04   6.6452995e-05
   5.0245448e-03   4.0693382e-03   6.2680221e-02  -3.4053728e-04   4.8884103e-04   4.4690281e-04
  -9.6999565e-02   4.0935608e-02   9.3081878e-02  -2.1603403e-03   1.8217932e-03  -7.7710523e-04
  -3.9805227e-02   1.5860961e-02   1.1598011e-01  -3.0721172e-03   1.6895448e-03  -8.5396281e-05
  -4.3731090e-02  -7.8436765e-03   1.6397624e-01  -2.1320344e-03   1.4784685e-03   1.7813661e-04
  -4.2560507e-02   8.2133774e-03   1.9866897e-01  -2.2105739e-03   9.9411507e-04  -1.3907070e-04
  -4.3511508e-02   1.8257819e-04   1.9956990e-01  -1.7403793e-03   1.2797491e-03   5.7923565e-05
  -2.3834981e-02   4.8927712e-03   2.0333128e-01  -1.6840102e-03   1.1838502e-03   4.3481976e-04
  -4.2750736e-02   1.1258930e-02   2.0524160e-01  -1.4535892e-03   1.3642879e-03  -4.4897309e-05
  -5.4659335e-02   1.0704207e-02   2.1561222e-01  -1.1467151e-03   1.1953296e-03  -7.6826219e-05
  -4.9469573e-02  -1.4546584e-02   2.4376302e-01  -1.1498143e-03   1.1132039e-03   2.5977470e-04
  -4.9124812e-02  -1.0240574e-02   2.4585256e-01  -1.0821436e-03   1.0485586e-03   4.6866282e-04
  -5.0571047e-02   1.2062336e-02   2.7925966e-01  -1.0765486e-03   9.1955653e-04   3.1186848e-04
  -5.5464604e-02   9.3459796e-04   2.5846530e-01  -8.7454783e-04   8.1059052e-04   4.7298025e-04
  -5.5526964e-02   1.6626780e-02   2.6022315e-01  -2.3414355e-04   7.3453532e-04   4.8668365e-04
  -4.8504313e-02   2.2088157e-02   2.7971724e-01  -4.9615900e-04   8.8487172e-04   4.7993707e-04
  -4.2711010e-02   2.2310114e-02   2.4848473e-01   3.1155697e-04   1.1104527e-03   7.4847948e-04
  -4.6092262e-02   2.8560468e-02   2.6685875e-01  -4.0808442e-06   9.4637570e-04   8.0682706e-04
  -5.0751404e-02   1.7873783e-02   2.9928921e-01   7.7510552e-05   1.0022807e-03   8.5090201e-04
  -5.6339894e-02   1.8210591e-02   3.2160176e-01  -5.2684980e-04   1.1702078e-03   6.2294632e-04
  -6.0918863e-02   5.3269414e-03   2.9876986e-01   5.4803322e-05   9.3410868e-04   7.4830130e-04
  -4.3550985e-02   2.9097211e-02   3.2431947e-01  -2.5107828e-06   7.3982150e-04   1.0426586e-03
  -5.2041577e-02   2.6268584e-02   3.1812256e-01   6.9038886e-04   8.9162927e-04   7.7878197e-04
  -4.7492433e-02   4.0410841e-02   3.1574443e-01   2.4295790e-04   1.2800774e-03   1.0200136e-03
  -5.3694869e-02   3.8977310e-02   2.9830108e-01   4.9317518e-04   1.2881173e-03   9.5923062e-04
  -6.1077722e-02   2.7645052e-02   3.1475062e-01   4.3933711e-04   1.1935781e-03   1.1009401e-03
  -5.9439085e-02   3.0393177e-02   3.4611211e-01  -1.4996799e-04   1.2861943e-03   1.1038441e-03
  -6.0090988e-02   3.3419868e-02   3.4046743e-01   2.6231745e-04   1.1565336e-03   1.0095944e-03
  -7.4267043e-02   4.2430325e-02   3.4431558e-01   6.7174142e-04   1.3037780e-03   7.9268279e-04
  -6.6205864e-02   4.9475379e-02   3.4653793e-01   4.0062088e-04   1.6613977e-03   9.7835407e-04
  -7.8695055e-02   5.1408267e-02   3.2614628e-01   1.1136863e-03   1.6373829e-03   1.0174992e-03
  -8.1438925e-02   4.0066145e-02   3.2622932e-01   1.1870860e-03   1.7106150e-03   1.0981284e-03
  -7.2282349e-02   3.1635551e-02   3.2719163e-01   1.6375476e-03   1.5098471e-03   1.4646816e-03
  -8.3357444e-02   3.3034035e-02   3.5652599e-01   9.2667637e-04   1.5762462e-03   1.3850849e-03
  -9.9409044e-02   1.9209862e-02   3.6701081e-01   1.1781385e-03   1.5431684e-03   1.4295664e-03
  -8.6320598e-02   4.6513969e-02   3.8099005e-01   1.0908698e-03   1.4432302e-03   1.3681616e-03
  -9.8368104e-02   3.1072335e-02   3.5854782e-01   1.5757754e-03   2.0609108e-03   1.5151561e-03
  -1.0114026e-01   7.7460438e-02   4.0862147e-01   2.3782107e-04   2.2233325e-03   8.5790620e-04
  -1.1038149e-01   1.3709536e-01   3.6089189e-01  -3.7697463e-03   2.0535341e-03  -6.4888927e-04
  -1.1107397e-01   9.9500145e-02   2.0464690e-01  -1.0690506e-03   1.3903736e-03  -3.2651658e-04
  -1.1446200e-01   7.2256554e-02   3.2069615e-01  -1.7393204e-03   1.8919327e-03  -2.9316671e-04
  -1.2048707e-01   8.4449254e-02   3.1949736e-01  -1.3060889e-03   1.6895613e-03  -3.1404993e-04
  -1.3029238e-01   6.9556314e-02   3.7271550e-01  -1.2957412e-03   1.7051290e-03  -3.6358559e-04
  -1.2124972e-01   9.3241603e-02   3.3167714e-01  -8.5348287e-04   1.8496949e-03  -3.2106703e-04
  -1.2531993e-01   8.7501555e-02   3.6583943e-01  -1.1754012e-03   2.1346108e-03  -3.7918319e-04
  -1.2992865e-01   7.4407371e-02   3.4581127e-01  -5.8594908e-04   1.7197748e-03   3.3432974e-06
  -1.4139496e-01   5.0127426e-02   4.1202059e-01  -8.4820298e-04   1.9150266e-03   3.3584801e-05
  -1.3845933e-01   7.4459241e-02   3.9676114e-01  -1.1646137e-03   1.8763314e-03  -6.1946853e-05
  -1.3732008e-01   6.1607559e-02   4.3128306e-01  -7.7367750e-04   2.1271640e-03   1.2467140e-04
  -1.2426281e-01   7.1071095e-02   4.0742746e-01  -2.7221806e-04   1.7340727e-03   4.3561070e-04
  -1.4434465e-01   6.4165324e-02   4.5741395e-01   4.9752534e-04   2.1321367e-03  -1.3388258e-04
  -1.4887942e-01   9.5508824e-02   3.7367258e-01   3.6563031e-04   2.0413257e-03  -7.8995561e-05
  -1.4445679e-01   5.0428824e-02   4.7103350e-01   3.5627618e-04   2.5474853e-03   1.7166662e-04
  -1.3433903e-01   8.2298785e-02   3.6754422e-01  -2.6750562e-05   2.0368845e-03   5.8839202e-04
  -1.5603142e-01   1.2772027e-02   5.4450251e-01   8.7102443e-04   2.4946520e-03   3.8347407e-04
  -1.1123548e-02   6.2196877e-02  -3.6234053e-01   1.6190424e-03  -9.0107042e-05   9.8102743e-04
  -4.5413895e-02   1.8490190e-01   1.1078640e-02  -8.8349390e-04   9.1842085e-04   4.7838487e-04
  -1.5181970e-01   5.1235545e-02   4.9176352e-01  -5.7511698e-04   2.7938596e-03   1.2455335e-04
  -1.1934414e-01   1.7432386e-01   4.1004340e-01  -5.8449596e-04   1.5249176e-03  -8.9466319e-04
  -1.4222357e-01   1.2058697e-01   5.5559186e-01  -6.3570221e-04   1.5074826e-03  -1.7425295e-03
  -1.3466368e-01   1.3694287e-01   5.0890217e-01  -9.5222957e-04   1.0134800e-03  -1.1736293e-03
  -1.4735146e-01   9.9016061e-02   5.8455244e-01  -1.0435259e-03   9.4767270e-04  -1.0316231e-03
  -1.3491935e-01   1.3319755e-01   5.5567519e-01  -1.1567032e-03   1.5296797e-03  -1.1167577e-03
  -1.4785419e-01   1.1488627e-01   5.7960518e-01  -3.9642828e-04   1.1003434e-03  -1.1506524e-03
  -1.3490796e-01   1.4895738e-01   5.1645324e-01  -3.1059511e-04   1.0319664e-03  -5.5958239e-04
  -1.5740034e-01   1.1143929e-01   5.8448885e-01  -7.6290263e-04   1.3405278e-03  -1.1087759e-03
  -1.5717535e-01   1.2914108e-01   5.2292486e-01  -4.4035764e-04   1.3722254e-03  -7.6782379e-04
  -1.5577340e-01   8.8768367e-02   6.0361429e-01  -9.9664344e-04   8.9673298e-04  -5.5569422e-04
  -1.6066759e-01   1.4647634e-01   5.2234664e-01  -3.2782595e-04   1.4597367e-03  -7.8651503e-04
  -1.6737478e-01   4.8805362e-02   7.3194991e-01  -7.0664096e-04   1.7702913e-04  -8.8550647e-04
  -2.4968971e-01   1.4720534e-01   8.8762214e-01  -4.1471747e-03  -1.3985097e-03  -2.7172000e-03
  -3.8342160e-01   2.0253382e-01   9.1743534e-01  -3.4607947e-03   2.0682436e-03  -4.0334173e-03
  -3.5555944e-01   1.9539732e-01   1.0089856e+00  -4.3073845e-03   1.5219181e-03  -3.9342977e-03
  -3.7848166e-01   2.0825657e-01   1.0128016e+00  -4.2528553e-03   1.8690103e-03  -3.6049797e-03
  -3.6908475e-01   1.8383185e-01   1.0168130e+00  -3.8744566e-03   1.3230204e-03  -3.4434677e-03
  -4.1243151e-01   1.8183326e-01   1.0200580e+00  -3.8926584e-03   1.8810692e-03  -3.1629088e-03
  -3.8502911e-01   2.0083791e-01   1.0580941e+00  -4.2217131e-03   2.0912800e-03  -3.3512141e-03
  -4.1413655e-01   1.9090569e-01   1.0454619e+00  -4.0975159e-03   2.3228939e-03  -3.5299266e-03
  -4.0079410e-01   2.1750126e-01   1.0132343e+00  -3.3032346e-03   1.9322432e-03  -3.1396505e-03
  -3.8778749e-01   2.1102285e-01   1.0324763e+00  -3.3000196e-03   2.8733879e-03  -3.2377688e-03
  -4.0389759e-01   1.9429568e-01   1.0489024e+00  -3.4925316e-03   2.9273755e-03  -2.9824388e-03
  -4.0749153e-01   1.7180988e-01   1.0774532e+00  -3.6441596e-03   3.0156474e-03  -2.9705911e-03
  -3.7544506e-01   1.8339501e-01   1.0695097e+00  -3.8010207e-03   2.6431497e-03  -2.2883296e-03
  -3.9093394e-01   1.9380715e-01   1.0896859e+00  -3.8643888e-03   2.7004294e-03  -2.6340206e-03
  -3.8872903e-01   2.0393541e-01   1.0672661e+00  -3.4795970e-03   2.6755533e-03  -2.7443423e-03
  -4.1176220e-01   1.9120439e-01   1.0848649e+00  -3.5269249e-03   2.7620891e-03  -2.6698821e-03
  -4.1083312e-01   1.9854569e-01   1.0737930e+00  -3.2897320e-03   3.1982763e-03  -2.7642199e-03
  -4.0959060e-01   1.8883876e-01   1.1137194e+00  -3.6959517e-03   2.8412861e-03  -2.4336705e-03
  -3.5054086e-01   3.0750185e-01   1.2071033e+00  -5.9733288e-03   1.8973155e-03  -6.1508156e-03
  -2.6025616e-01   2.3730423e-01   1.1256871e+00  -5.8912455e-03   1.3249245e-03  -4.5414996e-03
  -2.5041042e-01   2.4914136e-01   1.1600087e+00  -6.2067132e-03   1.0838429e-03  -3.5257960e-03
  -2.8388507e-01   2.3276978e-01   1.1660639e+00  -5.4158917e-03   1.8199048e-03  -3.7355618e-03
  -2.7256293e-01   2.0643897e-01   1.2506544e+00  -6.2838201e-03   1.7754544e-03  -3.0289969e-03
  -2.7974215e-01   2.1235944e-01   1.2297152e+00  -6.0949178e-03   1.8863641e-03  -2.9552853e-03
  -2.9723244e-01   2.1505274e-01   1.2252562e+00  -6.0129187e-03   2.0527035e-03  -3.0824409e-03
  -2.8605407e-01   1.9610106e-01   1.2073005e+00  -5.6448096e-03   1.8423822e-03  -2.9336627e-03
  -2.8720894e-01   2.0630081e-01   1.2004405e+00  -5.4206909e-03   1.5811385e-03  -2.4405880e-03
  -3.0596747e-01   2.2323380e-01   1.1946974e+00  -5.5371633e-03   2.3400553e-03  -2.9611873e-03
  -2.9882622e-01   2.0703810e-01   1.1902712e+00  -5.7222679e-03   2.5668041e-03  -2.2485098e-03
  -3.1798564e-01   2.3131143e-01   1.1700136e+00  -5.1451361e-03   2.2823001e-03  -3.0554370e-03
  -3.0843477e-01   2.4738164e-01   1.1575704e+00  -4.9770646e-03   2.5203448e-03  -2.7859829e-03
  -3.0034396e-01   2.2779345e-01   1.1873198e+00  -5.7471073e-03   2.8486602e-03  -2.6172394e-03
  -2.9226045e-01   2.4426045e-01   1.1751708e+00  -5.3208593e-03   2.8152489e-03  -2.5903544e-03
  -2.9251438e-01   2.3617035e-01   1.1377943e+00  -5.1118294e-03   3.6783038e-03  -1.6164693e-03
  -3.0894830e-01   2.4583832e-01   1.1734406e+00  -5.0665831e-03   3.4132632e-03  -2.3975721e-03
  -3.0234335e-01   2.1024264e-01   1.2249942e+00  -6.0568894e-03   3.2971470e-03  -2.0517312e-03
  -3.1433467e-01   2.6395540e-01   1.1819539e+00  -4.0386971e-03   2.9962008e-03  -2.2774878e-03
  -2.9473478e-01   4.6266275e-01   1.2440921e+00  -3.1924278e-03   3.5869342e-03  -1.8879226e-03
  -3.3297890e-01   3.9480767e-01   1.2485479e+00  -4.1930940e-03   4.7913891e-03  -2.1713001e-03
  -3.3427370e-01   3.9587047e-01   1.2397099e+00  -3.8008717e-03   5.5015640e-03  -2.4039825e-03
  -2.7803066e-01   3.8677707e-01   1.2286397e+00  -3.7015891e-03   4.8316673e-03  -1.2813098e-03
  -2.8383777e-01   3.8121149e-01   1.2126501e+00  -3.3740095e-03   4.8955690e-03  -1.3025036e-03
  -2.8076340e-01   3.6158733e-01   1.2371095e+00  -3.8019885e-03   4.7493948e-03  -1.4893404e-03
  -2.9329923e-01   3.4584800e-01   1.2574220e+00  -3.9050132e-03   4.8841017e-03  -1.4783107e-03
  -2.7843816e-01   3.5903003e-01   1.2554815e+00  -4.0124999e-03   4.7750193e-03  -1.3449663e-03
  -2.9208193e-01   3.5062586e-01   1.2682260e+00  -4.2130572e-03   5.0521292e-03  -1.5345377e-03
  -2.8302676e-01   3.5693754e-01   1.2702585e+00  -4.0118707e-03   4.6933858e-03  -1.4817686e-03
  -2.8820980e-01   3.5577849e-01   1.2562363e+00  -3.8536624e-03   5.0582076e-03  -1.6487610e-03
  -3.1655997e-01   3.4667063e-01   1.2281138e+00  -3.6234328e-03   5.4967365e-03  -1.5702605e-03
  -2.9556828e-01   3.4895932e-01   1.2536666e+00  -4.0676110e-03   5.3036405e-03  -1.4640725e-03
  -3.0712926e-01   3.4390735e-01   1.2374965e+00  -3.9313821e-03   5.2495404e-03  -1.4490622e-03
  -2.9696024e-01   3.3106446e-01   1.2472633e+00  -3.8764236e-03   5.5496088e-03  -1.4173909e-03
  -3.1255264e-01   3.2759252e-01   1.2495558e+00  -4.0774295e-03   5.3681164e-03  -1.6162143e-03
  -3.1954853e-01   3.4366931e-01   1.2481314e+00  -3.9357571e-03   5.2073597e-03  -1.5120547e-03
  -3.3467393e-01   3.4177777e-01   1.2722307e+00  -3.9454170e-03   5.4534493e-03  -1.5731678e-03
  -3.2023947e-01   3.5341642e-01   1.2691175e+00  -3.6087896e-03   5.7210046e-03  -1.3741789e-03
  -3.2543065e-01   3.4990963e-01   1.2494216e+00  -3.4812568e-03   5.8553923e-03  -1.3725970e-03
  -3.1997581e-01   3.3831600e-01   1.2332809e+00  -3.1883229e-03   5.8580828e-03  -1.0547086e-03
  -3.2417913e-01   3.4449227e-01   1.2673541e+00  -4.0628132e-03   6.0643095e-03  -1.5116634e-03
  -3.2976473e-01   3.2362146e-01   1.2336655e+00  -3.6285756e-03   6.3274357e-03  -1.2991650e-03
  -3.1693623e-01   3.3591376e-01   1.2555431e+00  -3.7852755e-03   5.9029224e-03  -1.3921440e-03
  -3.3507119e-01   3.4071985e-01   1.2202596e+00  -2.8740853e-03   6.0928534e-03  -1.2752462e-03
  -3.3855692e-01   3.2377698e-01   1.2612578e+00  -3.5232562e-03   6.5843570e-03  -1.4856176e-03
  -3.4380708e-01   3.2084909e-01   1.2731598e+00  -3.8752979e-03   6.0987658e-03  -1.2187478e-03
  -3.3938402e-01   3.3935862e-01   1.2794947e+00  -3.5796742e-03   6.0805342e-03  -1.4014182e-03
  -3.3588222e-01   3.4134409e-01   1.2737664e+00  -3.3818522e-03   6.4168020e-03  -1.2298702e-03
  -3.4486315e-01   3.4206183e-01   1.2588646e+00  -3.6031904e-03   6.8288308e-03  -1.3632280e-03
  -3.1775943e-01   3.2893366e-01   1.2534006e+00  -3.2694426e-03   6.3754460e-03  -7.8324449e-04
  -3.4170715e-01   3.2608670e-01   1.2577711e+00  -3.2881163e-03   6.6231733e-03  -1.0460576e-03
  -3.2265252e-01   3.4869802e-01   1.2987590e+00  -3.6800964e-03   6.5863799e-03  -1.0369003e-03
  -3.6462892e-01   3.3702114e-01   1.2497370e+00  -2.7656413e-03   7.3168135e-03  -1.3917187e-03
  -3.8109971e-01   3.5856571e-01   1.2219209e+00  -2.7731607e-03   7.3927392e-03  -1.8068228e-03
  -3.5186436e-01   3.2315244e-01   1.2686839e+00  -3.9243246e-03   7.0617489e-03  -7.5828494e-04
  -3.6083468e-01   3.6585141e-01   1.3394725e+00  -4.3977785e-03   7.2960473e-03  -9.5985150e-04
  -3.5271901e-01   3.7950185e-01   1.2874419e+00  -2.8731842e-03   6.9792261e-03  -9.3395041e-04
  -3.6439766e-01   4.3619093e-01   1.2960693e+00  -2.8792745e-03   7.3259394e-03  -1.3225866e-03
  -3.7179421e-01   3.7733312e-01   1.2659436e+00  -2.6824502e-03   7.3170879e-03  -1.1346413e-03
  -4.2380971e-01   3.9926840e-01   1.2721151e+00  -3.0681556e-03   7.4827897e-03  -1.9005824e-03
  -4.4686997e-01   3.9068737e-01   1.2634150e+00  -3.0539516e-03   7.8501844e-03  -2.1256732e-03
  -4.6006629e-01   3.8275430e-01   1.2758344e+00  -2.9667387e-03   7.6850081e-03  -2.5710739e-03
  -4.7336192e-01   3.7001499e-01   1.2950786e+00  -3.2362887e-03   7.5345153e-03  -2.5713494e-03
  -4.7328662e-01   3.9249338e-01   1.3141398e+00  -3.2077520e-03   7.3983147e-03  -2.9179664e-03
  -4.6998510e-01   3.8515403e-01   1.2966456e+00  -3.1858538e-03   7.6949336e-03  -2.6891606e-03
  -4.7229459e-01   3.9657628e-01   1.2790325e+00  -3.0206282e-03   7.7145700e-03  -2.8880448e-03
  -4.8019901e-01   3.7260588e-01   1.2593048e+00  -2.2157261e-03   7.7555457e-03  -2.6149906e-03
  -4.9542116e-01   3.7129499e-01   1.3020863e+00  -3.4189360e-03   7.8794904e-03  -3.0417415e-03
  -5.0762427e-01   3.5773823e-01   1.2705286e+00  -3.0894974e-03   8.1604724e-03  -3.0855079e-03
  -5.0869736e-01   3.7534974e-01   1.2729889e+00  -3.0759183e-03   8.1651931e-03  -3.3512802e-03
  -5.0408605e-01   3.6080638e-01   1.2687756e+00  -3.0805478e-03   8.2040823e-03  -3.1490514e-03
  -5.3071791e-01   3.7747960e-01   1.2827020e+00  -3.2283534e-03   8.1296804e-03  -3.7634063e-03
  -5.2850542e-01   3.6858486e-01   1.2798792e+00  -3.2164577e-03   8.1657088e-03  -3.5942239e-03
  -5.2363209e-01   3.8054470e-01   1.2722289e+00  -2.8700276e-03   8.2660335e-03  -3.4806375e-03
  -5.2948387e-01   3.7082227e-01   1.2698037e+00  -3.2162689e-03   8.4364937e-03  -3.7213303e-03
  -5.3439037e-01   3.7684134e-01   1.2546732e+00  -2.5786574e-03   8.2663984e-03  -3.5884318e-03
  -5.4509836e-01   3.8377453e-01   1.2540101e+00  -2.9895144e-03   8.4994499e-03  -4.0638372e-03
  -5.3444705e-01   3.9616163e-01   1.2315164e+00  -3.6429414e-03   8.4798173e-03  -4.2105912e-03
  -5.5367942e-01   3.8798574e-01   1.2340636e+00  -3.2838088e-03   8.5670523e-03  -4.3427330e-03
  -5.6708291e-01   3.8306191e-01   1.2476858e+00  -3.5884639e-03   9.0499712e-03  -4.5325221e-03
  -5.5311753e-01   3.8509859e-01   1.2268315e+00  -2.8834524e-03   9.1072334e-03  -4.3290795e-03
  -5.5562228e-01   3.9000842e-01   1.2549452e+00  -2.9341037e-03   9.2574453e-03  -4.6658417e-03
  -5.5971365e-01   4.0232723e-01   1.2476654e+00  -3.3893088e-03   9.3362916e-03  -4.6134772e-03
  -5.6395727e-01   3.8454872e-01   1.2338827e+00  -3.1384558e-03   9.6578178e-03  -4.5102712e-03
  -5.8536226e-01   3.6100374e-01   1.2582693e+00  -3.7807393e-03   9.8870643e-03  -4.8295838e-03
  -6.1039703e-01   3.5642827e-01   1.2717057e+00  -3.7516940e-03   9.8705165e-03  -5.6968717e-03
  -6.0983819e-01   3.6070711e-01   1.2739246e+00  -3.8817697e-03   1.0062292e-02  -5.5863476e-03
  -6.1175888e-01   3.7669328e-01   1.2875710e+00  -3.6041090e-03   1.0207453e-02  -6.0260979e-03
  -6.1183254e-01   3.8777678e-01   1.2727619e+00  -3.6106354e-03   1.0092726e-02  -5.9723754e-03
