   0.0000000e+00   0.0000000e+00  -1.4210855e-14   0.0000000e+00   0.0000000e+00   0.0000000e+00
  -1.2563624e-03  -2.1324414e-02  -9.4992324e-03  -5.6374085e-04  -3.5090142e-04  -1.1804779e-04
   4.6748135e-03   4.8289857e-02   1.4512893e-02  -1.9988286e-03  -3.3942661e-04   2.1182487e-04
  -1.8696202e-03   2.7383692e-02   1.6496771e-02  -1.0164963e-03  -3.7184340e-04   3.1042313e-04
  -5.4855935e-03   5.6020811e-04   4.7717564e-03  -4.8637329e-04  -4.7922470e-04   2.8397636e-04
  -4.6411653e-03  -1.5614655e-02   5.2884160e-02  -1.8905227e-03  -2.0165804e-04  -2.2953738e-04
  -4.5297077e-03   1.8772732e-02   5.8384400e-02  -1.6446161e-03   3.0107251e-04  -1.6486353e-04
  -3.7764771e-03   2.0798328e-02   9.1717538e-02  -1.9115047e-03   4.2430055e-04   2.6225718e-04
   4.3365398e-03   4.4133937e-04   8.4274350e-02  -5.8639145e-05   4.0825081e-04   2.4289500e-04
  -1.1637685e-02   8.4559006e-02   8.7050260e-02  -1.3549986e-03   4.6046858e-04  -3.2634782e-04
  -1.8109227e-02   6.0429304e-02   1.4038855e-01  -2.1280302e-03   4.6784390e-04  -3.4117050e-05
  -1.2858317e-02   2.9257597e-02   1.3479969e-01  -2.7978641e-03   9.3888040e-04  -1.3222767e-04
  -1.1919309e-02   1.5279847e-02   1.3235094e-01  -3.0564006e-03   8.1056322e-04  -1.4876410e-04
  -1.7702639e-02   3.2181304e-02   1.1814026e-01  -2.0932376e-03   6.6460158e-04  -2.1267518e-04
  -1.8655020e-02   9.6925064e-03   1.3033234e-01  -2.2988748e-03   7.2974332e-04  -9.5753402e-05
  -1.1077209e-02   2.9192855e-02   1.6090817e-01  -3.0497981e-03   1.0909115e-03  -8.9215956e-05
  -5.2326354e-03   4.5032451e-02   1.2041734e-01  -2.1342411e-03   1.1785998e-03  -1.5426791e-04
  -5.8148900e-03   1.5778630e-02   1.5432007e-01  -2.2528124e-03   1.0743769e-03  -5.6487073e-05
  -1.4352360e-02   6.6185652e-02   1.6560778e-01  -3.6598500e-03   8.8232087e-04  -4.0711621e-04
  -8.8231724e-03   4.1471426e-02   1.5405392e-01  -3.3433360e-03   1.1963145e-03   1.1625044e-04
  -2.5954589e-02   9.3604345e-02   1.6089353e-01  -3.2360141e-03   1.1749932e-03  -8.9843317e-05
  -1.7460763e-02   4.9075461e-02   1.3873651e-01  -2.6512072e-03   1.3739103e-03   3.8412827e-04
  -2.0731458e-02   2.9412590e-02   2.0432691e-01  -4.7293102e-03   1.5651381e-03  -9.0467906e-05
  -3.1967016e-02   6.0391850e-02   1.9212189e-01  -3.1590767e-03   1.2714405e-03  -1.4837715e-04
  -2.3000527e-02   7.0002129e-02   1.7301643e-01  -3.2694045e-03   1.2399382e-03  -5.7416259e-05
  -3.9832962e-02   5.1088502e-02   2.0888048e-01  -4.7063424e-03   1.4461638e-03  -6.6638300e-04
  -4.0395370e-02   3.1622417e-02   1.8649759e-01  -4.0320431e-03   1.7145947e-03  -7.1462842e-04
  -3.7588873e-02   9.2656686e-02   2.3374763e-01  -5.6445202e-03   1.9647040e-03  -3.4904434e-04
  -3.0870197e-02   7.7308709e-02   1.8666390e-01  -5.2941620e-03   1.8639021e-03  -4.7337388e-04
  -2.2402338e-02   9.3862678e-02   1.7530019e-01  -5.0470181e-03   1.8316208e-03  -4.4841461e-04
  -3.4313183e-02   1.2053620e-01   1.7306508e-01  -4.5413729e-03   1.9976499e-03  -1.0028225e-03
  -3.7408938e-02   7.5115253e-02   1.7666827e-01  -4.3318456e-03   1.9980310e-03  -7.0985472e-04
  -4.4270825e-02   6.2595115e-02   1.9871668e-01  -4.4779646e-03   2.1476248e-03  -8.6361466e-04
  -4.0306319e-02   9.3435838e-02   2.0375472e-01  -5.5118998e-03   2.1779452e-03  -8.0182720e-04
  -3.2061837e-02   7.5981198e-02   1.9880162e-01  -5.6977574e-03   2.1444330e-03  -5.2743393e-04
  -3.3565643e-02   1.2267924e-01   2.0668166e-01  -4.5625582e-03   2.0514129e-03  -7.1851588e-04
  -3.1574690e-02   9.5358629e-02   2.0302358e-01  -5.3188752e-03   2.1855392e-03  -5.5693858e-04
  -2.8424829e-02   1.2588006e-01   2.2813261e-01  -5.3785926e-03   2.5393761e-03  -7.0915811e-04
  -2.3098015e-02   1.2639457e-01   1.8670480e-01  -4.3745318e-03   2.3277740e-03  -5.9723004e-04
  -1.8144533e-02   8.7884191e-02   2.0469685e-01  -6.6937222e-03   2.4319282e-03  -6.8402298e-04
  -1.8896005e-02   5.0686436e-02   1.8799684e-01  -4.1940956e-03   2.4669931e-03  -2.7571209e-04
  -2.1475864e-02   9.4043816e-02   2.3396516e-01  -7.4000545e-03   2.5628126e-03  -8.0201439e-04
   2.5068975e-03   8.7701842e-02   2.2429778e-01  -5.2439354e-03   2.4863025e-03  -8.9724788e-05
   1.3430314e-04   1.6072728e-01   2.0126755e-01  -4.6520739e-03   3.1934696e-03  -2.4675046e-04
  -8.7357708e-03   1.7354107e-01   2.0305375e-01  -5.5891930e-03   2.9517391e-03  -1.1424820e-04
  -9.6029393e-03   1.4726913e-01   2.6284230e-01  -6.1243453e-03   3.7160943e-03  -3.7697496e-04
  -5.7153379e-03   1.2590207e-01   2.0864999e-01  -5.2151782e-03   3.1650387e-03  -2.5555229e-04
  -6.8716600e-03   1.4131692e-01   2.0237327e-01  -3.4893868e-03   3.0716486e-03  -4.9942782e-04
  -1.3193087e-02   1.4279180e-01   2.1900705e-01  -5.7823252e-03   2.7664275e-03  -3.6278936e-04
  -1.6833163e-02   9.5059935e-02   2.0925780e-01  -5.4917886e-03   3.0827889e-03  -7.2007822e-05
  -1.0291497e-02   1.0125683e-01   2.2070478e-01  -6.3750619e-03   3.1709962e-03  -8.7327971e-05
  -1.0672570e-02   1.3910720e-01   1.9271775e-01  -4.9936140e-03   2.5625163e-03  -2.2205295e-05
  -1.5302690e-02   1.2934234e-01   1.9179445e-01  -6.7146241e-03   2.7279336e-03  -2.0819693e-04
  -1.6141094e-02   1.9275596e-01   1.8512644e-01  -5.1544798e-03   2.7050766e-03   3.4624764e-06
  -9.7083934e-03   1.3124280e-01   1.7637339e-01  -4.7944193e-03   2.5857769e-03   2.8530511e-04
  -2.0591442e-02   1.1304446e-01   2.1821094e-01  -7.6175391e-03   2.7533465e-03  -1.2555975e-04
  -9.8214087e-03   1.2320826e-01   1.8136082e-01  -6.5877333e-03   2.7717116e-03   1.1560716e-04
   7.0223347e-03   1.6893397e-01   1.8583560e-01  -6.1228321e-03   4.1679673e-03   3.9753988e-04
   9.4083682e-04   1.5546438e-01   1.7314285e-01  -6.4106946e-03   3.6299727e-03   2.7879378e-04
  -1.2938830e-02   1.5200115e-01   1.9919864e-01  -6.0967069e-03   3.5181195e-03   1.2694434e-04
  -8.0186795e-03   1.2567877e-01   2.2510773e-01  -6.8573145e-03   3.6234154e-03  -1.7010777e-04
  -1.1553571e-02   7.0959373e-02   2.2296137e-01  -5.4912780e-03   3.4652902e-03   4.9675105e-04
  -2.6008481e-02   1.6956701e-01   2.5231127e-01  -6.6761532e-03   3.6768129e-03  -4.2618952e-05
  -1.0621675e-02   1.8434651e-01   2.3678296e-01  -5.4923633e-03   3.3489297e-03   3.6740811e-04
  -1.9870528e-02   1.7033657e-01   2.7534789e-01  -7.0107484e-03   3.4371082e-03  -2.6168053e-05
  -2.4975432e-02   1.8695471e-01   2.4389329e-01  -5.8121460e-03   3.3716499e-03   2.7415203e-04
  -1.7239572e-02   1.5374532e-01   2.6375762e-01  -5.7610968e-03   3.3062658e-03   4.6771007e-04
  -2.9795128e-02   1.8021078e-01   2.6505460e-01  -6.9785824e-03   3.3793019e-03  -2.5730027e-04
  -3.6291014e-02   1.6633248e-01   2.3289678e-01  -5.5764977e-03   3.4367128e-03  -8.9590371e-05
  -4.6281255e-02   1.7484010e-01   2.6859815e-01  -7.6666966e-03   3.6220340e-03  -7.7621832e-04
  -4.2646406e-02   1.5657900e-01   2.4912026e-01  -6.5097466e-03   3.3759684e-03  -6.6349497e-04
  -3.9372853e-02   1.3674924e-01   2.4880234e-01  -6.7631021e-03   3.3516769e-03  -3.6735051e-04
  -4.6536478e-02   1.6399207e-01   2.7687641e-01  -7.6165138e-03   3.1499344e-03  -6.9937647e-04
  -2.4456137e-02   1.5910110e-01   2.7919305e-01  -7.0213883e-03   3.3159014e-03  -6.3728121e-04
  -2.4085113e-02   2.3205655e-01   2.3195890e-01  -6.3245899e-03   3.0431950e-03  -6.2453147e-04
  -4.2502248e-02   2.3877518e-01   2.5797946e-01  -6.4523741e-03   2.9671159e-03  -3.8311450e-04
  -4.2009159e-02   1.8749453e-01   2.7242589e-01  -7.4023956e-03   3.1385197e-03  -6.3069463e-04
  -3.2052077e-02   1.9073699e-01   2.6808064e-01  -7.1303595e-03   2.6438442e-03  -5.5240049e-04
  -3.0295979e-02   2.4091796e-01   2.8691437e-01  -6.6667117e-03   2.8210325e-03  -4.7978327e-04
  -2.5788445e-02   2.3184624e-01   2.9602784e-01  -7.6650993e-03   2.9719254e-03  -4.0461738e-04
  -1.7542197e-02   2.1753806e-01   3.1337377e-01  -7.2394955e-03   3.3027673e-03  -7.8257408e-04
   5.6191919e-04   2.1042052e-01   3.0025761e-01  -6.8968437e-03   2.8441501e-03  -3.6144250e-04
  -7.8380512e-03   2.2223279e-01   3.0454944e-01  -6.5668009e-03   3.1882905e-03  -4.6707450e-04
  -1.5093075e-02   1.9297872e-01   2.9725216e-01  -6.6868328e-03   3.0575388e-03   1.1912973e-04
  -2.9358045e-02   1.7144883e-01   2.9249763e-01  -5.1226681e-03   2.9222055e-03  -7.8486946e-05
  -4.5293601e-02   2.2607907e-01   3.1796349e-01  -5.7072690e-03   2.9492248e-03  -5.9053371e-04
  -4.6740749e-02   1.8954229e-01   3.0346057e-01  -7.1612605e-03   2.7341778e-03  -7.6169762e-04
  -5.9782126e-02   2.2329490e-01   3.0345246e-01  -7.0302044e-03   2.0275243e-03  -1.0620822e-03
  -6.1059366e-02   1.9929638e-01   2.9185744e-01  -5.7169103e-03   2.0730074e-03  -1.1622299e-03
  -5.0030890e-02   2.0552960e-01   2.6260532e-01  -3.7530446e-03   2.2092263e-03  -1.0827965e-03
  -4.1317540e-02   2.1069288e-01   2.7225537e-01  -3.6046715e-03   1.8289616e-03  -1.1097868e-03
  -4.5206839e-02   2.2081723e-01   2.7694435e-01  -1.8444085e-03   1.8789552e-03  -1.4688187e-03
  -4.2328565e-02   2.4600971e-01   2.6309423e-01  -2.7968247e-03   1.8472133e-03  -1.2114936e-03
  -4.8631509e-02   2.2210892e-01   2.7082990e-01  -3.1719696e-03   1.7245086e-03  -1.5891336e-03
  -7.1148026e-02   2.4646604e-01   2.7373465e-01  -5.2801875e-03   1.3052565e-03  -2.1360516e-03
  -6.2851113e-02   2.3507581e-01   2.7359248e-01  -4.6034478e-03   1.8760578e-03  -1.5212556e-03
  -5.5128067e-02   2.2898243e-01   2.8821620e-01  -3.3687747e-03   2.5248385e-03  -1.8379506e-03
  -4.9639635e-02   2.4584284e-01   2.6590571e-01  -3.6969122e-03   2.1950042e-03  -1.7247450e-03
  -6.6428818e-02   2.3264750e-01   2.7437964e-01  -3.5508369e-03   2.1141190e-03  -1.7082980e-03
  -6.5115607e-02   2.4796641e-01   2.7778853e-01  -3.7169636e-03   2.1698849e-03  -1.5363495e-03
  -5.1622996e-02   2.1861496e-01   2.7487804e-01  -3.4864762e-03   2.3084816e-03  -1.2881168e-03
  -4.6189216e-02   2.0134975e-01   2.6952693e-01  -5.0393997e-03   2.6358020e-03  -1.4945325e-03
  -4.6978537e-02   2.0290620e-01   2.0915040e-01  -3.3579510e-03   2.3617927e-03  -1.1830763e-03
  -5.6812639e-02   2.3970500e-01   2.7008290e-01  -6.7027689e-03   2.1243095e-03  -1.4799783e-03
  -6.0895848e-02   2.1190918e-01   2.4980409e-01  -4.4895898e-03   2.2775167e-03  -1.1724302e-03
  -6.7770712e-02   2.4947168e-01   2.9074205e-01  -5.0158302e-03   2.9678544e-03  -1.7877869e-03
  -5.8023319e-02   2.8564103e-01   2.7510513e-01  -5.0224782e-03   2.5979934e-03  -1.4695394e-03
  -5.5933159e-02   2.6402580e-01   3.0830545e-01  -6.1363801e-03   2.5762521e-03  -1.4687560e-03
  -5.5755080e-02   2.2862887e-01   2.7718170e-01  -5.0275459e-03   2.3316479e-03  -1.2582372e-03
  -6.2357389e-02   2.3514562e-01   2.7403450e-01  -5.2552569e-03   2.6269765e-03  -1.5614287e-03
  -5.7978325e-02   2.0225339e-01   2.8177602e-01  -5.6813304e-03   2.1885142e-03  -1.7027970e-03
  -5.5122543e-02   1.9313351e-01   2.7293733e-01  -6.0957140e-03   2.4292973e-03  -1.6659036e-03
  -4.4505700e-02   2.6842014e-01   2.6289417e-01  -4.6938277e-03   2.3651684e-03  -1.1074835e-03
  -4.6664807e-02   2.5159570e-01   2.3011344e-01  -4.1353314e-03   2.3657705e-03  -8.8020392e-04
  -4.2666244e-02   2.6058812e-01   2.8527683e-01  -5.8707165e-03   2.3178203e-03  -8.7823610e-04
  -4.5368915e-02   3.0864163e-01   2.8797534e-01  -6.6466076e-03   2.4198918e-03  -9.8540430e-04
  -4.8882528e-02   2.8870245e-01   2.4400761e-01  -5.6986494e-03   2.3319268e-03  -6.8480793e-04
  -4.2249024e-02   2.9030912e-01   2.7210166e-01  -5.2659133e-03   2.6299620e-03  -7.8102112e-04
  -2.4623283e-02   2.7382676e-01   2.9061836e-01  -6.3001920e-03   2.2673941e-03  -4.3623723e-04
  -2.3049081e-02   2.7263970e-01   2.5062734e-01  -4.5999207e-03   2.1181570e-03  -2.5898115e-04
  -1.8007873e-02   2.1702532e-01   3.1446424e-01  -7.1334001e-03   2.5962685e-03  -4.5440227e-04
  -1.9647554e-02   2.1466110e-01   2.5800800e-01  -5.0681127e-03   2.2040670e-03  -1.7256178e-04
  -1.4885597e-02   2.9451217e-01   3.1290488e-01  -7.7688992e-03   2.7174250e-03  -4.7472612e-04
  -2.1510367e-02   3.4642434e-01   2.1451900e-01  -6.0745227e-03   1.6393962e-03  -2.0015106e-04
  -1.2414621e-02   2.6142568e-01   9.4845573e-02  -5.4706669e-03   1.4638620e-03  -1.1689150e-03
  -5.1118890e-03   2.7704272e-01   2.8127634e-01  -6.5160278e-03   2.6722009e-03  -1.5659827e-03
  -1.7672470e-02   3.6049152e-01   3.0183121e-01  -6.9413708e-03   2.2924883e-03  -1.4625076e-03
  -1.4142683e-02   3.0671474e-01   3.1056970e-01  -6.7836093e-03   2.3053754e-03  -1.1451537e-03
   2.3363197e-03   3.1063921e-01   3.0994927e-01  -7.7311476e-03   2.4519525e-03  -1.0698863e-03
   1.2284269e-03   2.7828425e-01   2.8732979e-01  -7.6100503e-03   2.4127193e-03  -1.2481032e-03
  -1.8721742e-03   3.1589166e-01   2.9899632e-01  -7.4053819e-03   2.2542111e-03  -1.4572592e-03
  -3.8583511e-03   2.9942398e-01   2.9553182e-01  -8.5650760e-03   2.1292896e-03  -1.6462257e-03
   7.4458343e-03   2.5436922e-01   2.8708279e-01  -8.1479349e-03   1.8324512e-03  -1.2857772e-03
  -8.7739593e-04   3.0498656e-01   3.2101986e-01  -8.9949964e-03   1.5399860e-03  -1.8933213e-03
   7.5679717e-03   3.0215668e-01   2.9753459e-01  -8.0273029e-03   1.1669908e-03  -1.2378979e-03
   1.2010399e-02   2.7692078e-01   2.7479700e-01  -7.5433980e-03   1.2867760e-03  -1.4436535e-03
   1.4840755e-02   3.2414730e-01   2.8297571e-01  -8.2518080e-03   1.1986401e-03  -1.3549958e-03
   2.3786577e-02   2.7630784e-01   3.0933911e-01  -1.0016961e-02   1.6622713e-03  -1.3682429e-03
   2.8882870e-02   3.1617727e-01   2.8898619e-01  -9.0981382e-03   1.0405535e-03  -1.2330824e-03
   2.8199159e-02   3.0450445e-01   2.8047810e-01  -9.1151566e-03   1.0158683e-03  -1.5223600e-03
   4.1279165e-02   3.2382340e-01   2.7584734e-01  -9.1783777e-03   1.0989930e-03  -1.0595813e-03
   4.5420317e-02   3.5713082e-01   2.9044412e-01  -1.0203084e-02   9.9207150e-04  -1.2333699e-03
   4.9118211e-02   3.6083216e-01   2.5889271e-01  -8.8610613e-03   8.3115086e-04  -1.0284728e-03
   4.1077229e-02   3.7034086e-01   2.5337988e-01  -7.8913094e-03   6.0567863e-04  -9.7402070e-04
   3.1695943e-02   3.3343808e-01   2.5271046e-01  -8.9472807e-03   9.3100801e-04  -1.1416377e-03
   3.7432842e-02   3.3781703e-01   2.7720510e-01  -9.2943139e-03   9.9891809e-04  -7.9553714e-04
   4.6768693e-02   3.1369647e-01   3.0948717e-01  -1.1186010e-02   1.4454319e-03  -7.0246685e-04
   4.9465317e-02   3.3072875e-01   3.2526735e-01  -1.1120440e-02   1.3166616e-03  -1.0311273e-03
   4.8392632e-02   3.1417043e-01   3.2259112e-01  -1.1355557e-02   1.0252704e-03  -1.2237569e-03
   4.2231384e-02   3.3278754e-01   3.4070060e-01  -1.1447633e-02   6.2502117e-04  -1.2922486e-03
   5.1716643e-02   2.8269425e-01   3.2325608e-01  -1.0621797e-02   2.0814848e-04  -7.3228537e-04
   5.9275017e-02   2.8462661e-01   2.9233820e-01  -1.0235357e-02   3.9409291e-04  -8.4598686e-04
   4.4287830e-02   2.8423078e-01   2.7222801e-01  -9.9613166e-03   9.5909871e-04  -1.0064531e-03
   5.0053705e-02   3.0905171e-01   3.0332531e-01  -1.0681134e-02   4.6541413e-04  -1.0355738e-03
   5.0720434e-02   2.5757179e-01   2.8670574e-01  -1.0082361e-02   1.0439441e-03  -6.2652184e-04
   4.1822231e-02   2.7080669e-01   2.8321467e-01  -1.0807291e-02   1.1462277e-03  -8.7116767e-04
   3.2522522e-02   3.3922516e-01   2.9263910e-01  -1.0584373e-02   1.3109330e-03  -1.0192095e-03
   3.7015113e-02   3.3482755e-01   2.9647398e-01  -1.0808334e-02   1.4245378e-03  -1.0732227e-03
   4.6300859e-02   3.6051854e-01   3.1028523e-01  -1.2119032e-02   1.3049675e-03  -8.2690432e-04
   3.7631820e-02   3.3759140e-01   3.3897526e-01  -1.1528250e-02   1.8379521e-03  -7.7740248e-04
   4.4831357e-02   3.6252121e-01   2.8566714e-01  -1.0053315e-02   1.4211230e-03  -8.7583672e-04
   4.5779274e-02   3.5038843e-01   2.4300779e-01  -8.2614952e-03   1.8912663e-03  -8.8861285e-04
   6.0037248e-02   3.0057148e-01   3.1115453e-01  -1.1426244e-02   1.4356912e-03  -8.9902302e-04
   5.7798464e-02   2.8916114e-01   3.0181766e-01  -1.0025460e-02   1.5894141e-03  -3.2637795e-04
   6.0960247e-02   3.2554865e-01   3.0435848e-01  -1.1305072e-02   1.1760956e-03  -4.3098161e-04
   5.4195173e-02   2.7015235e-01   2.9788369e-01  -1.0496581e-02   1.3044368e-03  -3.7142524e-04
   5.2327110e-02   3.5007309e-01   2.9341746e-01  -1.1541608e-02   1.0664405e-03  -6.3767161e-04
   4.7483610e-02   3.8158587e-01   2.6702712e-01  -9.5877217e-03   9.7156180e-04  -3.8313221e-04
   4.7904610e-02   3.7241045e-01   3.0894825e-01  -1.2516301e-02   1.0832906e-03  -9.4128961e-04
   4.9795656e-02   3.3441500e-01   3.1288886e-01  -1.1939878e-02   1.1962838e-03  -4.6178515e-04
   5.3722401e-02   3.4158416e-01   3.2370122e-01  -1.2514697e-02   1.2103932e-03  -9.3845628e-04
   6.2322576e-02   3.4988226e-01   3.0176158e-01  -1.3316658e-02   8.3216418e-04  -7.1876724e-04
   7.1200595e-02   3.3728373e-01   2.6343435e-01  -1.1832116e-02   6.6019523e-04  -5.5415705e-04
   6.7896770e-02   3.4897342e-01   2.6815885e-01  -1.0853479e-02   7.1558682e-04  -2.2364208e-04
   6.4991473e-02   3.8161256e-01   2.7674654e-01  -1.1953655e-02   1.0044202e-03  -6.7549761e-04
   8.8714877e-02   4.0466580e-01   2.6102330e-01  -1.1103029e-02   1.4403312e-03   2.7715896e-04
   1.1113754e-01   4.6108890e-01   2.8945714e-01  -1.1321213e-02   3.0552559e-03   8.8109951e-04
   1.2007275e-01   4.0534516e-01   2.9652599e-01  -1.2882943e-02   2.6583420e-03   1.0682611e-03
   1.3695892e-01   4.0235264e-01   2.9635697e-01  -1.1128954e-02   2.2905505e-03   1.3182022e-03
