   0.0000000e+00   3.4988668e-15  -7.1054274e-15   0.0000000e+00   0.0000000e+00   6.9388939e-18
   9.5615518e-03   2.1078868e-03  -1.1855977e-03  -6.1703040e-05   7.3814244e-04  -2.8076425e-04
   9.3599527e-02   1.9961757e-02   7.3400147e-02  -1.5307911e-03   1.7163634e-03   9.1934712e-06
   6.9432887e-02   2.5550812e-02   4.0901319e-02  -5.9873595e-04   6.7921335e-04  -5.2723729e-04
   3.5660990e-02   4.4410956e-02   9.8394213e-02   7.2566482e-05   4.5804141e-04  -1.5029916e-03
   1.3192868e-02   3.0261631e-02   1.2850389e-01  -5.2017157e-04   3.4214548e-04  -2.7080904e-03
   2.2742484e-02   1.1619417e-02   1.6325956e-01  -2.0613559e-03   5.0168586e-04  -2.6737110e-03
  -1.3829949e-02   2.5215778e-02   1.9182847e-01  -2.6955809e-03  -6.0980653e-04  -3.8914371e-03
  -9.3032704e-03   6.9954569e-03   2.0527239e-01  -1.8672890e-03  -5.6575226e-04  -3.9323558e-03
   9.6199660e-03   6.0139310e-02   1.4948728e-01  -4.3626248e-03   2.9804541e-04  -4.4794329e-03
   4.7363344e-02  -3.2497712e-02   4.3443264e-02  -3.3569991e-03   1.4753718e-03  -2.8872132e-03
   1.7472300e-02  -9.1796076e-04   1.5685061e-01  -4.1976484e-03  -5.9432787e-04  -4.3353510e-03
   9.1800469e-03   1.5086227e-02   1.4559469e-01  -4.0383291e-03  -8.1518693e-04  -4.3304725e-03
   1.3167684e-02   4.4939150e-02   1.6949573e-01  -4.6304420e-03  -1.2849331e-03  -4.1887651e-03
  -1.2629667e-02   7.2913978e-02   1.8423121e-01  -5.2122970e-03  -1.2670248e-03  -4.8922117e-03
   5.8402631e-03   5.1254054e-02   2.2979092e-01  -5.3978812e-03  -1.1422849e-03  -4.4068294e-03
  -1.1443751e-02   6.3490325e-02   2.3529532e-01  -5.5387200e-03  -1.4963155e-03  -4.9141348e-03
  -1.5265351e-02   4.5952778e-02   2.2822476e-01  -5.2103811e-03  -1.9425453e-03  -5.0551629e-03
  -7.6273830e-03   6.6603500e-02   2.3567474e-01  -5.3571120e-03  -1.2369860e-03  -5.2773413e-03
   3.0814860e-03   7.4814233e-02   2.6017659e-01  -5.6395705e-03  -2.0965903e-03  -5.2972872e-03
   1.8513063e-02   4.1156846e-02   2.4963088e-01  -5.5225508e-03  -1.2574274e-03  -4.0885929e-03
   6.8269814e-03   7.6654313e-02   2.9430202e-01  -6.2831852e-03  -8.0476131e-04  -4.2272444e-03
  -1.2664309e-02   6.2926068e-02   2.6862461e-01  -5.4011284e-03  -1.1360581e-03  -5.0522334e-03
  -7.7233803e-04   5.0097582e-02   2.4724166e-01  -5.4617344e-03  -7.2661468e-04  -4.4510263e-03
   1.0069399e-02   1.6927420e-02   2.3188456e-01  -5.8728350e-03  -1.7156238e-05  -3.5993384e-03
   5.4064296e-03   5.1832933e-03   2.3538683e-01  -5.6014730e-03  -1.3012443e-04  -3.7229045e-03
   1.0584274e-02   3.6389722e-02   2.8008434e-01  -5.7464836e-03  -1.4180182e-03  -4.2134394e-03
   3.0708180e-02   2.0164034e-02   2.8742928e-01  -6.7428818e-03  -1.9105391e-04  -3.7186784e-03
   3.1290060e-02   6.2290275e-02   2.9720593e-01  -6.8508986e-03  -9.0481575e-04  -3.9659867e-03
   4.3784686e-02   4.9642167e-02   3.1851852e-01  -6.5955053e-03  -5.4388630e-04  -4.0616154e-03
   3.6389687e-02   4.9224530e-02   3.5362396e-01  -7.5384498e-03  -1.0706832e-04  -4.2667089e-03
   5.0361833e-02   2.5010090e-02   3.2748470e-01  -7.0710550e-03  -1.3997865e-04  -4.2079348e-03
   4.7034821e-02   3.7927745e-03   3.3336428e-01  -6.7970695e-03  -4.6421389e-04  -4.1550508e-03
   3.3146767e-02   3.5030910e-03   3.3614830e-01  -7.6075606e-03  -8.5103028e-04  -4.7440696e-03
   1.0531332e-02   1.3225309e-02   3.6861051e-01  -8.0423029e-03  -1.0025111e-03  -5.3392267e-03
   1.2221940e-02   2.7645249e-02   3.6674803e-01  -8.7797748e-03  -1.2506175e-03  -5.2797032e-03
   1.0592564e-02   1.5241871e-02   3.9034249e-01  -8.9141299e-03  -1.5652587e-03  -5.4725872e-03
  -2.2701970e-02  -2.7814017e-03   3.9395409e-01  -1.0406538e-02  -1.2998401e-03  -5.8327719e-03
  -1.9478641e-02   1.4043325e-02   3.7060789e-01  -9.8830807e-03  -9.8125176e-04  -5.4115818e-03
  -2.4003702e-02  -3.0320348e-02   3.0930858e-01  -8.8737893e-03   1.0365400e-03  -5.0168380e-03
  -2.4718067e-02  -1.6269617e-02   3.1381747e-01  -9.7368889e-03   1.1633455e-03  -6.4980859e-03
  -1.1904633e-02  -2.9770695e-03   3.7439199e-01  -1.0924746e-02   7.0697097e-04  -6.4964888e-03
  -5.9309742e-03  -3.8439684e-02   3.8901157e-01  -1.1415580e-02   3.2894670e-04  -5.9646836e-03
  -2.5923754e-02  -1.6077359e-02   3.9365521e-01  -1.1837054e-02   8.4982561e-04  -6.5471473e-03
   2.3140957e-03  -1.4941270e-02   3.9867878e-01  -1.2199982e-02   8.3927459e-04  -6.4244326e-03
   1.1851839e-02   6.9939783e-03   4.3059431e-01  -1.2717756e-02   3.8726463e-04  -6.8869397e-03
   3.0666085e-02  -2.2260878e-02   3.9424343e-01  -1.1818883e-02   8.4400343e-04  -6.1293155e-03
  -1.5891866e-02  -6.2563336e-02   4.0994376e-01  -1.2878206e-02   1.4096853e-03  -7.7487802e-03
  -4.3968295e-02  -7.1359010e-03   4.7722880e-01  -1.2255802e-02   1.4238914e-03  -6.4310655e-03
  -4.4250123e-02   5.6435276e-03   5.0764251e-01  -1.2954793e-02   1.1639372e-03  -6.2013131e-03
  -3.8546749e-02   9.2174798e-03   5.0472791e-01  -1.4594423e-02   1.5624476e-03  -6.9286809e-03
  -3.9460258e-02  -2.1468041e-02   4.9972487e-01  -1.4753313e-02   1.5119446e-03  -6.8660681e-03
  -3.0264358e-02  -9.4143093e-03   4.5370739e-01  -1.4111636e-02   1.8054740e-03  -7.2639389e-03
  -7.6293508e-02  -1.0370527e-02   4.6500701e-01  -1.4471769e-02   1.8539530e-03  -8.1635317e-03
  -5.6999119e-02  -1.2267313e-02   4.4410576e-01  -1.3244109e-02   2.2732161e-03  -7.3113319e-03
  -4.8163243e-02  -8.7709803e-02   3.3901618e-01  -1.2325088e-02   2.4602684e-03  -6.4394289e-03
  -6.3595737e-02  -2.8426662e-02   4.4141451e-01  -1.4458367e-02   2.2531791e-03  -7.4567982e-03
  -3.2139464e-02  -2.5575748e-02   4.1703988e-01  -1.3837192e-02   2.4012272e-03  -6.6109419e-03
  -7.4762198e-02  -6.5192101e-03   4.3802369e-01  -1.4078689e-02   1.8793589e-03  -7.8403762e-03
  -8.1723150e-02  -3.9206122e-03   4.5387474e-01  -1.4850049e-02   2.4695365e-03  -8.0728248e-03
  -8.5877080e-02  -1.3656321e-03   4.2690703e-01  -1.4635074e-02   2.0320077e-03  -8.2324058e-03
  -1.1549324e-01   2.5769310e-04   4.3031654e-01  -1.4882338e-02   2.8132938e-03  -9.0915120e-03
  -9.7249941e-02  -7.7742681e-03   4.5489185e-01  -1.5014978e-02   2.0876563e-03  -9.4002360e-03
  -8.5355529e-02  -3.9214044e-02   4.2650331e-01  -1.4970862e-02   2.8666571e-03  -8.1895245e-03
  -1.2469701e-01  -4.6673601e-03   4.6734486e-01  -1.6185093e-02   3.3228233e-03  -9.2429359e-03
  -9.8989566e-02   4.1388670e-03   4.1531896e-01  -1.5500998e-02   3.5600997e-03  -9.2456751e-03
  -1.1221887e-01   1.3127475e-02   4.3522830e-01  -1.5635406e-02   3.5007673e-03  -9.3422619e-03
  -1.0398393e-01  -8.3226312e-03   4.3753862e-01  -1.5862474e-02   3.2088621e-03  -9.1339354e-03
  -1.2356188e-01   2.0498199e-02   4.7001379e-01  -1.6227700e-02   3.3423248e-03  -9.6454086e-03
  -9.0478567e-02  -4.7258381e-03   4.7811781e-01  -1.6061764e-02   3.2096212e-03  -8.9149291e-03
  -8.3452774e-02   2.0979152e-02   4.6191204e-01  -1.6471171e-02   3.5508559e-03  -8.6545324e-03
  -5.6073179e-02   7.8718126e-03   4.7154486e-01  -1.7362925e-02   4.3767868e-03  -7.9014343e-03
  -7.1412887e-02  -2.1616997e-03   4.8185404e-01  -1.7379063e-02   4.3202387e-03  -7.9780226e-03
  -6.8855610e-03   5.2715753e-03   4.5696084e-01  -1.6117976e-02   5.5851846e-03  -6.3661760e-03
  -4.0132534e-02   1.8126468e-02   5.5075604e-01  -1.7691667e-02   4.8448942e-03  -7.0467408e-03
  -5.0407973e-02   3.5927935e-02   5.4337696e-01  -1.7595629e-02   3.9666862e-03  -7.5477960e-03
  -5.0911196e-02  -9.3018653e-03   4.9532297e-01  -1.6840352e-02   3.7649562e-03  -6.8540472e-03
  -5.7874591e-02   6.5858045e-03   5.1660005e-01  -1.7223760e-02   3.9881169e-03  -7.4388234e-03
  -4.3485196e-02  -6.7793160e-03   4.7909145e-01  -1.6233250e-02   4.1867856e-03  -7.0133692e-03
  -5.0345132e-02   1.5438502e-02   4.7483306e-01  -1.6135202e-02   4.1897507e-03  -7.2085257e-03
  -6.8951652e-02   5.2572979e-02   4.8522390e-01  -1.7226206e-02   4.2133178e-03  -7.2980546e-03
  -4.5818266e-02   4.3962698e-02   4.9837631e-01  -1.7352530e-02   4.4283471e-03  -6.9447916e-03
  -4.0995265e-02   1.3137207e-02   5.1243662e-01  -1.7478567e-02   4.4163970e-03  -6.3177855e-03
  -3.0156216e-02   4.9879825e-02   5.0563192e-01  -1.7395477e-02   4.2027324e-03  -6.2698624e-03
  -3.9444011e-02   1.2787360e-03   4.8094055e-01  -1.7418119e-02   4.3094158e-03  -5.9874643e-03
  -3.1334719e-02   1.7103765e-02   4.8873789e-01  -1.7483856e-02   3.8492798e-03  -6.1850198e-03
  -2.7471907e-02   1.6241952e-02   4.6522824e-01  -1.6901204e-02   3.7564805e-03  -5.8330627e-03
  -6.2616241e-02   4.8572732e-02   5.1460341e-01  -1.7431489e-02   3.4302562e-03  -6.7179266e-03
  -3.3559161e-03   3.1192490e-02   4.3859718e-01  -1.6394758e-02   2.8120638e-03  -4.8059581e-03
  -3.2693906e-03   1.5007498e-01   5.3131794e-01  -1.5216156e-02   2.8752785e-03  -3.1338710e-03
   4.8421812e-03   1.4060011e-01   5.4287781e-01  -1.5661955e-02   3.2909492e-03  -3.5065945e-03
   4.0990724e-03   1.5912223e-01   5.1982406e-01  -1.5901165e-02   3.3321079e-03  -3.6811683e-03
  -1.2962103e-02   1.6197378e-01   5.5243090e-01  -1.6043786e-02   3.0401201e-03  -4.0457808e-03
  -1.6014015e-02   1.6369586e-01   5.4176692e-01  -1.7277705e-02   2.9372165e-03  -4.3759906e-03
  -2.1234766e-02   1.4643846e-01   5.7602195e-01  -1.7696046e-02   2.5568342e-03  -4.7779594e-03
  -1.6979855e-02   1.1783317e-01   5.6162982e-01  -1.7392800e-02   2.5745481e-03  -4.7525453e-03
   5.2323258e-04   1.4359995e-01   5.4699364e-01  -1.7666561e-02   3.1442603e-03  -4.2983800e-03
   9.7318682e-03   1.2613816e-01   4.9576326e-01  -1.6721730e-02   2.3900850e-03  -4.2811698e-03
   9.4257932e-03   1.2792650e-01   4.7484826e-01  -1.6165905e-02   2.6067490e-03  -4.1055731e-03
   7.1229938e-03   1.3764176e-01   4.8071463e-01  -1.6155830e-02   1.9595290e-03  -4.1367976e-03
   1.5566409e-02   1.4739796e-01   5.1344205e-01  -1.6959971e-02   2.4251452e-03  -3.9003808e-03
   2.8280249e-02   1.3849808e-01   5.0586068e-01  -1.6436020e-02   1.8288533e-03  -3.6017980e-03
  -4.0712638e-03   1.5621602e-01   5.6352027e-01  -1.8337869e-02   2.5990553e-03  -4.4482996e-03
   6.2942386e-03   1.3066440e-01   4.6429717e-01  -1.6136687e-02   1.8119736e-03  -3.8205006e-03
   4.6644729e-02   1.3066602e-01   5.1117973e-01  -1.6479239e-02   2.4951370e-03  -2.9043624e-03
   5.4509582e-02   1.4613362e-01   3.9954376e-01  -1.5079231e-02   2.4069464e-03  -3.1508629e-03
   5.4730090e-02   9.6325369e-02   3.4944872e-01  -1.3921375e-02   3.9737253e-03  -2.2317699e-03
   1.2537907e-02   1.5369963e-01   4.3740282e-01  -1.5672636e-02   2.4341782e-03  -3.4762096e-03
   4.9229596e-03   1.2975738e-01   4.3112250e-01  -1.5367521e-02   2.6441574e-03  -3.7314312e-03
  -8.3996474e-03   1.1667503e-01   4.4447263e-01  -1.6574254e-02   2.3450650e-03  -3.8319052e-03
   1.8759888e-02   1.2865552e-01   4.0708673e-01  -1.5431206e-02   2.2842606e-03  -3.1669151e-03
   2.2845629e-03   1.1238882e-01   4.1923977e-01  -1.5848279e-02   2.4126881e-03  -3.5998844e-03
  -5.3775908e-03   1.2902503e-01   3.9174972e-01  -1.5143406e-02   1.8351784e-03  -3.8960589e-03
  -1.4334192e-02   1.2512842e-01   4.2885130e-01  -1.5680860e-02   2.4388200e-03  -4.3620261e-03
  -4.5895786e-03   1.4785331e-01   4.3130610e-01  -1.5854047e-02   2.1455576e-03  -4.3619427e-03
   3.4372342e-02   1.4066967e-01   4.6185040e-01  -1.5901959e-02   2.3336902e-03  -4.3061145e-03
   5.1098125e-02   1.3929626e-01   4.6474068e-01  -1.6393652e-02   1.6168561e-03  -3.6766036e-03
   3.8622454e-02   1.4317239e-01   4.4353489e-01  -1.6218029e-02   1.1709664e-03  -3.7675575e-03
   4.0570089e-02   1.6382354e-01   4.1695282e-01  -1.5937466e-02   1.0437841e-03  -3.6473764e-03
   3.2867284e-02   1.5002886e-01   4.7059807e-01  -1.6403193e-02   1.7472156e-03  -3.7520079e-03
   3.5596449e-02   1.2918737e-01   4.3145820e-01  -1.5864421e-02   8.1333367e-04  -4.0367549e-03
   3.5702127e-02   1.4032550e-01   3.9472815e-01  -1.5447772e-02   7.9999069e-04  -4.2309539e-03
   3.6855441e-02   1.2515033e-01   4.2379974e-01  -1.5153819e-02   5.5934284e-04  -4.5280584e-03
   4.7491910e-02   1.5724628e-01   4.6692923e-01  -1.5854007e-02   8.8576217e-04  -4.7842571e-03
   4.7884072e-02   1.6645108e-01   5.2322687e-01  -1.7071357e-02   3.6379663e-04  -5.2673500e-03
   3.6493745e-02   1.2629041e-01   4.5572608e-01  -1.6798086e-02   6.9694800e-04  -5.0996991e-03
   1.7398315e-02   1.4529526e-01   4.8511188e-01  -1.7605863e-02   4.7050941e-04  -5.6253386e-03
   1.5954071e-02   1.3509293e-01   4.6187875e-01  -1.7096812e-02  -4.5367867e-05  -5.3838862e-03
  -1.6425567e-03   9.7452225e-02   4.8417950e-01  -1.7336671e-02  -1.4559077e-04  -5.9490551e-03
  -4.4960615e-03   7.8864905e-02   4.6102188e-01  -1.6863717e-02  -1.3125090e-04  -5.7045438e-03
  -4.8886221e-02   1.0418482e-01   4.5519700e-01  -1.7460257e-02  -1.4360137e-03  -6.7997978e-03
  -3.8713845e-02   1.0038578e-01   4.5615821e-01  -1.6338419e-02  -7.5560028e-04  -5.4403552e-03
  -7.6204315e-02   1.0299976e-01   4.3226265e-01  -1.6060995e-02  -1.5234438e-03  -6.5877899e-03
  -8.7710251e-02   7.2574217e-02   4.0174865e-01  -1.6490724e-02  -9.0450319e-04  -6.4069396e-03
  -9.3634418e-02   8.1823156e-02   4.0961124e-01  -1.6261720e-02  -1.6986597e-03  -6.8539493e-03
  -4.1198364e-02   9.3824219e-02   3.7255148e-01  -1.5546527e-02  -6.3827561e-04  -5.5124972e-03
  -6.7906618e-02   1.2863724e-01   4.1968174e-01  -1.6515058e-02   1.6377474e-04  -6.1220070e-03
  -4.9807210e-02   1.4969667e-01   3.9203251e-01  -1.5781366e-02  -8.0640934e-04  -5.5790075e-03
  -4.1538132e-02   1.4130715e-01   4.4242301e-01  -1.7059243e-02  -8.6175853e-05  -5.6060400e-03
  -3.3183496e-02   1.7389457e-01   4.5053504e-01  -1.7064463e-02   1.2646871e-04  -5.4163991e-03
  -1.4756918e-03   1.6242533e-01   4.8134451e-01  -1.7619935e-02   5.0707971e-04  -4.5831218e-03
  -4.8177451e-04   1.0715738e-01   4.6140480e-01  -1.7245188e-02   1.1361072e-04  -4.6777363e-03
  -4.3575105e-03   1.2483795e-01   4.8740437e-01  -1.7554055e-02   9.3413268e-04  -5.0509482e-03
  -1.1683180e-02   1.3029676e-01   4.7245410e-01  -1.6338803e-02   3.9144424e-05  -5.6190234e-03
   2.5523777e-02   1.4117872e-01   5.4502153e-01  -1.6196000e-02   6.2420136e-04  -4.4425784e-03
   2.6973035e-02   1.1380632e-01   4.7549838e-01  -1.5705466e-02   2.5344860e-04  -4.2782401e-03
   4.2159882e-02   8.7201833e-02   4.8604681e-01  -1.5752978e-02   8.9672242e-04  -3.9001494e-03
   1.1535978e-01   1.0469756e-01   5.6795305e-01  -1.6728058e-02   8.4519505e-04  -2.0612277e-03
   1.0731653e-01   9.5846749e-02   4.9085962e-01  -1.6564358e-02   5.1227378e-06  -3.1550811e-03
   1.2841994e-01   9.2216192e-02   5.5122453e-01  -1.6859784e-02   8.7150733e-04  -2.3493845e-03
   1.2100656e-01   1.1852684e-01   5.5601436e-01  -1.7704438e-02   1.0674648e-03  -3.0360695e-03
   1.5445120e-01   6.7132181e-02   4.7067502e-01  -1.5531615e-02   7.0383831e-04  -1.9197553e-03
   1.3261982e-01   6.6099023e-02   4.8054605e-01  -1.6799650e-02   1.3335301e-03  -2.7830830e-03
   1.1654708e-01   8.0143386e-02   4.3087838e-01  -1.5339804e-02   1.1386765e-03  -3.2378374e-03
   9.9758148e-02   3.9504962e-02   3.8560756e-01  -1.4530194e-02   2.3352590e-03  -2.8543375e-03
   7.8135144e-02   1.1139646e-01   4.5492535e-01  -1.5628984e-02   9.9822380e-04  -4.0335759e-03
   8.5990198e-02   1.0887908e-01   4.5699839e-01  -1.5835602e-02   9.4085133e-04  -4.2500059e-03
   6.2843016e-02   1.0280501e-01   5.1592947e-01  -1.7533671e-02   1.6321132e-03  -4.9043513e-03
   1.1236122e-01   1.1765353e-01   5.4168415e-01  -1.7148511e-02   1.1370911e-03  -4.1232122e-03
   1.3858358e-01   1.1513187e-01   5.3620257e-01  -1.7148567e-02   7.6537442e-04  -3.4867362e-03
   1.1363738e-01   1.2268176e-01   4.9157733e-01  -1.6774344e-02   4.8119457e-04  -4.1646886e-03
   1.1194315e-01   1.2741486e-01   5.3821830e-01  -1.6388272e-02   7.6300495e-04  -4.2706322e-03
   1.0619146e-01   1.1969538e-01   5.7293371e-01  -1.7228151e-02   8.2174949e-04  -3.8264085e-03
   1.0814745e-01   1.2269690e-01   5.3243815e-01  -1.7637569e-02   7.4527026e-04  -3.8698976e-03
   1.1384322e-01   7.4523304e-02   5.4827027e-01  -1.7414067e-02   7.2064519e-04  -3.8612336e-03
   9.1488001e-02   1.2263783e-01   5.5004015e-01  -1.7520034e-02   3.7468191e-04  -4.3577566e-03
   1.1001993e-01   1.3949117e-01   5.7747719e-01  -1.8026803e-02   1.0365729e-03  -3.9333921e-03
   9.3152473e-02   1.8793137e-01   5.4939835e-01  -1.7438259e-02  -1.9500843e-04  -4.9510532e-03
   1.5846301e-01   5.2746914e-02   5.8941338e-01  -1.8091901e-02   1.9736740e-03  -3.9859423e-03
   1.1425136e-01   9.5393081e-02   6.4493873e-01  -1.9297534e-02   1.6750103e-03  -4.2770736e-03
   1.0997861e-01   1.1785330e-01   5.3755981e-01  -1.7764243e-02   6.8467027e-04  -4.4747259e-03
   8.6952802e-02   1.1420169e-01   5.5603143e-01  -1.8130135e-02   1.2648242e-03  -5.0453142e-03
   6.2487008e-02   1.6156189e-01   6.1157037e-01  -2.0217694e-02   1.2712842e-03  -5.6950930e-03
   7.3885982e-02   1.2733026e-01   5.4503086e-01  -1.8991518e-02   5.7037129e-04  -5.2551865e-03
   9.4491424e-02   1.4519443e-01   5.2680057e-01  -1.8609285e-02   4.4649255e-04  -5.2816741e-03
   1.0063904e-01   1.6716521e-01   5.8589146e-01  -1.9472905e-02   8.1498159e-04  -5.2648694e-03
   9.2886584e-02   1.6895829e-01   5.9300910e-01  -1.9235487e-02   8.0668677e-04  -5.2824023e-03
   8.5119038e-02   1.5349008e-01   5.8061362e-01  -1.9375187e-02   4.9200069e-04  -5.4052786e-03
   9.6036420e-02   1.8401427e-01   5.6576297e-01  -1.9029979e-02   1.0064494e-04  -5.0706878e-03
