   0.0000000e+00   0.0000000e+00   0.0000000e+00   0.0000000e+00   0.0000000e+00   0.0000000e+00
  -7.0610082e-03   2.7506753e-02   5.3425525e-02  -8.9685056e-04  -3.2219973e-04  -2.2148924e-04
  -1.0631444e-02   4.7828904e-02   6.4766448e-02  -6.9391811e-04  -4.3742009e-04  -6.3463731e-04
  -1.6954524e-02   2.2906232e-02   5.2020754e-02  -1.3231609e-03  -2.5810514e-04  -6.9369068e-04
  -1.4993558e-02  -3.8104367e-02   1.0173155e-01  -2.4160222e-03  -1.4744843e-04  -3.6288045e-04
  -1.8590751e-02   2.6205026e-02   1.3198897e-01  -3.5716358e-03  -5.3353184e-05  -3.2950715e-04
  -2.2983202e-02   6.6049627e-03   1.8871899e-01  -4.2504359e-03  -2.5369560e-04  -5.4863017e-04
  -2.2967227e-02   6.2058640e-02   1.6965362e-01  -4.4464612e-03  -2.1273213e-04  -6.6289374e-04
  -2.8350306e-02   3.8654499e-02   2.4878731e-01  -5.0469354e-03  -2.8103399e-04  -7.6343831e-04
  -2.7358779e-02   7.9224997e-02   2.1017889e-01  -4.8028936e-03  -2.1527812e-04  -7.0350963e-04
  -3.3781494e-02   5.9539044e-02   2.5801392e-01  -4.9979044e-03  -3.9991399e-04  -9.4509305e-04
  -3.2399080e-02   9.9981246e-02   2.3122017e-01  -4.9559951e-03  -2.4431965e-04  -1.0276005e-03
  -2.4394975e-02   8.7885653e-02   3.0232041e-01  -5.5001336e-03  -3.6708519e-04  -6.6589002e-04
  -2.2975244e-02   1.1097569e-01   2.5733460e-01  -4.7871065e-03  -6.7254205e-04  -9.4520064e-04
  -1.7761304e-02   1.2077051e-01   2.8976319e-01  -5.1403174e-03  -5.7159201e-04  -8.2479621e-04
  -2.3031564e-02   1.1039832e-01   3.2139431e-01  -5.3666167e-03  -5.3127189e-04  -1.0586153e-03
  -2.2221894e-02   1.3414421e-01   3.2063596e-01  -5.3798398e-03  -4.8226843e-04  -9.6768514e-04
  -2.3487379e-02   1.4717131e-01   3.2709402e-01  -5.5021892e-03  -6.6868184e-04  -1.0830837e-03
  -2.2923959e-02   1.6541362e-01   3.2663139e-01  -5.8966203e-03  -6.4314505e-04  -1.0076376e-03
  -3.3405881e-02   1.6892382e-01   3.7468834e-01  -6.1643705e-03  -6.0575622e-04  -1.3026882e-03
  -2.0342122e-02   1.5999771e-01   3.4035445e-01  -5.9076746e-03  -6.9364285e-04  -1.0451944e-03
  -3.8563212e-02   1.8253188e-01   3.9410201e-01  -6.3178029e-03  -6.8576636e-04  -1.4400114e-03
  -2.7352760e-02   1.8974709e-01   3.5467644e-01  -6.4049293e-03  -7.9200437e-04  -1.0619549e-03
  -3.0674398e-02   1.7304840e-01   4.0578826e-01  -6.4218986e-03  -7.9029013e-04  -1.1613393e-03
  -3.4177465e-02   1.8778829e-01   3.7997915e-01  -6.7837689e-03  -8.0279308e-04  -1.1888462e-03
  -3.4035255e-02   2.0262732e-01   3.9249623e-01  -6.8441094e-03  -8.7272084e-04  -1.2042475e-03
  -4.0127145e-02   1.8135980e-01   4.2532541e-01  -7.6330640e-03  -9.3172023e-04  -1.4303860e-03
  -3.7127134e-02   1.8447110e-01   3.9106469e-01  -7.7538170e-03  -9.6461192e-04  -1.2580720e-03
  -3.8868806e-02   1.9832822e-01   4.6538783e-01  -8.7746111e-03  -1.0974518e-03  -1.3656703e-03
  -4.4959816e-02   1.6524671e-01   4.3130303e-01  -8.5071632e-03  -8.5364069e-04  -1.4055619e-03
  -4.7988651e-02   2.0374514e-01   4.4749752e-01  -8.5464731e-03  -7.5877016e-04  -1.3322651e-03
  -3.0323657e-02   1.9225848e-01   4.7283021e-01  -8.5706083e-03  -1.1684804e-03  -1.1895619e-03
  -4.4336430e-02   1.8963773e-01   5.3173504e-01  -8.7915598e-03  -1.0193532e-03  -1.6401600e-03
  -3.7012460e-02   2.4229233e-01   4.7958080e-01  -9.2532999e-03  -1.0766869e-03  -1.3280864e-03
  -3.9814892e-02   2.2441654e-01   5.2239983e-01  -9.4591354e-03  -1.0873793e-03  -1.3817843e-03
  -2.7615416e-02   2.6620592e-01   5.1063757e-01  -9.6589580e-03  -1.1986873e-03  -1.3080007e-03
  -3.4411289e-02   2.5965239e-01   5.2697663e-01  -1.0122938e-02  -1.1153991e-03  -1.3678659e-03
  -3.9483961e-02   2.3136285e-01   5.5039460e-01  -1.0283560e-02  -1.1303813e-03  -1.3579484e-03
  -4.2628767e-02   2.7415062e-01   5.5468206e-01  -1.0646882e-02  -8.7880756e-04  -1.6170373e-03
  -3.9379400e-02   2.6725603e-01   5.5190341e-01  -1.0498873e-02  -1.2493704e-03  -1.4223952e-03
  -3.6963878e-02   2.5838159e-01   6.2986968e-01  -1.0316324e-02  -8.7682411e-04  -1.3554025e-03
  -4.7303660e-02   2.9221364e-01   6.1722579e-01  -1.0899428e-02  -1.1680039e-03  -1.4113011e-03
  -4.4664650e-02   2.9499431e-01   5.9022485e-01  -1.0404156e-02  -1.7784785e-03  -1.6134836e-03
  -5.0613316e-02   3.1571782e-01   6.3226436e-01  -1.1238337e-02  -1.7092934e-03  -1.9149775e-03
  -4.1903256e-02   3.3655695e-01   6.4420005e-01  -1.1625307e-02  -2.0118167e-03  -1.6299266e-03
  -4.9000504e-02   3.3663801e-01   7.2044136e-01  -1.2498869e-02  -1.8222545e-03  -1.6880639e-03
  -4.4400298e-02   3.1664448e-01   6.9478293e-01  -1.2278647e-02  -1.8849197e-03  -1.7089978e-03
  -5.2887386e-02   3.5226418e-01   7.1663755e-01  -1.3037657e-02  -1.8181148e-03  -1.6550804e-03
  -5.2341863e-02   3.2827544e-01   7.2725683e-01  -1.3305163e-02  -1.8733280e-03  -1.6685648e-03
  -5.0578918e-02   3.4610233e-01   7.3240703e-01  -1.3127546e-02  -1.5542983e-03  -1.6573062e-03
  -4.1782497e-02   3.3090540e-01   7.1009352e-01  -1.2880768e-02  -1.7350162e-03  -1.4229647e-03
  -4.6029458e-02   3.4151300e-01   7.4215137e-01  -1.2932229e-02  -1.4692620e-03  -1.4355035e-03
  -3.8982913e-02   3.7224173e-01   7.3200552e-01  -1.3355874e-02  -1.5001454e-03  -1.1001850e-03
  -4.2473014e-02   3.5334136e-01   7.7714641e-01  -1.3234832e-02  -1.4256151e-03  -1.3222647e-03
  -3.2883397e-02   3.9222959e-01   7.5154124e-01  -1.3492595e-02  -1.5435502e-03  -1.0261318e-03
  -3.0668598e-02   3.6043046e-01   8.1337809e-01  -1.3533872e-02  -1.6793266e-03  -1.1640979e-03
  -3.6776610e-02   4.1018320e-01   7.8518593e-01  -1.4322483e-02  -1.6337791e-03  -1.2153011e-03
  -3.4925126e-02   4.1569233e-01   8.2246905e-01  -1.4950546e-02  -1.5585320e-03  -1.1656500e-03
  -3.6147197e-02   3.9751899e-01   8.3777071e-01  -1.5222860e-02  -1.6590094e-03  -1.3000433e-03
  -4.6618280e-02   3.9036610e-01   8.5184489e-01  -1.5325249e-02  -1.5918653e-03  -1.4303702e-03
  -5.4033974e-02   4.0932344e-01   8.0999550e-01  -1.4969258e-02  -1.6283913e-03  -1.6431666e-03
  -4.9748910e-02   4.2467473e-01   8.1854997e-01  -1.4788355e-02  -1.4384875e-03  -1.5658557e-03
  -4.3512618e-02   4.3457500e-01   8.6320680e-01  -1.5251735e-02  -1.5986775e-03  -1.4159265e-03
  -4.0849667e-02   4.1818809e-01   8.5450055e-01  -1.4916302e-02  -1.6201441e-03  -1.4885328e-03
  -4.2551181e-02   4.4633679e-01   8.4134660e-01  -1.4922965e-02  -1.5201384e-03  -1.4369954e-03
  -4.2753678e-02   4.5863393e-01   8.5752112e-01  -1.5049705e-02  -1.5354028e-03  -1.5205186e-03
  -4.2792836e-02   4.5929243e-01   8.7495386e-01  -1.5206055e-02  -1.5942380e-03  -1.4506974e-03
  -4.5118666e-02   4.3776876e-01   8.7662565e-01  -1.5178103e-02  -1.6048980e-03  -1.6639111e-03
  -4.2933879e-02   4.7843663e-01   8.8144888e-01  -1.5655766e-02  -1.4943277e-03  -1.4117927e-03
  -3.4539212e-02   4.7348229e-01   9.0518510e-01  -1.6253764e-02  -1.5510912e-03  -1.0804491e-03
  -4.0673872e-02   4.6557576e-01   9.3782579e-01  -1.6446133e-02  -1.5209368e-03  -1.2650939e-03
  -4.4198253e-02   4.8846936e-01   9.1054829e-01  -1.6694081e-02  -1.5737871e-03  -1.2875775e-03
  -4.6865664e-02   4.8647477e-01   9.0528673e-01  -1.6249167e-02  -1.4432555e-03  -1.2102561e-03
  -5.3004535e-02   4.8287562e-01   9.2365176e-01  -1.5985084e-02  -1.4090040e-03  -1.4297482e-03
  -5.2155192e-02   4.8342745e-01   8.8561460e-01  -1.5277407e-02  -1.4900090e-03  -1.4184789e-03
  -4.4792395e-02   5.0605694e-01   8.8704704e-01  -1.5523102e-02  -1.4843265e-03  -1.3455796e-03
  -4.5496188e-02   4.9442236e-01   9.1114589e-01  -1.5823669e-02  -1.5789994e-03  -1.2952529e-03
  -3.7829862e-02   5.0181962e-01   9.1668642e-01  -1.5985869e-02  -1.4893979e-03  -1.1736403e-03
  -5.0237304e-02   4.9792613e-01   9.4502952e-01  -1.6382170e-02  -1.5345535e-03  -1.4315814e-03
  -5.1549257e-02   5.1650016e-01   9.1654684e-01  -1.6669618e-02  -1.3597902e-03  -1.3216929e-03
  -5.1904518e-02   5.2940090e-01   9.2711150e-01  -1.6663597e-02  -1.4219076e-03  -1.2123034e-03
  -4.7161487e-02   5.1010298e-01   9.5835243e-01  -1.6513655e-02  -1.6760325e-03  -1.3990879e-03
  -4.6957584e-02   5.1108463e-01   9.7910865e-01  -1.6568829e-02  -1.6092673e-03  -1.4619978e-03
  -3.8955900e-02   5.3702068e-01   9.5619131e-01  -1.6593945e-02  -1.6503997e-03  -1.2689175e-03
  -2.4767738e-02   5.4225424e-01   9.3676545e-01  -1.6514827e-02  -1.7501579e-03  -1.0839162e-03
  -3.4825326e-02   5.2313390e-01   9.9747258e-01  -1.7255014e-02  -1.8402741e-03  -1.3138814e-03
  -3.7988838e-02   5.2794357e-01   9.6678654e-01  -1.6864709e-02  -1.7807849e-03  -1.2651000e-03
  -3.5794833e-02   5.4116954e-01   9.8755816e-01  -1.7292931e-02  -1.7614596e-03  -1.0279336e-03
  -4.6077872e-02   5.3358168e-01   9.8571328e-01  -1.7872210e-02  -1.9303077e-03  -1.3179285e-03
  -4.4646111e-02   5.4323525e-01   9.7923516e-01  -1.7341709e-02  -1.6664643e-03  -1.2306980e-03
  -3.9669754e-02   5.4936536e-01   9.6886710e-01  -1.6993140e-02  -2.0168305e-03  -1.1631215e-03
  -4.3094193e-02   5.3645883e-01   1.0100263e+00  -1.7317051e-02  -2.1082015e-03  -1.3118054e-03
  -3.6342212e-02   5.6670084e-01   9.5571910e-01  -1.7053889e-02  -2.0905814e-03  -1.2679482e-03
  -3.9268674e-02   5.7303873e-01   9.9619284e-01  -1.7560661e-02  -2.1843864e-03  -1.2256484e-03
  -2.9441954e-02   5.5175095e-01   1.0037340e+00  -1.7597352e-02  -2.1933458e-03  -1.0349834e-03
  -4.3437927e-02   5.6377388e-01   1.0516566e+00  -1.7985630e-02  -1.9792940e-03  -1.3019985e-03
  -3.4863676e-02   5.8091606e-01   1.0024089e+00  -1.8162660e-02  -2.0626470e-03  -1.0232078e-03
  -3.1574536e-02   5.7196966e-01   1.0095780e+00  -1.7738976e-02  -2.2087387e-03  -9.6752865e-04
  -4.1619496e-02   5.6601560e-01   1.0189701e+00  -1.7805105e-02  -2.2331200e-03  -1.3185337e-03
  -3.2352306e-02   5.6802346e-01   1.0044427e+00  -1.7129328e-02  -2.2587019e-03  -1.2316109e-03
  -2.8576405e-02   5.8262025e-01   9.8425932e-01  -1.7275585e-02  -2.3042688e-03  -9.9499578e-04
  -3.0814988e-02   5.7377105e-01   1.0014592e+00  -1.7205600e-02  -2.1861592e-03  -1.1428078e-03
  -2.9910378e-02   5.8682674e-01   1.0129275e+00  -1.7543826e-02  -2.2574935e-03  -1.0679360e-03
  -1.5354602e-02   5.7666416e-01   1.0547145e+00  -1.7922195e-02  -2.6596330e-03  -7.9530518e-04
  -2.7738871e-02   6.0923172e-01   1.0486982e+00  -1.8639476e-02  -2.4076143e-03  -9.8979487e-04
  -2.3121520e-02   6.1040425e-01   1.0600884e+00  -1.8998784e-02  -2.5368292e-03  -8.7032872e-04
  -2.7126575e-02   5.9312172e-01   1.0647364e+00  -1.8433886e-02  -2.5233172e-03  -1.0081015e-03
  -1.2539128e-02   6.1883117e-01   1.0351334e+00  -1.7754720e-02  -2.5272043e-03  -8.6109080e-04
  -2.1276423e-02   6.2705887e-01   1.0619178e+00  -1.8369012e-02  -2.4168611e-03  -1.0584044e-03
  -7.2131414e-03   6.1787605e-01   1.0612591e+00  -1.8141257e-02  -2.5198433e-03  -7.7635267e-04
  -2.4656282e-02   6.3014058e-01   1.0969576e+00  -1.8699762e-02  -2.4150865e-03  -1.2002745e-03
  -6.1828212e-03   6.4401273e-01   1.0964650e+00  -1.9375390e-02  -2.5966930e-03  -7.3488071e-04
  -1.8531150e-02   6.2399792e-01   1.1389535e+00  -1.9774234e-02  -2.5044573e-03  -9.5444858e-04
  -2.0097817e-02   6.3649261e-01   1.1197539e+00  -1.9804062e-02  -2.6158471e-03  -9.2926761e-04
  -2.5428138e-02   6.4116737e-01   1.1064247e+00  -1.9102176e-02  -2.1528980e-03  -1.1208375e-03
  -2.8482315e-02   6.4813568e-01   1.1247317e+00  -1.9498745e-02  -1.9854693e-03  -1.3106450e-03
  -1.7779529e-02   6.3868068e-01   1.1363103e+00  -1.9614527e-02  -1.9613375e-03  -1.0512654e-03
  -2.7715818e-02   6.3499430e-01   1.1678525e+00  -2.0063590e-02  -2.0939224e-03  -1.3353197e-03
  -1.6856585e-02   6.5515925e-01   1.1434558e+00  -1.9552678e-02  -2.2164826e-03  -1.1911134e-03
  -1.1478229e-02   6.8032183e-01   1.1395381e+00  -1.9757032e-02  -2.0117486e-03  -1.1138341e-03
  -5.1597034e-03   6.7233549e-01   1.1755129e+00  -2.0008837e-02  -2.1288934e-03  -1.2148322e-03
   5.9026174e-03   6.6381487e-01   1.2019042e+00  -2.0305487e-02  -2.4052762e-03  -1.1064251e-03
  -2.4985806e-03   6.7800294e-01   1.2181567e+00  -2.0372660e-02  -2.2873546e-03  -1.2093016e-03
   2.8078941e-03   7.0233226e-01   1.1835085e+00  -2.0358536e-02  -2.4793297e-03  -1.0398719e-03
   2.8780349e-04   6.9820889e-01   1.2223404e+00  -2.0928505e-02  -2.5813816e-03  -1.0207467e-03
  -1.4917976e-03   7.0483402e-01   1.2030911e+00  -2.1046065e-02  -2.4158824e-03  -1.2363139e-03
  -6.2889011e-03   7.1769710e-01   1.2219667e+00  -2.1291630e-02  -2.3712682e-03  -1.1491479e-03
  -3.3010414e-03   6.9862694e-01   1.2099245e+00  -2.1137129e-02  -2.5986356e-03  -1.2512406e-03
   1.6471777e-03   7.1597957e-01   1.2142160e+00  -2.0426214e-02  -2.4923416e-03  -1.2401229e-03
   6.2355682e-04   7.0046628e-01   1.2654545e+00  -2.1108216e-02  -2.5776178e-03  -1.0690051e-03
   5.3251210e-03   7.4035137e-01   1.2152207e+00  -2.0517825e-02  -2.3959067e-03  -1.2966216e-03
  -2.0176772e-03   7.2962009e-01   1.2456270e+00  -2.1244698e-02  -2.4850666e-03  -1.3429807e-03
   9.4711475e-04   7.1846253e-01   1.2411159e+00  -2.1011259e-02  -2.5230570e-03  -1.3700514e-03
  -7.8668744e-03   7.2051843e-01   1.2877913e+00  -2.1788706e-02  -2.2750437e-03  -1.5038681e-03
  -1.6594149e-03   7.3818048e-01   1.2536049e+00  -2.1884279e-02  -2.3634954e-03  -1.3269817e-03
  -6.2739264e-03   7.2660143e-01   1.2751660e+00  -2.1986583e-02  -2.4817010e-03  -1.4845963e-03
  -3.4319262e-03   7.3797640e-01   1.2854212e+00  -2.2214818e-02  -2.4503324e-03  -1.3975260e-03
  -1.5479718e-03   7.3379507e-01   1.2935028e+00  -2.2092263e-02  -2.2152341e-03  -1.3627800e-03
   1.5698592e-03   7.3601882e-01   1.2645004e+00  -2.1607599e-02  -2.2472477e-03  -1.2612711e-03
   8.3584893e-03   7.4695144e-01   1.2770645e+00  -2.1557819e-02  -2.1236514e-03  -1.2124625e-03
   3.3983544e-03   7.4216542e-01   1.2828311e+00  -2.1249798e-02  -2.2756873e-03  -1.2069005e-03
   1.1042936e-02   7.4928635e-01   1.2989415e+00  -2.1885055e-02  -2.0870500e-03  -1.1676436e-03
   1.0444648e-02   7.4257739e-01   1.3490727e+00  -2.1821983e-02  -2.0029817e-03  -1.2239824e-03
   3.6035640e-03   7.8266058e-01   1.2959488e+00  -2.1967670e-02  -2.1261274e-03  -1.3438124e-03
   9.2081530e-03   7.9117515e-01   1.3172737e+00  -2.1843383e-02  -1.9804282e-03  -1.2647736e-03
   9.2592359e-03   7.8057992e-01   1.3516162e+00  -2.2611567e-02  -1.9379317e-03  -1.2388680e-03
   7.9818857e-03   7.7081414e-01   1.3483695e+00  -2.1853554e-02  -2.0802683e-03  -1.4033295e-03
   3.2888915e-03   7.9175801e-01   1.3434944e+00  -2.2490803e-02  -2.1702790e-03  -1.3505172e-03
   1.4988600e-02   8.0505933e-01   1.3161064e+00  -2.2056125e-02  -2.3268738e-03  -1.2120222e-03
   2.0776760e-03   7.7908426e-01   1.3804048e+00  -2.2641694e-02  -2.2951099e-03  -1.5315661e-03
   8.5930607e-03   8.0724605e-01   1.3266966e+00  -2.2207694e-02  -2.2828731e-03  -1.4978762e-03
  -1.7807539e-03   8.0913139e-01   1.3346927e+00  -2.2911403e-02  -2.1848986e-03  -1.3745720e-03
   9.1187964e-02   6.9127441e-01   9.7973141e-01  -1.5432522e-02  -1.0035804e-03   9.5340119e-04
   7.6443021e-02   6.6729018e-01   8.2882186e-01  -1.3940561e-02  -4.6746508e-04   1.1185013e-03
   3.0094670e-02   7.7857646e-01   1.1241358e+00  -1.9445464e-02  -9.5596102e-04  -5.2082493e-04
   3.3759256e-02   7.9997438e-01   1.1603922e+00  -1.9221860e-02  -1.0883360e-03  -7.2228550e-04
   2.7961848e-02   8.1410417e-01   1.1888176e+00  -2.0032997e-02  -1.0502219e-03  -8.4135434e-04
   4.0383332e-02   8.3723106e-01   1.2301210e+00  -2.0536891e-02  -1.3344027e-03  -7.3705026e-04
   3.6490789e-02   8.5204679e-01   1.2606724e+00  -2.1305619e-02  -1.1354201e-03  -8.7592441e-04
   4.3620536e-02   8.4633044e-01   1.3207349e+00  -2.1997576e-02  -1.4883749e-03  -5.8296523e-04
   4.4402758e-02   8.6568104e-01   1.3292594e+00  -2.3067307e-02  -1.3652742e-03  -6.9067885e-04
   3.6161428e-02   8.7806937e-01   1.3383605e+00  -2.3206657e-02  -1.3158381e-03  -8.2463364e-04
   3.9646038e-02   8.4345132e-01   1.3819428e+00  -2.3383970e-02  -1.3249141e-03  -8.7466131e-04
   3.5397221e-02   8.7796457e-01   1.3540476e+00  -2.3238363e-02  -1.2902429e-03  -1.0141369e-03
   3.9180441e-02   8.7988684e-01   1.3893423e+00  -2.3820182e-02  -1.4260903e-03  -8.0150356e-04
   5.3523251e-02   8.6639185e-01   1.3928323e+00  -2.3328315e-02  -1.3939520e-03  -8.1667289e-04
   4.5723509e-02   8.8457393e-01   1.4060449e+00  -2.3597964e-02  -1.4128212e-03  -7.9378503e-04
   5.8325450e-02   9.1032785e-01   1.3753695e+00  -2.3280273e-02  -1.4983636e-03  -5.9744386e-04
   5.8520437e-02   9.1011452e-01   1.4295921e+00  -2.4023367e-02  -1.3948035e-03  -7.4614569e-04
   6.4868684e-02   9.0967511e-01   1.4202092e+00  -2.3733842e-02  -1.5929481e-03  -6.4741587e-04
   6.3200387e-02   9.2440869e-01   1.4309204e+00  -2.3749499e-02  -1.4922064e-03  -9.1703946e-04
   5.8435155e-02   9.1580884e-01   1.4895623e+00  -2.4581946e-02  -1.5306024e-03  -7.6715127e-04
   6.5972700e-02   9.1487875e-01   1.4826588e+00  -2.4456013e-02  -1.5412413e-03  -8.0525105e-04
   6.7537162e-02   9.1422610e-01   1.5232619e+00  -2.4867710e-02  -1.5129326e-03  -1.0230142e-03
   6.5369105e-02   9.3070514e-01   1.5053111e+00  -2.5108054e-02  -1.3975252e-03  -1.0566755e-03
   7.1412586e-02   9.2744162e-01   1.5184093e+00  -2.5166753e-02  -1.4476610e-03  -9.1968869e-04
   6.5844051e-02   9.2828004e-01   1.5369846e+00  -2.5733430e-02  -1.4893090e-03  -1.0188942e-03
   7.3138016e-02   9.3841890e-01   1.5321097e+00  -2.5702821e-02  -1.4027628e-03  -1.0149559e-03
   7.2056851e-02   9.2549435e-01   1.5468766e+00  -2.6007354e-02  -1.5097470e-03  -1.0651702e-03
