   0.0000000e+00   0.0000000e+00  -1.3916760e-14  -5.0515495e-17  -1.0678526e-17  -5.3943103e-34
  -4.5978698e-02   1.3092031e-01   4.7340322e-01  -4.4815522e-03  -7.8626586e-05  -4.4418702e-04
  -2.6561589e-02   1.7106338e-01   4.7593218e-01  -4.7215297e-03   2.7646729e-04   1.5079240e-05
  -2.6322893e-02   2.0682738e-01   5.3040279e-01  -4.5497862e-03  -3.5928821e-05   2.8117238e-04
  -1.9755363e-02   1.8197681e-01   5.5833975e-01  -5.6366437e-03  -3.1463887e-05   2.5757129e-04
  -3.7415815e-02   2.0931422e-01   5.1686493e-01  -5.2728320e-03   8.0354298e-05  -1.3397303e-04
  -2.2354313e-02   2.0172031e-01   5.5626033e-01  -4.7635853e-03   3.0397228e-04  -3.4401747e-05
  -3.1117540e-02   1.9429712e-01   5.8940979e-01  -5.1305970e-03   2.2869869e-04  -2.6835019e-05
  -3.0043850e-02   2.1668846e-01   5.5182054e-01  -4.8143138e-03   2.3969699e-04  -3.4404687e-05
  -2.7009257e-02   2.0907736e-01   6.0654912e-01  -5.6964473e-03  -6.1516682e-05   3.6688890e-05
  -2.7985516e-02   2.1699226e-01   5.9810850e-01  -5.3783874e-03  -4.2827619e-05   2.9096260e-05
  -3.0556289e-02   2.1666081e-01   5.2204860e-01  -5.7432216e-03  -2.2741223e-04   2.2456673e-07
  -2.1358118e-02   2.5121685e-01   4.9820608e-01  -5.5578773e-03  -4.0632220e-04   9.4102139e-05
  -1.0206111e-02   2.1973713e-01   7.2019174e-01  -5.7518900e-03  -3.8527743e-04   2.1003688e-04
  -1.3988953e-02   2.5342018e-01   6.8269768e-01  -5.0461553e-03  -3.6912077e-04   2.8166481e-04
  -2.2107718e-03   2.7160101e-01   6.8898068e-01  -4.4952477e-03  -4.2562227e-04   6.3073010e-04
  -2.5729495e-03   2.4386152e-01   6.9846360e-01  -4.5171840e-03  -8.2163569e-04   2.6332179e-04
  -4.7311536e-03   2.8497836e-01   6.6590136e-01  -4.9370280e-03  -1.2692088e-03   4.9857900e-04
   2.4009241e-02   2.7155218e-01   7.0469669e-01  -3.7071106e-03  -4.3179155e-04  -4.4383110e-04
   2.4215845e-02   2.9714448e-01   7.3085574e-01  -1.9839307e-03  -5.6114802e-04   1.1372887e-04
   4.5159775e-02   2.5177312e-01   7.2945897e-01  -2.4575212e-03  -8.0468077e-04   2.7499935e-04
   2.7538019e-02   2.8338437e-01   7.9353211e-01  -2.3999211e-03  -1.2966196e-03   1.2988297e-04
   2.7879263e-02   2.9169420e-01   7.6697618e-01  -3.0984241e-03  -9.9542031e-04  -5.6814999e-07
  -5.2857623e-02   3.1044375e-01   9.3886128e-01  -6.6443233e-03   5.5973155e-04  -3.6566266e-04
   2.8311612e-02   4.0383125e-01   4.8800208e-01  -4.8986853e-03   2.5459733e-04  -3.9895316e-04
   5.6478405e-02   1.9917667e-01   1.1319925e-01  -5.8257780e-03   1.7590754e-03   7.4392820e-05
   4.9764189e-02   1.6194215e-01   3.0129097e-01  -5.8349799e-03   1.9523464e-03   5.8046375e-05
   5.0543948e-02   1.4805345e-01   2.8749133e-01  -5.9327946e-03   1.9213732e-03   4.7806465e-05
   4.8337618e-02   1.8426156e-01   2.9482607e-01  -5.8586136e-03   1.5789633e-03   2.4116187e-04
   4.4097620e-02   1.6338244e-01   2.9899079e-01  -5.1577722e-03   1.7134676e-03   4.9730013e-05
   5.1102907e-02   2.1372482e-01   2.3076361e-01  -4.8711057e-03   1.5634037e-03   3.7460039e-04
  -3.6800826e-03   2.6100690e-01   6.1484152e-01  -7.0509422e-03   8.3970861e-04   8.1082610e-05
   1.0812011e-02   2.9057757e-01   7.7243965e-01  -6.6141163e-03   9.8244588e-04   3.6776198e-04
   9.8576984e-03   2.8689026e-01   6.9531420e-01  -5.8948449e-03   1.8036921e-03  -6.1858065e-05
   1.3831827e-02   2.3897114e-01   6.7424136e-01  -4.1256729e-03   1.4532114e-03   2.1725204e-04
   3.0534686e-02   2.6253580e-01   7.8206954e-01  -5.2832526e-03   1.0857619e-03   2.0410726e-04
   2.2873750e-02   2.9082087e-01   7.3084516e-01  -4.3340024e-03   1.4283924e-03   3.3673448e-04
   2.3481860e-02   2.9040885e-01   8.4465057e-01  -5.7694997e-03   1.2960401e-03   2.7437813e-05
   1.8289557e-02   2.8627731e-01   7.4120200e-01  -5.3659882e-03   1.4892498e-03   1.5977032e-04
   2.6349864e-02   3.0759555e-01   8.1404816e-01  -5.1904492e-03   1.0931770e-03   8.5280356e-05
   1.1105690e-02   3.1524009e-01   7.9023349e-01  -5.9102132e-03   1.5430747e-03   1.3655719e-04
   2.0642203e-02   2.7817342e-01   7.5407241e-01  -4.7235995e-03   1.2536089e-03  -1.2323422e-04
   4.4002332e-03   3.2790923e-01   7.5613772e-01  -4.9535664e-03   1.1198229e-03   7.2529600e-05
   6.9320849e-02   3.3579644e-01   1.2615279e+00  -5.3590276e-03   1.8642944e-03  -2.2069849e-03
   1.4516301e-02   2.3249402e-01   1.3563509e+00  -8.2690700e-03   1.8291396e-03  -2.4512655e-03
   2.4518080e-02   3.4406108e-01   1.0244447e+00  -5.3861275e-03   2.2155096e-03  -1.1156800e-03
   2.7985590e-02   2.9681165e-01   9.8627162e-01  -7.2646047e-03   2.2037303e-03  -1.4511274e-03
   2.1842074e-02   3.0664296e-01   8.9087419e-01  -6.6754171e-03   2.5516058e-03  -1.0641931e-03
   4.9496445e-02   3.0000359e-01   9.9072921e-01  -5.7235984e-03   2.1694766e-03  -6.8404116e-04
   6.2428432e-02   2.9303089e-01   9.2192635e-01  -6.1817337e-03   1.5692151e-03  -1.6664525e-04
   6.2016653e-02   2.7953234e-01   8.9701610e-01  -6.1107955e-03   1.0025225e-03  -3.8078330e-04
   7.0771221e-02   3.6391838e-01   8.1833113e-01  -4.8774363e-03   1.1889458e-03   2.2645858e-05
   7.6104454e-02   2.9555953e-01   9.1455869e-01  -5.4881723e-03   1.2087730e-03  -2.3604458e-04
   1.3055656e-01   3.7430484e-01   8.0456604e-01  -2.7471250e-03  -5.1318054e-05   4.4269138e-04
   1.3450639e-01   3.5790715e-01   8.6740797e-01  -2.6132176e-03  -1.6277742e-04   4.9884924e-04
   1.2752197e-01   3.7713513e-01   6.9994049e-01   2.6615555e-04  -8.3399613e-05   3.2605392e-04
   1.3347912e-01   4.0497822e-01   8.1854205e-01   1.1024652e-03   8.4004737e-05   9.6477913e-04
   1.6055829e-01   3.7028207e-01   8.0428854e-01  -3.1214694e-04  -3.2260571e-04   1.2131322e-03
   1.3994602e-01   4.0447603e-01   8.4198552e-01  -2.7150947e-04  -3.8809493e-04   7.5546359e-04
   1.4244151e-01   3.7052053e-01   7.9407776e-01  -6.8334115e-04  -6.2853755e-04   6.9124985e-04
   1.4829412e-01   3.6814247e-01   8.0192713e-01   4.7444920e-04  -6.8726648e-04   8.0299874e-04
   1.4803066e-01   3.9460789e-01   8.9507548e-01  -5.4683413e-04  -6.1233601e-04   1.0481621e-03
   1.6263103e-01   3.8144332e-01   9.6644844e-01  -1.5678921e-04  -9.6045137e-04   1.1279390e-03
   1.0921875e-01   4.5218090e-01   8.9954986e-01  -6.4903176e-04  -6.5695100e-04   2.1803484e-04
   1.1331221e-01   4.2936136e-01   1.0940244e+00   2.3879668e-03  -3.0071365e-04  -1.4042917e-04
   1.5067312e-01   4.1280286e-01   1.0293017e+00   4.1604844e-04  -1.1621065e-03   3.4414113e-04
   1.6462888e-01   4.4103270e-01   9.1896333e-01   5.2688775e-04  -9.0247718e-04   2.8195075e-04
   1.5050061e-01   3.2121788e-01   8.9701135e-01   2.8890406e-03  -1.7262071e-03   1.4068378e-03
   1.3450910e-01   4.0989888e-01   9.1969820e-01  -6.2337860e-04  -1.2143777e-03   7.9112137e-04
   1.4309377e-01   4.2954605e-01   9.6796876e-01   6.8911508e-04  -7.0407586e-04   1.1362700e-03
   1.7289702e-01   5.2779380e-01   1.0497416e+00  -2.0996236e-04  -6.3521178e-04   1.0124736e-04
   1.6880386e-01   3.9820927e-01   7.2630657e-01   7.6744660e-04   1.0713623e-04  -1.3099863e-04
   1.5278470e-01   3.5096098e-01   7.4965056e-01  -1.1867451e-03   7.5574250e-04   1.4350389e-04
   1.5818516e-01   3.7325250e-01   5.8862801e-01  -9.4319143e-04   5.2532841e-04  -3.4548773e-04
   1.1408279e-01   3.2459567e-01   5.3877330e-01  -3.2221959e-03   1.4929404e-03  -7.1002943e-04
   1.3753494e-01   3.3291700e-01   7.6492219e-01  -2.4097300e-03   1.2366479e-03  -1.4368777e-04
   1.0365810e-01   1.1015325e-01   5.0694996e-02  -1.3073777e-02   2.4807385e-03  -1.6183623e-03
   1.1950078e-01   1.5328604e-01   5.5223488e-02  -1.6366278e-02   3.6653204e-03  -1.5842037e-03
   1.0380965e-01   1.1641119e-01   2.1424093e-01  -1.4604335e-02   3.9718332e-03  -1.5268065e-03
   1.0121269e-01   1.4746757e-01   1.5733430e-01  -1.4406201e-02   4.4015018e-03  -1.4858339e-03
   9.7288728e-02   1.3962293e-01   1.8475140e-01  -1.3643226e-02   3.8545234e-03  -1.4898573e-03
   1.0040389e-01   1.3702472e-01   1.9348959e-01  -1.4418634e-02   3.9234704e-03  -1.1993640e-03
   1.0859434e-01   1.4778426e-01   2.2032660e-01  -1.4141416e-02   3.5500602e-03  -1.0791921e-03
   1.0885615e-01   1.5877979e-01   2.1946637e-01  -1.4907294e-02   3.2712901e-03  -1.0443748e-03
   1.0876165e-01   1.8130515e-01   2.3898447e-01  -1.4079259e-02   3.4090610e-03  -1.3358997e-03
   1.3097295e-01   2.1593563e-01   2.3838244e-02  -5.1897689e-03   1.9180120e-03  -2.3923047e-04
   1.2713389e-01   2.9761939e-01   3.4056121e-01  -5.4925618e-03   1.7302613e-03  -8.4280490e-05
   1.2247267e-01   2.0677767e-01   3.5800474e-01  -5.4049827e-03   8.8397402e-04  -8.6789545e-04
   1.0943907e-01   3.0017870e-01   4.6787800e-01  -6.7321207e-03   8.2247924e-04  -6.1141788e-04
   1.1037790e-01   2.6868464e-01   4.7691346e-01  -6.2453840e-03   7.4354419e-04  -6.7238876e-04
   1.3870595e-01   3.4581582e-01   5.1819653e-01  -5.9717867e-03   7.9316207e-04  -8.1209535e-04
   1.3151238e-01   2.8879160e-01   5.1164249e-01  -5.8938866e-03   9.5797384e-04  -6.9181365e-04
   9.6248802e-02   2.2116252e-01   3.0931926e-01  -5.1633803e-03   1.9301697e-04  -2.2106337e-04
   5.8331384e-02   2.2820616e-01   5.7512830e-01  -7.3130627e-03   1.7004396e-03  -8.5494043e-04
   3.2283343e-02   2.8024348e-01   5.3998284e-01  -8.9228042e-03   2.4480299e-03  -1.0554321e-03
   6.8504635e-03   3.0734301e-01   5.6617237e-01  -1.2060825e-02   3.2912782e-03  -1.3008951e-03
   4.8369382e-03   3.1852556e-01   6.7934299e-01  -1.1792278e-02   3.8257396e-03  -1.5806317e-03
   9.7714132e-03   3.1215444e-01   6.0461384e-01  -1.1621885e-02   3.3083704e-03  -1.1074336e-03
   1.2219572e-02   3.1570704e-01   6.1197954e-01  -1.0499696e-02   3.3057459e-03  -1.1584362e-03
   1.6901778e-02   3.1150150e-01   6.2846254e-01  -1.1408074e-02   3.4689447e-03  -1.1260504e-03
   2.0401052e-02   2.8281352e-01   6.2201280e-01  -1.1757563e-02   3.1240733e-03  -9.6794692e-04
   3.6166928e-02   3.2782897e-01   6.1272584e-01  -1.1648761e-02   2.8695750e-03  -8.9047135e-04
   3.7423271e-02   3.5991113e-01   6.2137585e-01  -1.0315925e-02   3.1833504e-03  -7.7629607e-04
   2.8225827e-02   2.9960895e-01   6.3435892e-01  -1.0078507e-02   3.4148172e-03  -1.0144047e-03
   3.3712965e-02   3.2850022e-01   6.7496150e-01  -1.1430235e-02   2.7686441e-03  -7.9592241e-04
   3.6790344e-02   3.1658444e-01   6.2974267e-01  -1.0940128e-02   2.3419082e-03  -4.6715178e-04
   3.5332422e-02   3.5092475e-01   6.0516248e-01  -1.0610124e-02   1.9711382e-03  -4.5225664e-04
   3.8534963e-02   3.4201526e-01   6.5316486e-01  -1.1035640e-02   2.6281392e-03  -7.6503635e-04
   4.1004952e-02   3.5272989e-01   6.3087416e-01  -9.5803017e-03   1.8976727e-03  -2.1406716e-04
   3.7783712e-02   3.9477309e-01   4.9994797e-01  -5.3526118e-03   4.8960525e-04   6.1526612e-04
   3.1748633e-02   4.4040497e-01   4.4549311e-01  -5.1673599e-03   4.6586115e-04   4.1582878e-04
   2.2060576e-02   3.9924992e-01   5.8937780e-01  -4.9831165e-03   6.9835183e-04  -8.3976538e-05
   6.5612446e-02   3.8709123e-01   6.0299614e-01  -4.7999162e-03   5.2776857e-05   3.1707897e-04
   7.5233028e-02   3.8078928e-01   5.5439180e-01  -6.1556167e-03   2.3154189e-04   3.1649656e-04
   6.0279227e-02   3.8821059e-01   6.3133477e-01  -7.2724213e-03   1.3906074e-04  -3.0563090e-05
   5.3536799e-02   4.0596153e-01   6.3605132e-01  -7.1825915e-03   4.1915025e-05  -1.1972363e-04
   4.0320004e-02   3.8526587e-01   6.3358686e-01  -7.5150909e-03   8.7033014e-05  -3.5422466e-04
   5.1341558e-02   4.3001937e-01   5.7855727e-01  -6.5895642e-03   1.0262645e-04  -1.5793678e-05
   3.5926683e-02   3.7482264e-01   6.5440519e-01  -7.9158200e-03   2.3951305e-04  -4.3378765e-04
   5.0086899e-02   4.2522917e-01   5.6790115e-01  -6.0003778e-03   5.5132552e-04  -3.1408811e-04
   5.4465725e-02   3.3511518e-01   6.5057492e-01  -1.4261759e-02  -3.8694887e-04  -1.0411477e-03
   7.0630893e-02   3.8936609e-01   4.6870672e-01  -1.3306688e-02  -1.4699695e-04  -6.2659234e-04
   7.1927185e-02   3.3643079e-01   6.2947793e-01  -1.1853319e-02   7.8180219e-04  -2.8421440e-04
   6.2078826e-02   3.9363979e-01   6.4503312e-01  -1.1628738e-02   9.1439560e-04  -8.1382641e-04
   6.2797164e-02   3.5649799e-01   7.1992946e-01  -1.1742415e-02   6.6646926e-04  -4.6688553e-04
   7.0043407e-02   4.0702456e-01   6.6311539e-01  -1.0985324e-02   1.5603268e-03  -5.7021858e-04
   8.1604013e-02   3.2786245e-01   6.7017523e-01  -1.1182846e-02   1.0430424e-03  -3.5469770e-04
   9.4655436e-02   4.4337953e-01   6.9710556e-01  -8.8101183e-03   1.8172162e-03  -7.9431983e-04
   1.7076765e-01   4.1908768e-01   1.1250492e+00  -6.9154336e-03   3.2658642e-03  -2.8470214e-03
   1.3414038e-01   3.8830234e-01   9.6326099e-01  -1.0983196e-02   3.0998952e-03  -2.1407990e-03
   1.3150805e-01   3.7573790e-01   8.9499189e-01  -9.2258232e-03   3.1362937e-03  -1.7424723e-03
   1.9697564e-01   4.6415679e-01   5.6546771e-01  -4.5760163e-03   3.9277442e-03  -1.8399477e-03
   1.8678125e-01   3.9482422e-01   6.4202782e-01  -4.9867440e-03   3.1091274e-03  -1.6708600e-03
   1.5575346e-01   3.1368354e-01   8.5246980e-01  -8.5898338e-03   3.3999630e-03  -1.4683740e-03
   1.7651644e-01   3.7678296e-01   7.9427051e-01  -6.4652083e-03   3.0842276e-03  -1.3235797e-03
   1.6046479e-01   3.3111983e-01   8.2289268e-01  -7.6710935e-03   2.8050921e-03  -1.1903460e-03
   1.7066156e-01   4.3079972e-01   8.1038023e-01  -7.5845003e-03   3.0756331e-03  -1.4659151e-03
   1.8168372e-01   3.6292712e-01   8.2312223e-01  -7.5063666e-03   2.7400608e-03  -1.2822025e-03
   1.9584803e-01   4.1965464e-01   7.1857525e-01  -7.1940853e-03   2.7558366e-03  -1.3595606e-03
   1.7949558e-01   2.8171651e-01   4.0363240e-02  -5.6701287e-03   3.3745331e-03  -1.8201858e-03
   1.9889773e-01   3.4246452e-01   2.1010310e-01  -4.8396061e-03   3.2589078e-03  -1.5637921e-03
   1.6380389e-01   3.8737578e-01   7.3143727e-01  -9.5029400e-03   3.3213333e-03  -2.1172931e-03
   1.5851033e-01   3.9566438e-01   7.0189707e-01  -7.4189108e-03   2.7967060e-03  -1.9057352e-03
   1.2967156e-01   4.1670720e-01   7.6417589e-01  -1.1565018e-02   3.9667144e-03  -2.7791796e-03
   9.0498875e-02   3.5754001e-01   7.9650777e-01  -1.6673006e-02   3.5584462e-03  -2.5752422e-03
   1.3071372e-01   4.3872401e-01   7.6712033e-01  -1.0085846e-02   4.3589306e-03  -2.9315564e-03
   1.9987427e-01   3.1411346e-01   2.8074934e-01   2.6231014e-03   3.7836817e-03  -1.5215028e-03
   1.9772477e-01   3.1303437e-01   3.9291993e-01  -1.2968300e-03   1.1103823e-03  -1.1213502e-03
   1.9984855e-01   3.5986203e-01   4.4569845e-01  -1.5685735e-03   1.4851125e-03  -1.5690568e-03
   1.9590755e-01   3.4542315e-01   5.1611148e-01  -1.8439859e-03   8.1367213e-04  -1.5455473e-03
   1.8769127e-01   3.9092139e-01   4.6143856e-01  -2.8707981e-03   9.7912344e-04  -1.6482561e-03
   1.8571901e-01   3.9157562e-01   4.5895201e-01  -2.4921458e-03   1.1273807e-03  -1.6947472e-03
   1.9397501e-01   4.0222937e-01   4.7537975e-01  -2.7561957e-03   1.2364091e-03  -1.5163297e-03
   1.9079958e-01   3.7845072e-01   4.6388866e-01  -2.4224706e-03   1.0719077e-03  -1.3781914e-03
   1.8907852e-01   3.7459944e-01   4.8674244e-01  -2.3852433e-03   1.0109673e-03  -1.7434925e-03
   1.9440059e-01   3.8977364e-01   5.4910270e-01  -4.4702242e-03   4.2769336e-04  -1.6050089e-03
   1.9066950e-01   3.8374567e-01   5.1800610e-01  -4.1990530e-03   4.9913981e-04  -1.5109893e-03
   2.1078238e-01   3.9693124e-01   5.2185269e-01  -4.5522830e-03   2.6032369e-04  -1.2336480e-03
   2.1165377e-01   4.4128550e-01   5.7719182e-01  -4.2465759e-03   7.4905725e-04  -1.4821370e-03
   2.0057188e-01   4.4436565e-01   6.0016397e-01  -4.5782186e-03   7.2964687e-04  -1.5656363e-03
   2.0193456e-01   4.6841253e-01   5.8150524e-01  -3.2310988e-03   6.3560431e-04  -1.6295407e-03
   1.9535417e-01   4.2301302e-01   6.3188983e-01  -3.3546328e-03   3.5510845e-04  -1.6264246e-03
   1.9962349e-01   4.2067903e-01   6.7007456e-01  -3.8437105e-03   5.3333043e-04  -1.6926555e-03
   1.9855125e-01   4.2853738e-01   6.8640181e-01  -4.2490554e-03  -2.1100491e-05  -1.7878076e-03
   2.0123627e-01   4.6634634e-01   6.3277827e-01  -4.0509083e-03   6.7637024e-06  -1.7016987e-03
   2.0821220e-01   4.5462544e-01   6.2754582e-01  -4.9572758e-03  -2.4305014e-04  -1.7080950e-03
   2.1483910e-01   4.9787201e-01   5.9697777e-01  -2.3151091e-03   6.7669979e-06  -1.4728875e-03
   1.9576577e-01   4.4379351e-01   5.9771978e-01  -2.5213217e-03  -2.7947352e-04  -1.9692540e-03
   1.9706545e-01   4.7343625e-01   6.1336799e-01  -3.6674845e-03  -1.5718172e-04  -2.1530787e-03
   1.9219444e-01   4.7388104e-01   6.3704990e-01  -3.4492681e-03  -6.8694805e-04  -2.3741492e-03
   1.7990502e-01   4.9500264e-01   6.9022434e-01  -4.4048101e-03   1.6696802e-04  -2.4016605e-03
   1.7709409e-01   4.9864192e-01   9.2475049e-01  -5.4495924e-03   2.3001715e-04  -2.5249484e-03
   1.7525778e-01   5.0470793e-01   8.7482036e-01  -4.9229011e-03   9.0024722e-04  -2.4554126e-03
   1.7314552e-01   5.1389504e-01   8.7244073e-01  -4.2796698e-03   1.7050801e-03  -2.1924710e-03
   1.8459111e-01   5.0595830e-01   8.5128184e-01  -3.8615958e-03   1.3948321e-03  -1.7832815e-03
   1.7575973e-01   4.9077615e-01   8.8909265e-01  -4.3553730e-03   1.2300117e-03  -1.9941377e-03
   1.7159028e-01   4.7996560e-01   8.9933612e-01  -4.6351025e-03   1.0347512e-03  -2.0095309e-03
   1.6766086e-01   4.9799560e-01   9.0949741e-01  -5.2077384e-03   8.4595038e-04  -2.1099579e-03
   1.5862952e-01   5.1313343e-01   8.5753704e-01  -5.6008466e-03   8.6311086e-04  -2.2181777e-03
