   0.0000000e+00   0.0000000e+00   0.0000000e+00   0.0000000e+00   0.0000000e+00   0.0000000e+00
   7.9288510e-04   1.0055444e-02   4.1983140e-03   7.0681823e-05  -1.6998256e-04   1.5250143e-04
   1.0890940e-02   6.5661599e-03   3.5156725e-02  -1.0625159e-03  -4.2965497e-04   3.3081420e-04
   2.1855286e-02   1.0584079e-02   2.0373103e-02  -5.3069309e-04  -2.6667849e-04   2.9340888e-04
   1.8233050e-02  -7.2289819e-03   2.3985595e-02  -8.1087492e-04  -2.9837922e-04   4.5638436e-04
   2.3142546e-03   7.7450123e-03   2.7542797e-03  -6.9313187e-04  -3.3637760e-05   3.3560717e-04
  -3.0642578e-03   6.7448271e-03   2.0986660e-02  -7.9788538e-04  -1.5724003e-04   1.4196634e-04
  -1.8992936e-03   1.8843081e-02   9.0524365e-03  -5.7689974e-04  -2.2950523e-04   2.4657298e-04
   3.8882036e-03  -3.6944940e-03   4.1207619e-02  -8.7366998e-04  -3.1936839e-04   2.9119514e-04
   1.8873361e-03   2.0241021e-02  -5.0224070e-03  -1.2154951e-04  -9.6273278e-05   2.0097158e-04
  -5.0918502e-03   2.3604896e-02   7.2311999e-03   8.9890893e-05  -3.6831448e-05   5.4623751e-05
  -3.1452825e-02   1.7149001e-02   3.7746665e-02  -9.9655451e-04  -2.8007433e-04  -3.3362406e-04
  -2.8051901e-03   2.1729415e-02   4.4960655e-02  -9.1494555e-04  -2.4157839e-04   1.4059988e-04
  -2.3902542e-02   1.8617248e-02   2.5711283e-02  -1.3980350e-03  -4.4251848e-04  -2.6446721e-04
  -2.5487844e-02   2.6635869e-02   3.2589437e-02  -1.0660672e-03  -5.2617720e-04  -2.5445729e-04
  -3.4036718e-02   2.3199776e-02   4.7250130e-02  -1.3279832e-03  -7.0245395e-04  -1.5766196e-04
  -3.4216750e-02   6.1196095e-02   7.7909066e-03  -6.3730283e-04  -4.2011179e-04  -1.5787994e-04
  -3.3973804e-02   5.4261781e-02   1.8097827e-02  -5.3417443e-05  -4.6418801e-04  -3.7323859e-04
  -4.2633039e-02   8.2294232e-02   5.0930834e-02  -1.2411252e-03  -7.9586991e-04  -4.1215446e-04
  -4.3431472e-02   1.0543174e-01   3.3724236e-02  -8.1537615e-04  -7.3602374e-04  -3.9515025e-04
  -5.8382107e-02   1.1071451e-01   5.4112149e-02  -1.3579371e-03  -9.5661986e-04  -6.1084674e-04
  -4.5713616e-02   1.2718002e-01   6.4748144e-02  -1.0390688e-03  -1.1044041e-03  -6.1201724e-04
  -3.3503698e-02   9.9666985e-02   5.9971694e-02  -1.2034142e-03  -1.1947397e-03  -4.1269886e-04
  -4.4639915e-02   9.0973614e-02   4.5160742e-02  -5.6116312e-04  -8.1281059e-04  -4.9735585e-04
  -5.8303103e-02   8.8067179e-02   5.1245557e-02  -2.6253788e-04  -1.1534225e-03  -8.7364372e-04
  -5.7727232e-02   7.8563865e-02   5.0900606e-02  -5.4303253e-04  -1.3008555e-03  -5.8082473e-04
  -5.3749686e-02   9.2229581e-02   8.1149380e-02  -7.9492457e-04  -1.4789854e-03  -6.5734065e-04
  -6.3928427e-02   1.2881681e-01   6.0917933e-02  -7.9513468e-04  -1.1465124e-03  -7.6550368e-04
  -7.7182671e-02   1.3415304e-01   7.6130772e-02  -6.2786425e-04  -1.1142615e-03  -9.4450240e-04
  -8.7306783e-02   1.5902904e-01   5.4324387e-02  -4.2996234e-04  -7.9601093e-04  -1.3170271e-03
  -8.6739305e-02   1.4092063e-01   5.8005305e-02  -2.1055203e-04  -9.8095034e-04  -1.2928437e-03
  -8.0467333e-02   1.3496405e-01   8.1757003e-02  -4.4875814e-04  -1.2999395e-03  -9.8026176e-04
  -9.2551983e-02   1.2852495e-01   5.6573399e-02  -1.5776672e-04  -8.8815752e-04  -1.0439356e-03
  -9.3421172e-02   1.0992507e-01   7.2423051e-02   1.6104332e-05  -1.0451497e-03  -1.1390598e-03
  -9.5467431e-02   1.4377083e-01   5.9213280e-02  -3.1911179e-04  -9.3360858e-04  -1.0897166e-03
  -1.0948709e-01   1.3881089e-01   6.1285352e-02  -7.0473372e-04  -9.1158206e-04  -1.3236782e-03
  -9.5615057e-02   1.5060024e-01   8.1634647e-02  -4.1012119e-04  -1.3636510e-03  -1.0075952e-03
  -9.7827831e-02   1.2906500e-01   7.4248993e-02  -5.1391730e-04  -1.2475709e-03  -1.0440638e-03
  -1.0378593e-01   1.7305199e-01   6.8863753e-02  -1.9626605e-04  -1.5747063e-03  -1.5184971e-03
  -9.3367427e-02   1.5823066e-01   8.3820970e-02  -6.3752193e-04  -1.7559604e-03  -1.1578384e-03
  -1.0229054e-01   1.2915138e-01   6.5279008e-02  -6.3926964e-04  -1.4978566e-03  -1.2323737e-03
  -1.1786571e-01   1.4810524e-01   3.9263303e-02   2.8767789e-05  -1.1741448e-03  -1.7950109e-03
  -1.1488589e-01   1.3751645e-01   6.1816872e-02  -7.6612013e-04  -1.3585206e-03  -1.4877854e-03
  -1.1706837e-01   1.5579100e-01   5.8719510e-02  -5.6149015e-04  -1.2509224e-03  -1.5411876e-03
  -9.1866243e-02   1.4627226e-01   4.8941177e-02  -9.0351187e-04  -1.4595704e-03  -1.5014869e-03
  -8.5474770e-02   1.4157013e-01   2.6627904e-02  -6.9962159e-04  -1.5057597e-03  -1.2768647e-03
  -9.0514082e-02   1.1903260e-01   1.1825131e-02  -5.2980042e-04  -1.0230887e-03  -1.0677919e-03
  -9.0289065e-02   1.1037258e-01   2.2401723e-02  -5.7138696e-04  -1.1830290e-03  -7.4062431e-04
  -8.7248011e-02   1.4261593e-01   1.2059115e-02  -2.2023603e-04  -1.2756210e-03  -7.8185484e-04
  -1.1131249e-01   1.3434511e-01  -1.0594737e-02   4.5275678e-04  -7.3456876e-04  -1.1782941e-03
  -1.0515099e-01   1.5674200e-01   1.3600835e-03  -6.6676276e-04  -1.0824582e-03  -1.0598469e-03
  -8.6262520e-02   1.5390244e-01   2.6604923e-02  -4.8905376e-04  -1.1541071e-03  -1.1159049e-03
  -9.2704601e-02   1.5299281e-01   1.0162337e-02  -9.3861269e-04  -9.9658483e-04  -9.7149176e-04
  -9.6543161e-02   1.6595888e-01   3.0266907e-02  -6.2847939e-04  -1.0555008e-03  -1.1323294e-03
  -1.0959447e-01   1.7139874e-01   1.5370259e-02  -7.1127723e-04  -7.8158901e-04  -1.3345404e-03
  -8.1988427e-02   1.6109298e-01   3.6761396e-02  -9.5849472e-04  -9.7419818e-04  -9.0956195e-04
  -9.1282451e-02   1.7917439e-01   2.3602577e-02  -9.6573161e-04  -1.0764937e-03  -1.1309077e-03
  -7.3253307e-02   1.5919068e-01   3.9307282e-02  -5.7104302e-04  -1.3500977e-03  -9.5906111e-04
  -1.1613533e-01   1.6144383e-01   6.4256169e-02  -6.2706592e-04  -1.2934788e-03  -1.2013425e-03
  -1.0165665e-01   1.7437308e-01   2.1078353e-02  -2.7975973e-04  -8.0742236e-04  -1.3311904e-03
  -8.4581499e-02   1.8992417e-01   2.6911093e-02  -5.7294755e-04  -1.0810903e-03  -1.2609886e-03
  -7.9514398e-02   1.9667443e-01   2.9421486e-02  -5.4694461e-04  -1.0340988e-03  -1.0626098e-03
  -9.6887515e-02   1.8146903e-01   4.1724258e-02  -5.5938037e-04  -1.0599980e-03  -1.1810723e-03
  -9.4881145e-02   1.8658575e-01   5.8417983e-02  -3.4335829e-04  -1.1898958e-03  -1.0330444e-03
  -8.8048116e-02   1.8007385e-01   6.6361976e-02  -1.4557643e-04  -1.1372783e-03  -1.1459679e-03
  -1.0458711e-01   1.7841847e-01   8.1400934e-02  -1.9744925e-04  -1.3715929e-03  -1.2571588e-03
  -1.1100477e-01   1.7958412e-01   6.1792238e-02   1.5482115e-04  -9.0166847e-04  -1.2920206e-03
  -1.1109107e-01   1.6661822e-01   7.9246661e-02   3.6330019e-04  -1.1976060e-03  -1.2579008e-03
  -9.5546355e-02   1.7303534e-01   8.8488056e-02   1.6525499e-05  -1.2716005e-03  -1.1735488e-03
  -9.1072769e-02   1.9430549e-01   3.7842327e-02   8.8534465e-04  -1.0704746e-03  -1.0310675e-03
  -1.0089195e-01   1.8307356e-01   3.9359879e-02   1.1644059e-03  -1.1713195e-03  -1.2544986e-03
  -9.0783572e-02   1.7693171e-01   9.4785705e-02   2.9157725e-04  -1.2828055e-03  -9.9990332e-04
  -8.3520118e-02   2.0269671e-01   8.4178088e-02   2.2613636e-04  -1.3363932e-03  -1.0781095e-03
  -8.5354776e-02   2.0235183e-01   1.1495235e-01   1.2887230e-04  -1.4567175e-03  -1.0969443e-03
  -6.2187337e-02   1.7505741e-01   9.8772877e-02   2.8896277e-05  -1.5076639e-03  -8.1787196e-04
  -8.5530488e-02   1.9554172e-01   5.3446609e-02   3.3700314e-04  -1.3153706e-03  -1.2824852e-03
  -7.2789818e-02   1.7661549e-01   7.1278255e-02   9.0612599e-05  -1.2699056e-03  -9.9728864e-04
  -8.8089423e-02   1.8004751e-01   8.4628129e-02  -1.6826910e-07  -1.4303433e-03  -1.1971920e-03
  -9.7096291e-02   1.9742673e-01   8.5970535e-02  -2.8470233e-04  -1.4495813e-03  -1.1652060e-03
  -8.6096823e-02   2.0272737e-01   7.8206008e-02  -1.0396667e-05  -1.4247859e-03  -8.9612260e-04
  -9.3822838e-02   2.0232745e-01   6.8998410e-02   2.5239121e-04  -1.1943264e-03  -1.3770310e-03
  -9.3031978e-02   2.0994501e-01   7.2301310e-02  -1.2994020e-04  -1.2178915e-03  -1.3317787e-03
  -9.9602576e-02   2.3543312e-01   8.0402895e-02  -4.0295980e-04  -1.3057353e-03  -1.3147081e-03
  -1.0409032e-01   2.6616253e-01   5.7950664e-02   2.1521287e-04  -1.1472964e-03  -1.4917011e-03
  -1.0726686e-01   2.7311732e-01   6.8029068e-02   5.0196220e-04  -1.1943089e-03  -1.5432475e-03
  -1.0709122e-01   2.6483745e-01   1.1083880e-01   3.6877537e-04  -1.2634928e-03  -1.5156922e-03
  -1.0538728e-01   2.7975333e-01   5.4216597e-02   5.7046671e-04  -9.0593861e-04  -1.5637304e-03
  -8.4419634e-02   2.4200667e-01   8.5694489e-02   1.1642915e-04  -1.4790271e-03  -1.1829240e-03
  -9.9428465e-02   2.7103521e-01   6.4546248e-02   2.6663181e-04  -1.3659285e-03  -1.4846196e-03
  -8.1733258e-02   2.5033802e-01   1.0623553e-01   1.3830213e-04  -1.7115139e-03  -1.1441295e-03
  -8.2595897e-02   2.6626872e-01   1.0305408e-01   5.2448686e-04  -1.6018227e-03  -1.2670349e-03
  -8.5930244e-02   2.9131839e-01   8.1121129e-02   7.5168234e-04  -1.6177128e-03  -1.4073041e-03
  -5.7873467e-02   2.8089973e-01   6.2476560e-02  -6.0935785e-04  -1.5377777e-03  -7.5379980e-04
  -4.2209998e-02   2.3980664e-01   3.6565772e-02   8.4080290e-04  -2.1150649e-03  -5.9248098e-04
  -3.3458997e-02   2.9765654e-01   3.3830507e-02   1.1527087e-03  -1.5377277e-03  -7.0481559e-04
  -5.2156486e-02   3.2131248e-01   6.0298007e-02   3.1058153e-04  -1.8073670e-03  -1.0959350e-03
  -4.6498371e-02   3.0988802e-01   1.3830573e-02   9.1856762e-04  -1.5121917e-03  -6.3209789e-04
  -5.5700589e-02   2.9612373e-01   2.4315239e-02   6.5480878e-04  -1.5248710e-03  -7.3400699e-04
  -3.4523033e-02   3.0207584e-01   7.6616305e-03   1.1895312e-03  -1.3602701e-03  -3.8516094e-04
  -3.7583647e-02   2.5655373e-01   4.2626012e-02   1.3134401e-03  -1.7369590e-03  -4.2654978e-04
  -3.8250847e-02   2.4377936e-01   1.9802811e-03   1.1608760e-03  -1.7079800e-03  -2.4879649e-04
  -6.8367609e-02   2.6111045e-01   1.9970806e-02   5.1780700e-04  -1.5363264e-03  -7.3683923e-04
  -6.6372113e-02   2.6780525e-01  -1.9446084e-02   1.2534105e-03  -1.4387145e-03  -4.9523837e-04
  -7.8819793e-02   2.6420648e-01   1.5196507e-02   6.6283688e-04  -1.5656751e-03  -6.2592685e-04
  -6.0208298e-02   2.5012792e-01   6.9602364e-03   7.1820211e-04  -1.5737209e-03  -3.8755522e-04
  -6.9797000e-02   2.9877523e-01   3.4953985e-02   3.3143241e-04  -1.9715227e-03  -6.9043438e-04
  -9.8149946e-02   3.5177556e-01   6.0774072e-02  -8.5877783e-05  -2.3255910e-03  -9.5545347e-04
  -1.2361877e-01   2.4180720e-01  -6.6571736e-02   1.3727779e-03  -1.1040712e-03  -7.7403927e-04
  -8.1320948e-02   2.8217818e-01   3.3583192e-02   1.0484784e-04  -2.0027230e-03  -3.8776921e-04
  -1.0380303e-01   3.1170180e-01   2.4318131e-02   6.1988993e-04  -1.6141183e-03  -7.8109670e-04
  -9.8865505e-02   3.0521274e-01   2.6845204e-02   7.4837062e-04  -1.8541639e-03  -7.9052222e-04
  -1.1551295e-01   3.0599736e-01  -3.6033119e-02   9.4367703e-04  -1.6600503e-03  -8.3154071e-04
  -1.1313799e-01   3.1297508e-01   2.3896033e-02   1.1665228e-03  -1.9697300e-03  -7.6138872e-04
  -1.1927209e-01   3.2290556e-01  -4.2486105e-02   1.0048154e-03  -1.7066777e-03  -8.9565885e-04
  -1.3770173e-01   3.2144499e-01  -1.6464142e-02   1.3003488e-03  -1.7588897e-03  -1.2187889e-03
  -1.2040962e-01   3.4058305e-01  -3.0860195e-02   9.1121102e-04  -1.8464395e-03  -1.0445741e-03
  -1.3781899e-01   3.2420393e-01  -2.2375310e-03   9.1786403e-04  -2.2798534e-03  -1.1956222e-03
  -1.1484049e-01   3.4292462e-01  -1.9467536e-02   1.1660602e-03  -1.7200516e-03  -9.3835030e-04
  -1.0956941e-01   3.4979781e-01  -3.6579380e-02   8.6854660e-04  -2.2446111e-03  -1.1042095e-03
  -1.1147020e-01   3.3121819e-01  -2.9069104e-02   1.2119740e-03  -2.0681765e-03  -7.7917165e-04
  -1.0244094e-01   3.5130850e-01  -2.6109953e-02   1.0687839e-03  -1.9889344e-03  -1.0813721e-03
  -1.1078649e-01   3.2073022e-01  -5.3158342e-02   1.1824548e-03  -2.2018660e-03  -1.0641195e-03
  -1.0700099e-01   3.2942852e-01  -3.3716684e-02   8.5460521e-04  -2.4687826e-03  -1.0492313e-03
  -1.3063763e-01   3.0239117e-01  -7.6757629e-02   1.6853454e-03  -2.2037314e-03  -1.4148873e-03
  -1.1237535e-01   2.9286630e-01  -4.4692178e-02   1.5401854e-03  -2.2523264e-03  -1.2073408e-03
  -1.0715929e-01   3.0094721e-01  -1.5165744e-03   1.1410725e-03  -2.6082609e-03  -8.0088256e-04
  -1.0167420e-01   3.1513070e-01  -5.3546131e-02   1.5456644e-03  -2.3535137e-03  -7.3149522e-04
  -8.8103803e-02   3.2251631e-01  -3.2057301e-02   1.4582534e-03  -2.3277713e-03  -4.1732133e-04
  -1.0968081e-01   3.4594262e-01  -6.7593552e-02   1.6263856e-03  -1.9637073e-03  -7.8352519e-04
  -1.0922437e-01   3.6941411e-01  -6.5490666e-02   1.4093769e-03  -2.0748853e-03  -9.3115537e-04
  -9.6541695e-02   3.4232830e-01  -4.8436088e-02   1.6008095e-03  -2.0819791e-03  -5.3443567e-04
  -1.0011641e-01   3.5779780e-01  -4.9387272e-02   2.0022288e-03  -2.2496685e-03  -6.9828267e-04
  -1.1305106e-01   3.5475595e-01  -3.9083710e-03   1.6557446e-03  -2.5305287e-03  -6.1236356e-04
  -8.6761392e-02   3.7269147e-01   4.2100678e-02   2.9649029e-04  -3.4054029e-03  -7.4939121e-04
  -9.4613162e-02   3.1433251e-01  -1.6145325e-02   1.7184205e-03  -3.1092143e-03  -8.1418190e-04
  -9.0197942e-02   3.3270079e-01  -3.4787175e-02   1.4363685e-03  -2.7484971e-03  -6.9315517e-04
  -1.0030402e-01   3.3641612e-01  -1.3185494e-02   1.2796148e-03  -2.9121104e-03  -7.2843422e-04
  -8.2014639e-02   3.3986352e-01  -6.6482037e-03   1.5119570e-03  -2.9210193e-03  -5.7999007e-04
  -1.0786390e-01   3.4094967e-01  -2.3497253e-02   1.4080118e-03  -2.6943243e-03  -1.0710458e-03
  -9.8643117e-02   3.1958428e-01  -4.3038717e-02   1.8978361e-03  -2.6571235e-03  -7.6072826e-04
  -1.0987949e-01   3.0968257e-01  -7.4059020e-02   1.8248350e-03  -2.3543996e-03  -1.0333604e-03
  -1.0662007e-01   3.1422082e-01  -6.3662563e-02   1.5957965e-03  -2.7680566e-03  -9.8432627e-04
  -1.0521940e-01   3.3506664e-01  -9.4465618e-02   1.3359497e-03  -2.4078076e-03  -9.6784384e-04
  -9.6248313e-02   3.3587261e-01  -7.1955063e-02   1.5347916e-03  -2.3707700e-03  -7.1426872e-04
  -9.3769981e-02   3.2907833e-01  -5.6376412e-02   1.7621255e-03  -2.8842936e-03  -8.1252099e-04
  -1.0163183e-01   3.3775278e-01  -9.2234789e-02   1.4289042e-03  -2.4210453e-03  -1.1800623e-03
  -6.8706580e-02   3.3091240e-01  -5.9199293e-02   1.4280723e-03  -2.7336423e-03  -6.0120254e-04
  -8.6485878e-02   3.4964420e-01  -9.0213460e-02   1.8158420e-03  -2.4853135e-03  -8.5767267e-04
  -9.5576281e-02   3.2580523e-01  -1.2537082e-02   1.7206466e-03  -3.0003724e-03  -9.1881261e-04
  -9.3467033e-02   3.5962154e-01  -8.9363666e-02   1.6422182e-03  -2.7320376e-03  -1.0871462e-03
  -9.4284371e-02   3.4867919e-01  -3.1980460e-02   1.6354610e-03  -3.2370072e-03  -9.2790380e-04
  -1.0141004e-01   3.7434987e-01  -1.3781286e-01   1.3784338e-03  -2.4813217e-03  -9.5849776e-04
  -1.1182642e-01   3.8408532e-01  -1.1664122e-01   1.4682164e-03  -2.7085804e-03  -1.0105542e-03
  -1.1853543e-01   4.0499214e-01  -9.6828433e-02   1.3107602e-03  -2.6206009e-03  -1.1712760e-03
  -1.2002440e-01   4.1221011e-01  -1.1898905e-01   1.5552550e-03  -2.5782056e-03  -1.3228442e-03
  -1.0750402e-01   4.0818412e-01  -9.9674814e-02   1.5611994e-03  -2.5348994e-03  -1.1107529e-03
  -1.0148449e-01   3.9879104e-01  -1.2217958e-01   1.4491990e-03  -2.4972615e-03  -1.1879110e-03
  -1.0064116e-01   3.9227212e-01  -1.2828603e-01   1.6954991e-03  -2.4486353e-03  -1.0969657e-03
  -8.8458825e-02   3.8504074e-01  -1.4285427e-01   1.3945297e-03  -2.3318749e-03  -9.1714403e-04
  -9.6597652e-02   4.0241161e-01  -1.2494836e-01   1.9983205e-03  -2.4196070e-03  -9.4430359e-04
  -9.1110504e-02   3.8840571e-01  -8.4332868e-02   1.9832977e-03  -2.6463711e-03  -9.8539772e-04
  -9.4789586e-02   4.1685130e-01  -1.0138851e-01   2.0662812e-03  -2.5689690e-03  -1.1072645e-03
  -8.8003058e-02   4.0145512e-01  -8.5808106e-02   2.0830218e-03  -2.7810402e-03  -9.8286753e-04
  -9.3208722e-02   4.1216557e-01  -1.2462727e-01   2.3728861e-03  -2.7381137e-03  -1.2529019e-03
  -8.7993032e-02   3.9975118e-01  -9.0386165e-02   2.3909222e-03  -3.1573147e-03  -9.1423746e-04
  -1.1170398e-01   4.2126660e-01  -1.4678185e-01   2.2438201e-03  -2.8732373e-03  -1.3420470e-03
  -1.1439724e-01   4.1811309e-01  -9.2070944e-02   2.9219136e-03  -3.0298409e-03  -1.3753011e-03
  -9.6591381e-02   4.5101313e-01  -1.4257404e-01   2.5242200e-03  -3.0439044e-03  -1.2282594e-03
  -1.0968701e-01   4.3950262e-01  -1.2344836e-01   2.9704815e-03  -3.1528207e-03  -1.4560049e-03
  -1.1633625e-01   4.4406495e-01  -1.5589708e-01   2.9822970e-03  -2.9272120e-03  -1.6626821e-03
  -1.1996071e-01   4.4675810e-01  -1.4889837e-01   3.2165479e-03  -2.9784268e-03  -1.5213621e-03
  -1.0549831e-01   3.9596145e-01  -2.2620713e-01   3.4281157e-03  -3.2885985e-03  -4.1043034e-04
  -1.0960779e-01   4.3375745e-01  -2.2364864e-01   3.5309931e-03  -3.4412924e-03  -7.8305337e-04
  -1.0651597e-01   4.3730980e-01  -1.9297536e-01   3.7470094e-03  -3.3602502e-03  -8.0543554e-04
  -1.0111586e-01   4.2956689e-01  -1.7892053e-01   3.9606238e-03  -3.7985416e-03  -7.0788929e-04
  -9.2435980e-02   4.0493229e-01  -1.6831270e-01   3.5490131e-03  -3.9196939e-03  -4.7878649e-04
  -9.1245538e-02   4.3237468e-01  -1.7787747e-01   3.8250735e-03  -4.5228577e-03  -6.0949878e-04
  -1.0661720e-01   4.5549689e-01  -2.2870711e-01   4.7670483e-03  -4.1528420e-03  -1.0341380e-03
  -1.0053361e-01   4.4921298e-01  -2.7158339e-01   5.1505322e-03  -3.6960037e-03  -1.0674052e-03
