   0.0000000e+00   0.0000000e+00   0.0000000e+00   0.0000000e+00   0.0000000e+00   0.0000000e+00
  -3.8353468e-03   1.6519488e-02   1.2191412e-02  -1.9049501e-04   7.4888145e-05  -1.3593023e-05
   1.1029540e-03   2.1576595e-03   5.8513177e-02  -1.0680737e-03  -1.7162323e-04   1.1087373e-05
   1.2302558e-02   1.6714756e-02   5.0394251e-02  -5.3490594e-04  -2.9498021e-04   2.6025036e-04
   1.4534388e-02   1.6268854e-02   3.0130283e-02   1.6291367e-04  -1.4238211e-04   8.8045997e-05
   2.9108171e-03   7.1444562e-02   1.3781838e-01  -2.3139729e-03  -1.1923350e-03   3.3328645e-04
  -9.6188907e-02  -3.4437534e-01  -5.8195754e-01   6.9534683e-03  -2.1844290e-03  -3.2290472e-03
  -2.0957739e-01  -1.7433080e-02  -7.9981272e-01   1.4104560e-02  -1.8227279e-03  -4.4051054e-03
  -1.5239857e-01   3.9655257e-02  -4.7186413e-01   9.8537186e-03  -1.6405084e-03  -3.0939145e-03
  -1.2951328e-01  -1.7518805e-02  -2.9998459e-01   8.5946997e-03  -1.9688405e-03  -2.9812513e-03
  -1.3017924e-01   8.6647360e-03  -2.4757440e-01   7.1573597e-03  -1.6276416e-03  -2.7984770e-03
  -1.2284986e-01   6.0885303e-04  -2.5507853e-01   7.2813545e-03  -1.7252789e-03  -2.8418362e-03
  -1.2185700e-01   3.8333587e-02  -2.5268502e-01   6.7744672e-03  -1.4337450e-03  -2.3232080e-03
  -1.1547095e-01   5.6466647e-02  -2.8160245e-01   7.5133592e-03  -1.5058342e-03  -2.3044059e-03
  -1.0318955e-01   6.2377957e-02  -2.3274931e-01   6.6945021e-03  -1.5148181e-03  -1.7937297e-03
  -9.1080579e-02   4.2083609e-02  -2.3067258e-01   7.8872600e-03  -1.6533930e-03  -1.6909429e-03
  -9.0839148e-02   4.0770694e-02  -1.8807811e-01   6.2375068e-03  -1.3096661e-03  -2.2409839e-03
  -6.3905588e-02   1.5505073e-02  -1.7981373e-01   6.9673521e-03  -1.4799954e-03  -1.8697689e-03
  -8.3330446e-02   6.3523543e-02  -9.1389896e-02   6.3879952e-03  -1.4511405e-03  -2.0909421e-03
  -5.5315280e-02   5.2444791e-02  -2.9458443e-02   6.8827630e-03  -1.6216485e-03  -2.0501675e-03
  -5.7937376e-02   6.9398451e-02   3.5182353e-02   6.1872505e-03  -2.2623387e-03  -1.7951054e-03
  -4.6948305e-02   6.1494265e-02  -9.3572147e-03   6.8902249e-03  -2.0247670e-03  -1.9198227e-03
  -4.7099542e-02   5.3904944e-02   7.7536297e-02   5.7640560e-03  -2.2517711e-03  -2.0383687e-03
  -3.3230155e-02   4.8730642e-02   2.3026650e-02   6.5203922e-03  -2.5164529e-03  -1.6008156e-03
  -2.8608777e-02   8.7957602e-02  -1.2704183e-01   7.9807432e-03  -2.7932451e-03  -1.5252072e-03
  -4.4606100e-02   1.0159182e-01  -5.6140035e-03   5.4070671e-03  -2.5956998e-03  -1.7320036e-03
  -3.4997311e-02   9.6992755e-02  -3.8757220e-02   6.7236478e-03  -2.5960324e-03  -1.6588183e-03
  -3.3680713e-02   3.8367482e-02  -2.4622485e-02   5.7554187e-03  -2.4533051e-03  -1.7712759e-03
  -5.1438395e-02   6.7893452e-02   1.4248592e-01   5.5965562e-03  -2.7586020e-03  -1.8860284e-03
  -4.3965455e-02   8.2988867e-02   1.4066751e-01   5.7480469e-03  -2.8236220e-03  -1.8330380e-03
  -3.2767629e-02   8.8907537e-02   1.2217741e-01   6.9665510e-03  -3.0835822e-03  -1.4832741e-03
  -3.7100193e-02   8.7041506e-02   1.3819577e-01   5.9050961e-03  -3.0168409e-03  -1.6389658e-03
  -4.2431546e-02   7.6590980e-02   2.2020585e-01   5.3021303e-03  -2.9400210e-03  -1.9039740e-03
  -3.1019666e-02   8.0707601e-02   2.1682899e-01   4.9267571e-03  -3.0265575e-03  -1.7859625e-03
  -3.4633836e-02   9.3040453e-02   2.5486900e-01   5.4842131e-03  -2.9382946e-03  -1.8547739e-03
  -3.5063665e-02   1.1368529e-01   2.0899398e-01   5.1770469e-03  -2.9759893e-03  -1.7525271e-03
  -3.5183991e-02   1.0803576e-01   2.3866454e-01   6.2853795e-03  -2.9084626e-03  -1.7558691e-03
  -2.6464426e-02   1.0536660e-01  -2.4868755e-01   4.8810649e-03  -2.7201057e-03  -1.7205420e-03
  -2.6784998e-02   1.5094326e-01  -5.2828035e-01   8.4423598e-03  -2.1798243e-03  -1.7486789e-03
  -1.4153451e-02   1.1788935e-01  -4.2526276e-01   8.1782887e-03  -2.4422663e-03  -1.7833777e-03
  -3.4450995e-02   1.1641320e-01  -4.2743544e-02   4.9934282e-03  -2.2042528e-03  -1.9654798e-03
  -4.7079666e-02   3.7927620e-02  -3.9600864e-01   1.2687310e-02  -2.2961609e-03  -3.5695433e-03
  -1.3546575e-01   1.6123209e-01  -5.5687222e-01   1.4243695e-02  -2.2318456e-03  -3.8306505e-03
  -1.7851344e-01   9.1513389e-02  -2.2234390e-01   1.2462648e-02  -8.7596110e-04  -4.4331503e-03
  -1.2409317e-01   7.7162324e-02  -3.0093571e-02   1.0842379e-02  -1.6853603e-03  -3.8049910e-03
  -1.1942735e-01   1.4441282e-01  -1.2465420e-02   1.0711212e-02  -1.8394236e-03  -3.5524581e-03
  -8.5726424e-02   1.0799460e-01  -7.5008435e-03   1.0103533e-02  -2.2835481e-03  -3.2030385e-03
  -9.9231272e-02   1.0044555e-01   1.5279929e-02   9.9201773e-03  -2.1622103e-03  -3.2402836e-03
  -1.4314475e-01   1.2167312e-01   1.4690441e-01   8.7288656e-03  -1.6393764e-03  -3.5436491e-03
  -1.0810239e-01   1.3893742e-01   1.3245446e-01   8.6620480e-03  -2.1329463e-03  -3.1314747e-03
  -9.5874597e-02   1.4460265e-01   1.7908158e-01   7.7821998e-03  -2.3806477e-03  -3.2052432e-03
  -1.0599848e-01   1.5410548e-01   1.6720400e-01   7.6271404e-03  -2.4142053e-03  -3.0981479e-03
  -1.0119000e-01   1.3610311e-01   2.0352672e-01   7.5950870e-03  -2.3545318e-03  -2.9806792e-03
  -9.4282103e-02   1.3555572e-01   2.5158732e-01   6.5481261e-03  -2.6667973e-03  -3.0243809e-03
  -8.7730050e-02   1.8610177e-01   2.5620710e-01   6.4499535e-03  -2.7300906e-03  -2.9608454e-03
  -8.5696157e-02   1.5882988e-01   2.0694279e-01   7.4414982e-03  -2.9748520e-03  -2.8334871e-03
  -8.7525760e-02   1.1773049e-01   2.8830663e-01   6.8772418e-03  -2.8762393e-03  -2.8938732e-03
  -7.7705489e-02   1.5895954e-01   3.9697054e-02   7.0869748e-03  -2.9858995e-03  -2.6970263e-03
  -8.3835393e-02   1.5778296e-01   5.8414519e-02   7.4169501e-03  -2.5870525e-03  -2.8392967e-03
  -8.9686764e-02   1.5327930e-01   2.2936385e-01   7.1025428e-03  -2.5947697e-03  -3.0522792e-03
  -7.6317560e-02   1.7003876e-01   2.8303160e-01   6.8713151e-03  -3.0900256e-03  -2.7958344e-03
  -8.0746607e-02   1.8583982e-01   2.9486419e-01   7.1700475e-03  -3.0969902e-03  -2.8174622e-03
  -8.3522486e-02   1.8948916e-01   2.7626676e-01   6.7801231e-03  -3.1410007e-03  -2.6670273e-03
  -9.4818655e-02   1.7196817e-01   2.9420855e-01   6.5909635e-03  -3.1077060e-03  -2.9848394e-03
  -8.2883700e-02   1.6415551e-01   3.3825579e-01   5.8211974e-03  -3.1279818e-03  -2.8750644e-03
  -9.0222453e-02   1.8399446e-01   3.6851803e-01   5.4853399e-03  -3.0558030e-03  -2.9960182e-03
  -7.7898498e-02   1.7718018e-01   3.5202765e-01   6.1082459e-03  -3.2583923e-03  -2.8685432e-03
  -6.8012486e-02   1.9715363e-01   3.4237361e-01   6.7030076e-03  -3.1106397e-03  -2.5759003e-03
  -7.9788923e-02   1.9265245e-01   3.0407447e-01   6.6842856e-03  -2.7525785e-03  -2.5447836e-03
  -5.9771787e-02   2.1082430e-01   2.0607705e-01   6.9891178e-03  -3.2983953e-03  -2.5433093e-03
  -7.2518531e-02   2.1879525e-01   3.1108855e-01   5.1680353e-03  -3.2848545e-03  -2.8017185e-03
  -5.3602636e-02   1.9820979e-01   2.5214705e-01   7.7726648e-03  -3.4480500e-03  -2.3972477e-03
  -5.2447342e-02   2.5167069e-01   2.1479727e-01   7.6050501e-03  -3.3057328e-03  -2.3947451e-03
  -5.3027164e-02   2.1674197e-01   2.6261397e-01   7.1602901e-03  -3.3329399e-03  -2.5633550e-03
  -5.4631551e-02   1.7843543e-01   3.2357094e-01   6.2505067e-03  -3.2782689e-03  -2.7326822e-03
  -5.9568764e-02   2.0707344e-01   2.7525612e-01   7.1348565e-03  -3.6111598e-03  -2.6956942e-03
  -7.3150077e-02   2.1706749e-01   4.0327951e-01   5.7744500e-03  -3.7752461e-03  -2.9494700e-03
  -6.6261971e-02   2.2984856e-01   2.3736440e-01   8.7724467e-03  -3.6406358e-03  -2.5157868e-03
  -6.6593072e-02   1.7155381e-01   3.2317501e-01   9.5520776e-03  -3.8064390e-03  -2.8146519e-03
  -3.8898690e-02   2.3791335e-01  -3.1831865e-01   1.0780709e-02  -4.4453743e-03  -2.7791808e-03
  -2.5462078e-02   2.4103611e-01  -4.2667121e-01   1.2259217e-02  -4.3938969e-03  -2.3728447e-03
  -4.5160828e-02   2.0821834e-01  -5.6571696e-03   1.0093918e-02  -4.3532558e-03  -2.7271483e-03
  -4.9808827e-02   2.1210327e-01   4.2523282e-02   1.0605104e-02  -4.3721738e-03  -2.8969834e-03
  -4.6055297e-02   1.8452488e-01   3.4602569e-01   9.1365249e-03  -4.4552732e-03  -2.8455934e-03
  -6.7219972e-02   1.9080163e-01   4.5559252e-01   9.6860371e-03  -4.3473655e-03  -3.0711402e-03
  -7.6153193e-02   1.8211571e-01   6.9843238e-01   6.5446650e-03  -4.7067272e-03  -3.5550360e-03
  -7.9779213e-02   1.9972777e-01   7.5992555e-01   7.1489621e-03  -4.2131068e-03  -3.4921749e-03
  -8.7445010e-02   1.9856975e-01   8.8928637e-01   6.7378510e-03  -4.3902583e-03  -3.4513211e-03
  -8.7718964e-02   2.2037360e-01   8.3878150e-01   7.5829076e-03  -3.9871608e-03  -3.3148016e-03
  -7.7245551e-02   2.2434419e-01   9.2309067e-01   7.4355774e-03  -4.4457745e-03  -3.1196622e-03
  -7.1902172e-02   2.0705737e-01   8.6116438e-01   7.5040987e-03  -4.3677002e-03  -3.0076844e-03
  -7.3472663e-02   1.8654056e-01   9.2815770e-01   7.2006970e-03  -4.4195900e-03  -2.9623700e-03
  -8.0068007e-02   1.9788956e-01   8.9216838e-01   7.1996436e-03  -4.0917407e-03  -3.2027295e-03
  -8.7246841e-02   2.2923241e-01   9.2467802e-01   7.6380764e-03  -4.2215340e-03  -3.0771678e-03
  -1.1217595e-01   1.9739175e-01   6.6382289e-01   1.2070314e-02  -4.5892939e-03  -3.5550760e-03
  -1.8840277e-01   1.1914950e-01   4.2894493e-01   1.4708080e-02  -4.0431554e-03  -3.7210733e-03
  -1.4332819e-01   1.8947703e-01   5.5554392e-01   1.5857619e-02  -3.3491319e-03  -3.6766044e-03
  -1.3964589e-01   1.7784458e-01   8.6382996e-01   1.3223556e-02  -3.2503680e-03  -3.4800552e-03
  -1.2059196e-01   2.1623141e-01   6.2929495e-01   1.4751691e-02  -2.2552027e-03  -3.5088073e-03
  -1.5197322e-01   3.4371160e-02   6.0530293e-01   1.3420959e-02  -5.0681437e-04  -3.6350886e-03
  -1.5175050e-01   1.4059467e-01   1.2032815e+00   1.0960446e-02  -2.5050295e-03  -3.5747365e-03
  -1.3901265e-01   1.7818841e-01   1.1150161e+00   1.1155045e-02  -2.3835215e-03  -3.5768679e-03
  -1.2639962e-01   1.8080628e-01   1.2570733e+00   9.4763449e-03  -2.8531947e-03  -3.5469060e-03
  -1.2328732e-01   1.9272442e-01   1.2613895e+00   9.0317336e-03  -2.9826431e-03  -3.5378709e-03
  -1.1482550e-01   2.1779273e-01   1.3032119e+00   7.6559830e-03  -3.1822983e-03  -3.4913944e-03
  -1.2512308e-01   1.9385510e-01   1.2306171e+00   9.1999347e-03  -3.2529449e-03  -3.5644398e-03
  -1.0077303e-01   2.0808840e-01   1.2738687e+00   8.4468293e-03  -3.3076789e-03  -3.3400891e-03
  -9.7201192e-02   2.0255093e-01   1.2661496e+00   8.1323974e-03  -3.6152752e-03  -3.2114863e-03
  -9.5064085e-02   2.3450621e-01   1.2672690e+00   8.0375903e-03  -3.7579392e-03  -3.1463743e-03
  -9.0342636e-02   2.1935650e-01   1.2337489e+00   9.0405078e-03  -3.8742774e-03  -3.1253124e-03
  -1.0281383e-01   2.4521547e-01   1.2380304e+00   8.4121514e-03  -3.6522970e-03  -3.3939119e-03
  -9.9988588e-02   2.2311371e-01   1.2594347e+00   8.2190016e-03  -3.7155799e-03  -3.2453115e-03
  -9.5790469e-02   2.3518800e-01   1.2801045e+00   8.4149874e-03  -3.6061627e-03  -3.1264299e-03
  -1.1426912e-01   2.3172086e-01   1.2904032e+00   9.2043146e-03  -2.5548140e-03  -3.4915358e-03
  -9.1562942e-02   2.2172709e-01   1.2938759e+00   9.1143280e-03  -3.6882402e-03  -3.1053698e-03
  -9.5398839e-02   1.9707650e-01   1.3599914e+00   8.2666632e-03  -3.3400168e-03  -3.1386905e-03
  -7.3610044e-02   2.4175229e-01   1.2791189e+00   9.2570340e-03  -4.1762299e-03  -2.8667344e-03
  -8.0017622e-02   1.7760125e-01   1.5031995e+00   7.1551470e-03  -3.6307294e-03  -2.9915549e-03
  -9.0613849e-02   2.3899283e-01   1.4156675e+00   7.3817409e-03  -3.7029635e-03  -2.9829881e-03
  -8.3074697e-02   2.7166235e-01   1.2123647e+00   9.7564072e-03  -3.9101257e-03  -2.6078357e-03
  -8.3999987e-02   2.3436618e-01   1.3888106e+00   9.1650851e-03  -3.8350382e-03  -2.6750796e-03
  -7.8404840e-02   2.3120275e-01   1.3618083e+00   8.9283501e-03  -3.7381586e-03  -2.7189093e-03
  -7.8418017e-02   2.2536237e-01   1.3938995e+00   8.9850271e-03  -3.8054963e-03  -2.7081045e-03
  -7.1455042e-02   2.5947681e-01   1.4127509e+00   8.7577457e-03  -3.8800047e-03  -2.9410658e-03
  -6.5776720e-02   2.5901146e-01   1.3850841e+00   9.2519163e-03  -4.0113202e-03  -2.7956565e-03
  -6.9785305e-02   2.6671077e-01   1.3382337e+00   9.4413287e-03  -3.9134653e-03  -2.7827561e-03
  -7.0240944e-02   2.5334866e-01   1.4024843e+00   8.6447008e-03  -4.0826404e-03  -2.9799675e-03
  -8.2349218e-02   2.5269905e-01   1.3915842e+00   8.8098988e-03  -3.9182578e-03  -2.9825010e-03
  -7.3076724e-02   2.4657356e-01   1.4400566e+00   8.1029455e-03  -3.9885107e-03  -2.9434110e-03
  -7.9090564e-02   2.6083893e-01   1.4163909e+00   8.4604322e-03  -3.9791440e-03  -3.0597550e-03
  -7.3567306e-02   2.6591855e-01   1.4584492e+00   8.6102425e-03  -4.2709349e-03  -2.8186716e-03
  -7.6713678e-02   2.8541925e-01   1.4176234e+00   8.9429790e-03  -4.1435720e-03  -2.9138297e-03
  -6.7838361e-02   2.9808124e-01   1.3693968e+00   9.8923180e-03  -4.1211063e-03  -2.7578381e-03
  -6.6821963e-02   2.9100322e-01   1.4176795e+00   8.5642856e-03  -4.1334647e-03  -2.6777998e-03
  -9.7610342e-02   2.7561478e-01   1.5052850e+00   8.4477780e-03  -3.9987804e-03  -2.6625572e-03
  -1.0042853e-01   2.6951214e-01   1.3804093e+00   8.8299261e-03  -3.7756523e-03  -2.8016588e-03
  -9.3422312e-02   2.7413085e-01   1.4343413e+00   8.8995987e-03  -4.0762967e-03  -3.0180031e-03
  -7.3154050e-02   2.9076742e-01   1.4042853e+00   9.5203004e-03  -4.1296932e-03  -2.7573611e-03
  -7.5283928e-02   3.0198162e-01   1.4370926e+00   8.7528947e-03  -4.1163566e-03  -2.8912170e-03
  -8.0952386e-02   3.0851152e-01   1.3606272e+00   9.9096790e-03  -4.4829390e-03  -2.7550589e-03
  -8.4821941e-02   3.1893536e-01   1.4163479e+00   9.7702801e-03  -4.2792059e-03  -2.8668896e-03
  -1.4059613e-01   3.2901023e-01   1.3216011e+00   9.4216373e-03  -4.4746753e-03  -3.0251603e-03
  -1.2624257e-01   2.9524574e-01   1.3608524e+00   9.1515009e-03  -4.2382093e-03  -2.8182777e-03
  -1.4124376e-01   3.2861626e-01   1.3981169e+00   8.7092480e-03  -4.1857733e-03  -3.3029053e-03
  -1.1643360e-01   3.3965147e-01   1.3217524e+00   1.0333782e-02  -4.6329327e-03  -2.8782001e-03
  -9.7426507e-02   3.4216301e-01   1.3182853e+00   1.1238137e-02  -4.4723830e-03  -2.6961688e-03
  -9.6219183e-02   3.6516632e-01   1.3567168e+00   9.4621512e-03  -4.7359941e-03  -2.7511329e-03
  -8.9486566e-02   3.3265761e-01   1.3185030e+00   1.1219875e-02  -4.6171000e-03  -2.8226458e-03
  -9.9161190e-02   2.8894347e-01   1.4233619e+00   8.6353710e-03  -4.7405377e-03  -2.9575232e-03
  -9.3718523e-02   3.3011620e-01   1.3656512e+00   1.0280420e-02  -4.8794535e-03  -2.7092292e-03
  -9.5707835e-02   3.4925795e-01   1.3454332e+00   1.0889913e-02  -4.8608280e-03  -2.6271238e-03
  -9.8374424e-02   3.3674790e-01   1.3862478e+00   9.8715463e-03  -4.7730022e-03  -2.9208605e-03
  -9.1292403e-02   3.5252569e-01   1.3866881e+00   9.6420701e-03  -5.0237316e-03  -2.7219774e-03
  -9.1332722e-02   3.4038553e-01   1.3339986e+00   1.0922674e-02  -4.7583527e-03  -2.6653798e-03
  -8.7125646e-02   3.2322106e-01   1.3956221e+00   9.6765491e-03  -4.6428288e-03  -2.8622059e-03
  -7.7603555e-02   3.3029738e-01   1.3863134e+00   1.0142147e-02  -4.7836261e-03  -2.7511060e-03
  -7.5077671e-02   3.6286612e-01   1.4038599e+00   1.0457283e-02  -4.8890349e-03  -2.5730453e-03
  -7.2981009e-02   3.4902794e-01   1.3999264e+00   1.0874221e-02  -4.8246019e-03  -2.5384537e-03
  -7.1305112e-02   3.5424311e-01   1.4060111e+00   1.0802248e-02  -5.0546156e-03  -2.3486319e-03
  -8.5206556e-02   3.3781302e-01   1.4482598e+00   1.0644074e-02  -4.8875508e-03  -2.4948344e-03
  -8.5978371e-02   3.2768696e-01   1.4314731e+00   1.0723415e-02  -5.0932444e-03  -2.4732576e-03
  -8.7466461e-02   3.3153535e-01   1.4272687e+00   1.0809052e-02  -4.8973547e-03  -2.5138581e-03
  -9.2419029e-02   3.4790546e-01   1.4588301e+00   1.0249336e-02  -4.9976101e-03  -2.6246431e-03
  -8.0926573e-02   3.5048303e-01   1.4162133e+00   1.1345272e-02  -4.9994620e-03  -2.2450408e-03
  -7.2073510e-02   3.8431103e-01   1.3538242e+00   1.2331640e-02  -5.3152610e-03  -2.1985943e-03
  -7.5420215e-02   3.7113899e-01   1.3375299e+00   1.2651359e-02  -4.9431445e-03  -2.4375622e-03
  -7.9614343e-02   3.5425044e-01   1.4199409e+00   1.1207291e-02  -5.0492450e-03  -2.6714835e-03
  -8.5619120e-02   3.5555616e-01   1.3764968e+00   1.1421060e-02  -4.9353734e-03  -2.6594718e-03
  -9.2877837e-02   3.9607428e-01   1.3281469e+00   1.1277734e-02  -5.1640936e-03  -2.7158136e-03
  -1.0095310e-01   3.8122971e-01   1.3414203e+00   1.1368997e-02  -5.1238475e-03  -2.5274595e-03
  -8.2783020e-02   3.8535114e-01   1.2887126e+00   1.2314716e-02  -5.2028493e-03  -2.3728172e-03
  -8.4118216e-02   4.2039869e-01   1.2645854e+00   1.2276052e-02  -5.2690413e-03  -2.2461568e-03
  -8.4465297e-02   3.6047105e-01   1.4107193e+00   1.1629123e-02  -5.1072538e-03  -2.4784057e-03
  -8.6426063e-02   3.7369515e-01   1.3397367e+00   1.1225776e-02  -5.0271063e-03  -2.5621399e-03
  -8.4703387e-02   3.6124557e-01   1.5059448e+00   1.0557791e-02  -5.1904886e-03  -2.6174572e-03
  -8.6090317e-02   4.5133439e-01   9.4880469e-01   1.1660955e-02  -5.1702675e-03  -2.7905391e-03
  -1.2068461e-01   3.9429436e-01   5.4934250e-01   1.7906706e-02  -4.3470379e-03  -3.7672656e-03
  -1.1587737e-01   3.9791624e-01   8.9667412e-01   1.5524972e-02  -4.8444624e-03  -3.6769174e-03
  -1.1150849e-01   4.2967952e-01   8.2589042e-01   1.7390658e-02  -5.0372442e-03  -3.7271128e-03
