   0.0000000e+00   0.0000000e+00   7.1054274e-15   0.0000000e+00   0.0000000e+00   0.0000000e+00
  -1.2638438e-02  -5.7336761e-02   1.3157189e-01  -1.1396764e-04   5.2247177e-04   2.5353646e-04
   1.2280310e-01  -1.5524788e-01   5.8814256e-01  -4.6387851e-03   1.5239707e-03  -4.7088011e-04
   2.1406929e-01  -1.4374563e-01   7.2893694e-01  -6.8713274e-03   1.5766625e-03  -1.5657267e-03
   1.6575759e-01  -1.6870041e-01   6.6687770e-01  -4.7693085e-03   2.9898358e-04  -1.2988851e-03
   1.0500925e-01  -1.5605045e-01   6.8674740e-01  -3.7328019e-03   1.3690917e-03  -5.5949310e-04
   3.5363506e-02  -1.1394091e-01   4.9973573e-01  -3.5483273e-03   6.8359256e-04  -4.4913632e-04
  -3.3602757e-02  -4.8456387e-02   3.3239175e-01  -2.3179911e-03   2.3639387e-03  -1.5617744e-03
   5.0946484e-02  -9.1596540e-02   5.6799771e-01  -6.8008337e-03   3.2069437e-03  -2.2048321e-03
   1.3024290e-01  -1.3198531e-01   6.3847317e-01  -8.9269855e-03   2.6418676e-03  -1.4836817e-03
   1.1631883e-01  -1.1590579e-01   7.8348808e-01  -1.1099615e-02   4.1973169e-03  -2.4644562e-03
   4.6926062e-02  -1.2750134e-01   8.4690834e-01  -1.4808953e-02   2.7277374e-03  -3.4811180e-03
  -3.2965343e-03  -1.8891136e-01   9.3545985e-01  -1.1873645e-02   2.6633162e-03  -3.2201446e-03
   3.7282312e-02  -1.6985617e-01   8.5102817e-01  -9.4188424e-03   2.8910020e-03  -3.3933851e-03
   7.4981269e-02  -9.8592556e-02   7.8456717e-01  -7.5949069e-03   1.7534400e-03  -2.2468765e-03
   7.6041129e-02  -1.4236932e-02   1.2771170e-01  -2.2206524e-03   1.0692172e-03   1.0659863e-03
   4.6760010e-02   3.1304722e-02  -2.0405760e-01  -2.6147770e-03   1.6277063e-03   2.3418227e-03
  -3.9171851e-02   1.2347406e-01  -1.0583902e+00   1.9197220e-03   7.9196402e-04   2.7858940e-03
  -1.5985514e-02   4.2175897e-02  -6.8593660e-01   4.4343279e-04   2.3398796e-03   1.8483904e-03
  -9.7833349e-02   1.3733283e-01  -1.0578551e+00  -4.2154310e-04  -1.8745256e-03   1.5776315e-03
  -1.0560036e-01   1.0572487e-01  -7.8234976e-01  -1.0677175e-03  -5.0258680e-04  -4.9932515e-04
   2.3199396e-02   4.7919673e-02  -7.7648233e-01  -7.1742746e-03   3.2112679e-03  -1.1016953e-04
   9.4074515e-02   1.0149080e-01  -6.4102013e-01  -1.3403710e-02   3.2364768e-03  -1.2581915e-03
   5.7291537e-02   3.0303873e-02   2.0952479e-01  -8.5646183e-03  -4.6810995e-04  -2.2877194e-03
   1.2334714e-02   1.3674494e-01  -2.4378843e-01  -6.5189107e-03  -1.7967338e-03   5.2840145e-04
  -7.2267110e-02   1.0432036e-01  -5.1315912e-01  -4.5034738e-03  -1.5761795e-03   6.9780169e-05
  -1.1853571e-01   9.8296938e-02  -6.2490620e-01  -7.6223568e-04   1.7560318e-03   1.4215715e-04
  -1.0698775e-01   4.7461190e-02  -5.3887419e-01  -2.8704146e-03   2.1693001e-03   4.3863117e-05
  -1.3298893e-01   8.2505322e-02  -5.5297892e-01  -2.7977872e-03   2.2329860e-03   6.0843858e-04
  -1.1361313e-01   1.9620039e-02  -1.3273996e-01  -7.3973002e-03   4.3197292e-03  -8.0573659e-05
  -4.5441907e-02   1.5852911e-03   4.7470012e-02  -8.1286614e-03   6.1791070e-03  -1.0840261e-03
  -1.8350424e-02  -8.0712016e-02   5.6376145e-01  -1.1544418e-02   6.6360199e-03  -2.1585003e-03
  -8.8727704e-03   4.5049794e-03   5.8741126e-01  -9.3269914e-03   7.1885030e-03  -3.5017125e-03
  -9.6092723e-02  -1.0564536e-01   8.8377119e-01  -1.1679906e-02   7.1287706e-03  -2.6818945e-03
  -8.4560537e-02   4.9583368e-02   5.3776656e-01  -1.0591571e-02   6.3526842e-03  -2.0433162e-03
  -4.2769153e-02  -3.4526827e-02   6.9724098e-01  -1.1386372e-02   6.6834050e-03  -1.0042424e-03
  -6.8409058e-02  -1.3206173e-02   2.8439115e-01  -8.6087602e-03   6.5379274e-03  -1.0370354e-03
  -7.7473021e-02  -2.7843956e-03   3.7550340e-01  -1.0177677e-02   9.1193223e-03  -1.8734202e-03
  -5.8337417e-02  -2.1980258e-02   4.9184243e-01  -1.1391356e-02   8.1807124e-03  -9.5408554e-04
  -6.8721525e-02  -7.7231812e-03   3.4193230e-01  -1.1420968e-02   7.9945371e-03  -6.6737491e-04
  -4.1445072e-02  -7.4598284e-03   2.7085236e-01  -9.2801253e-03   6.4441488e-03  -8.0617146e-04
  -1.0547764e-02  -3.4572984e-02   3.6631817e-01  -1.0374501e-02   3.2959173e-03   9.2453002e-04
  -5.0235146e-02   3.5239789e-02   3.2484538e-01  -1.0009465e-02   4.8576526e-03   4.7440529e-04
  -5.3768885e-02  -4.7504757e-02   5.4220170e-01  -1.3049248e-02   5.6477671e-03   5.7363124e-06
  -6.0984418e-02  -2.7285610e-02   6.1399856e-01  -1.3315520e-02   5.6187594e-03   5.5560808e-04
  -4.5766233e-02  -4.8765816e-02   7.6577444e-01  -1.3678740e-02   5.7504331e-03   4.9420648e-04
   8.3814437e-03  -6.2885098e-02   9.5896122e-01  -1.6725602e-02   5.8744672e-03   1.1873598e-03
  -1.5384273e-02   9.9710938e-03   7.3397945e-01  -1.5760944e-02   6.4895818e-03   3.7698896e-04
  -4.2285522e-02   5.0807540e-02   5.6486827e-01  -1.6057475e-02   7.1393863e-03   8.2535734e-04
  -1.4873825e-02   4.3020419e-02   6.8511228e-01  -1.6301788e-02   7.1716312e-03   3.0048721e-04
  -2.2933386e-02  -2.8366238e-02   6.9443266e-01  -1.5717664e-02   7.6469137e-03   1.6736268e-04
   2.5170730e-02   3.5724026e-02   5.4900241e-01  -1.2663474e-02   5.4739677e-03   7.7428509e-04
  -2.3971790e-02   4.9709646e-02   4.9837108e-01  -1.2943454e-02   5.7839188e-03   4.1851686e-04
  -6.9072205e-03  -3.4823023e-02   7.5317336e-01  -1.3987693e-02   5.6315626e-03   5.8039186e-04
   5.4410988e-02  -6.9251306e-02   9.6016127e-01  -1.5077252e-02   6.8792315e-03   1.7268931e-04
   1.7960187e-02  -6.6566134e-02   1.2222603e+00  -1.7469916e-02   7.2357757e-03  -9.5565566e-04
   6.7582296e-02   3.8694038e-02   7.1537341e-01  -2.2116466e-02   7.0208491e-03  -1.2130515e-03
   6.5822828e-03   4.6801007e-02   1.4238873e-01  -9.4844823e-03   5.4953697e-03  -2.9587156e-03
  -4.4135172e-02   4.0361478e-02   2.6632390e-01  -5.2332179e-03   2.2138759e-03  -1.1462475e-03
  -4.3360816e-02   1.8029442e-01  -2.9439017e-01  -3.7304496e-03   1.9058889e-03   4.6911780e-04
  -2.1312837e-02   6.0081599e-02  -1.2293951e-01  -4.3118536e-03   2.6808637e-03  -3.3390505e-05
   9.2551365e-02   7.3766242e-02  -3.7146270e-02  -8.6381581e-03   1.0685822e-03   1.4822277e-03
   1.0938390e-01   1.0266982e-01  -1.4551629e-02  -1.0132918e-02   3.4479538e-03   1.0074559e-04
   1.0062338e-01   3.4641753e-02   3.8813204e-01  -8.0824566e-03   5.1554858e-03  -1.8954332e-04
  -6.0310565e-02   5.6866501e-02   2.6132038e-01  -6.7105297e-03   4.7547398e-03  -1.5760807e-03
   1.5205812e-01   3.9705180e-02   5.5812452e-01  -8.2236433e-03   4.9380208e-03   1.5396190e-03
   5.3980308e-02  -3.7337956e-03   7.1347056e-01  -1.0751471e-02   5.6121180e-03  -3.3644782e-04
   2.2044657e-02   4.3022635e-02   6.1766976e-01  -1.1176546e-02   6.8516481e-03  -6.5401507e-04
   3.4557643e-02   3.5489678e-02   8.1494751e-01  -1.3163709e-02   6.8416691e-03  -4.1121695e-04
   5.4523208e-02   8.0948665e-03   8.6497694e-01  -1.4884374e-02   7.9303432e-03  -5.0626715e-04
   4.0254763e-02  -1.3711726e-02   9.1933724e-01  -1.5878225e-02   7.7073519e-03  -6.9522694e-04
   4.3872643e-02   1.2837600e-02   8.9630020e-01  -1.6261530e-02   8.4094507e-03  -6.3445976e-04
   3.6391615e-02  -3.6228959e-02   8.9579834e-01  -1.5749311e-02   8.1383312e-03  -6.0855232e-04
   4.5833421e-02  -3.7968950e-03   8.6923718e-01  -1.6997692e-02   8.3756221e-03  -4.6594024e-04
   4.4656637e-02  -2.3333967e-03   7.9504291e-01  -1.5143736e-02   8.2416460e-03  -2.5482900e-04
   7.8003857e-02   3.5309654e-02   6.9938494e-01  -1.5398250e-02   8.1922899e-03  -3.1935114e-05
   1.3763310e-01  -8.2832048e-04   9.0538945e-01  -1.5321569e-02   7.3685618e-03  -1.0040975e-03
   7.8630293e-02  -2.0324482e-02   1.3442670e-01  -9.4410996e-03   7.0753939e-03  -5.2277174e-05
   6.0603913e-02   1.1090048e-01  -2.0782802e-01  -5.9705647e-03   6.1733913e-03   8.5251230e-04
   2.2120489e-02   1.2580053e-01  -1.3572073e-01  -5.8008296e-03   5.8228434e-03   1.6081804e-03
   2.6880474e-02   1.9609563e-01  -5.1720802e-01  -4.4256200e-03   4.9822596e-03   2.3946930e-03
   5.7586259e-02   1.3040740e-01   1.8492043e-02  -7.0226998e-03   5.3095860e-03   3.8935630e-04
   6.0093336e-02   2.3530295e-02   2.4357432e-01  -9.3528683e-03   4.6328443e-03   4.9385549e-04
   4.5211973e-02   2.3921840e-02   4.9466296e-01  -8.0785871e-03   4.6791990e-03  -2.6968772e-04
   3.6836631e-02   1.2605817e-02   7.1085107e-01  -1.1395216e-02   5.3443956e-03  -6.9059646e-04
   3.7677081e-02  -2.6596233e-02   8.0203506e-01  -1.3990024e-02   6.4183124e-03  -1.0118488e-03
   1.4644907e-02  -2.2653636e-02   8.5411589e-01  -1.4776007e-02   4.9599943e-03  -5.8299838e-04
   7.2367971e-02   3.7318783e-02   7.3118827e-01  -7.8412255e-03   4.5816491e-03  -1.0337505e-03
  -5.6534926e-02   1.1346136e-01  -1.9286293e-01  -1.6084346e-03   4.0913191e-03   6.5001368e-05
  -6.8177317e-02   1.0503899e-01  -1.4003553e-01  -3.0053716e-03   3.9520880e-03   4.5210467e-04
  -1.1832935e-01   1.7601311e-01  -2.0568778e-01  -2.8947150e-03   4.2397045e-03   6.7567190e-04
  -3.2069890e-02   8.2642031e-02   1.8651914e-01  -4.1819094e-03   4.5877645e-03   6.8335753e-04
   5.6317679e-02   1.6355997e-02   6.3841389e-01  -1.0113501e-02   5.0410649e-03  -1.3140155e-04
   1.1063630e-01  -4.8291348e-02   9.7577107e-01  -1.2133484e-02   6.2508550e-03  -4.0848106e-04
   1.6204818e-01   6.8355321e-02   2.6585197e-01  -4.3262190e-03   3.1317775e-03   2.0321257e-03
   8.2964844e-02   9.7755684e-02   2.1699627e-02  -2.4032282e-03   1.6189255e-03   5.7004839e-04
   5.3360967e-02   1.4025578e-01  -1.8157314e-01  -3.5539666e-03   1.5851930e-03   8.9707153e-04
   1.4822722e-01   8.0817190e-03   5.1719780e-01  -5.9980774e-03   3.3703536e-03  -1.2934025e-04
  -8.3287028e-02   1.2472560e-01  -2.0967289e-01  -1.2069017e-02   5.0087183e-03  -6.3584491e-04
  -7.4008834e-02  -5.9581471e-02  -7.3251022e-01  -7.5835247e-03   7.0773753e-03  -7.1114376e-04
  -1.4464739e-01   5.9295277e-02  -1.6871878e-01  -4.6283899e-03   5.5241898e-03  -1.3811842e-03
  -1.5180051e-01   1.2255184e-01  -3.6121186e-01  -3.0431150e-03   7.4192488e-03  -9.4634052e-04
  -1.8454745e-01   1.0030856e-01  -2.2611190e-01  -3.8230771e-03   9.5498351e-03  -8.1348041e-04
  -1.3432054e-01   9.7225010e-02  -5.1113051e-02  -6.2525172e-03   9.1649822e-03  -1.0676220e-03
  -8.0895980e-03   3.6504805e-02   4.4050894e-01  -1.0821676e-02   8.8412596e-03  -1.1580002e-03
   1.7399647e-02   8.6757229e-02   3.2741997e-01  -1.0709294e-02   9.5525221e-03  -5.3185714e-04
  -3.0671557e-02   4.0854448e-02   1.1692347e-01  -5.6539127e-03   9.2339847e-03  -1.1881153e-03
  -8.2275201e-02   9.7823116e-02  -9.6154657e-02  -5.1515040e-03   9.2577411e-03  -6.0759103e-04
  -1.6721987e-01   9.6995609e-02  -1.4869618e-03  -5.0128536e-03   1.1072497e-02  -1.7044838e-03
  -1.6302831e-01   1.4395108e-01  -1.4308368e-02  -5.9197754e-03   9.7105490e-03  -1.1300082e-03
  -1.8755145e-01   1.4322103e-01   1.4415249e-01  -7.1908426e-03   1.2062581e-02  -1.8442597e-03
  -1.5311315e-01   7.2002838e-02   3.2355606e-01  -1.0191881e-02   1.3137538e-02  -1.3025682e-03
  -5.2997700e-02   1.1762778e-01   3.2949120e-01  -7.4739460e-03   1.0252686e-02  -1.5848080e-03
  -4.3580870e-02   5.4886953e-02   5.2386652e-01  -9.2393342e-03   9.9644459e-03  -8.9254830e-04
  -3.9767199e-02   5.6423133e-02   6.4593283e-01  -1.1190090e-02   9.0285791e-03  -4.4422876e-04
  -2.2447647e-02   1.0925271e-01   6.4572210e-01  -1.1697834e-02   1.1124455e-02  -1.5179748e-04
  -1.4411468e-02   6.0663508e-02   8.4133647e-01  -1.4902364e-02   9.9332837e-03  -3.5202319e-04
   2.0357266e-02   7.3319863e-02   7.6808050e-01  -1.6551235e-02   1.0413686e-02  -2.9986179e-04
   4.1076633e-02  -9.6716604e-03   1.0077818e+00  -1.7803536e-02   1.1720096e-02   1.1665272e-04
   1.0508474e-02   4.7177843e-02   8.9757534e-01  -1.6516986e-02   1.0785226e-02  -1.1542499e-04
   3.8368982e-02   2.1524255e-02   9.6819679e-01  -1.7011281e-02   1.1404716e-02   1.3876766e-04
   6.4158174e-02   6.2521655e-02   8.8100533e-01  -1.7014989e-02   1.0949638e-02   5.6170452e-04
   7.2428856e-02   3.2476798e-02   1.0602190e+00  -1.7340543e-02   1.2428353e-02   1.5728122e-04
   7.3257619e-02  -3.6201140e-03   1.0130220e+00  -1.6870099e-02   1.1856794e-02   3.8664766e-04
   8.1602803e-02   3.7028082e-02   1.0794140e+00  -1.7065759e-02   1.2474600e-02   3.7862845e-04
   8.6371686e-02   2.5620994e-02   9.6094386e-01  -1.6693443e-02   1.1284467e-02   7.6928036e-05
   6.4983647e-02  -8.5090014e-03   1.0254535e+00  -2.0776835e-02   1.0172840e-02  -7.3550081e-04
   6.6411412e-02   9.0407527e-02   7.7226785e-01  -1.4051721e-02   8.6112711e-03  -3.8608558e-04
   9.1526988e-02  -4.1281623e-02   1.0754297e+00  -1.3029247e-02   9.0742227e-03  -4.9439250e-04
   2.0803379e-01   6.9326354e-02   1.0533297e+00  -1.5797721e-02   8.9699455e-03   7.8713032e-04
   2.3035142e-01   1.4166892e-02   1.0442849e+00  -1.3974161e-02   8.9914822e-03   7.5832893e-04
   3.4380467e-01  -1.1039899e-01   1.5952872e+00  -2.1810394e-02   1.1714438e-02   6.6092024e-04
   2.2633541e-01  -5.2389271e-02   9.1640929e-01  -9.8726167e-03   1.0585241e-02   5.2596878e-04
   1.8419117e-01   1.2355073e-01   6.3543704e-01  -1.3908167e-02   1.0231046e-02   7.6916577e-04
   2.2432472e-01   2.1593498e-02   1.2095919e+00  -2.0554246e-02   1.1088431e-02   5.6654544e-04
   2.3562654e-01   5.5712035e-03   1.3485570e+00  -2.2470751e-02   1.1466184e-02   1.3137401e-03
   2.2803414e-01  -5.0866095e-02   1.5583289e+00  -1.9334001e-02   1.2796533e-02   4.7066781e-04
   3.1856542e-01  -6.5965691e-02   1.5823497e+00  -1.8843961e-02   1.2456773e-02   8.1979907e-04
   2.1762224e-01  -5.0265440e-02   1.3868466e+00  -2.0122708e-02   1.0878522e-02  -1.1632751e-03
   1.8550126e-01   4.2843480e-03   1.3686638e+00  -1.9160787e-02   1.0538292e-02  -6.8594124e-05
   1.8757263e-01   1.2293718e-02   1.2836170e+00  -1.9463000e-02   1.1973080e-02  -7.7749772e-04
   2.4308285e-01  -3.1720773e-02   1.3852346e+00  -2.2346201e-02   1.2789101e-02   6.9486253e-05
   3.2795301e-01  -1.2493700e-01   1.6985618e+00  -2.6742757e-02   1.2964604e-02  -3.1706958e-04
   2.5593463e-01  -1.0933936e-01   1.9011263e+00  -2.7716940e-02   1.2907306e-02  -1.1328461e-03
   2.0743278e-01   5.1544713e-02   1.2113647e+00  -2.0040735e-02   1.0856979e-02  -1.0057995e-03
   2.1422873e-01  -4.1458030e-03   1.0118182e+00  -1.7860432e-02   1.0403295e-02   1.1923358e-03
   2.2856565e-01  -5.5956040e-03   1.2675748e+00  -1.7147384e-02   1.0863423e-02   2.2761257e-04
   3.3229492e-01  -8.6567557e-02   1.6492180e+00  -1.9436951e-02   1.1097239e-02   1.1377251e-03
   3.9222640e-01  -5.4252413e-02   1.7019600e+00  -2.1715681e-02   1.2862342e-02  -2.1052970e-03
   3.4113845e-01  -4.7910298e-02   1.5243619e+00  -2.0189215e-02   1.3237830e-02  -1.8218290e-03
   2.8564904e-01   1.9672133e-03   1.2965522e+00  -1.9347103e-02   1.3264737e-02  -4.5669077e-04
   2.9021935e-01  -4.1271279e-02   1.5029397e+00  -2.1484192e-02   1.4118790e-02  -1.0502354e-03
   2.4176430e-01   1.4173995e-02   1.1522693e+00  -1.9840435e-02   1.3899069e-02  -6.3062790e-04
   2.2786235e-01  -1.0592486e-02   1.2134929e+00  -1.9213277e-02   1.4046435e-02  -5.4582033e-04
   3.5767704e-01  -5.9336977e-02   1.6199838e+00  -2.3309724e-02   1.4695059e-02  -3.8361132e-04
   3.1465360e-01  -8.0287342e-03   1.3985677e+00  -2.0553567e-02   1.5181275e-02  -7.5970481e-04
   3.3814239e-01   9.6278288e-03   1.1833791e+00  -1.8298333e-02   1.3280871e-02   4.0667204e-04
   2.0325918e-01   2.6215337e-02   9.0978289e-01  -1.5081228e-02   1.4139599e-02  -6.6541785e-04
   1.7887107e-01   3.2386278e-02   1.0240346e+00  -1.5625909e-02   1.3896998e-02  -2.0058052e-04
   2.1640290e-01   4.3278413e-02   1.1659190e+00  -1.8180888e-02   1.5845806e-02  -6.7797402e-04
   2.8456964e-01   5.5613659e-02   1.3030840e+00  -2.0628025e-02   1.6572334e-02  -1.7744938e-03
   3.0141572e-01   1.0934370e-01   1.2287867e+00  -1.7434890e-02   1.4692474e-02  -1.9476653e-03
   1.8002951e-01   4.7751658e-02   1.1116081e+00  -1.3412368e-02   1.4898040e-02  -1.7297655e-03
   1.6001819e-01   1.0314019e-01   8.4973175e-01  -1.1786402e-02   1.5078310e-02  -2.4190941e-03
   1.8896631e-01   4.4592575e-02   1.0892414e+00  -1.5869016e-02   1.7593784e-02  -2.4313151e-03
   2.9581124e-01  -2.1843963e-02   1.3175039e+00  -1.8124252e-02   1.9917059e-02  -1.5331216e-03
   3.5873407e-01   1.8162806e-02   1.4342964e+00  -2.1981707e-02   2.0592381e-02  -1.2950751e-03
   3.0806171e-01  -3.4935602e-03   1.5386849e+00  -2.0016022e-02   1.8145891e-02  -1.1559695e-03
   3.1923953e-01   5.1422654e-03   1.6018531e+00  -2.1031074e-02   1.6279178e-02  -5.5440514e-04
   3.7189992e-01   3.8161178e-02   1.6710967e+00  -2.2076461e-02   1.5603344e-02   9.2721083e-05
   3.6560895e-01   5.3245516e-02   1.4895953e+00  -2.1451426e-02   1.7407284e-02  -1.1815131e-04
   3.5687703e-01   6.9153978e-02   1.2583709e+00  -1.9963919e-02   1.6632586e-02   2.7811333e-04
   4.3222617e-01   4.6122394e-02   1.5186091e+00  -2.0020921e-02   1.7925874e-02  -6.3735425e-04
   4.4556691e-01   2.1092047e-02   1.6761691e+00  -2.1114247e-02   1.6682162e-02   1.1253437e-03
   4.8838200e-01   4.0768274e-02   1.3531878e+00  -1.7687427e-02   1.6434929e-02   1.5494372e-03
   5.3445977e-01   1.1026355e-01   1.4192654e+00  -2.1074418e-02   1.7496360e-02   1.6338663e-03
   4.0850993e-01   1.0111096e-01   1.4610669e+00  -2.1599484e-02   1.6969677e-02   3.1662533e-04
   3.4484974e-01   8.3959560e-02   1.3507140e+00  -2.1622006e-02   1.7046354e-02  -4.6408023e-04
   3.5135775e-01   1.3393749e-01   1.3663428e+00  -2.1685495e-02   1.7224455e-02  -4.9912481e-04
