   1.1134645e-14   0.0000000e+00   7.1054274e-15   2.1681484e-51  -7.7037198e-34  -1.9259299e-34
   4.7488759e-02   9.2830052e-02  -4.8805189e-03  -1.0099543e-03   1.4123286e-03   9.8595044e-04
   7.7006045e-02   6.3003653e-02   1.8622663e-01  -2.5126853e-03   3.6357172e-03   7.2767722e-04
   9.3301594e-02   8.6811770e-02   1.7651198e-01  -3.7756441e-03   3.0529494e-03   1.9331513e-03
   7.0274302e-02   1.0423365e-01   3.3808302e-01  -3.8829525e-03   1.7262927e-03   4.0501815e-04
  -1.8428038e-02   9.6374371e-02   5.9388470e-01  -6.2321261e-03   1.2988560e-03  -1.1914144e-03
   1.4903126e-02   6.6887343e-02   8.0226773e-01  -8.4566519e-03   1.5931337e-03  -9.1304761e-04
   5.1102961e-02  -5.5730847e-02   1.3314053e+00  -1.1107056e-02   2.4452863e-03  -1.5799230e-03
   8.5858918e-02   9.0625798e-02   1.1617986e+00  -1.0683587e-02   1.0260478e-03  -2.0075976e-03
   7.8673817e-02   4.7307248e-02   1.0852090e+00  -1.1585113e-02   9.2115507e-04  -2.0466836e-03
   7.9260765e-02   8.8006268e-02   9.0431265e-01  -9.6772228e-03   3.5377754e-04  -1.5851977e-03
  -1.6716224e-02   9.1236217e-03   1.0538095e+00  -8.9310150e-03   1.0653667e-03  -2.4582668e-03
   2.3974399e-02   1.0169736e-01   6.7433148e-01  -8.1543864e-03   1.6398217e-04  -4.5812559e-04
   5.0008818e-02   1.4342767e-01   6.6495538e-01  -8.5028356e-03   3.4229137e-04   2.2899951e-04
   3.2568343e-02   1.2687202e-01   6.4896126e-01  -6.8454197e-03   1.9050892e-03  -2.1192850e-04
   4.1941073e-02   1.0688590e-01   3.3238097e-01  -5.2102124e-03   1.5140064e-03  -2.0520410e-05
   1.2357373e-02   1.2630504e-01   1.7275419e-01  -6.3493200e-03   3.0608762e-03  -5.9261216e-04
  -1.0730090e-03   2.0308472e-01   1.3632182e-01  -6.0474252e-03   3.7673171e-03  -4.1186186e-04
   5.4825338e-02   1.1584178e-01   3.6308229e-01  -6.8962478e-03   5.4437419e-03  -2.5162699e-03
   3.7758681e-02   1.1985202e-01   2.2134838e-01  -3.9263108e-03   3.9054619e-03  -5.2704543e-04
   8.1010004e-02   5.1965968e-02   6.4615846e-01  -8.3619573e-03   4.4866646e-03  -7.9662986e-04
   6.7623922e-02   1.4327849e-01   6.9471726e-01  -8.1552888e-03   3.6625570e-03  -1.4247587e-03
   4.5519406e-02   1.9355253e-01   6.9023318e-01  -6.7613044e-03   4.8166775e-04  -1.9947718e-03
   6.5573298e-02   9.4573268e-02   6.5232637e-01  -7.0110109e-03   2.6491920e-03  -1.5259324e-03
  -2.9094433e-02   1.7653356e-01   6.3880675e-02  -5.0283193e-03   3.3168793e-03  -6.6139392e-04
   1.9598921e-02   1.6728154e-01   2.5604952e-01  -6.2701989e-03   5.6335890e-03  -8.8948421e-04
   3.9624963e-02   1.5498920e-01   4.5265961e-01  -1.0045529e-02   5.3366197e-03  -6.6145555e-04
   6.1784087e-02   1.5108281e-01   4.5400796e-01  -8.4569707e-03   5.7361587e-03  -1.0252436e-03
   1.4607877e-01   1.4019907e-01   7.4721171e-01  -1.1810578e-02   7.3145015e-03  -8.9713796e-04
   2.5120093e-01   9.9035248e-02   9.4803344e-01  -1.3314108e-02   6.1890295e-03  -1.4690093e-03
   1.4427352e-01   1.1734226e-01   9.1774104e-01  -1.3061674e-02   5.7996862e-03  -4.9247077e-03
   1.2489133e-01   1.3770361e-01   4.0479558e-01  -8.5843503e-03   5.9775852e-03  -3.9671286e-03
   9.0218372e-02   1.9419905e-01   6.2272209e-01  -6.4089519e-03   4.3672154e-03  -2.8546624e-03
   1.5433392e-01   1.1333276e-01   9.4759702e-01  -7.6503712e-03   5.3698659e-03  -2.1845013e-03
   1.0596449e-01   1.7996924e-01   5.5837942e-01  -6.7892664e-03   4.6157627e-03  -1.8878054e-03
   9.2789946e-02   1.6539492e-01   2.5568428e-01  -2.8290277e-03   5.5493728e-03  -8.7427554e-04
   1.3686800e-01   2.1178751e-01   4.9098617e-01  -8.7266257e-03   6.8664389e-03  -2.3102993e-03
   8.5524747e-02   2.4756197e-01   1.5721361e-01  -3.2003684e-03   4.7023145e-03  -9.6219387e-04
   2.3676458e-01   2.1800904e-01   5.6107470e-01  -6.4157651e-03   6.1250753e-03  -3.5115732e-04
   3.1893872e-01   1.4784011e-01   8.9561807e-01  -1.2162823e-02   7.6015542e-03  -9.5936182e-04
   3.1924064e-01   1.7207628e-01   9.7767596e-01  -1.3683070e-02   7.6340117e-03  -1.2073394e-03
   2.6393113e-01   1.6792459e-01   9.4009634e-01  -1.2264513e-02   8.4556899e-03  -2.1315822e-03
   1.9111031e-01   6.3349634e-02   1.0253426e+00  -5.2896327e-03   3.8044277e-03  -1.9559895e-03
   1.6335450e-01   1.3715556e-01   1.3489099e+00  -9.4471455e-03   3.4848047e-03  -2.4147486e-03
   2.1737129e-01   1.8502144e-01   1.3373223e+00  -1.2548979e-02   7.8986982e-03  -3.6465636e-03
   2.4525733e-01   1.6755229e-01   1.3730808e+00  -1.4621338e-02   9.3483474e-03  -3.7543904e-03
   2.4036483e-01   1.6840510e-01   1.2314383e+00  -1.5012113e-02   8.6109935e-03  -3.7215249e-03
   1.7196253e-01   1.9005902e-01   6.5378100e-01  -9.6492778e-03   6.4986246e-03  -3.3614779e-03
   6.8521146e-02   2.2218124e-01   6.4220301e-01  -7.4186968e-03   5.5539542e-03  -2.5437470e-03
   9.2944764e-02   2.7419742e-01   1.1871805e+00  -1.0399272e-02   5.2641836e-03  -1.9304393e-03
   9.3164126e-02   3.2698394e-01   9.9191385e-01  -1.0122471e-02   6.0600336e-03  -1.4660220e-03
   1.3560481e-01   2.2606658e-01   1.4958846e+00  -1.3170372e-02   7.5358920e-03  -3.4592807e-03
   6.8535648e-02   1.7055913e-01   1.4419622e+00  -1.4735120e-02   9.8401600e-03  -5.1528823e-03
   1.1316925e-01   2.5774361e-01   1.2589964e+00  -1.2046264e-02   5.8699290e-03  -2.5596603e-03
   2.0745824e-01   2.4470537e-01   9.6513478e-01  -8.5734293e-03   3.2288302e-03   8.9131511e-04
   1.9313089e-01   2.7116318e-01   1.1826966e+00  -8.8569182e-03   4.8277175e-03   1.0421776e-03
   2.2184696e-01   3.0664903e-01   1.0872372e+00  -7.6041736e-03   4.2363602e-03   2.0270140e-03
   1.9098558e-01   2.3526141e-01   1.1903005e+00  -9.9521605e-03   5.9265256e-03   7.7409171e-04
   1.3955912e-01   2.8968528e-01   7.7019390e-01  -6.3506144e-03   6.1833218e-03   4.4795849e-05
   1.3828263e-01   2.5156127e-01   4.0995503e-01  -6.2738960e-03   4.9290353e-03   6.0037999e-04
   1.7813401e-01   3.4647536e-01   4.3210916e-01  -6.3424839e-03   5.5677371e-03   1.1817111e-03
   7.3225307e-02   3.1510097e-01   5.4845528e-01  -7.1876809e-03   4.3965133e-03   4.8120212e-04
   6.3475718e-02   2.7956995e-01   7.2449551e-01  -8.3186617e-03   4.8061517e-03  -7.2298488e-04
   5.1044674e-02   2.7895184e-01   6.8278168e-01  -8.1760812e-03   6.7362058e-03  -1.2267798e-03
   1.4840574e-01   2.4993910e-01   9.9828296e-01  -1.2154564e-02   9.1794926e-03  -1.7663692e-03
   6.1070153e-02   2.6126881e-01   6.5365027e-01  -1.1927341e-02   7.7852591e-03  -2.8843006e-03
   1.9125229e-01   2.7724036e-01   9.0964963e-01  -1.6200215e-02   8.7553940e-03  -2.3300712e-03
   1.3031353e-01   3.4821315e-01   8.8589072e-01  -1.1589942e-02   5.6649236e-03  -2.1702711e-03
   1.6086242e-01   3.0823485e-01   7.8091627e-01  -5.3441940e-03   3.5066717e-03   7.8670084e-04
   1.2449797e-01   3.2664581e-01   1.0622096e+00  -1.0469515e-02   4.4773853e-03   1.4131600e-03
  -5.2273860e-04   2.4749895e-01   1.1343468e+00  -1.1882883e-02   4.3367723e-03  -1.0776334e-03
   6.9111158e-02   3.0865298e-01   1.1803319e+00  -1.3067383e-02   6.2702699e-03  -1.2698480e-04
   4.9635804e-02   3.5256393e-01   1.1128653e+00  -1.2959504e-02   5.5614655e-03  -2.9675268e-04
   4.6347894e-02   2.7453399e-01   1.1830366e+00  -1.2305098e-02   7.0227261e-03  -6.9025684e-04
   1.1783537e-01   2.1344722e-01   1.3573931e+00  -1.3503158e-02   7.3224841e-03  -1.0449796e-03
   1.5925314e-01   1.7464114e-01   1.6132669e+00  -1.6861551e-02   6.1012182e-03  -1.1115201e-03
   1.5856311e-01   1.6527422e-01   1.2580219e+00  -1.1593407e-02   5.1129834e-03  -1.7345238e-03
   1.8672189e-01   2.9726545e-01   1.3534715e+00  -1.4932554e-02   5.2840559e-03  -5.6634745e-04
   1.5013191e-01   2.5557951e-01   1.4661384e+00  -1.3612457e-02   7.4096485e-03  -1.7447894e-03
   1.6231546e-01   1.6721800e-01   1.7280675e+00  -1.6650464e-02   7.3914309e-03  -2.4815936e-03
   1.2818844e-01   1.9599133e-01   1.6759816e+00  -1.7643303e-02   7.0223606e-03  -3.3187012e-03
   1.3357137e-01   2.0872653e-01   1.6032288e+00  -1.7348978e-02   8.2355027e-03  -4.3757786e-03
   1.1419053e-01   1.2480871e-01   2.0469407e+00  -1.7732050e-02   3.8027943e-03  -4.3476875e-03
   1.6396632e-01   2.3063340e-01   1.9311405e+00  -1.4459639e-02   1.9311250e-03  -2.2644870e-03
   1.5740174e-01   2.5234749e-01   1.4440565e+00  -1.0200333e-02   2.7193341e-03  -2.2374257e-03
   1.2845602e-01   8.3362053e-02   1.8854080e+00  -1.2765461e-02   6.8372296e-03  -3.7740607e-03
   1.6324381e-01   2.1625438e-01   1.7270132e+00  -1.1608511e-02   3.3098088e-03  -2.0008979e-03
   1.2812697e-01   2.9268668e-01   1.5403222e+00  -1.0608426e-02   4.4608156e-03  -1.6760129e-04
   3.0625302e-02   2.3511230e-01   1.2741631e+00  -6.9318137e-03   6.0804655e-03  -1.3486856e-03
   4.3852004e-02   3.3637871e-01   1.0480175e+00  -5.8725175e-03   4.1538931e-03  -6.0265976e-04
   4.7221625e-02   3.3336306e-01   1.0179679e+00  -4.2880537e-03   5.0671646e-03  -5.0464305e-04
   1.4531649e-01   3.1007211e-01   1.3745482e+00  -6.6362663e-03   7.2033926e-03  -1.7318341e-03
   2.3027104e-01   1.4773901e-01   1.7262503e+00  -9.7584274e-03   6.9049804e-03  -1.3516893e-03
   1.9757130e-01   1.9040670e-01   1.8144908e+00  -1.2013682e-02   7.5242164e-03  -1.6972585e-03
   2.9769010e-01   1.3886546e-01   1.7787814e+00  -1.1169321e-02   5.4974793e-03   1.3219673e-04
   3.4225966e-01   1.3351457e-01   2.1201235e+00  -1.4842133e-02   6.2374643e-03  -6.1079536e-05
   2.2709301e-01   1.4160014e-01   2.1807753e+00  -1.7116706e-02   8.5325548e-03  -2.4398056e-03
   2.7934443e-01   1.6456811e-01   2.2271462e+00  -1.8302433e-02   8.9006156e-03  -1.9055431e-03
   2.6663041e-01   1.4503480e-01   2.1651150e+00  -1.6498482e-02   8.7451595e-03  -2.6845311e-03
   1.9155131e-01   2.1199472e-01   1.7912125e+00  -1.4535194e-02   8.0021860e-03  -2.7823197e-03
   1.3373027e-01   3.1071203e-01   1.4860415e+00  -1.2838449e-02   7.8195689e-03  -2.4589401e-03
   1.6056903e-01   2.9667988e-01   1.7209552e+00  -1.2132844e-02   7.0993028e-03  -1.4919608e-03
   1.3096763e-01   2.8451775e-01   1.4275474e+00  -1.4061524e-02   6.2176345e-03  -9.5615122e-04
   1.1569664e-01   3.2484767e-01   1.2702753e+00  -1.2781691e-02   7.3913335e-03  -7.3407262e-04
   1.3695112e-01   3.1201153e-01   1.3992660e+00  -1.4166153e-02   1.0293066e-02  -1.3264847e-03
   2.2312191e-01   3.3516568e-01   1.3441806e+00  -1.3603086e-02   7.7761408e-03  -2.1252128e-04
   2.4896006e-01   2.6386235e-01   1.3860484e+00  -1.4639440e-02   6.8942436e-03   6.0035517e-04
   2.6786160e-01   3.5542822e-01   1.4135217e+00  -1.3254785e-02   6.9190985e-03   1.2221017e-04
   2.2030595e-01   2.1807294e-01   1.5969055e+00  -1.6468687e-02   9.4626740e-03  -1.6798708e-03
   3.6585317e-01   1.7018144e-01   1.8631910e+00  -1.4571902e-02   6.2755715e-03  -3.3317611e-04
   2.5611291e-01   2.3585852e-01   1.5668448e+00  -1.1662786e-02   7.2686591e-03  -5.6793459e-04
   2.9752951e-01   2.5035964e-01   1.8071709e+00  -1.4269888e-02   9.4390608e-03  -1.0828317e-03
   2.6769749e-01   2.6763735e-01   1.7474160e+00  -1.3771774e-02   7.8941925e-03  -1.0473587e-03
   2.7603732e-01   3.0568583e-01   1.7180834e+00  -1.5579339e-02   8.4483446e-03  -2.7330194e-04
   2.2615072e-01   3.0385462e-01   1.6307064e+00  -1.4892613e-02   7.7821589e-03  -3.9210365e-04
   3.1469031e-01   3.4499913e-01   1.6347662e+00  -1.6725240e-02   9.1824085e-03  -2.5275435e-04
   3.1966039e-01   3.6803182e-01   1.6145326e+00  -2.1877061e-02   9.6230511e-03  -5.8731252e-04
   3.7531781e-01   3.0499964e-01   1.9202908e+00  -2.4213166e-02   1.0656982e-02  -6.3648190e-04
   4.0697061e-01   2.2397867e-01   2.3192288e+00  -2.6982735e-02   7.4605991e-03  -7.3556740e-04
   3.6970811e-01   2.5541242e-01   2.0818145e+00  -2.4727283e-02   5.5206682e-03  -6.5367716e-04
   3.7785538e-01   2.4537556e-01   2.1288579e+00  -2.4490976e-02   4.9217927e-03  -4.6697941e-04
   3.7423782e-01   2.1134669e-01   2.2222130e+00  -2.4113805e-02   6.4485151e-03  -1.0119987e-03
   3.4763623e-01   2.4146737e-01   2.0431305e+00  -2.3732140e-02   5.8424755e-03  -8.1053040e-04
   4.0835191e-01   2.8712639e-01   2.0601175e+00  -2.3588860e-02   7.0487479e-03  -5.5277979e-04
   4.0698000e-01   2.6493227e-01   2.1368113e+00  -2.4763617e-02   7.9776981e-03  -9.8946143e-04
   4.7061511e-01   2.7604891e-01   2.1076828e+00  -2.5301575e-02   8.1204386e-03  -4.1148485e-04
   5.0050828e-01   2.2046172e-01   2.2460218e+00  -2.6521081e-02   9.3466897e-03  -9.3009949e-04
   4.6003740e-01   2.8990433e-01   2.0462048e+00  -2.5393675e-02   7.5671175e-03  -6.2936593e-04
   4.5382162e-01   3.7367053e-01   2.1418930e+00  -2.4614053e-02   7.6070823e-03  -1.2735415e-03
   4.0520554e-01   3.1319080e-01   1.4284678e+00  -1.5969612e-02   5.8658831e-03   5.0353980e-04
   4.0688022e-01   3.6969793e-01   1.7788282e+00  -2.0031141e-02   8.1853542e-03   5.2205534e-05
   3.9622365e-01   2.7168614e-01   1.9952680e+00  -1.8925843e-02   8.5431914e-03   3.5282090e-04
   3.7087664e-01   3.0443845e-01   1.7541767e+00  -1.5889621e-02   7.3892987e-03   1.3851982e-03
   3.8498436e-01   3.2300956e-01   1.8880292e+00  -1.6409078e-02   7.9219217e-03   1.4519704e-03
   3.0827895e-01   3.3928895e-01   1.6161187e+00  -1.6281319e-02   6.9506735e-03   1.4973128e-03
   3.9722316e-01   2.8718057e-01   1.8770968e+00  -1.7530928e-02   9.8327088e-03   7.3846474e-04
   2.9737896e-01   2.9475496e-01   1.5675447e+00  -1.3924841e-02   7.4849181e-03   9.6698723e-05
   2.4293567e-01   3.9044412e-01   1.7956970e+00  -1.8865145e-02   5.7021332e-03   7.0673663e-05
   2.8646345e-01   3.2571679e-01   1.8842528e+00  -1.7765727e-02   6.3168763e-03   8.6415393e-04
   3.7406469e-01   3.5717942e-01   2.0113759e+00  -1.8921042e-02   1.0583988e-02   3.4455454e-04
   4.7662861e-01   3.1428731e-01   2.2921788e+00  -2.1143548e-02   1.0345497e-02   1.6457648e-03
   5.0392953e-01   2.3401680e-01   2.3514375e+00  -1.9897773e-02   8.7219512e-03   2.1862908e-03
   4.7980377e-01   2.6374579e-01   2.3316159e+00  -1.9936985e-02   9.3881685e-03   1.3468301e-03
   5.0197651e-01   3.1529171e-01   2.2675672e+00  -2.2368620e-02   1.0828396e-02   1.4821307e-03
   5.1114280e-01   2.6159223e-01   2.3566700e+00  -2.1468140e-02   1.1285680e-02   1.4343262e-03
   4.6018787e-01   2.7005116e-01   2.3541326e+00  -2.2833029e-02   1.1258420e-02   1.5490354e-03
   4.9272007e-01   2.4345732e-01   2.2994564e+00  -2.1325246e-02   1.1229112e-02   2.0573096e-03
   4.5204095e-01   3.1658259e-01   2.1064503e+00  -1.9590031e-02   9.4127847e-03   2.7278531e-03
   3.6271993e-01   3.1182042e-01   1.8045906e+00  -1.6616632e-02   1.1236499e-02   2.0641946e-03
   3.3767954e-01   4.2904966e-01   1.6986037e+00  -1.5226128e-02   1.0222898e-02   2.7078066e-03
   3.5761057e-01   4.0695912e-01   1.7125544e+00  -1.4029115e-02   1.0189254e-02   2.9412419e-03
   3.4604968e-01   4.3158576e-01   1.7753410e+00  -1.4948349e-02   1.2200250e-02   2.5359050e-03
   3.0796930e-01   3.4248300e-01   1.7865538e+00  -1.5440148e-02   1.0963113e-02   2.4279971e-03
   3.3838091e-01   4.6404906e-01   1.7913698e+00  -1.7355463e-02   1.2966590e-02   3.0715437e-03
   4.0525252e-01   3.6573522e-01   2.1661685e+00  -1.9809475e-02   1.3756292e-02   2.4000221e-03
   4.6109683e-01   3.1219696e-01   2.2831272e+00  -2.1552690e-02   1.4259292e-02   2.7151655e-03
   4.6829632e-01   3.3002291e-01   2.2223097e+00  -2.2890196e-02   1.4555243e-02   1.9921435e-03
   4.9674685e-01   4.3819593e-01   2.0697396e+00  -2.0567706e-02   1.2439615e-02   2.3194877e-03
   3.5582080e-01   4.0472530e-01   1.6307977e+00  -1.5356132e-02   1.3093589e-02   1.2752439e-03
   3.3808562e-01   4.3181080e-01   1.8763546e+00  -1.4863200e-02   1.1766265e-02   2.0590654e-03
   3.1459770e-01   4.1224042e-01   1.6808209e+00  -1.1408334e-02   1.2028641e-02   2.0917956e-03
   3.2065029e-01   4.1597042e-01   1.8290483e+00  -1.5532873e-02   1.5771279e-02   1.6570092e-03
   5.0705673e-01   4.6590645e-01   1.8592961e+00  -1.7403914e-02   1.4589385e-02   4.4838037e-04
   5.1190746e-01   3.9315354e-01   1.8929249e+00  -1.8523957e-02   1.3088515e-02  -4.9914958e-04
   4.1194314e-01   3.8289527e-01   1.4095309e+00  -1.3486515e-02   1.2944204e-02   9.4682848e-04
   5.1496128e-01   4.0577846e-01   1.6549125e+00  -1.6984555e-02   1.5310500e-02   1.0798843e-03
   6.0564316e-01   2.5756512e-01   2.1169709e+00  -1.9460330e-02   1.4964525e-02   8.9404785e-04
   5.6001811e-01   2.6075336e-01   2.2928326e+00  -2.2408075e-02   1.2006734e-02   1.3170060e-03
   5.8109490e-01   2.4039991e-01   2.4811874e+00  -2.4223949e-02   1.2452606e-02   1.6107895e-03
   5.3585511e-01   2.6898136e-01   2.3602340e+00  -2.4097686e-02   1.0873415e-02   1.6415120e-03
   4.8197173e-01   3.2556664e-01   2.0789689e+00  -1.8937709e-02   1.0101681e-02   2.1059159e-03
   3.8538741e-01   3.4718831e-01   1.8375943e+00  -1.4113763e-02   1.0022816e-02   2.1484562e-03
   4.0206612e-01   4.1862438e-01   1.8727410e+00  -1.3664562e-02   1.0303223e-02   2.3816960e-03
   3.6757661e-01   4.1846872e-01   1.7765079e+00  -1.3727833e-02   1.0311911e-02   2.6487627e-03
   3.7755560e-01   4.1112932e-01   1.8362772e+00  -1.3466556e-02   1.1081207e-02   2.9677067e-03
   3.8216096e-01   4.4093641e-01   1.6731963e+00  -1.3872774e-02   1.1138872e-02   3.1927962e-03
   4.0802783e-01   4.0760636e-01   1.6887196e+00  -1.4155187e-02   1.2794903e-02   3.1064839e-03
   3.9530732e-01   4.4146863e-01   1.7432060e+00  -1.4443237e-02   1.3460757e-02   3.0465504e-03
   3.8494281e-01   4.6709800e-01   1.5308299e+00  -1.4470733e-02   1.2846815e-02   3.3657002e-03
