   0.0000000e+00   0.0000000e+00  -7.1054274e-15   0.0000000e+00   0.0000000e+00   0.0000000e+00
   1.3428961e-02   1.9380884e-02  -2.9819213e-02   1.6383631e-04  -1.9818545e-04   9.9668213e-05
   9.9060729e-03   7.1118774e-02  -7.5207093e-02   6.0270434e-04  -2.5087171e-04  -4.5351619e-05
   1.8101730e-02   3.3750659e-02  -6.1774154e-02   8.6262203e-04  -3.7226695e-04   1.0282438e-05
  -5.8860066e-03   4.0686708e-03  -4.7330071e-02   1.3680464e-03   1.2084221e-04  -1.2234896e-04
  -1.3363395e-02   3.8492433e-02  -8.3964897e-02   2.0961255e-03  -5.7681492e-04  -5.9097911e-04
  -8.8451876e-03   5.3577589e-02  -8.0100908e-02   2.2232914e-03  -3.3251957e-04  -3.8079365e-04
  -1.5200633e-02   2.9809089e-02  -3.5832903e-02   1.4292746e-03  -3.4773965e-04  -5.6397573e-04
  -1.2915678e-02   5.4320286e-02  -6.3536647e-02   1.1078284e-03  -4.8982583e-04  -3.1557144e-04
  -2.9267976e-02   7.6520732e-02  -5.1277502e-02   1.2658241e-03  -4.5696554e-04  -5.5932203e-04
  -1.6243767e-02   7.7914415e-02  -2.6752045e-02   1.5784656e-03  -3.9891933e-04  -5.0458212e-04
  -2.6183177e-02   6.6645485e-02   2.7929171e-02   1.2262243e-03  -1.3571457e-04  -6.6365448e-04
  -2.2616117e-02   7.2208550e-02   1.1226303e-02   1.2946220e-03  -1.4635869e-04  -5.6465889e-04
  -3.5073461e-02   9.2835174e-02  -5.1651377e-03   1.6814541e-03  -2.4217351e-04  -8.3992419e-04
  -2.4068980e-02   9.9284974e-02   1.5510583e-02   1.6898527e-03   5.9051789e-05  -6.7145775e-04
  -3.3203453e-02   9.0637139e-02   2.0105164e-02   1.9154237e-03   4.4151371e-05  -1.0633216e-03
  -3.4644456e-02   9.7048312e-02   9.8469811e-03   2.3160711e-03  -1.6613181e-04  -1.0930147e-03
  -2.8779813e-02   1.0813258e-01   4.9686525e-02   2.2633365e-03  -1.1121169e-04  -1.1317305e-03
  -2.8062921e-02   1.0880151e-01   6.4667749e-02   2.3994226e-03  -2.8205941e-04  -1.0132451e-03
  -3.1765606e-02   1.2142262e-01   6.3511131e-02   2.4926653e-03   1.9719620e-05  -1.1684722e-03
  -3.0872923e-02   1.3208903e-01   6.4159621e-02   2.8765458e-03   5.3420450e-05  -1.2514971e-03
  -1.1321510e-02   1.3497070e-01   6.9442863e-02   2.5970180e-03   3.0569385e-05  -9.9633273e-04
  -1.8410128e-03   1.5795740e-01   2.4444616e-02   3.6265249e-03  -1.5035562e-04  -7.8461137e-04
  -4.9497714e-03   1.6200221e-01   3.1696051e-02   3.6787440e-03  -9.3135922e-05  -9.0197963e-04
  -5.1249716e-03   1.3895424e-01   7.6294322e-02   3.3352099e-03   6.3457478e-05  -9.4010076e-04
  -1.0495468e-02   1.4415017e-01   9.3996483e-02   2.9956086e-03   1.0707365e-04  -9.4635719e-04
  -7.7085833e-03   1.6719797e-01   6.3731777e-02   4.0921031e-03   9.6254790e-05  -9.9574130e-04
  -1.2160074e-02   1.7560553e-01   6.6827622e-02   4.7200014e-03   1.6699470e-04  -1.0425798e-03
  -1.3976714e-02   1.7211440e-01   1.0428645e-01   3.3863715e-03   1.0530515e-04  -1.2534635e-03
  -8.9000012e-03   1.8025846e-01   1.1753844e-01   3.7508929e-03   1.4166463e-04  -1.0682786e-03
  -1.0959557e-02   1.9075927e-01   1.3008412e-01   3.7451861e-03   5.8701724e-05  -1.3956863e-03
  -1.6853026e-02   2.0735653e-01   9.9479099e-02   4.0396332e-03  -1.0007238e-04  -1.4067857e-03
  -2.2674596e-02   1.9483698e-01   1.2397541e-01   4.0526313e-03   1.1289115e-04  -1.5357761e-03
  -2.6862096e-02   2.0460097e-01   1.0133453e-01   4.3703751e-03   4.3929100e-05  -1.6169925e-03
  -2.5177303e-02   1.9839481e-01   1.2100519e-01   4.3804386e-03   1.2265152e-04  -1.6213944e-03
  -2.2347371e-02   1.9687184e-01   1.3345599e-01   4.3020726e-03  -1.2934964e-04  -1.5637872e-03
  -1.8691184e-02   1.9836134e-01   1.4156098e-01   4.1108032e-03   6.6606242e-05  -1.5379178e-03
  -1.9469565e-02   2.0742247e-01   1.2710740e-01   4.4688905e-03  -9.6686161e-05  -1.5199247e-03
  -2.1432366e-02   2.1787603e-01   1.4562045e-01   4.3738337e-03  -3.3403089e-05  -1.5279101e-03
  -2.1941017e-02   2.3189815e-01   1.2989577e-01   4.6277837e-03  -1.2532240e-04  -1.6671785e-03
  -2.5880437e-02   2.3852412e-01   1.3570708e-01   4.4443815e-03   2.7755655e-05  -1.7251254e-03
  -3.3470227e-02   2.3865407e-01   1.4892780e-01   4.6968164e-03  -6.6921959e-06  -1.9387316e-03
  -2.7893742e-02   2.2864002e-01   1.3787618e-01   4.4611421e-03  -5.7909393e-05  -1.6379550e-03
  -3.0755252e-02   2.3550307e-01   1.1634814e-01   5.1765286e-03  -1.1949772e-05  -2.0045062e-03
  -2.9382811e-02   2.3967179e-01   1.2665889e-01   4.9891821e-03  -6.8085310e-05  -1.8332655e-03
  -2.3705787e-02   2.3889288e-01   1.4670861e-01   5.0117351e-03   2.1597257e-04  -1.9075247e-03
  -1.8023797e-02   2.2958580e-01   1.8472535e-01   4.6111793e-03   4.5529412e-05  -1.8410945e-03
  -1.5187666e-02   2.3124441e-01   2.0439067e-01   4.5008354e-03   4.5971369e-06  -1.7003255e-03
  -1.5140211e-02   2.3063732e-01   2.1113452e-01   4.3054522e-03  -4.3687778e-06  -1.6046983e-03
  -8.4823992e-03   2.6214760e-01   1.7987412e-01   4.9260665e-03  -4.7623446e-06  -1.5164817e-03
  -2.7838834e-02   2.6457449e-01   1.7995938e-01   4.9859401e-03   4.7203217e-05  -2.0488577e-03
  -1.9998960e-02   2.5919532e-01   1.9409822e-01   5.3014674e-03  -7.4793001e-06  -1.8314166e-03
  -1.5038085e-02   2.6817367e-01   2.0186894e-01   5.0397389e-03  -4.2843424e-05  -1.7057743e-03
  -9.7993333e-03   2.7774261e-01   1.7425758e-01   5.6167118e-03  -4.1068871e-05  -1.7444476e-03
  -2.5352631e-02   2.8225953e-01   1.9263657e-01   5.3677616e-03  -1.4904261e-05  -1.9079869e-03
  -2.2485394e-02   2.7213850e-01   1.9297446e-01   5.5759229e-03   1.4235534e-04  -1.8450233e-03
  -2.4545574e-02   2.6857235e-01   2.1990921e-01   5.2120134e-03   9.5386763e-05  -1.9236111e-03
  -2.7322510e-02   2.7059707e-01   2.1311717e-01   5.3699582e-03   2.3890464e-04  -1.8658416e-03
  -2.9181198e-02   2.7732130e-01   2.4386612e-01   5.1661801e-03   2.0320092e-04  -2.1083114e-03
  -2.6187887e-02   2.7213968e-01   2.2219795e-01   5.5781939e-03   2.2785380e-04  -1.9916926e-03
  -3.0112820e-02   2.9340947e-01   2.3334286e-01   5.0953373e-03   2.8627999e-04  -2.1447254e-03
  -1.6156412e-02   2.9632560e-01   1.7994433e-01   6.4951262e-03   1.6909035e-04  -1.8147213e-03
  -1.5462841e-02   3.1133958e-01   1.4902988e-01   6.4103043e-03  -8.2370238e-05  -1.5971261e-03
  -3.6171462e-02   2.9760594e-01   1.9533336e-01   5.7707419e-03   1.6485764e-04  -2.0953991e-03
  -2.9927941e-02   2.9417967e-01   2.0537647e-01   5.5759148e-03   3.7813698e-05  -2.0553958e-03
  -3.0187363e-02   2.9806331e-01   1.7761087e-01   6.2520815e-03   3.4996869e-04  -2.1252550e-03
  -3.6194035e-02   2.8451837e-01   2.0465866e-01   5.7644796e-03   3.6882788e-04  -2.3319770e-03
  -3.2659239e-02   2.7792130e-01   2.0461470e-01   6.3721435e-03   1.9193584e-04  -2.2875434e-03
  -3.0776082e-02   2.8578733e-01   1.7521795e-01   7.0006525e-03   2.4844628e-04  -2.2645827e-03
  -3.1277104e-02   2.6690831e-01   2.6058268e-01   5.5095561e-03   1.5749525e-04  -2.1982597e-03
  -3.0307257e-02   2.8427609e-01   2.5249673e-01   5.7836989e-03   1.4585346e-04  -2.3484587e-03
  -1.7419870e-02   2.9243048e-01   2.4643628e-01   5.6771396e-03   1.6237050e-04  -2.1413974e-03
  -1.9257598e-02   3.0998418e-01   2.6864772e-01   6.1069691e-03   9.2356490e-05  -2.1349479e-03
  -2.4566738e-02   2.9795447e-01   2.6918657e-01   6.3571951e-03   1.0776506e-04  -2.2782323e-03
  -2.7972679e-02   2.9480423e-01   2.7393375e-01   5.9722345e-03   2.6759302e-04  -2.4381034e-03
  -3.2192037e-02   3.1154038e-01   2.5733958e-01   6.7951855e-03   4.8795369e-04  -2.5497433e-03
  -2.9629192e-02   3.0831342e-01   2.4666075e-01   6.9908760e-03   4.4078512e-04  -2.4437221e-03
  -2.4632599e-02   3.0297073e-01   2.9573290e-01   6.2435168e-03   2.3717529e-04  -2.4818018e-03
  -2.4252895e-02   3.1467918e-01   2.5213314e-01   6.8504557e-03   1.1825034e-04  -2.3131477e-03
  -3.2163874e-02   3.1653918e-01   2.9323596e-01   6.3016241e-03   1.3863539e-04  -2.3535763e-03
  -1.6051197e-02   3.2506304e-01   2.4834283e-01   6.5644509e-03   1.9961217e-04  -2.3484681e-03
  -8.4889802e-03   3.3321845e-01   2.4688573e-01   6.5410353e-03   2.2637170e-04  -2.4205803e-03
  -1.1823767e-02   3.3539183e-01   2.5120594e-01   6.6898883e-03   9.7568770e-05  -2.3060359e-03
  -1.8422810e-02   3.2467113e-01   2.7316557e-01   6.9281187e-03   3.3549271e-04  -2.2661359e-03
  -2.8541953e-02   3.1670209e-01   2.6496107e-01   7.2435228e-03   5.4407086e-04  -2.6533168e-03
  -3.3460129e-02   3.2171808e-01   2.9445281e-01   6.8576712e-03   3.1337867e-04  -2.5257773e-03
  -2.8631855e-02   3.2017094e-01   3.1115202e-01   6.8704163e-03   3.3471295e-04  -2.3592742e-03
  -3.0405886e-02   3.2429470e-01   3.2328549e-01   6.1648342e-03   3.9281063e-04  -2.5824921e-03
  -3.6748222e-02   3.4379794e-01   3.1645537e-01   6.9380411e-03   6.3930374e-04  -2.7869783e-03
  -4.3149277e-02   3.2246260e-01   3.3781576e-01   6.3882193e-03   8.0482305e-04  -2.9639955e-03
  -2.7122439e-02   3.2454816e-01   3.0597476e-01   6.9667880e-03   8.4338715e-04  -2.6194856e-03
  -9.5636853e-03   3.5186405e-01   2.7930314e-01   6.8637972e-03   4.1681277e-04  -2.4785091e-03
  -3.2082141e-02   3.2928136e-01   3.0642126e-01   7.1009277e-03   7.3439495e-04  -2.8693901e-03
  -3.7725540e-02   3.0593427e-01   3.4020820e-01   6.4154007e-03   6.8836372e-04  -2.8377411e-03
  -2.2285864e-02   3.4434231e-01   3.0797575e-01   7.2645382e-03   4.4754737e-04  -2.5611492e-03
  -2.6803626e-02   3.3678105e-01   3.4932473e-01   6.8702115e-03   5.2745366e-04  -2.7180514e-03
  -2.4191271e-02   3.2848363e-01   3.4338429e-01   7.5363500e-03   6.3310757e-04  -2.5282123e-03
  -3.5086586e-02   3.4104507e-01   3.5159159e-01   7.0080976e-03   9.7243931e-04  -2.6092377e-03
  -1.1197231e-02   3.6087917e-01   3.0897661e-01   7.7083296e-03   5.0226180e-04  -2.3664939e-03
  -1.3941362e-02   3.6195499e-01   2.9634144e-01   7.9729133e-03   7.1518005e-04  -2.3309846e-03
  -2.9349723e-02   3.5680556e-01   3.2828848e-01   7.4463762e-03   6.8483038e-04  -2.8575635e-03
  -2.6144166e-02   3.6679822e-01   3.2239591e-01   7.5015380e-03   4.9948030e-04  -2.8338698e-03
  -2.9345533e-02   3.4905507e-01   3.6354211e-01   7.2975376e-03   4.3261566e-04  -2.7371013e-03
  -1.4315119e-02   3.4833298e-01   3.6580149e-01   7.5461659e-03   2.7283347e-04  -2.5107521e-03
  -2.1338040e-02   3.4131936e-01   4.0083903e-01   7.1455808e-03   3.7198885e-04  -2.7430230e-03
  -1.8967575e-02   3.4767701e-01   4.0671993e-01   7.0736181e-03   3.7793298e-04  -2.6284430e-03
  -1.8343056e-02   3.3933162e-01   4.2209449e-01   6.7072262e-03   3.9289071e-04  -2.6127503e-03
  -1.0336782e-02   3.7149165e-01   3.9387393e-01   7.7451422e-03   5.6787131e-04  -2.4740483e-03
  -1.0422558e-02   3.7926681e-01   3.7107282e-01   8.1293351e-03   6.0186789e-04  -2.4723473e-03
  -2.6403878e-02   3.7125357e-01   4.1355694e-01   7.4039311e-03   3.8328263e-04  -2.9763485e-03
  -1.8871085e-02   3.9026389e-01   3.6754045e-01   8.2521544e-03   3.1032310e-04  -2.5649680e-03
  -1.9917098e-02   3.6892644e-01   4.2936770e-01   7.5089610e-03   2.3492386e-04  -2.7343709e-03
  -2.4462236e-02   3.7789091e-01   4.1482209e-01   8.5971701e-03   4.2424018e-04  -2.6902785e-03
  -4.0801107e-03   3.8608042e-01   3.8381305e-01   8.6698891e-03   2.1028552e-04  -2.3860777e-03
  -2.1579559e-02   3.6380317e-01   4.3650261e-01   7.4778596e-03   5.5112201e-04  -2.8707103e-03
  -4.4197119e-03   3.9571996e-01   4.1072768e-01   7.9688162e-03   5.2767771e-04  -2.7065222e-03
  -2.1059641e-02   4.0565786e-01   4.2266614e-01   7.7331283e-03   4.8368425e-04  -2.9831042e-03
  -2.1597744e-02   4.1305114e-01   4.1297573e-01   7.8077990e-03   5.6541156e-04  -2.8983386e-03
  -1.4857551e-02   4.0008744e-01   4.2887931e-01   7.9452916e-03   4.8208985e-04  -2.6750328e-03
  -2.6805204e-02   4.0922904e-01   4.2437947e-01   8.6023511e-03   4.2939529e-04  -2.8355409e-03
  -2.5622362e-02   4.0028608e-01   4.3969690e-01   8.5370077e-03   3.5311441e-04  -2.9267564e-03
  -2.0926553e-02   4.0821428e-01   4.5443179e-01   8.3880033e-03   4.3023133e-04  -2.7449015e-03
  -2.3762363e-02   4.0893019e-01   4.5431836e-01   8.7890046e-03   2.9874550e-04  -2.8213285e-03
  -2.7872238e-02   4.1431036e-01   4.5067586e-01   8.7464308e-03   4.5217393e-04  -2.8106559e-03
  -3.1811372e-02   4.0097027e-01   4.7087181e-01   8.7349235e-03   4.9363125e-04  -2.9476438e-03
   9.6601607e-03   4.8073267e-01   4.6075301e-01   9.1709580e-03   4.2550765e-04  -2.4139073e-03
  -2.0958381e-02   4.4753496e-01   5.0349986e-01   9.0081389e-03   6.1120939e-05  -2.9674881e-03
  -4.8393627e-02   4.2640049e-01   5.4966658e-01   8.8888233e-03   6.1409566e-04  -3.7001685e-03
  -3.6226157e-02   4.3256020e-01   5.8356706e-01   9.2089711e-03   6.8453586e-04  -3.3820479e-03
  -4.4810434e-02   3.8231781e-01   6.6630604e-01   8.5144761e-03   9.5935442e-04  -3.5482741e-03
  -3.2418625e-02   4.0414211e-01   6.4926376e-01   8.8090193e-03   7.8380847e-04  -3.5764145e-03
  -3.5954919e-02   4.2463384e-01   6.7188794e-01   8.4764564e-03   8.6319403e-04  -3.5576554e-03
  -4.1926299e-02   4.3378744e-01   6.7550860e-01   8.7302837e-03   9.0805753e-04  -3.8011033e-03
  -4.1072043e-02   4.4491845e-01   6.8934339e-01   8.4297486e-03   6.4273799e-04  -3.6212291e-03
  -5.1384078e-02   4.3828941e-01   6.7806970e-01   9.0725082e-03   9.7052101e-04  -3.9533555e-03
  -4.3790235e-02   4.5584905e-01   6.5614704e-01   8.8461175e-03   6.2824086e-04  -3.7899374e-03
  -5.3175879e-02   4.4840964e-01   6.7965675e-01   9.0599383e-03   9.0093447e-04  -3.9777953e-03
  -4.7819735e-02   4.2963447e-01   7.1316996e-01   8.0094526e-03   8.4389674e-04  -3.9213943e-03
  -5.5231669e-02   4.6062632e-01   6.4801146e-01   9.6774788e-03   7.8820134e-04  -3.9945816e-03
  -5.4100868e-02   4.7344581e-01   6.2495759e-01   1.0324121e-02   8.8817855e-04  -3.7921006e-03
  -5.7199308e-02   4.3543556e-01   7.3884149e-01   8.2912024e-03   7.8902245e-04  -3.9508502e-03
  -6.0520252e-02   4.4163863e-01   7.5023771e-01   8.3813004e-03   8.3905534e-04  -4.0087826e-03
  -4.9105774e-02   4.3561381e-01   7.9508926e-01   7.8795096e-03   1.1247350e-03  -4.0563099e-03
  -4.9864100e-02   4.5296575e-01   7.4399693e-01   8.4378547e-03   1.0407515e-03  -3.9664956e-03
  -5.9656125e-02   4.7158317e-01   7.3270669e-01   8.7890681e-03   9.9551323e-04  -4.2942672e-03
  -6.7425584e-02   4.8909414e-01   7.0663268e-01   8.8095084e-03   8.7711358e-04  -4.2275227e-03
  -5.6676417e-02   4.5892909e-01   7.0986660e-01   8.3963259e-03   9.2425741e-04  -4.0374816e-03
  -6.2496212e-02   4.4697417e-01   7.6175106e-01   8.6716384e-03   9.9418943e-04  -4.2337857e-03
  -5.8826827e-02   4.6135913e-01   7.6444536e-01   8.5507602e-03   9.3856548e-04  -4.1323970e-03
  -5.7588834e-02   4.4979022e-01   8.1084556e-01   7.9153105e-03   1.1286009e-03  -4.1717735e-03
  -4.9732425e-02   4.5559054e-01   7.8025904e-01   7.9151239e-03   1.0160365e-03  -4.3602969e-03
  -5.8269064e-02   4.9871723e-01   7.4680359e-01   8.3955248e-03   8.4390838e-04  -4.3738021e-03
  -5.8218599e-02   4.8286384e-01   7.2569694e-01   9.0251963e-03   8.9159044e-04  -4.0416227e-03
  -6.4257337e-02   4.8343237e-01   7.5191848e-01   9.4663820e-03   1.2038005e-03  -4.2621068e-03
  -6.0150674e-02   4.5918398e-01   7.9889120e-01   8.5617964e-03   9.3652947e-04  -4.0564408e-03
  -6.4970000e-02   4.7182633e-01   7.7107886e-01   9.3593002e-03   1.0037862e-03  -4.3439292e-03
  -5.6754353e-02   4.6364906e-01   7.8546814e-01   8.6432482e-03   9.8627334e-04  -4.1834802e-03
  -6.3885952e-02   4.7529117e-01   7.6574277e-01   8.9886761e-03   8.6010849e-04  -4.2866335e-03
  -6.3365802e-02   4.9233761e-01   7.5905882e-01   8.8901459e-03   9.4330276e-04  -4.1322497e-03
  -6.9018022e-02   4.8155015e-01   7.9200825e-01   9.3100506e-03   1.0145441e-03  -4.2172610e-03
  -6.5355216e-02   4.6570731e-01   8.1182387e-01   8.6756997e-03   1.1856409e-03  -4.2172933e-03
  -4.8485911e-02   4.9219157e-01   7.9156415e-01   9.8132992e-03   1.1226894e-03  -3.8689038e-03
  -6.7318426e-02   4.8602617e-01   7.6981140e-01   1.0576459e-02   9.7974058e-04  -4.1348452e-03
  -7.8903893e-02   4.2553937e-01   8.7171469e-01   8.4048502e-03   1.2778778e-03  -4.4148307e-03
  -5.7714716e-02   4.8979169e-01   8.7712160e-01   8.6229301e-03   1.0299410e-03  -4.1332044e-03
  -6.9051471e-02   4.7462906e-01   8.9961498e-01   8.2808835e-03   1.2318039e-03  -4.3829429e-03
  -5.2650588e-02   4.7797065e-01   9.5224750e-01   7.9354581e-03   1.0891587e-03  -3.9911371e-03
  -5.3506989e-02   4.7399899e-01   9.5584027e-01   7.9292577e-03   9.7403475e-04  -4.0213133e-03
  -5.9125240e-02   5.0246267e-01   9.3065197e-01   8.0703429e-03   1.0105038e-03  -4.0766780e-03
  -4.4779388e-02   4.9837174e-01   9.1492879e-01   8.5471382e-03   1.1204073e-03  -3.8982808e-03
  -4.8341348e-02   5.0467895e-01   9.5204625e-01   7.6300333e-03   1.0371907e-03  -4.1642283e-03
  -4.0463140e-02   5.1109960e-01   9.5914600e-01   7.7712747e-03   9.3523164e-04  -4.0024949e-03
  -4.7859848e-02   4.7877517e-01   1.0182540e+00   6.9576989e-03   9.5544056e-04  -4.1718844e-03
  -4.1428269e-02   5.1008746e-01   9.6679992e-01   7.7282010e-03   7.5666568e-04  -4.0214869e-03
  -4.1732630e-02   5.2589954e-01   9.5730638e-01   7.6813111e-03   8.6639544e-04  -3.9644758e-03
  -5.5170471e-02   5.0137688e-01   9.8168282e-01   6.8130504e-03   7.1917074e-04  -4.3836322e-03
  -5.6392233e-02   5.0012695e-01   9.4163443e-01   7.3935424e-03   3.1821686e-04  -4.2838647e-03
  -5.7572303e-02   5.1152028e-01   9.7549499e-01   7.2845016e-03   1.0941283e-04  -4.2895076e-03
  -5.7561105e-02   4.9981887e-01   9.9032130e-01   7.0021746e-03  -8.2084663e-05  -4.2953475e-03
