   0.0000000e+00   0.0000000e+00   0.0000000e+00   0.0000000e+00   0.0000000e+00   0.0000000e+00
  -1.3734920e-01   2.4262077e-02  -2.7094125e-01   3.9869226e-04   2.3280564e-03  -2.2700730e-03
  -2.9718079e-02   5.0272702e-02  -2.0415132e-01  -5.6081062e-04   9.7053188e-04  -1.4320788e-03
  -2.1981223e-02   6.0301723e-02  -1.4251912e-01  -1.5102919e-04   1.0975583e-03  -1.7359758e-03
  -2.0713799e-02   1.0917934e-01  -1.7795041e-01  -9.0427500e-04   8.6672657e-04  -1.9378563e-03
  -3.0656254e-02   1.0208552e-01  -1.6553633e-01  -5.5303065e-04   1.2954627e-03  -1.8946399e-03
  -3.1113854e-02   7.9483119e-02  -1.6052340e-01  -5.9555601e-04   9.7767472e-04  -1.5963892e-03
  -3.5331240e-02   9.9267389e-02  -1.4395088e-01  -4.7463141e-04   1.2256982e-03  -1.8921422e-03
  -2.0220752e-02   1.0895820e-01  -1.6594799e-01  -8.5728164e-04   9.9029096e-04  -1.8418738e-03
  -2.0123445e-02   8.8869277e-02  -1.4925437e-01  -6.7104102e-05   1.0583112e-03  -1.6751192e-03
  -2.7677531e-02   8.5444106e-02  -8.9288366e-02  -6.9904726e-04   1.0008895e-03  -1.6561724e-03
   5.6720693e-02   1.9176491e-01   1.2884708e-01  -1.0660682e-03   2.5440210e-03  -2.6597174e-03
   1.4356522e-01   6.8772112e-02  -1.6015987e-01   1.7938731e-03  -3.5764253e-04  -7.0659090e-04
   1.0228432e-01   1.0789311e-01  -1.7276553e-01   8.5954739e-04  -1.1684171e-03  -3.5499470e-04
   1.0373834e-01   9.2114757e-02  -1.6897582e-01   1.0301277e-03  -1.1598173e-03  -3.9901490e-04
   8.6034819e-02   1.0817993e-01  -1.2183664e-01   3.8521055e-04  -1.0328426e-03  -5.4585639e-04
   1.1110368e-01   1.0830941e-01  -1.2805396e-01   7.9036653e-04  -1.0655786e-03  -5.8017473e-04
   1.0398331e-01   1.1525923e-01  -1.0542396e-01   6.4107846e-04  -1.0573374e-03  -4.8875745e-04
   9.1945553e-02   1.0880509e-01  -1.0110837e-01   4.6827337e-04  -1.3504401e-03  -5.4781878e-04
   8.0962111e-02   1.3682791e-01  -1.0411914e-01   9.8704573e-04  -1.1241904e-03  -4.6657754e-04
   8.7814836e-02   1.1528331e-01  -1.4088818e-01   1.2088300e-03  -1.5287272e-03  -9.5752067e-05
   7.1012019e-02   1.2440520e-01  -1.0795634e-01   9.5112951e-04  -1.3440886e-03  -2.7570038e-04
   7.9740607e-02   1.1645036e-01  -1.1436514e-01   8.3821771e-04  -1.7132485e-03   3.7856023e-05
   6.3383934e-02   1.5556913e-01  -1.1677347e-01   1.1933942e-03  -1.2850733e-03  -1.0296384e-04
   9.1815322e-02   1.6088622e-01  -1.5713925e-01   2.2580099e-03  -1.9656401e-03   3.4859114e-04
   4.6364107e-02   1.5638349e-01  -7.4706498e-02   1.0437204e-04  -1.2432126e-03  -3.4026150e-04
   8.5954094e-02   1.6184448e-01  -1.4149946e-01   2.0361344e-03  -2.0807075e-03   3.0737373e-04
   3.7057392e-02   2.4945682e-01  -1.4133490e-01  -4.1187077e-04   4.8947568e-04  -8.8015256e-04
   4.7672663e-02   3.7887414e-01  -9.6814664e-02  -3.9474916e-03   2.3003272e-03  -1.5322001e-03
   1.1775040e-01   2.4152304e-01  -4.1148721e-01  -1.4950984e-03  -9.4968693e-04  -1.7131735e-04
   8.3198543e-02   2.3837896e-01  -3.3003788e-01  -2.1757978e-03  -3.4526259e-04  -7.0356804e-05
   8.9736796e-02   2.1592632e-01  -2.9753228e-01  -1.4738590e-03  -7.6115365e-04   2.3422274e-04
   9.7517376e-02   1.8779974e-01  -2.8028059e-01  -1.0978401e-03  -6.9046120e-04   4.9940015e-04
   9.1740638e-02   1.9959299e-01  -2.7434157e-01  -7.2724842e-04  -1.0621608e-03   5.3709289e-04
   7.3926120e-02   2.0159596e-01  -2.5338971e-01  -7.2476489e-04  -7.1630831e-04   5.9979470e-04
   8.1689057e-02   2.0792682e-01  -2.8082948e-01  -5.3409433e-04  -1.0744329e-03   7.7516040e-04
   7.2703566e-02   2.3245403e-01  -2.4094003e-01  -5.3484645e-04  -9.0233520e-04   7.9625120e-04
   6.7905687e-02   2.3676437e-01  -2.5605068e-01  -4.6780420e-04  -1.1155200e-03   8.8434642e-04
   6.8169313e-02   2.4007917e-01  -2.4502352e-01  -8.7858307e-04  -7.9381814e-04   8.0066818e-04
   6.3465744e-02   2.3481951e-01  -2.3469310e-01  -7.8096622e-04  -9.2214344e-04   8.1200180e-04
   6.9112018e-02   2.6420786e-01  -2.3557260e-01  -7.3105806e-04  -7.5031049e-04   8.7842364e-04
   8.7761357e-02   2.5096304e-01  -2.3310630e-01  -6.5057625e-04  -1.0501050e-03   9.7727372e-04
   7.8763201e-02   2.4156996e-01  -2.2501941e-01  -4.1183542e-04  -8.0432872e-04   9.6111956e-04
   9.6208961e-02   2.4658752e-01  -2.2280497e-01  -2.1523272e-04  -9.8857316e-04   1.0926693e-03
   8.6488220e-02   2.4515612e-01  -2.2610324e-01   2.8707672e-05  -7.2017457e-04   8.9730174e-04
   1.0320999e-01   2.6632869e-01  -2.5561342e-01   1.2273449e-04  -9.7327938e-04   1.0345552e-03
   1.0562671e-01   2.9165139e-01  -2.6038788e-01  -1.0381079e-04  -1.1014034e-03   9.7558693e-04
   1.1703548e-01   2.9586178e-01  -2.4524962e-01   4.4492023e-05  -1.1860987e-03   1.4202534e-03
   1.0723323e-01   2.9726815e-01  -2.3126510e-01  -8.2036277e-05  -1.0542055e-03   1.0928356e-03
   1.0200272e-01   2.9489221e-01  -2.1472042e-01  -2.6184245e-05  -1.1180337e-03   1.0541722e-03
   9.4381864e-02   2.9537486e-01  -2.1840303e-01  -4.2639613e-04  -1.0423356e-03   1.0186636e-03
   1.0833377e-01   2.7024841e-01  -2.1374958e-01  -1.3638969e-04  -1.2308630e-03   1.0818594e-03
   9.8420827e-02   3.0106789e-01  -2.1578604e-01  -2.8122076e-04  -1.0766067e-03   1.1713732e-03
   1.0700106e-01   3.1535494e-01  -2.2053693e-01  -8.2909958e-05  -1.1154142e-03   1.2541039e-03
   1.0418439e-01   3.1270434e-01  -2.0288094e-01  -5.1768635e-04  -1.1368517e-03   1.1453851e-03
   1.0588292e-01   3.2236639e-01  -2.3017898e-01   2.8826877e-04  -8.9422716e-04   1.1099852e-03
   9.3938642e-02   3.2993136e-01  -2.0177542e-01   3.5387042e-04  -9.9269439e-04   7.9073638e-04
   9.3898044e-02   3.0642199e-01  -2.1970495e-01   1.5000159e-06  -1.1094412e-03   1.0600119e-03
   9.4474386e-02   2.9591626e-01  -1.8648918e-01   3.2310351e-04  -9.9130026e-04   1.1697709e-03
   8.9894042e-02   2.9891891e-01  -1.9052550e-01   4.7957708e-04  -9.4906449e-04   1.2304649e-03
   7.8025669e-02   3.1334955e-01  -2.1105417e-01   9.4077315e-04  -8.7560735e-04   9.4816831e-04
   6.4187152e-02   3.0909427e-01  -2.3446509e-01   1.4584714e-03  -4.5060716e-04   6.8057499e-04
   7.0292100e-02   3.2187601e-01  -1.9772417e-01   8.8072611e-04  -3.7700139e-04   7.4289262e-04
   7.7482453e-02   3.2686859e-01  -2.0610407e-01   1.1028851e-03  -6.5987508e-04   6.0090885e-04
   7.1888128e-02   3.4958556e-01  -1.8692027e-01   8.3258740e-04  -6.1475585e-04   6.9676777e-04
   7.1716325e-02   3.4667509e-01  -2.1600839e-01   8.9259548e-04  -8.2766478e-04   6.3187890e-04
   7.0133007e-02   3.5624217e-01  -1.8161209e-01   8.1256889e-04  -5.1991341e-04   7.0548303e-04
   6.5566440e-02   3.4017218e-01  -1.8970275e-01   8.6091807e-04  -5.9521355e-04   6.5689532e-04
   7.3540553e-02   3.4548118e-01  -1.6581948e-01   1.1349283e-03  -6.3544084e-04   9.4434482e-04
   5.5976117e-02   3.6462612e-01  -1.7280179e-01   9.0789000e-04  -7.3285535e-04   8.6197201e-04
   6.3356367e-02   3.9336879e-01  -1.7201100e-01   8.4306038e-04  -7.1823702e-04   8.9143608e-04
   5.8410469e-02   3.8461632e-01  -1.6609625e-01   4.8823584e-04  -7.5056456e-04   9.0517515e-04
   6.0706315e-02   3.9185606e-01  -1.5835396e-01   5.9014721e-04  -6.2259592e-04   9.3615123e-04
   5.1024311e-02   3.7787872e-01  -1.6115284e-01   5.8958184e-04  -7.8105146e-04   6.6741187e-04
   5.9614315e-02   3.8324316e-01  -1.5624419e-01   8.1784044e-04  -6.0977589e-04   7.8114513e-04
   6.5812749e-02   3.6452889e-01  -1.4698986e-01   6.9471986e-04  -7.9555408e-04   8.5262438e-04
   5.6815031e-02   3.6813440e-01  -1.2954475e-01   1.1240586e-03  -5.4478308e-04   1.0499908e-03
   5.9600165e-02   3.5463241e-01  -1.4361003e-01   9.9656135e-04  -9.0525221e-04   1.0667088e-03
   6.0097074e-02   3.6755379e-01  -1.4598291e-01   1.2071721e-03  -7.3038233e-04   9.9481594e-04
   5.2599022e-02   3.5972475e-01  -1.3660579e-01   7.5573653e-04  -9.8956362e-04   8.1845070e-04
   5.0214202e-02   3.9936720e-01  -1.4973382e-01   1.0182639e-03  -5.2316301e-04   6.6253888e-04
   7.8621809e-02   3.9042821e-01  -1.8361802e-01   1.5144884e-03  -1.1227470e-03   1.0431182e-03
   5.9082752e-02   3.9507644e-01  -1.5551291e-01   5.8964517e-04  -7.8954723e-04   5.4228204e-04
   6.8909778e-02   3.8452771e-01  -1.5240015e-01   1.2973727e-03  -8.4485715e-04   9.0016690e-04
   4.7895525e-02   3.8987074e-01  -1.3596424e-01   7.4761623e-04  -7.1614784e-04   5.1839036e-04
   6.6649049e-02   3.9937829e-01  -1.7360378e-01   1.3031816e-03  -9.3997581e-04   8.4735135e-04
   6.9755339e-02   4.4771314e-01  -1.4787727e-01   1.7402618e-05  -9.8185997e-04   7.9161641e-04
   6.6480495e-02   4.8872093e-01  -1.2668310e-01   7.0835211e-05  -7.3543256e-04   5.4931229e-04
   7.3963981e-02   4.7425507e-01  -1.1378855e-01  -1.1804244e-04  -8.5646569e-04   8.3860944e-04
   5.8550319e-02   4.7600699e-01  -1.1931741e-01  -4.0410376e-04  -7.4991442e-04   4.4023726e-04
   5.1363666e-02   4.6287953e-01  -1.1465153e-01  -5.6579624e-04  -7.2090040e-04   3.4808521e-04
   4.1772305e-02   4.6052823e-01  -1.3216181e-01  -2.7349109e-04  -6.9296993e-04   1.8213936e-04
   5.2681068e-02   4.4876817e-01  -1.2725064e-01   6.1318685e-05  -7.4401506e-04   3.3952100e-04
   6.1026238e-02   4.3596437e-01  -1.4331406e-01   4.4409672e-04  -1.0023167e-03   6.8742841e-04
   5.3048658e-02   4.4295892e-01  -1.2581090e-01   4.6611821e-04  -6.6080050e-04   4.2436412e-04
   7.0772653e-02   4.5278289e-01  -1.4989609e-01   5.0366955e-04  -1.1208116e-03   7.3727297e-04
   6.1290018e-02   4.4700583e-01  -1.3325283e-01   5.1245128e-04  -8.3116782e-04   6.4531885e-04
   6.8496531e-02   4.5351626e-01  -1.3555284e-01   7.7601815e-04  -1.1923816e-03   7.2644684e-04
   5.4683107e-02   4.8399962e-01  -1.4022111e-01   4.3745133e-04  -9.1274827e-04   3.8518947e-04
   5.4354797e-02   4.8907159e-01  -1.3024475e-01   5.1663167e-04  -9.7966055e-04   5.3896489e-04
   4.7449671e-02   4.7441538e-01  -1.1480338e-01   5.6928703e-05  -8.2080245e-04   3.8935709e-04
   5.5326865e-02   4.8928966e-01  -1.1516855e-01   2.8237985e-04  -1.0931292e-03   4.7914440e-04
   4.6276346e-02   5.0421310e-01  -1.2417897e-01   2.2003797e-04  -9.6350926e-04   4.2124328e-04
   6.0020301e-02   4.9995448e-01  -1.2455942e-01   6.5588490e-04  -1.1273273e-03   6.1710582e-04
   4.2893555e-02   4.8376512e-01  -7.4664112e-02   1.8350772e-04  -7.5592796e-04   3.7089325e-04
   5.7632504e-02   4.7825840e-01  -1.3584731e-01   1.1336065e-03  -8.5240972e-04   5.3925731e-04
   4.6999163e-02   4.5564234e-01  -8.3927603e-02   1.2581190e-03  -6.5906602e-04   6.6314772e-04
   4.3120068e-02   4.5074507e-01  -1.2679718e-01   1.1174330e-03  -8.4505111e-04   8.6554392e-04
   3.4228715e-02   4.6637736e-01  -7.1212929e-02   9.0796150e-04  -4.3579307e-04   7.9167048e-04
   6.5751443e-02   4.8498455e-01  -1.5299645e-01   1.5016218e-03  -1.2598687e-03   1.1009186e-03
   2.4870470e-02   5.1099420e-01  -1.3276879e-02  -1.8250525e-04   2.0144036e-05   2.0017144e-04
   9.4131889e-02   6.0090436e-01   5.7894867e-02  -1.9136918e-03   1.4954707e-03  -1.2694430e-03
   1.3026863e-01   4.9266389e-01  -1.9570213e-01   1.2021044e-03  -1.2040581e-03   8.1089875e-04
   7.5589333e-02   5.1197281e-01  -9.1117892e-02   1.1825936e-04  -4.3407171e-04   2.1010847e-04
   9.3323002e-02   4.9774232e-01  -1.3571878e-01   1.1583103e-03  -9.7672935e-04   6.5480550e-04
   8.5523546e-02   4.9184534e-01  -8.5157976e-02   6.9083182e-04  -1.0045840e-03   6.0118136e-04
   8.2311747e-02   4.8944846e-01  -1.0666521e-01   8.8260018e-04  -8.5175611e-04   6.0340329e-04
   7.5050340e-02   4.8122746e-01  -7.1348457e-02   2.2174981e-04  -9.3499717e-04   4.0960593e-04
   8.0142895e-02   4.8238697e-01  -1.1505203e-01   8.9997769e-04  -8.2936380e-04   3.5171934e-04
   8.7600860e-02   4.8479057e-01  -8.7384828e-02   8.2234010e-04  -7.9720705e-04   5.5356305e-04
   8.4594140e-02   5.2096080e-01  -1.2612436e-01   8.4565306e-04  -9.4965184e-04   5.4073313e-04
   9.4075902e-02   5.2664137e-01  -1.3375584e-01   8.9562942e-04  -1.1190835e-03   7.2243034e-04
   9.2082128e-02   5.2339009e-01  -1.1944252e-01   8.2223330e-04  -1.3027050e-03   7.0433439e-04
   8.7418138e-02   5.4491513e-01  -1.2160006e-01   8.0092168e-04  -1.2174982e-03   8.6094911e-04
   7.1700826e-02   5.5228540e-01  -1.0220222e-01   5.0657978e-04  -9.9582524e-04   4.3146018e-04
   8.2693449e-02   5.6196561e-01  -9.9648234e-02   5.7373719e-04  -7.9412101e-04   3.5271742e-04
   7.2981831e-02   5.6067549e-01  -8.4076679e-02   2.1752174e-04  -9.8778543e-04   4.8349273e-04
   6.1459629e-02   5.8113114e-01  -1.0236624e-01   2.5801200e-04  -8.3520945e-04   4.4234906e-04
   6.5032311e-02   5.7937063e-01  -9.2026889e-02   5.3011609e-04  -9.8684920e-04   5.4249116e-04
   4.8309603e-02   5.7830217e-01  -8.0891808e-02   4.4892803e-04  -7.9149764e-04   4.0790088e-04
   5.1042684e-02   5.7430331e-01  -7.8007125e-02   6.1202253e-04  -9.9030356e-04   8.5759711e-04
   3.7719808e-02   5.8439520e-01  -7.0115959e-02   6.6538301e-04  -8.4504211e-04   7.9804536e-04
   3.0964062e-02   5.8724380e-01  -8.0860372e-02   5.3665528e-04  -6.6124573e-04   4.2645437e-04
   3.8368906e-02   5.9041037e-01  -8.1544846e-02   5.8153649e-04  -8.3974414e-04   6.4029627e-04
   4.0607696e-02   5.8589636e-01  -9.2520449e-02   7.8699606e-04  -8.6219363e-04   6.6283429e-04
   3.3428476e-02   5.7446782e-01  -6.4052592e-02   5.5128487e-04  -6.1912192e-04   5.7305321e-04
   4.1452001e-02   5.6271523e-01  -9.0569316e-02   1.2303723e-03  -5.4507381e-04   5.0367607e-04
   3.2292081e-02   5.4679318e-01  -2.9018510e-02   8.6299823e-04  -5.2381372e-04   6.1327036e-04
   2.2850522e-02   5.6403884e-01  -8.4117542e-02   1.6733684e-03  -4.6448456e-04   8.4487703e-04
   3.3939772e-02   5.4752994e-01  -6.5879183e-02   2.1049779e-03  -4.5729364e-04   1.0296076e-03
   3.2246165e-02   5.6233699e-01  -4.5165768e-02   1.0462094e-03  -6.7030902e-04   7.5087333e-04
   3.1825181e-02   5.6293159e-01  -4.8130101e-02   1.4713041e-03  -5.5518333e-04   8.8305139e-04
   2.2212048e-02   5.6981471e-01  -3.2583931e-02   1.3211835e-03  -8.1715174e-04   9.6344474e-04
   3.1783587e-02   5.8574726e-01  -6.4511014e-02   1.9034675e-03  -6.0241605e-04   1.1050021e-03
   3.3372838e-02   5.7136332e-01  -5.7486175e-02   1.6509849e-03  -6.0145799e-04   1.1229315e-03
   2.3244354e-02   5.7958869e-01  -4.9562027e-02   1.7286104e-03  -7.2890181e-04   1.0310688e-03
   3.1708775e-02   5.9963837e-01  -5.9464091e-02   1.7971441e-03  -8.5818731e-04   1.1424284e-03
   1.5891014e-02   6.2496446e-01  -6.4163821e-02   1.3920978e-03  -4.8365657e-04   8.9726576e-04
   1.4681114e-02   6.1681601e-01  -4.9706268e-02   1.4108389e-03  -5.2369757e-04   9.7521574e-04
   8.4712798e-03   6.3922410e-01  -6.0858458e-02   1.7103820e-03  -4.8563727e-04   9.9368194e-04
   9.7008876e-03   6.5240368e-01  -4.9541835e-02   1.4094307e-03  -6.4620174e-04   8.9490910e-04
  -4.1696521e-03   6.4249856e-01  -3.6894510e-02   1.2582120e-03  -5.4700841e-04   7.2190262e-04
  -3.2747817e-03   6.2769102e-01  -3.4136114e-02   9.4413527e-04  -5.5816333e-04   9.0435082e-04
   1.4626267e-03   6.2272706e-01  -5.7959173e-02   1.7718153e-03  -3.3911570e-04   7.5557012e-04
   1.4028298e-02   6.3368594e-01  -7.4564365e-02   2.0768278e-03  -5.4633963e-04   1.0235817e-03
  -1.5960920e-02   6.1887187e-01  -1.4530688e-02   9.5281268e-04  -6.1061429e-04   6.4546383e-04
   2.7063068e-03   6.4048309e-01  -2.4220652e-02   1.4261503e-03  -5.5308142e-04   9.6994311e-04
  -1.3425684e-02   6.2400962e-01  -1.5054503e-02   1.0397762e-03  -4.0948882e-04   5.7093280e-04
  -1.7552919e-03   6.1927432e-01  -2.4788419e-02   1.5664050e-03  -4.0588701e-04   7.6620802e-04
   2.0929734e-03   5.9717604e-01  -1.0564700e-02   1.6841633e-03  -3.6400008e-04   6.3030030e-04
   3.0785016e-03   6.2246926e-01  -4.3585795e-02   1.7344117e-03  -3.6887705e-04   5.1912567e-04
   5.0048191e-03   6.1020588e-01  -6.2313433e-02   1.8622817e-03  -3.7594592e-04   7.4584486e-04
  -2.1045356e-03   6.3112015e-01  -5.4603592e-02   2.0313268e-03  -2.7297936e-04   6.4902132e-04
  -4.8839229e-03   6.1625369e-01  -2.3774146e-02   1.8264304e-03  -4.1097669e-04   6.3122396e-04
   5.0604242e-03   6.2179605e-01  -5.4161099e-02   2.4134512e-03  -4.3502444e-04   8.2934886e-04
  -9.4610068e-03   6.2875471e-01  -2.0596261e-02   1.6946793e-03  -4.1585032e-04   7.0628424e-04
  -5.3689331e-03   6.5645675e-01  -7.9674914e-02   2.9297336e-03  -3.2771087e-04   8.5685079e-04
   1.4771713e-02   6.5473367e-01  -8.1136233e-02   3.0100843e-03  -3.3769568e-04   8.9542229e-04
  -3.7725179e-04   6.4963691e-01  -3.5068538e-02   2.0164769e-03  -3.3017095e-04   8.7809992e-04
   3.2571009e-03   6.8442926e-01  -4.4222431e-02   2.0599751e-03  -3.3339712e-04   8.9861188e-04
  -1.0745860e-02   6.8407076e-01  -4.3407390e-02   1.8689339e-03  -3.9375338e-04   8.8588511e-04
  -1.9086897e-02   6.8260418e-01  -2.1056529e-02   1.8963530e-03  -2.0545287e-04   7.4609137e-04
  -3.2156297e-02   6.9007886e-01  -4.5029111e-02   2.0594883e-03  -2.9894395e-04   8.4912194e-04
  -1.5629958e-02   6.8168642e-01  -2.2804451e-02   1.9133309e-03  -2.2038069e-04   9.2962716e-04
  -1.4502353e-02   6.8544987e-01  -1.6642263e-02   1.6004900e-03  -2.5847867e-04   6.7147283e-04
  -1.6957689e-02   6.9465202e-01  -1.8780016e-02   1.6649794e-03  -1.9977762e-04   6.2810165e-04
  -2.4200149e-02   7.0070188e-01  -1.2412389e-02   1.9724246e-03  -3.7893725e-04   4.0675589e-04
  -1.9157180e-02   7.0479671e-01  -1.7052737e-02   1.9937138e-03  -3.8689349e-04   1.4364828e-04
  -2.4908185e-02   7.0818826e-01  -1.2252257e-02   1.8113200e-03  -2.9530305e-04   2.9359831e-06
