   0.0000000e+00   0.0000000e+00   0.0000000e+00   0.0000000e+00   0.0000000e+00   0.0000000e+00
  -6.9084152e-03   2.5592738e-03   3.7581090e-02  -6.1519880e-04  -2.4316630e-04  -1.3434727e-04
   3.6851759e-03   4.7477537e-04   1.4413845e-02  -6.6112342e-04  -5.0281130e-04  -3.4923416e-05
   1.1504332e-02  -1.7817918e-03   4.2358359e-02  -5.4688362e-04  -4.5350735e-04   1.6484618e-04
   4.4288769e-03  -7.8794279e-03   2.4537175e-02  -4.1085313e-04  -5.0453449e-04   6.8966202e-05
   6.0084317e-03   1.9929148e-02   3.6985837e-02  -1.8152881e-04  -4.3644176e-04   2.1848748e-04
   1.1050944e-02   7.8822649e-02   4.5821781e-02  -4.8542763e-04  -2.6119124e-04   5.6397890e-05
  -4.6477035e-03   9.5075951e-02   3.9365468e-02  -8.0706631e-04  -1.0440374e-04  -3.9855132e-04
   1.3062127e-02   9.5510555e-02   8.3339679e-02  -1.2806680e-03  -3.1488474e-04  -2.9236838e-04
  -5.9316048e-03   9.9627398e-02   5.2924732e-02  -6.4890668e-04  -8.7298848e-05  -1.4484233e-04
  -2.4938208e-02   9.2892369e-02   6.6388022e-02  -7.6105191e-04  -1.4095038e-04  -6.7963344e-04
  -3.9729291e-02   7.4280558e-02   5.1565771e-02  -7.6142113e-04  -5.6035738e-04  -7.2856696e-04
  -4.0220927e-02   7.2746598e-02   5.5516177e-02  -5.8570693e-04  -3.7507697e-04  -6.4293244e-04
  -3.7965503e-02   6.2863677e-02   8.1729165e-02  -1.1795928e-03  -3.9973440e-04  -5.1714545e-04
  -3.8019016e-02   5.7191756e-02   4.2544507e-02   6.2720125e-05  -3.3099097e-04  -7.0472170e-04
  -6.4497730e-02   8.4496098e-02   5.5981367e-02   7.9258612e-05  -6.0442215e-04  -1.0547990e-03
  -3.7851546e-02   1.0482006e-01   8.2603397e-02  -5.0695012e-04  -4.4384562e-04  -5.5824547e-04
  -5.5715055e-02   1.3209984e-01   5.4095238e-02  -5.9747618e-04  -5.6785371e-04  -9.9236669e-04
  -4.1194964e-02   1.2838526e-01   7.8943992e-02  -9.6058969e-04  -5.1535533e-04  -5.8834785e-04
  -5.6140178e-02   8.9740369e-02   7.1389846e-02  -1.1148907e-03  -6.5307631e-04  -9.7896852e-04
  -8.4332256e-02   8.4055781e-02   5.8436272e-02  -5.7777278e-04  -6.8364753e-04  -1.0949867e-03
  -7.4530036e-02   1.0548248e-01   6.2602230e-02  -2.4209646e-04  -3.5143321e-04  -1.1902788e-03
  -7.6871358e-02   8.8953552e-02   6.3877614e-02  -2.7916087e-04  -5.7340069e-04  -1.2118379e-03
  -6.1492422e-02   1.4210046e-01   6.2374327e-02  -2.2922868e-04  -6.2832050e-04  -8.6245341e-04
  -6.5205597e-02   1.6283465e-01   4.5445170e-02  -6.9812274e-04  -6.9947734e-04  -1.3508222e-03
  -7.6083236e-02   1.6802094e-01   5.0201082e-02   3.6541330e-05  -7.4505210e-04  -1.1950212e-03
  -6.5771263e-02   1.4413820e-01   4.4348066e-02  -6.9961616e-04  -9.8201207e-04  -1.2041888e-03
  -8.4547509e-02   1.5668130e-01   7.1962715e-02  -1.0127178e-03  -1.9871683e-03  -1.6094950e-03
  -9.6398908e-02   2.0202621e-01   5.7041929e-02  -4.6303911e-04  -1.9746044e-03  -1.7071934e-03
  -1.0096511e-01   1.7726760e-01   8.1415646e-02  -5.3547726e-04  -1.8475651e-03  -1.8800313e-03
  -8.4975628e-02   1.7806956e-01   6.8184472e-02  -1.9703797e-04  -1.8684160e-03  -1.5057426e-03
  -8.7994317e-02   1.4260313e-01   4.9422449e-02  -4.3429139e-04  -1.8442255e-03  -1.5615031e-03
  -1.0157861e-01   1.6876212e-01   4.4977622e-02  -7.2222292e-04  -1.8029540e-03  -1.7050018e-03
  -9.6992295e-02   1.5453467e-01   4.5444545e-02  -2.8828396e-04  -1.9548732e-03  -1.5607377e-03
  -1.0268513e-01   1.6005836e-01   5.8346632e-02  -3.9306829e-04  -1.8606710e-03  -1.5134354e-03
  -9.3775196e-02   1.6043400e-01   6.3044955e-02  -1.9838828e-04  -2.0043689e-03  -1.5845988e-03
  -9.8171610e-02   1.4571948e-01   3.8550307e-02  -4.9167936e-04  -1.7768212e-03  -1.7207929e-03
  -1.0359564e-01   1.5361714e-01   8.5883636e-02  -2.5150917e-04  -1.9349663e-03  -1.3347487e-03
  -9.3588933e-02   1.5646698e-01   6.9941987e-02  -3.6131585e-04  -2.1639040e-03  -1.3775076e-03
  -1.0686095e-01   1.5963877e-01   1.4191188e-01  -8.3537921e-04  -2.8292351e-03  -1.3411020e-03
  -9.6141351e-02   1.8280271e-01   6.9711720e-02   6.4594354e-05  -2.8631383e-03  -1.6046828e-03
  -9.4605404e-02   2.0568630e-01   6.4978949e-02  -9.4105289e-05  -2.8531812e-03  -1.6453536e-03
  -9.3967317e-02   2.0644944e-01   7.5138329e-02  -2.3128041e-04  -2.6477962e-03  -1.4833419e-03
  -7.9017924e-02   2.3739206e-01   8.7177818e-02  -7.5218496e-04  -2.3647222e-03  -1.6857356e-03
  -7.8120171e-02   2.2265337e-01   1.0734892e-01  -4.6586310e-04  -2.6728629e-03  -1.2995315e-03
  -8.0603992e-02   2.2758282e-01   1.0044369e-01  -3.3406753e-04  -2.4138418e-03  -1.3079690e-03
  -7.4270628e-02   2.3008785e-01   9.4796767e-02  -2.6373713e-04  -2.2606922e-03  -1.3051588e-03
  -7.6089917e-02   2.4634342e-01   9.4775976e-02  -1.1128282e-04  -2.2956080e-03  -1.4990755e-03
  -7.9049717e-02   2.4891930e-01   9.8359973e-02  -1.8244558e-04  -2.2273737e-03  -1.6198886e-03
  -6.9377182e-02   2.5514004e-01   1.0209809e-01  -4.3173983e-04  -2.4502584e-03  -1.6169689e-03
  -6.7086488e-02   2.4233287e-01   9.5186839e-02  -6.7800983e-04  -2.5027673e-03  -1.6723683e-03
  -4.5096516e-02   2.5049491e-01   9.3648681e-02  -7.9579962e-04  -2.8182003e-03  -1.3563911e-03
  -6.0328317e-02   2.6992813e-01   8.2098138e-02  -8.2117064e-04  -2.7169490e-03  -1.7508912e-03
  -7.5882383e-02   2.5408141e-01   1.8258951e-02   1.4476173e-04  -2.5741553e-03  -2.0853047e-03
  -6.4129604e-02   2.1646763e-01   9.0211241e-02  -8.4141283e-04  -2.7237147e-03  -1.5189006e-03
  -6.2851723e-02   2.3115566e-01   3.4686443e-02  -2.8621922e-04  -2.8254741e-03  -1.5176474e-03
  -7.8956612e-02   2.1266299e-01   1.2013271e-01  -5.1500001e-04  -3.0928780e-03  -1.3664275e-03
  -7.6813244e-02   2.2498371e-01   1.1355629e-01  -2.0733473e-04  -3.1047107e-03  -1.3885666e-03
  -1.0391075e-01   2.4371881e-01   9.5332961e-02  -3.3069887e-04  -3.2120506e-03  -1.8520859e-03
  -8.9738598e-02   2.7181737e-01   8.0923804e-02  -3.6918444e-04  -3.0442948e-03  -1.5470370e-03
  -9.3886661e-02   2.8749207e-01   7.9618981e-02  -7.2107138e-04  -3.1741101e-03  -1.7884746e-03
  -9.1615663e-02   2.8696521e-01   6.7481975e-02  -5.9735037e-04  -3.2410573e-03  -1.9583116e-03
  -8.9822958e-02   2.8955173e-01   9.9381579e-02  -7.6020590e-04  -3.5754720e-03  -1.9073642e-03
  -9.8688667e-02   2.9115519e-01   8.6111502e-02  -5.8038025e-04  -3.1753622e-03  -2.0181410e-03
  -8.6426858e-02   3.0828409e-01   1.4656540e-01  -7.0680782e-04  -3.4187186e-03  -1.4015156e-03
  -7.6451670e-02   2.9495906e-01   1.4982356e-01  -4.8671555e-05  -3.4846050e-03  -1.4349583e-03
  -8.4380322e-02   2.9414866e-01   1.2068442e-01  -4.8184651e-04  -3.0114116e-03  -1.7433508e-03
  -7.6492589e-02   2.9186553e-01   1.3439609e-01  -6.7263796e-04  -3.0851896e-03  -1.5512855e-03
  -8.5134169e-02   2.6962999e-01   9.7962036e-02  -5.3245147e-04  -3.0351173e-03  -1.6174044e-03
  -8.5763914e-02   2.5139192e-01   1.0469882e-01  -5.4987118e-04  -3.1505659e-03  -1.6886439e-03
  -7.7452317e-02   2.6271056e-01   8.8500160e-02  -1.6524277e-04  -3.1595928e-03  -1.5688832e-03
  -7.2768909e-02   2.5698969e-01   1.1662721e-01  -5.6931630e-04  -3.1911527e-03  -1.5461866e-03
  -7.4782158e-02   2.9093902e-01   8.7218658e-02   1.3186448e-04  -3.2910960e-03  -1.6789375e-03
  -9.3755909e-02   3.2714814e-01   7.8258871e-02   3.6856631e-04  -3.3657282e-03  -1.8473614e-03
  -8.3871349e-02   3.3695061e-01   1.2413624e-01  -3.6442716e-04  -3.8112317e-03  -1.6024146e-03
  -8.2057140e-02   3.4097709e-01   1.0261434e-01  -2.8742773e-04  -3.5114655e-03  -1.8982985e-03
  -9.8221544e-02   3.3528870e-01   1.1793295e-01  -7.8158941e-04  -3.3953307e-03  -2.1033276e-03
  -8.9220847e-02   3.4578373e-01   9.2414758e-02   7.8121309e-06  -3.5385561e-03  -2.0260096e-03
  -1.1295072e-01   3.2785890e-01   7.1934835e-02   1.3000505e-04  -3.7375838e-03  -2.5287938e-03
  -9.0726709e-02   3.0531027e-01   6.2506553e-02   5.4772220e-04  -3.6538836e-03  -1.9724740e-03
  -8.5656224e-02   2.8534212e-01   1.0606231e-01  -1.0350397e-04  -3.4363866e-03  -1.9008688e-03
  -7.7663165e-02   2.8872159e-01   1.0491897e-01   3.9196648e-04  -3.4765476e-03  -1.7704405e-03
  -9.0150584e-02   3.0381609e-01   1.1034996e-01  -1.7685875e-04  -3.4515144e-03  -2.0124219e-03
  -7.9175990e-02   3.1027413e-01   7.7956397e-02   7.8285822e-04  -3.4624525e-03  -1.7963776e-03
  -8.1263854e-02   3.2563806e-01   7.8701367e-02   9.3452706e-04  -3.1595147e-03  -1.9442046e-03
  -7.6919316e-02   3.4314614e-01   8.0806716e-02   3.4765066e-04  -3.5440796e-03  -1.6298491e-03
  -9.4998504e-02   3.5763985e-01   9.2993356e-02   6.8362594e-04  -3.0440891e-03  -2.0831291e-03
  -9.0323665e-02   3.9374753e-01   4.0850922e-02   4.8454818e-04  -2.8417200e-03  -1.8858970e-03
  -9.0223983e-02   3.6041270e-01   1.9478118e-02   6.5727590e-04  -2.5679626e-03  -1.9554045e-03
  -7.9572516e-02   3.6783962e-01   3.8352527e-02   4.2707040e-04  -3.0660065e-03  -1.8559859e-03
  -9.7022156e-02   3.3681038e-01  -5.1824510e-03   6.3156664e-04  -2.9614326e-03  -2.0407619e-03
  -7.7629440e-02   4.6927576e-01   1.3231185e-01   1.1191965e-03  -3.9232133e-03  -1.8310858e-03
  -8.5872132e-02   3.3556641e-01   4.3199067e-04   1.5272386e-03  -3.8613756e-03  -1.6520781e-03
  -9.0208405e-02   3.2052024e-01  -6.1913972e-02   1.4084101e-03  -3.0846160e-03  -1.7140852e-03
  -7.6537685e-02   3.2387401e-01   1.7225151e-02   1.2351489e-03  -3.6156854e-03  -1.6144355e-03
  -7.9757018e-02   3.4442690e-01   8.4633268e-02   1.1019370e-03  -3.7041682e-03  -1.5663254e-03
  -7.9539360e-02   4.0312635e-01   3.3932053e-02   8.4955593e-04  -3.4512995e-03  -1.9295493e-03
  -7.5513563e-02   4.2294801e-01   3.9872927e-02   3.4980959e-04  -3.8093601e-03  -1.6474887e-03
  -9.1479985e-02   4.1660615e-01   1.3037058e-02   6.1800460e-04  -3.5689987e-03  -1.9420347e-03
  -7.5472512e-02   3.7503569e-01   5.6759543e-02   2.5275067e-04  -3.9730926e-03  -1.7170880e-03
  -7.9485232e-02   3.5419268e-01   1.5595717e-02   1.0589200e-03  -3.8012104e-03  -1.8385960e-03
  -7.9393104e-02   3.5018712e-01   7.4784401e-02   9.9724333e-04  -3.8307230e-03  -1.8470174e-03
  -7.8389506e-02   3.6968221e-01   5.8728944e-02   9.9954065e-04  -4.1609103e-03  -1.3729936e-03
  -8.3066268e-02   4.2690618e-01   1.5160773e-02   5.6923028e-04  -3.6118997e-03  -1.8449794e-03
  -9.2261749e-02   4.3068507e-01   3.2611403e-02   4.8002193e-04  -3.7148405e-03  -1.9088503e-03
  -7.4901252e-02   4.3718379e-01   1.3190805e-02   1.0125804e-03  -3.6608866e-03  -2.0513956e-03
  -7.8128294e-02   4.0667325e-01   2.5371626e-02   2.0695011e-04  -3.9595268e-03  -1.8563989e-03
  -8.2133045e-02   3.8545180e-01  -1.3470956e-02   5.2488327e-04  -3.7182551e-03  -1.8542324e-03
  -8.7109799e-02   3.6438713e-01   4.1513468e-02   6.1732522e-04  -3.8782484e-03  -1.7897775e-03
  -8.6522867e-02   3.9309150e-01   1.9277900e-02   1.0600022e-03  -3.8993981e-03  -1.8087049e-03
  -7.5833601e-02   4.3701807e-01   1.0027566e-01   6.6755272e-04  -4.2758159e-03  -1.8064823e-03
  -6.9773288e-02   4.4748077e-01   5.6351949e-02   1.7654371e-03  -4.3607018e-03  -1.5834365e-03
  -3.6672858e-02   3.3821646e-01  -6.8263313e-02   3.8219715e-03  -4.9839516e-03  -9.9581339e-04
  -4.7111111e-02   3.5754193e-01  -1.7148009e-02   2.6758759e-03  -4.9143441e-03  -1.4521403e-03
  -3.6306820e-02   3.5813745e-01   1.7466804e-02   2.3814964e-03  -5.5850005e-03  -1.2766095e-03
  -5.7800709e-02   3.6045352e-01  -4.6727610e-02   3.0526653e-03  -4.7329412e-03  -1.3008363e-03
  -6.2986577e-02   3.7358417e-01  -2.6153710e-02   2.7653839e-03  -5.0425760e-03  -1.4709292e-03
  -6.1770691e-02   3.7851550e-01  -8.7438523e-03   2.3405960e-03  -5.1387864e-03  -1.2173676e-03
  -5.9300022e-02   3.7531190e-01  -1.4078372e-02   2.4854957e-03  -5.0759307e-03  -1.3255685e-03
  -7.2758159e-02   3.7742245e-01  -1.6729843e-02   2.4654540e-03  -5.0458135e-03  -1.3300864e-03
  -6.3556525e-02   3.8361078e-01  -4.7760786e-03   2.4320187e-03  -4.9055662e-03  -1.1400461e-03
  -5.3728190e-02   3.7240109e-01  -1.7854842e-02   2.5548727e-03  -4.7338874e-03  -1.0421300e-03
  -4.2441372e-02   4.0129499e-01  -3.9719224e-02   2.3900653e-03  -4.8897677e-03  -6.9180497e-04
  -6.7320765e-02   4.4622019e-01  -3.2106355e-03   1.9083527e-03  -5.0562430e-03  -1.1598845e-03
  -5.0490953e-02   4.5901948e-01  -1.2779347e-02   1.8469683e-03  -5.2266153e-03  -1.0395493e-03
  -6.4925553e-02   4.5777431e-01   2.2390765e-02   1.7875386e-03  -5.1419024e-03  -1.2420168e-03
  -6.1573724e-02   4.8293189e-01   1.2375732e-02   2.2210233e-03  -4.9000263e-03  -1.3699799e-03
  -5.9839551e-02   4.5557776e-01   2.8482652e-02   1.9099822e-03  -5.2095683e-03  -1.3206632e-03
  -5.9369947e-02   4.6998219e-01   3.5573404e-03   3.0527502e-03  -4.7380937e-03  -1.2464584e-03
  -6.4017309e-02   4.7331588e-01  -3.3794409e-02   2.8641269e-03  -4.7058897e-03  -1.5186865e-03
  -6.1199314e-02   4.7318723e-01   1.9442764e-02   2.3556666e-03  -4.7225024e-03  -1.3987618e-03
  -5.9061887e-02   4.7219522e-01   2.2267422e-02   2.1425004e-03  -5.0535465e-03  -1.6394226e-03
  -3.4339820e-02   4.6034720e-01  -6.1237373e-03   1.6721558e-03  -5.2674213e-03  -9.7144992e-04
  -2.7931338e-02   4.5895701e-01  -1.2675492e-02   1.7825953e-03  -4.9485254e-03  -1.1933483e-03
  -4.0450811e-02   4.3309103e-01  -7.5420813e-03   1.9307503e-03  -5.2728449e-03  -1.2029871e-03
  -4.4794925e-02   4.3502403e-01  -3.5369979e-02   2.2210932e-03  -5.0210169e-03  -1.1569622e-03
  -3.3471829e-02   4.2337634e-01  -2.5145947e-02   2.4754203e-03  -5.1655619e-03  -7.7138514e-04
  -4.4688012e-02   4.5037423e-01  -4.2472674e-02   2.8167000e-03  -4.8780936e-03  -1.1815491e-03
  -2.4933548e-02   4.4905223e-01  -4.1330812e-02   2.5347712e-03  -4.9740063e-03  -6.6727087e-04
  -3.8332885e-02   4.8001420e-01  -6.1965415e-02   3.0409923e-03  -4.9100038e-03  -1.4212211e-03
  -3.5040216e-02   5.1117728e-01  -7.2696833e-02   3.0931046e-03  -5.0692401e-03  -1.2373179e-03
  -2.5228172e-02   5.1783641e-01  -9.9361812e-02   2.7748789e-03  -4.8152205e-03  -1.0085030e-03
  -4.5911446e-02   5.1754730e-01  -1.0151786e-01   2.7286732e-03  -4.6568373e-03  -1.1875827e-03
  -3.7193758e-02   5.1744087e-01  -1.0768976e-01   2.7697178e-03  -4.7221748e-03  -1.0479421e-03
  -3.9126644e-02   5.1987607e-01  -8.3233194e-02   2.7693940e-03  -4.8178133e-03  -1.0982112e-03
  -2.1541842e-02   5.0132584e-01  -6.1713611e-02   2.6844380e-03  -5.2546960e-03  -7.8800425e-04
  -2.9802294e-02   5.0071625e-01  -6.3330067e-02   2.8616018e-03  -5.3543701e-03  -9.9101821e-04
  -2.8800982e-02   4.9921524e-01  -5.5511583e-02   2.8806677e-03  -5.0132890e-03  -6.4954693e-04
  -2.4808905e-02   5.0499910e-01  -3.1459361e-02   2.8493376e-03  -5.0439334e-03  -8.8559587e-04
  -2.6626058e-02   5.0291955e-01  -4.7100868e-02   3.1331067e-03  -5.0960230e-03  -8.8122869e-04
  -3.2131487e-02   4.9629575e-01  -5.2816183e-02   2.8847629e-03  -5.2023584e-03  -1.1640693e-03
  -2.6341344e-02   5.1320040e-01  -5.6156976e-02   2.7580870e-03  -5.2229268e-03  -9.9572598e-04
  -3.2246187e-02   5.0856298e-01  -4.8066218e-02   2.5399312e-03  -5.2881087e-03  -1.2314949e-03
  -4.1985349e-02   5.3142592e-01  -6.7506857e-02   3.1214186e-03  -5.1390600e-03  -1.2990033e-03
  -4.0410643e-02   5.2508790e-01  -2.9542470e-02   3.2347671e-03  -5.1900576e-03  -1.3048682e-03
  -4.8868812e-02   5.2195704e-01  -2.6130970e-03   2.6938604e-03  -5.3016041e-03  -1.0428330e-03
  -4.8343736e-02   5.3180152e-01  -1.9233358e-02   2.5205563e-03  -5.1874075e-03  -1.2946868e-03
  -4.8459483e-02   5.3923877e-01   1.0149575e-02   2.1488283e-03  -5.4254432e-03  -1.1269741e-03
  -6.0943913e-02   5.4245065e-01  -2.4447613e-02   2.6732778e-03  -5.1066092e-03  -1.3338367e-03
  -3.8256023e-02   5.3208555e-01  -2.0766700e-03   2.5803785e-03  -5.2968483e-03  -8.6963040e-04
  -5.2155451e-02   5.2849484e-01  -2.5343411e-03   2.7958091e-03  -5.3426877e-03  -1.3194834e-03
  -5.4565722e-02   5.3178500e-01  -4.2392173e-03   2.5380354e-03  -5.3840330e-03  -1.3267472e-03
  -6.1939497e-02   5.3248558e-01  -1.2861595e-02   2.6441107e-03  -5.2332475e-03  -1.6444409e-03
  -6.7295915e-02   5.4185522e-01  -6.6472126e-02   3.0745030e-03  -4.8934240e-03  -1.5231591e-03
  -6.6629125e-02   5.4137625e-01  -1.1122265e-02   2.5390435e-03  -5.0124372e-03  -1.2044434e-03
  -4.6923901e-02   5.3038806e-01  -6.7718276e-03   2.0450797e-03  -5.6092356e-03  -1.2684291e-03
  -3.7943916e-02   5.2597387e-01  -1.2321960e-02   2.0634733e-03  -5.4363729e-03  -1.0551846e-03
  -1.3489603e-02   4.9212040e-01  -4.8053543e-03   2.0496203e-03  -5.6543626e-03  -7.2558045e-04
  -1.2492508e-02   5.7948704e-01  -1.6986057e-02   2.8069318e-03  -5.6372140e-03  -8.7914375e-04
  -3.0408297e-02   5.6709343e-01  -1.3805184e-02   2.3992379e-03  -5.4717668e-03  -1.1207148e-03
  -1.9486815e-02   5.3674547e-01  -4.0310782e-02   3.1157627e-03  -5.2706505e-03  -6.6020229e-04
  -1.6379369e-02   5.4535816e-01  -2.7245791e-03   2.4157867e-03  -5.3062394e-03  -8.3045294e-04
  -1.2190610e-02   5.3878266e-01   1.6772704e-02   2.4105697e-03  -5.4987245e-03  -6.3687727e-04
  -3.1262536e-02   5.1965484e-01   8.5254566e-03   2.4971683e-03  -5.5038285e-03  -9.3722044e-04
  -1.2524698e-02   5.3716022e-01   1.9725717e-02   2.5854707e-03  -5.3534050e-03  -7.6526728e-04
  -1.9427440e-02   5.3534421e-01   1.5801506e-02   2.9742589e-03  -5.4440706e-03  -7.7112651e-04
  -4.0066340e-02   5.3003169e-01   3.1021156e-02   3.0045299e-03  -5.3215238e-03  -9.4496642e-04
  -2.7398276e-02   5.2332795e-01   1.2020581e-02   3.0131704e-03  -5.4124396e-03  -7.9311364e-04
  -2.7698135e-02   5.4390894e-01   2.5476975e-02   2.5777107e-03  -5.5378959e-03  -9.6647991e-04
