   0.0000000e+00   0.0000000e+00  -7.1054274e-15   0.0000000e+00   0.0000000e+00   0.0000000e+00
  -3.1305153e-03   3.3031340e-01   3.1298241e-01   2.2832336e-03   9.9606108e-05   3.9895117e-04
  -2.0161482e-02   1.3470108e-01   1.9977296e-01   1.7820919e-03  -1.1892227e-06  -1.2016561e-04
  -9.4912443e-04   1.1934706e-01   9.9064482e-02   1.2053290e-03  -4.6622789e-04   2.0757785e-04
  -1.0532675e-02   1.3504260e-01   1.5000908e-01   7.7724160e-04  -3.6270082e-04   8.2864453e-05
  -4.8780725e-03   1.0794810e-01   1.4397089e-01   2.6265647e-04  -3.8518589e-04   1.4476064e-04
  -1.0477540e-02   1.0054060e-01   1.2875760e-01   5.1727001e-04  -1.6173053e-04   7.7571794e-05
  -1.7339368e-02   1.2190792e-01   1.2781538e-01  -9.6803372e-04  -1.6413983e-04   2.6957358e-04
  -2.4229585e-02   1.2410006e-01   1.5698658e-01  -8.5654203e-04  -1.7977692e-04  -8.0454566e-05
  -1.6823530e-02   1.2313853e-01   1.2982292e-01  -1.2536838e-03  -4.3702413e-05   1.5750887e-04
  -3.8296992e-02   1.4276375e-01   1.5091005e-01  -1.6489982e-04  -3.1459323e-04  -2.6517585e-04
  -2.2306239e-02   1.2673285e-01   1.2631298e-01  -6.1670667e-04  -2.3245597e-04   1.0577400e-04
  -5.2990221e-02   1.6040107e-01   1.0329029e-01   4.7756178e-04  -6.2978522e-04   5.0461724e-05
  -4.4099570e-02   1.6107461e-01   9.4230214e-02   3.8436976e-04  -5.5689300e-04   6.9480167e-06
  -2.4209780e-02   1.7002199e-01   1.2278043e-01   1.5691354e-04  -3.4151715e-04   3.1203856e-04
  -3.1886076e-02   1.5282562e-01   1.2115928e-01  -4.9271024e-04  -7.8125326e-04   1.8715422e-04
  -2.7318503e-02   1.8106568e-01   1.1366887e-01  -4.7488988e-04  -7.9063421e-04   6.1949390e-04
  -5.3123085e-02   2.6858269e-01   2.1071095e-01   1.0188327e-03  -1.0372817e-03   2.6974136e-04
  -7.6475033e-02   2.1248600e-01   1.6782361e-01   5.2713781e-04  -8.6792779e-04  -4.3808968e-05
  -6.7133446e-02   1.4815012e-01   6.8726550e-02   1.0774028e-03  -8.1400775e-04   2.0407583e-04
  -7.3477538e-02   1.4350588e-01   1.6369245e-01  -4.2899270e-04  -6.8533170e-04   3.4936579e-04
  -4.7930538e-02   1.2794342e-01   2.9622958e-02   5.7922336e-04  -1.9591606e-04   4.7106707e-04
  -2.8878683e-02   1.3684786e-01   8.0034279e-02   1.4212802e-03  -3.7697926e-04   9.1445342e-04
  -5.4870224e-02   1.4998387e-01   1.3385015e-01   4.7761920e-04   1.4477550e-04   5.6451591e-04
  -6.2207842e-02   1.7521738e-01   1.1225004e-01  -1.3596927e-04   1.1716759e-04   5.7180184e-04
  -6.1864060e-02   1.9923653e-01   1.4697349e-01   6.6599911e-04  -5.2386884e-04   3.4480309e-04
  -5.5858788e-02   2.0924638e-01   1.5991061e-01  -3.3693141e-05  -3.9484153e-04   7.0774650e-04
  -4.1423052e-02   1.6896405e-01   1.6012810e-01  -5.3813712e-04  -4.7548748e-04   7.5916071e-04
  -7.4815230e-02   3.0617643e-01   2.9419702e-01   2.5266611e-04  -1.3558904e-03  -1.8298733e-04
  -1.2522611e-02   1.4900910e-01   1.2813671e-01   8.2898324e-04  -1.5528221e-03   5.7727539e-04
  -2.8688163e-02   1.5249447e-01   7.1973991e-02  -2.3163761e-03  -9.1121840e-04   5.9689553e-04
  -3.1477044e-02   1.2113874e-01   6.4006936e-02  -2.2165899e-03   1.8172345e-04   8.8423179e-04
  -2.9984774e-02   1.2954846e-01   1.2916891e-01  -2.1042161e-03  -4.5657341e-04   8.6634311e-04
  -2.4019301e-02   1.0062516e-01   1.1188467e-01  -2.6945878e-03  -1.0455808e-04   1.2900779e-03
  -1.9507323e-02   9.8984631e-02   1.0018418e-01  -2.4791767e-03  -6.8463340e-04   8.5081061e-04
  -2.5304295e-02   1.1694626e-01   8.8408307e-02  -2.1811091e-03  -5.2656106e-04   1.0069787e-03
  -1.0476969e-02   1.0683285e-01   1.0924338e-01  -2.8906982e-03  -5.7923585e-04   1.2423241e-03
  -2.6836722e-02   1.5255208e-01   1.4718634e-01  -2.5573314e-03  -6.9499669e-04   8.5282954e-04
  -4.6479160e-02   1.5443100e-01   1.8109344e-01  -3.1333094e-03  -1.2624160e-03   6.4954993e-04
  -3.4616362e-02   1.6133165e-01   1.3478629e-01  -2.9125739e-03  -1.1166337e-03   8.9475072e-04
  -5.4925838e-02   2.2809246e-01   1.3682917e-01  -1.5807570e-03  -1.0553970e-03   7.2883835e-04
  -3.9318994e-02   2.0026925e-01   9.8312864e-02  -1.3729167e-03  -8.0066394e-04   9.2395302e-04
  -4.1573278e-02   1.8951650e-01   1.2657615e-01  -1.5936046e-03  -5.9479055e-04   6.5700673e-04
  -5.7336770e-02   2.0713829e-01   1.3773251e-01  -2.5608510e-03  -1.0133105e-03   2.7228166e-04
  -2.4126853e-02   2.8063119e-01   2.7928498e-01  -1.6309463e-03  -1.2803118e-03   7.3685509e-04
   8.7374743e-03   2.0888684e-01   1.9074846e-01  -1.5769311e-03  -1.6148050e-03   1.0398321e-03
   8.2749538e-03   2.2259600e-01   1.3737918e-01  -2.3623521e-03  -1.4662738e-03   8.8115485e-04
  -3.1040182e-03   1.8451728e-01   1.3367694e-01  -2.3868482e-03  -1.4618350e-03   1.2450570e-03
  -1.0690050e-02   1.7433074e-01   1.1176592e-01  -1.4454922e-03  -1.5277042e-03   8.4126282e-04
   3.1389966e-03   1.8472714e-01   6.7177588e-02   3.9878541e-05  -1.7051086e-03   1.4725736e-03
  -2.6614274e-03   1.5720898e-01   5.3258274e-02  -9.7230740e-04  -1.0875636e-03   1.3984032e-03
  -8.4874988e-03   1.6616755e-01   8.6739609e-02  -2.6077711e-03  -1.2455152e-03   1.1690142e-03
  -4.5196764e-03   1.7570547e-01   7.7345172e-02  -1.5566330e-03  -1.3001255e-03   1.3476815e-03
  -7.5585584e-03   1.6097158e-01   8.6643561e-02  -2.3290104e-03  -1.3368288e-03   1.1176766e-03
  -5.7472643e-04   1.5854585e-01   9.5868216e-02  -1.1821409e-03  -1.3030755e-03   1.2656879e-03
   2.0039022e-02   1.8856713e-01   5.5329851e-02  -2.1506087e-03  -1.3147009e-03   1.9117082e-03
   3.3488211e-03   2.0596990e-01   1.5001609e-01  -2.5892507e-03  -1.4265149e-03   1.4822347e-03
  -1.4918901e-02   2.0342554e-01   1.4120685e-01  -9.9480947e-04  -1.7881507e-03   9.8747395e-04
  -4.2335396e-03   1.7513649e-01   3.6916344e-02  -1.3552048e-03  -1.8816758e-03   9.9459521e-04
  -1.2803911e-02   1.7896334e-01   1.0995156e-01  -1.9180278e-03  -1.5955023e-03   8.2709464e-04
  -6.2672436e-03   1.5942282e-01   1.0612957e-01  -2.2520422e-03  -1.5122507e-03   8.3486611e-04
   8.5566108e-04   1.9407850e-01   1.1429045e-01  -2.9767140e-03  -1.2969299e-03   1.2299563e-03
  -1.6414171e-03   1.6964638e-01   4.4165584e-02  -2.4779810e-03  -1.8294095e-03   1.0628128e-03
   4.8833374e-03   1.9642216e-01   8.6518618e-02  -2.4376680e-03  -2.0012940e-03   1.0064038e-03
   7.7105681e-03   1.9439283e-01   6.5283573e-02  -2.1065688e-03  -2.1014151e-03   7.8133466e-04
   1.2889704e-02   3.2514274e-01   1.9240731e-01  -1.2414763e-03  -1.9622458e-03   1.1480664e-03
   3.1273509e-02   1.9448097e-01   1.2944522e-01  -1.4450742e-03  -1.9427689e-03   9.9875541e-04
   5.7046935e-02   1.9615018e-01   5.7809414e-02  -1.8110225e-03  -1.8621746e-03   1.5845559e-03
   3.3999238e-02   2.2015956e-01   1.1002471e-01  -2.6320182e-03  -1.9650355e-03   1.0879641e-03
   3.5549416e-02   2.0495312e-01   7.0822422e-02  -2.5693540e-03  -1.7464897e-03   1.1968796e-03
   1.4506380e-02   1.9905070e-01   9.0045146e-02  -2.7102127e-03  -2.0714825e-03   8.3312287e-04
   2.5287573e-02   1.8153733e-01   5.1067715e-02  -2.6521236e-03  -1.5719174e-03   1.1867543e-03
   2.2022433e-02   2.0931292e-01   5.7440925e-02  -2.3154984e-03  -1.4381937e-03   9.8649197e-04
   4.0009566e-02   2.2832767e-01   2.4705617e-02  -1.7984870e-03  -1.5762351e-03   1.0737407e-03
   1.7651478e-03   2.5581402e-01   1.0339642e-01  -2.7419653e-03  -1.5061591e-03   8.4537079e-04
  -8.4661160e-03   2.6356507e-01   7.1639421e-02  -2.0701827e-03  -1.5073299e-03   5.8501265e-04
  -2.2298529e-02   2.7290046e-01   8.0910819e-02  -2.1675873e-03  -1.6184540e-03   2.5455572e-04
  -3.5157732e-02   2.3657744e-01   3.0833094e-02  -2.3749439e-03  -8.5626948e-04   1.4303293e-04
  -3.8194993e-02   2.8927475e-01   1.6640531e-01  -2.6575930e-03  -1.8542542e-03   4.4440005e-04
  -3.8762584e-02   2.1485721e-01   1.3381115e-01  -2.4809970e-03  -2.8081753e-03  -3.0057110e-04
  -4.5911550e-02   2.1918545e-01   9.8512639e-02  -3.5700213e-03  -2.5134851e-03  -5.1519335e-04
  -7.4662685e-02   4.3814722e-01   3.8396037e-01  -2.9968079e-03  -2.7585409e-03  -4.5350958e-04
  -3.4254569e-02   2.3941864e-01   1.6192979e-01  -1.4810603e-03  -2.9148163e-03  -5.2752783e-04
  -3.5412100e-02   2.2820876e-01   5.9279545e-02  -1.1887410e-03  -3.1288582e-03  -3.0683735e-04
  -3.5348219e-02   2.3101991e-01   1.7954003e-01  -3.5268465e-03  -3.0138548e-03  -4.3226065e-04
  -3.6517684e-02   2.0827393e-01   1.1101231e-01  -2.1614306e-03  -2.8479125e-03  -3.0804465e-04
  -4.2513413e-02   2.4981855e-01   1.2177436e-01  -2.6237221e-03  -2.6796574e-03  -5.5816679e-05
  -6.0331233e-02   2.2072645e-01   7.9221524e-02  -2.5894581e-03  -3.1692579e-03  -2.5962277e-04
  -3.8665087e-02   2.1851562e-01   7.4475303e-02  -2.5334403e-03  -3.0310662e-03  -1.0115228e-04
  -1.6849187e-02   1.9807799e-01   1.7027536e-02  -2.4823353e-03  -2.5259353e-03   5.6816378e-05
   2.7385874e-04   2.3422692e-01  -9.5239361e-03  -2.1105307e-03  -2.5161029e-03   5.6865549e-04
  -9.5787240e-03   2.5825248e-01   3.8950611e-02  -2.7371368e-03  -2.5965460e-03   4.6289804e-04
  -3.7302165e-02   2.6009075e-01   4.7375999e-02  -2.2351314e-03  -2.7842913e-03  -3.7395031e-04
  -3.3078734e-02   2.7495779e-01   8.2299054e-02  -3.1705995e-03  -2.8134316e-03  -1.6743349e-04
  -5.4228580e-02   2.5749190e-01   7.0332163e-02  -3.4909784e-03  -3.0576808e-03  -7.2395643e-04
  -7.1361617e-02   2.5773407e-01   2.5333392e-02  -2.6165113e-03  -3.4702366e-03  -1.0013438e-03
  -4.7417424e-02   2.5719818e-01   9.7847312e-02  -3.8631473e-03  -3.7027506e-03  -7.5411264e-04
  -6.7438559e-02   2.9351965e-01   1.4878242e-01  -4.1236324e-03  -3.3538439e-03  -1.0332771e-03
  -6.3676341e-02   2.5668757e-01   3.8063241e-02  -2.1991157e-03  -3.6268228e-03  -1.0251668e-03
  -7.8809353e-02   2.5948669e-01   4.8035207e-02  -2.5451610e-03  -3.7904851e-03  -1.1586827e-03
  -5.6037537e-02   2.6443209e-01   6.5112944e-02  -2.6934057e-03  -4.1897821e-03  -8.1104665e-04
  -7.4410553e-02   2.2837160e-01   3.6700532e-02  -2.5966794e-03  -3.7384926e-03  -1.1916787e-03
  -6.5876552e-02   2.4659179e-01   5.2230681e-02  -3.6167391e-03  -3.3116527e-03  -8.6495227e-04
  -6.2286743e-02   2.3268067e-01   8.8818897e-03  -2.2114436e-03  -3.2853132e-03  -1.1102113e-03
  -6.0558352e-02   2.1411300e-01   4.9165312e-02  -4.6108432e-03  -2.8935801e-03  -7.0021909e-04
  -7.0325637e-02   2.3549408e-01   2.0182630e-02  -4.0268074e-03  -2.9289204e-03  -6.6216223e-04
  -7.0695355e-02   1.9817211e-01   4.4293870e-02  -5.2135413e-03  -2.9707224e-03  -4.9364070e-04
  -8.9567296e-02   2.3796876e-01  -1.7844668e-02  -2.9755763e-03  -2.9957364e-03  -9.5307489e-04
  -5.1910415e-02   2.4816147e-01  -2.4581701e-03  -1.3864820e-03  -3.9386874e-03  -1.3992835e-03
  -3.6452988e-02   1.8427601e-01  -2.4923218e-02  -4.8024971e-03  -4.0502056e-03  -9.5906415e-04
  -5.4782076e-02   1.9152636e-01  -4.9137217e-02  -4.4231623e-03  -3.9115640e-03  -1.3744382e-03
  -7.2446412e-02   1.8058884e-01  -6.3337993e-03  -5.2618268e-03  -3.6790773e-03  -1.4139291e-03
  -8.6249443e-02   1.7334471e-01   6.7552141e-02  -7.8730658e-03  -3.5547939e-03  -1.8036047e-03
  -8.3698322e-02   1.8175305e-01   4.8801121e-02  -7.4772325e-03  -3.8151599e-03  -1.5361266e-03
  -7.4461103e-02   1.9532499e-01   1.6011787e-02  -7.1243525e-03  -4.3526822e-03  -1.6399343e-03
  -9.5422395e-02   1.7055155e-01  -9.2933707e-02  -4.5104969e-03  -5.6910261e-03  -1.4062078e-03
  -1.2025564e-01   1.7067900e-01  -6.0774972e-02  -5.1007255e-03  -4.3746235e-03  -2.0660350e-03
  -9.2173900e-02   1.6192017e-01  -2.7670234e-02  -6.6814093e-03  -3.2408314e-03  -1.4639359e-03
  -1.1943799e-01   1.8853282e-01  -4.5483375e-02  -6.0010065e-03  -2.9175339e-03  -1.8191288e-03
  -1.0862691e-01   1.8089769e-01  -1.5008328e-02  -6.8387310e-03  -3.1046968e-03  -1.7793268e-03
  -1.2954817e-01   2.1511895e-01   2.5841394e-02  -6.8651267e-03  -2.9118060e-03  -2.3501779e-03
  -1.1312202e-01   1.6542550e-01  -6.6250526e-02  -5.5145246e-03  -3.0144447e-03  -1.8617029e-03
  -1.3310839e-01   1.8133632e-01  -4.0188674e-02  -4.8446013e-03  -2.7198659e-03  -2.0297147e-03
  -1.7001155e-01   3.0555129e-01   1.1621774e-01  -3.2381037e-03  -3.7133165e-03  -3.0341596e-03
  -1.0075768e-01   2.2503960e-01  -6.3937309e-02  -3.6946415e-03  -4.9173125e-03  -1.9353190e-03
  -8.2753224e-02   1.9915476e-01  -6.9537217e-02  -3.7423799e-03  -4.1287080e-03  -1.5664374e-03
  -1.0872349e-01   1.5576978e-01  -5.0168214e-02  -3.9448436e-03  -4.5044133e-03  -2.1081475e-03
  -1.3602125e-01   1.5494330e-01  -3.4607901e-02  -5.4867642e-03  -4.6128987e-03  -2.4646707e-03
  -1.3215511e-01   2.1587397e-01   3.4317399e-02  -4.8402788e-03  -4.4494486e-03  -2.0186034e-03
  -1.3036936e-01   1.7577104e-01  -1.9792529e-02  -4.8788205e-03  -4.7344036e-03  -2.1438551e-03
  -1.2457319e-01   1.6119665e-01  -5.1655773e-02  -5.1373199e-03  -4.5707557e-03  -2.1507032e-03
  -1.3598828e-01   1.7085195e-01  -9.8357411e-02  -5.0756432e-03  -4.5148295e-03  -1.8761411e-03
  -1.3309050e-01   1.4906203e-01  -3.5680961e-02  -5.5776914e-03  -4.3928884e-03  -2.1618674e-03
  -1.5369055e-01   1.6952556e-01  -3.2358247e-02  -5.8038074e-03  -4.1745277e-03  -1.6214782e-03
  -1.6055905e-01   1.6276200e-01  -1.3092765e-01  -4.3091309e-03  -4.0060689e-03  -2.1418128e-03
  -1.6742224e-01   1.4213883e-01  -1.2850012e-01  -5.0592074e-03  -4.2194088e-03  -2.0244106e-03
  -1.7643012e-01   1.5692349e-01  -1.2957315e-01  -5.0014486e-03  -4.2127482e-03  -1.8877257e-03
  -1.7771794e-01   1.3859003e-01  -1.1295599e-01  -5.6839504e-03  -4.2670553e-03  -2.1088863e-03
  -1.7194229e-01   1.6969588e-01  -1.1186820e-01  -4.5795004e-03  -4.2724206e-03  -1.9626498e-03
  -1.7017820e-01   2.3357929e-01  -1.6744948e-01  -4.2165164e-03  -3.8747001e-03  -1.6640934e-03
  -1.6824566e-01   3.3175196e-01   1.0606790e-02  -2.8454959e-03  -3.0990394e-03  -1.1958375e-03
  -1.4912522e-01   2.5076578e-01   3.4053132e-02  -2.1854417e-03  -3.2659925e-03  -9.7360947e-04
  -1.7341133e-01   2.0387951e-01  -8.5218580e-02  -3.1261465e-03  -3.1074681e-03  -1.6761938e-03
  -1.6772467e-01   2.1588645e-01  -4.1012473e-03  -3.8871908e-03  -3.3752367e-03  -1.2878365e-03
  -1.8706361e-01   1.9364194e-01  -4.1791436e-02  -3.6954521e-03  -3.3274599e-03  -1.5662884e-03
  -1.8399873e-01   1.9708531e-01  -5.2493710e-02  -3.2917772e-03  -3.4152068e-03  -1.3668767e-03
  -1.9031284e-01   2.1235835e-01  -7.5249087e-02  -3.5163968e-03  -3.5062169e-03  -1.5186832e-03
  -1.7790522e-01   2.1289792e-01  -1.2762006e-01  -2.6970862e-03  -3.2062667e-03  -1.0897284e-03
  -1.7277974e-01   1.8654022e-01  -1.4292019e-01  -3.7671344e-03  -2.7667938e-03  -9.0935538e-04
  -1.6981965e-01   2.0237141e-01  -1.2106712e-01  -3.9179214e-03  -2.7711237e-03  -8.3505329e-04
  -1.9152245e-01   2.1373576e-01  -1.3917398e-01  -4.0734276e-03  -2.8676106e-03  -1.1919253e-03
  -1.9088538e-01   2.0332483e-01  -1.3512017e-01  -3.8897310e-03  -3.0291149e-03  -1.1752717e-03
  -2.1017138e-01   1.9578594e-01  -1.1792950e-01  -5.1651395e-03  -2.8694974e-03  -1.4743878e-03
  -2.1384485e-01   2.0860943e-01  -7.3888267e-02  -4.4052082e-03  -3.1236844e-03  -1.7064051e-03
  -2.2880143e-01   1.8312305e-01  -1.1950256e-01  -5.0849065e-03  -2.7184773e-03  -1.7120030e-03
  -2.2841639e-01   1.9224707e-01  -8.3905760e-02  -6.4161985e-03  -2.3668266e-03  -1.5683982e-03
  -2.3089369e-01   2.0334072e-01  -1.0447646e-01  -5.0258671e-03  -2.7632515e-03  -1.7800143e-03
  -2.3423550e-01   3.6543786e-01   6.5533479e-02  -2.2996296e-03  -2.4627444e-03  -1.8351874e-03
  -2.0983702e-01   2.3090766e-01  -3.0750621e-02  -3.2153027e-03  -3.7755837e-03  -1.9918109e-03
  -2.1295240e-01   2.1430816e-01  -7.3797619e-02  -3.7385678e-03  -3.4632229e-03  -1.8705119e-03
  -2.2779161e-01   1.9496429e-01  -7.7234573e-02  -3.5807153e-03  -3.8277650e-03  -1.8865081e-03
  -2.3976431e-01   1.8255124e-01  -1.1570580e-01  -3.4537133e-03  -3.4458731e-03  -2.0833841e-03
  -2.4126036e-01   1.7870199e-01  -1.1959802e-01  -3.3511534e-03  -3.4720431e-03  -2.2084347e-03
  -2.3419422e-01   1.3349379e-01  -1.5570055e-01  -5.0596950e-03  -3.2109855e-03  -1.9132960e-03
  -2.2758440e-01   1.4322832e-01  -1.6807545e-01  -6.0137608e-03  -3.0301282e-03  -1.6491032e-03
  -2.4460535e-01   2.1096913e-01  -1.7512024e-01  -3.5837613e-03  -2.9773646e-03  -1.9767504e-03
  -2.4291524e-01   2.2302274e-01  -1.8774029e-01  -4.2328491e-03  -2.9704255e-03  -1.8874074e-03
  -2.6132223e-01   2.2433304e-01  -1.7789355e-01  -4.6634015e-03  -2.8384337e-03  -2.2395122e-03
  -2.2729675e-01   2.0835402e-01  -2.2947382e-01  -3.3760483e-03  -2.8883670e-03  -1.7242210e-03
  -2.4466444e-01   2.0552334e-01  -1.7297818e-01  -5.2414470e-03  -2.8835984e-03  -1.9902219e-03
  -2.3613252e-01   1.8487675e-01  -1.8560251e-01  -4.8093753e-03  -3.1114898e-03  -2.2508218e-03
  -2.3502751e-01   1.9606754e-01  -1.6846021e-01  -5.1083130e-03  -3.2724567e-03  -2.2820128e-03
  -2.5835011e-01   1.8119375e-01  -2.1255023e-01  -3.8642479e-03  -3.6837267e-03  -2.8576102e-03
  -2.4287358e-01   1.7631623e-01  -2.1989662e-01  -3.9887715e-03  -3.3896165e-03  -2.4249278e-03
  -2.4694559e-01   1.9058043e-01  -2.1558515e-01  -4.2391032e-03  -3.2163831e-03  -2.6916142e-03
  -2.3899766e-01   1.8379911e-01  -2.0500706e-01  -4.2533241e-03  -2.3963519e-03  -2.3249465e-03
  -2.3121693e-01   1.8233939e-01  -2.2755131e-01  -3.8243722e-03  -3.2745593e-03  -2.0192028e-03
  -2.5162316e-01   1.8164838e-01  -1.3039131e-01  -6.6338710e-03  -2.6852271e-03  -2.3493310e-03
  -2.5316656e-01   1.9340969e-01  -5.6820641e-02  -1.3504994e-02   2.2231924e-04  -3.6866670e-04
