   0.0000000e+00   0.0000000e+00  -7.1054274e-15   0.0000000e+00   0.0000000e+00   0.0000000e+00
  -3.5587731e-02   1.3628191e-02  -2.2488332e-02  -5.6855221e-05   1.9221937e-04  -8.2783869e-04
  -1.8751366e-02   1.5460154e-02  -1.3027647e-01   5.6921252e-04   1.4295633e-04  -4.5667890e-04
   1.9788260e-02   1.0153400e-03  -5.8067212e-02   5.7490474e-04   4.0471476e-04  -7.0703229e-05
   6.2967209e-03   5.8764763e-03  -1.2855658e-01   7.8682395e-04   9.5446964e-05  -7.9546583e-05
   1.3553242e-02  -1.6278130e-03  -5.3945828e-02   4.9377259e-04   1.5725032e-03  -5.3846857e-04
   1.1534543e-02   2.8630771e-03  -6.0520836e-02   1.4191456e-04   2.6086473e-03  -1.0052149e-03
   5.3179925e-02  -2.6291877e-02  -1.0561503e-01   6.4592202e-04   2.3008064e-03   7.8775102e-05
   6.2246887e-02  -2.9047992e-02  -1.3033033e-01   1.7253842e-03   1.8323243e-03   1.3717346e-04
   6.2159022e-02  -1.4048466e-02  -1.5401404e-01   1.1289806e-03   1.7696064e-03   1.2615730e-04
   4.9628977e-02  -2.3626532e-02  -1.0256775e-01   4.7966614e-04   2.0685964e-03   9.9694600e-06
   5.8043216e-02  -1.8897291e-03  -9.7700796e-02   4.8655281e-04   1.8798692e-03   1.6776111e-04
   2.0486890e-02  -2.3404374e-02  -1.4505381e-01   1.2623103e-03   2.0448740e-03  -5.6795856e-04
   4.3165013e-02  -2.3254846e-02  -9.0397733e-02   8.7316354e-04   2.3772092e-03  -4.2150329e-05
   4.4844197e-02  -3.2908500e-02  -1.2195147e-01   1.3168053e-03   2.1865880e-03  -5.6443877e-05
   2.6603218e-02  -4.0241480e-03  -7.9038713e-02   8.0166247e-04   2.7125550e-03  -3.5769562e-04
   3.7959607e-02   3.4262106e-02  -6.5276709e-02  -1.3633589e-04   2.1030244e-03  -4.0458743e-04
   3.4224545e-02   4.7586488e-02   3.9623610e-03  -3.9599386e-04   3.4247051e-03  -2.9882103e-04
   4.7379248e-02   6.1214880e-02  -7.0605743e-03  -1.4889634e-03   4.8325464e-03  -3.3386365e-05
   2.7466252e-02  -9.5788501e-03  -3.1300870e-02  -3.2415766e-04   4.4269880e-03  -1.1555410e-04
   8.2140137e-02  -5.7829671e-03  -1.2794461e-02  -3.6350907e-04   3.7789050e-03   6.3423245e-04
   8.5679683e-02   3.0391220e-04  -8.2659600e-02  -2.1898160e-04   3.6683836e-03   4.1240937e-04
   6.3828543e-02  -3.3294431e-03  -6.7687276e-02   3.1457772e-04   4.0849142e-03   2.9922365e-05
   6.0455205e-02  -9.8137600e-03  -8.9383385e-02   5.8736320e-04   2.9336583e-03   1.8744395e-04
   6.1625810e-02   3.1992988e-02  -1.2009661e-01   3.5121367e-04   3.1736411e-03   4.2282213e-04
   5.6174327e-02   3.9596994e-02  -1.1376310e-01   1.7182060e-04   4.0544912e-03   1.4519514e-04
   6.2673191e-02   4.1990617e-02  -6.4645972e-02  -1.2666283e-04   4.0807270e-03   8.5083953e-05
   7.2217284e-02   3.7282320e-03  -6.6976365e-02   1.0265625e-03   3.9591964e-03   2.7407388e-04
   7.7832395e-02   1.3816836e-02  -5.1134703e-02   9.2888453e-04   4.0952794e-03   4.6963387e-04
   1.1571563e-01   5.1815917e-02  -7.9847116e-02   5.5543316e-04   3.4350244e-03   1.1258388e-03
   1.1809490e-01   5.4906809e-02  -8.3741827e-02   6.0080074e-04   4.3363155e-03   1.2597492e-03
   1.2774483e-01   3.1814609e-02  -1.6573776e-02   8.1964788e-04   4.7745344e-03   1.0431473e-03
   1.2356399e-01   4.9570507e-02  -6.5097960e-02   1.5061410e-03   3.3248026e-03   8.8415287e-04
   1.3305013e-01   4.6427435e-02  -3.5496059e-02   1.3750457e-03   3.4509850e-03   1.1124870e-03
   1.1964459e-01   4.1479989e-02  -1.0797478e-01   1.1079427e-03   3.0178408e-03   7.6311866e-04
   1.2403995e-01   3.7640767e-02  -9.3023231e-02   1.1702054e-03   3.7629672e-03   8.8876466e-04
   1.2352140e-01  -1.0250220e-03  -1.1774317e-01   1.5204281e-03   3.0137153e-03   1.0195269e-03
   1.4123578e-01   2.8554114e-02  -8.6774874e-02   1.2955641e-03   3.0584560e-03   1.6109771e-03
   1.3916960e-01  -6.9300231e-03  -5.7494233e-02   1.5865505e-03   3.3430029e-03   1.4492874e-03
   1.9852933e-01   2.1654139e-01  -1.5690852e-02   1.8211650e-03   3.2309700e-03   2.7792356e-03
   2.2348261e-01   1.7709572e-01  -1.4876704e-01   9.1627849e-04   2.1218103e-03   2.2383766e-03
   2.6911617e-01   3.8851921e-02  -1.3828236e-01   1.6187735e-03   2.4621257e-03   3.2809518e-03
   2.3928298e-01   4.9862002e-02  -9.6589456e-02   1.3600616e-03   2.4488547e-03   2.8451994e-03
   2.3698184e-01   1.7891208e-02  -8.7452608e-02   1.2931869e-03   2.6934158e-03   3.0398225e-03
   1.9377682e-01   2.8825489e-02  -7.1207884e-02   1.5473574e-03   2.5304474e-03   2.3490173e-03
   1.8297322e-01   5.1981901e-02  -1.0731309e-01   6.5365457e-04   3.1447293e-03   1.7176699e-03
   1.5983563e-01   9.8725534e-02  -1.7591980e-01   1.5680125e-03   3.1920057e-03   1.0328685e-03
   2.2502187e-01   3.2698955e-02  -1.6278468e-01   1.7039836e-03   4.3149080e-03   2.0764548e-03
   2.2496848e-01   6.5481995e-02  -2.4195792e-01   1.7011097e-03   4.0243223e-03   1.9682835e-03
   2.6122187e-01   4.5709143e-02  -1.9158286e-01   1.5766530e-03   3.8678007e-03   2.5650305e-03
   2.0337771e-01   8.1570176e-02  -2.6027758e-01   2.1784201e-03   3.3422655e-03   1.9526725e-03
   2.2137748e-01   7.8027514e-02  -2.2934403e-01   2.1933508e-03   3.4339140e-03   2.1725368e-03
   2.5803543e-01   9.3791886e-02  -2.4253881e-01   2.0025349e-03   3.1429730e-03   2.8824247e-03
   2.6257649e-01   6.6678573e-02  -2.8631751e-01   2.8900093e-03   3.4469641e-03   3.1156435e-03
   2.6779411e-01   1.4287895e-01  -2.8543734e-01   2.2358789e-03   3.8626198e-03   2.6680551e-03
   3.0541638e-01   1.1963364e-01  -2.6252559e-01   2.0682409e-03   4.4322939e-03   3.1755524e-03
   2.6733320e-01   1.0958611e-01  -2.8209472e-01   3.1486378e-03   4.7631814e-03   2.9621364e-03
   3.2572928e-01   1.1893600e-01  -2.1744176e-01   2.8544874e-03   4.9817996e-03   3.9343809e-03
   2.7310616e-01   1.1967405e-01  -2.6298821e-01   3.2077181e-03   4.3370840e-03   3.0317671e-03
   2.8175247e-01   1.3033835e-01  -2.1920237e-01   2.8528919e-03   4.8343909e-03   2.9544072e-03
   2.7954754e-01   1.2696269e-01  -2.5060815e-01   2.7802479e-03   4.9893612e-03   2.9586278e-03
   2.7710216e-01   1.3512634e-01  -1.8976485e-01   2.9343228e-03   4.9014400e-03   2.9916102e-03
   2.5825428e-01   9.9645598e-02  -2.2100404e-01   3.1182150e-03   5.3220298e-03   2.7480384e-03
   2.7036248e-01   1.4820478e-01  -2.4517491e-01   2.6863498e-03   4.5595569e-03   3.1585916e-03
   2.5421311e-01   1.0860989e-01  -2.2825261e-01   2.6841565e-03   5.1030435e-03   2.7698535e-03
   2.0222424e-01   8.4053766e-02  -2.4579314e-01   4.3329017e-03   5.3549546e-03   1.9306517e-03
   2.4392105e-01   9.5904854e-02  -1.8660051e-01   4.0540450e-03   5.5087823e-03   2.8972495e-03
   2.2240772e-01   1.4192695e-01  -1.6831569e-01   3.4444001e-03   5.1955349e-03   2.5524138e-03
   2.3294073e-01   1.6642757e-01  -1.5575767e-01   3.0728581e-03   5.4429425e-03   2.7726758e-03
   2.1538058e-01   1.4170875e-01  -1.6550088e-01   3.2128231e-03   4.8935710e-03   2.3160664e-03
   2.7949926e-01   1.1539885e-01  -2.0881029e-01   3.1579379e-03   5.4652137e-03   3.6351634e-03
   2.0361136e-01   1.0875945e-01  -1.6299491e-01   2.9500352e-03   4.2060313e-03   2.2395256e-03
   1.7144012e-01   1.2950531e-01  -2.3095172e-01   3.7917272e-03   3.9787494e-03   1.8390398e-03
   2.0144456e-01   1.2935482e-01  -2.3006758e-01   3.4311235e-03   4.2544440e-03   2.3148806e-03
   2.1114418e-01   1.7361115e-01  -2.2941545e-01   3.7116931e-03   3.7914628e-03   2.3974252e-03
   2.1012325e-01   1.3113147e-01  -1.6767722e-01   3.1314908e-03   4.0302252e-03   2.5175801e-03
   1.7178382e-01   1.5032341e-01  -1.7359000e-01   3.3203972e-03   3.3433694e-03   2.0385744e-03
   2.1225217e-01   1.3899021e-01  -1.2952761e-01   3.2372511e-03   4.2133544e-03   2.5617675e-03
   2.1653113e-01   1.5522027e-01  -1.7480202e-01   3.6789142e-03   3.9143866e-03   2.4155308e-03
   2.0327381e-01   1.4360079e-01  -1.4729250e-01   3.3153238e-03   4.1937452e-03   2.3592124e-03
   2.0457229e-01   1.7062144e-01  -1.8272134e-01   3.4447904e-03   4.0482592e-03   2.2303758e-03
   2.3215927e-01   1.4118598e-01  -1.5527464e-01   3.0664590e-03   4.1083523e-03   2.8009909e-03
   2.1074808e-01   1.6310343e-01  -2.1900256e-01   4.2173457e-03   4.1029006e-03   2.2602904e-03
   1.8790410e-01   1.4427471e-01  -1.8314315e-01   3.9542444e-03   4.1979215e-03   2.0323280e-03
   2.0250985e-01   1.5936131e-01  -2.3257531e-01   4.2714945e-03   4.8272040e-03   2.2672463e-03
   2.0427956e-01   1.8476185e-01  -1.7681825e-01   2.9458675e-03   4.4222017e-03   2.3940847e-03
   2.3548723e-01   4.0044823e-01  -6.4977432e-02   2.2403745e-03   7.5219663e-03   2.4938870e-03
   2.7328561e-01   2.3283885e-01  -3.0226807e-01   3.2130844e-03   5.5428804e-03   2.0511271e-03
   2.6397487e-01   1.8753884e-01  -3.0619836e-01   3.1888001e-03   4.3902893e-03   2.2229552e-03
   2.8795589e-01   1.2580268e-01  -2.7291940e-01   4.0820579e-03   5.1213601e-03   2.6373761e-03
   2.3936942e-01   1.2156360e-01  -2.2088080e-01   3.4832911e-03   4.7611148e-03   1.9177872e-03
   2.5793814e-01   1.2947011e-01  -2.1869768e-01   4.3448000e-03   5.4920599e-03   2.1789647e-03
   2.5226750e-01   1.3230473e-01  -2.2727121e-01   3.6293376e-03   5.2112672e-03   2.0989565e-03
   2.3258289e-01   1.4441593e-01  -2.3999796e-01   3.9316883e-03   6.4403262e-03   1.8241056e-03
   2.6997460e-01   1.5484257e-01  -1.5436676e-01   2.0855154e-03   8.2487112e-03   2.3802463e-03
   2.9770846e-01   1.6538361e-01  -2.7041447e-01   3.3994031e-03   8.2313575e-03   2.6150057e-03
   2.9069919e-01   1.6062802e-01  -2.2331064e-01   3.7626900e-03   8.1900236e-03   2.5451982e-03
   2.9447333e-01   1.8059931e-01  -2.4288297e-01   3.5048387e-03   8.5915573e-03   2.6342699e-03
   2.6454479e-01   1.3575788e-01  -2.5148802e-01   3.8478047e-03   7.8650683e-03   2.1760498e-03
   3.1138702e-01   1.5995521e-01  -2.3771352e-01   3.6981471e-03   8.1763242e-03   3.0546656e-03
   3.0839392e-01   1.8255518e-01  -1.5170085e-01   3.0697218e-03   6.6732726e-03   3.2355786e-03
   2.9774783e-01   1.8123853e-01  -1.8203031e-01   3.3438500e-03   7.4757167e-03   2.8624076e-03
   2.8101259e-01   1.5634900e-01  -2.0064635e-01   3.3708742e-03   7.2539239e-03   2.4268408e-03
   2.9266170e-01   1.9362547e-01  -2.5740256e-01   3.5780509e-03   7.4022216e-03   3.0519309e-03
   2.7720149e-01   1.0805809e-01  -1.7185724e-01   3.7246802e-03   8.1186453e-03   2.4051235e-03
   3.1702129e-01   1.3009088e-01  -2.3413006e-01   4.4994635e-03   7.3267719e-03   3.1141244e-03
   3.1303423e-01   1.6925264e-01  -2.2872851e-01   3.4296182e-03   7.1903825e-03   3.0620630e-03
   2.9491229e-01   1.7992551e-01  -2.0630172e-01   3.6450072e-03   7.0082666e-03   2.7376094e-03
   2.9437037e-01   1.8573526e-01  -1.2592785e-01   2.6779196e-03   8.5128019e-03   2.6080659e-03
   2.6538962e-01   1.9902436e-01  -9.6636754e-02   1.6697896e-03   8.4553250e-03   2.1811563e-03
   2.6371555e-01   2.1399964e-01  -1.3772318e-01   2.0282301e-03   8.5560754e-03   2.1093170e-03
   2.7294986e-01   2.0665247e-01  -1.4053894e-01   1.9759037e-03   9.0486746e-03   2.1218543e-03
   2.7930572e-01   1.8746635e-01  -9.3419092e-02   1.7188322e-03   8.5286250e-03   2.3367782e-03
   2.5284218e-01   1.7835908e-01  -1.0111949e-01   2.1170371e-03   8.6134894e-03   1.5685546e-03
   2.5142302e-01   2.0580432e-01  -1.0861977e-01   1.7565434e-03   8.7120448e-03   1.5487446e-03
   2.1416103e-01   2.2756710e-01  -1.4672052e-01   2.2321655e-03   8.6813714e-03   1.0933220e-03
   2.0046486e-01   1.7395101e-01  -8.0754731e-02   2.3140517e-03   9.6122981e-03   8.1216838e-04
   2.2371575e-01   2.3158921e-01  -1.4309937e-01   2.2036477e-03   9.4089662e-03   9.6563583e-04
   2.1418200e-01   2.0973075e-01  -1.0544240e-01   1.4668575e-03   8.7338859e-03   8.7110038e-04
   2.2872002e-01   1.9866750e-01  -1.0102453e-01   1.6673795e-03   8.8040233e-03   1.1954129e-03
   1.8601263e-01   1.8532015e-01  -8.3591216e-02   1.3224581e-03   8.8237229e-03   3.5075937e-04
   2.0278582e-01   1.8508441e-01  -5.7245847e-02   1.7069035e-03   9.4767291e-03   5.8776712e-04
   2.1047092e-01   1.9250368e-01  -1.0261315e-01   8.0557851e-04   8.3954313e-03   8.4236795e-04
   2.0720776e-01   2.1498434e-01  -1.4922383e-01   5.1750223e-04   8.8054240e-03   6.9089110e-04
   2.1302506e-01   1.7374066e-01  -1.5735267e-01   8.3735771e-04   9.0312872e-03   1.0246542e-03
   2.0615704e-01   1.9995597e-01  -1.8499863e-01   4.6629963e-04   8.9411491e-03   7.3138598e-04
   2.2775800e-01   1.5042645e-01  -8.0597091e-02   5.7312269e-05   9.2917733e-03   1.0006739e-03
   2.2340102e-01   1.8358514e-01  -8.6645429e-02  -9.0748204e-06   9.1433623e-03   9.5920614e-04
   2.1672330e-01   1.8634694e-01  -8.3954073e-02   1.2203854e-07   9.8040033e-03   8.8507709e-04
   2.7921646e-01   2.0696375e-01  -1.1583196e-01  -8.3752535e-05   9.1775278e-03   1.6530006e-03
   2.6895227e-01   2.1206160e-01  -1.7787908e-01   5.2811294e-04   9.4496962e-03   1.4774598e-03
   2.3601542e-01   2.0665317e-01  -1.1141490e-01   3.9532143e-04   9.0074263e-03   1.0960015e-03
   2.6454639e-01   2.0541708e-01  -1.0971650e-01   6.9238484e-04   9.9828130e-03   1.5710832e-03
   2.3327320e-01   1.9009044e-01  -1.0993589e-01   6.2354446e-04   9.5667611e-03   9.4085567e-04
   2.5176892e-01   1.9871033e-01  -1.1842891e-01   1.5846471e-03   9.6773362e-03   1.2678321e-03
   2.3647310e-01   2.0608110e-01  -1.2091336e-01   6.8758624e-04   8.8567505e-03   9.5103825e-04
   2.3457853e-01   1.9995158e-01  -1.2078567e-01   9.9244754e-04   9.0754376e-03   1.1325442e-03
   2.5656963e-01   2.2464378e-01  -1.4456424e-01   8.7855727e-04   8.9318256e-03   1.5697690e-03
   2.3933256e-01   1.7522455e-01  -2.7235640e-01   2.9633245e-03   8.6717911e-03   1.2888751e-03
   2.3546772e-01   1.8392817e-01  -2.1657741e-01   2.5158076e-03   9.6917416e-03   1.3673768e-03
   1.6732841e-01   2.1207802e-01  -2.1731954e-01   2.0693777e-03   9.2147208e-03   7.7194183e-04
   1.5659312e-01   2.1896712e-01  -2.6982420e-01   3.2571532e-03   9.8900821e-03   6.7805142e-04
   2.1163746e-01   1.9469748e-01  -2.0382899e-01   2.1057187e-03   1.0836119e-02   1.4480613e-03
   2.0634725e-01   2.3225980e-01  -2.2186981e-01   1.7830506e-03   1.0682717e-02   1.3397048e-03
   2.4219139e-01   2.0748551e-01  -2.2410828e-01   1.9571587e-03   1.1325029e-02   1.8776438e-03
   2.2948228e-01   2.3637568e-01  -2.8767029e-01   1.8865923e-03   1.1402818e-02   1.4793109e-03
   2.7370357e-01   2.1697497e-01  -2.6986951e-01   7.0845365e-04   1.1344244e-02   2.0065661e-03
   2.6973017e-01   1.9573380e-01  -2.0411710e-01   9.8411736e-04   1.0940795e-02   2.0118888e-03
   2.6959782e-01   2.0580943e-01  -2.0856825e-01   1.1081811e-03   1.0387497e-02   1.8489166e-03
   3.0553296e-01   2.3133700e-01  -1.9562521e-01   4.4894347e-04   1.1182378e-02   2.6021942e-03
   2.5103926e-01   2.5828006e-01  -1.5660600e-01   9.4215711e-05   1.1192315e-02   1.7161486e-03
   2.8061490e-01   2.2374718e-01  -1.3982179e-01   3.1705620e-04   1.0969668e-02   2.2345527e-03
   2.5545435e-01   2.6863097e-01  -2.2417787e-01  -1.7599574e-04   1.0066471e-02   1.8708411e-03
   2.6741082e-01   2.4150577e-01  -1.9505103e-01   6.0016881e-04   1.0325048e-02   1.9757377e-03
   2.4820790e-01   2.4915572e-01  -3.3767755e-01   1.7164904e-03   1.0130638e-02   1.6882565e-03
   1.9813749e-01   2.3309106e-01  -3.7161322e-01   4.2606681e-03   1.1137159e-02   8.3676584e-04
   2.5572526e-01   2.2499970e-01  -2.4482923e-01   2.4795683e-03   1.1270191e-02   1.9893476e-03
   2.2381722e-01   3.2284794e-01  -3.1609667e-01   5.7338286e-05   1.0578587e-02   7.6725120e-04
   2.8823079e-01   2.6144532e-01  -3.2029991e-01   1.4707170e-03   1.2309904e-02   1.8141031e-03
   3.2234432e-01   2.4380507e-01  -2.7503518e-01   8.6837891e-04   1.1374986e-02   2.6601384e-03
   2.7644323e-01   2.4015583e-01  -3.0334990e-01   2.0244130e-03   1.0509727e-02   1.8551902e-03
   3.3893301e-01   1.9931078e-01  -2.1336993e-01   2.2063874e-03   1.1077642e-02   2.9861864e-03
   3.0999692e-01   2.3786613e-01  -2.9969228e-01   1.8167930e-03   1.0516744e-02   2.3602629e-03
   3.1761722e-01   2.2372789e-01  -3.1081382e-01   2.3714345e-03   1.0886479e-02   2.4898878e-03
   3.1346147e-01   2.3589453e-01  -2.6871999e-01   9.1114649e-04   1.1273086e-02   2.4546808e-03
   3.1530637e-01   2.6501488e-01  -2.6677695e-01   1.1157253e-03   1.1180317e-02   2.3103821e-03
   3.3161965e-01   2.4989408e-01  -2.4218730e-01   1.1697250e-03   1.1258068e-02   2.5506103e-03
   3.1796706e-01   2.8568371e-01  -2.7946759e-01   1.2365346e-03   1.0487131e-02   2.4421708e-03
   3.3669689e-01   2.4570950e-01  -2.2647565e-01   1.4021621e-03   1.0942217e-02   2.8374993e-03
   2.9649882e-01   2.5700429e-01  -2.8289413e-01   1.3436864e-03   1.0060996e-02   2.1060361e-03
   3.3207207e-01   2.6471985e-01  -2.3891350e-01   7.4361465e-04   1.0639621e-02   2.8288661e-03
   3.1917101e-01   2.6753277e-01  -2.3386194e-01   6.4995467e-04   1.0109896e-02   2.8816264e-03
   3.6032604e-01   2.5614651e-01  -2.4995240e-01   5.8402517e-04   1.0435566e-02   3.3991095e-03
   3.6372905e-01   2.5931423e-01  -2.0866092e-01  -7.2386165e-04   9.8204778e-03   3.2459621e-03
   3.5737112e-01   2.5410075e-01  -2.2797934e-01  -7.4771212e-05   1.0297141e-02   3.3276684e-03
   3.5334757e-01   2.3663149e-01  -2.1319949e-01  -6.6950227e-04   9.5258798e-03   3.3398247e-03
   3.5966787e-01   2.3269564e-01  -1.7665019e-01  -6.8549703e-04   9.8493626e-03   3.2477468e-03
   3.5758880e-01   2.9235616e-01  -1.5333809e-01  -1.8916390e-03   8.9384451e-03   3.4431605e-03
   3.5153729e-01   3.0180692e-01  -1.0821152e-01  -2.6847241e-03   8.8485200e-03   3.3582426e-03
