   0.0000000e+00   0.0000000e+00   1.0274032e-15  -6.8832438e-17  -1.9352718e-19  -1.3320947e-35
  -4.2204451e-04   1.4119825e-03  -4.9424015e-02  -8.3146839e-05   8.6084286e-04  -1.0522118e-04
  -6.5321536e-02   5.5798831e-02   9.9211523e-02  -7.7981414e-04  -2.2731477e-04  -1.9257924e-04
  -1.9004834e-02   6.7884478e-03   1.8247254e-01  -4.1173509e-04   1.2147884e-03  -2.4720936e-04
  -5.3863658e-02  -1.5624429e-01  -1.2285400e-01   4.0240716e-03  -1.2307993e-03  -1.3627553e-03
  -3.3803264e-01   1.0031466e-01  -6.1795294e-01   9.9100343e-03  -2.7815300e-03  -3.0965942e-03
  -4.4376008e-01   1.3364426e-01  -7.3105972e-01   1.1836899e-02   4.5848441e-04  -3.0028548e-03
  -4.4289251e-01   3.0450729e-02  -5.6043681e-01   1.1059555e-02  -1.1065444e-03  -3.4292999e-03
  -6.0354792e-01   7.3955258e-02  -5.6061042e-01   9.8848537e-03  -2.5819154e-03  -4.0746198e-03
  -5.4782127e-01   2.9481106e-02  -4.7304006e-01   9.4234850e-03  -3.2821855e-03  -3.9468931e-03
  -5.0103612e-01   3.9390844e-02  -5.2091926e-01   9.9644474e-03  -2.7790399e-03  -4.0591561e-03
  -4.4041483e-01   6.2897663e-02  -4.7313887e-01   9.0402091e-03  -2.0405889e-03  -4.0638391e-03
  -4.5931309e-01   7.5270916e-02  -4.4941745e-01   8.9075815e-03  -1.8145052e-03  -4.3624991e-03
  -4.6118561e-01   9.0584732e-02  -4.1015967e-01   8.4861420e-03  -2.1126926e-03  -4.2613487e-03
  -4.3466455e-01   7.0363071e-02  -2.9283507e-01   7.4943004e-03  -1.9638644e-03  -4.3544475e-03
  -4.2381103e-01   6.6816137e-02  -3.2042761e-01   7.6267318e-03  -1.6833755e-03  -4.5427834e-03
  -4.6208418e-01   1.1242758e-01  -3.9481506e-01   1.0074818e-02  -1.6064236e-03  -3.8070443e-03
  -4.4817578e-01   1.3444202e-01  -4.1082556e-01   8.3864060e-03  -1.8029241e-03  -4.0434502e-03
  -4.5620397e-01   1.3198580e-01  -2.4127796e-01   7.5634799e-03  -1.4984969e-03  -4.7546929e-03
  -4.5627120e-01   9.6605848e-02  -8.2761035e-02   7.3427023e-03  -1.2761322e-03  -4.1839621e-03
  -4.4052058e-01   1.0313055e-01  -1.0373152e-01   7.2210667e-03  -1.5924108e-03  -4.0762077e-03
  -4.5848544e-01   8.8781347e-02   2.4620686e-02   5.2806803e-03  -1.3676738e-03  -4.3154022e-03
  -4.3537640e-01   1.0495238e-01   2.7790850e-02   4.7582607e-03  -8.8301463e-04  -4.2832322e-03
  -4.5295282e-01   1.1815847e-01   6.6519316e-02   4.1318626e-03  -7.1186596e-04  -4.3514369e-03
  -4.2540617e-01   1.3693018e-01   3.6960826e-02   4.6319326e-03  -9.4691435e-04  -4.0894367e-03
  -4.1265424e-01   1.0132564e-01   1.2770741e-02   4.7962597e-03  -5.7661775e-04  -4.0354157e-03
  -4.2086357e-01   1.4516312e-01   1.8807632e-02   5.4747861e-03  -2.1007042e-04  -4.2166900e-03
  -4.0218853e-01   1.6396127e-01   3.2638606e-02   4.8349787e-03  -1.5363725e-04  -4.0848239e-03
  -4.0904092e-01   1.4256248e-01   4.0465531e-02   5.4665141e-03   1.7457653e-04  -4.1581455e-03
  -4.0160600e-01   1.3556502e-01  -1.9206667e-02   4.9778743e-03   8.1403847e-04  -3.8622885e-03
  -4.1924039e-01   1.8111323e-01   3.2228931e-02   4.9320427e-03   5.2424029e-04  -3.9945528e-03
  -4.0567095e-01   1.5282561e-01   1.1802126e-01   4.3435369e-03   2.6495481e-04  -4.0708602e-03
  -4.1645049e-01   1.6531289e-01   1.4190159e-01   4.2092840e-03   8.8190256e-05  -4.0397021e-03
  -3.9129306e-01   1.7235582e-01   1.3586052e-01   4.5471734e-03  -1.0711311e-04  -3.8439621e-03
  -3.9855268e-01   1.4961205e-01   1.5083661e-01   4.4910638e-03   6.9351634e-05  -4.1357353e-03
  -4.0115312e-01   1.5158288e-01   1.8430407e-01   3.2107522e-03   2.8404960e-04  -4.4390457e-03
  -3.9621128e-01   1.9205844e-01   1.7293558e-01   4.6388590e-03   2.8329663e-04  -4.1336977e-03
  -3.9963749e-01   1.8645643e-01   2.0771859e-01   3.6270425e-03   1.6819907e-04  -4.2529549e-03
  -3.9009924e-01   1.6646813e-01   1.9018681e-01   4.4592630e-03   2.2500336e-04  -4.2739169e-03
  -3.9369076e-01   1.6911907e-01   2.5582412e-01   3.7420759e-03   2.6551669e-04  -4.4660871e-03
  -3.9444221e-01   1.7853617e-01   1.9262245e-01   4.6493652e-03   2.0211399e-04  -4.2975257e-03
  -3.9192300e-01   2.2276664e-01   2.0505413e-01   4.7654751e-03   1.6594661e-04  -4.1170221e-03
  -3.8661821e-01   2.0664483e-01   2.2461090e-01   4.2960005e-03   1.6137762e-04  -4.3455950e-03
  -3.6735871e-01   2.2508757e-01   1.9485658e-01   3.8801810e-03   4.0855580e-04  -4.4334048e-03
  -3.4564308e-01   2.3450958e-01   3.3700333e-01   3.8165692e-03   8.3392718e-04  -4.2998740e-03
  -3.5541401e-01   2.4280894e-01   2.9395299e-01   3.9916234e-03   5.2092965e-04  -4.3679650e-03
  -3.3749420e-01   2.1339513e-01   2.6951291e-01   3.7705429e-03   4.3121178e-04  -4.4864438e-03
  -3.6426391e-01   2.0856438e-01   3.3535257e-01   3.7902231e-03   3.9387202e-04  -4.5497264e-03
  -3.4813751e-01   2.2497632e-01   3.1910839e-01   4.1390144e-03   5.5396178e-04  -4.5327791e-03
  -3.5688658e-01   2.1950279e-01   3.5244449e-01   4.3250279e-03   3.5422047e-04  -4.4731772e-03
  -3.4774055e-01   2.1667374e-01   3.3644150e-01   4.5410247e-03   8.4209083e-04  -4.5805548e-03
  -3.5360048e-01   2.1319464e-01   3.4995568e-01   4.4055134e-03   4.6493390e-04  -4.5096410e-03
  -3.5039641e-01   2.4905195e-01   3.6409777e-01   3.8349205e-03   5.3733699e-04  -4.6155312e-03
  -3.2733922e-01   2.1233027e-01   2.5556286e-01   3.8039531e-03  -3.2448090e-05  -3.6456361e-03
  -2.9887311e-01   2.5748117e-01   2.0788100e-01   5.8104489e-03   2.4903355e-04  -3.1128206e-03
  -2.8503522e-01   1.8700027e-01   2.7897096e-01   6.2343752e-03   1.6766528e-04  -3.3102433e-03
  -3.3113878e-01   2.3255690e-01   3.4350042e-01   4.8301220e-03  -5.7031136e-04  -3.7253636e-03
  -3.0351938e-01   2.3534531e-01   3.4620359e-01   4.5911220e-03  -2.1025574e-05  -3.8890266e-03
  -3.0943989e-01   2.2675955e-01   3.7563367e-01   4.3950568e-03  -2.1835244e-04  -3.8947654e-03
  -3.1910429e-01   2.4299972e-01   3.4818812e-01   4.6103293e-03  -3.4315605e-04  -3.9575673e-03
  -3.1331167e-01   2.4308573e-01   3.4568284e-01   4.9799105e-03  -3.2449362e-04  -3.8216991e-03
  -3.0629437e-01   2.4078510e-01   3.9729570e-01   4.7450809e-03  -2.6242517e-04  -4.0046064e-03
  -3.0509754e-01   2.4798654e-01   4.0225447e-01   4.3553384e-03  -2.4754746e-04  -4.0323454e-03
  -3.1481453e-01   2.6842973e-01   3.8914759e-01   5.5344713e-03  -1.2100804e-04  -3.6925312e-03
  -3.1488234e-01   2.9087089e-01   3.9362466e-01   5.5118751e-03  -2.4277923e-04  -3.5447664e-03
  -3.1078969e-01   2.9032466e-01   4.2027682e-01   5.2298533e-03  -4.1846411e-04  -3.4881418e-03
  -3.1189941e-01   2.7901087e-01   4.2163179e-01   5.2244640e-03  -1.8476426e-04  -3.6382697e-03
  -3.3375233e-01   2.8236302e-01   4.3129680e-01   5.2601285e-03  -2.3239832e-04  -3.7827386e-03
  -3.3698971e-01   2.9655011e-01   4.2871824e-01   4.9150504e-03   3.0676044e-05  -3.8470822e-03
  -3.1211526e-01   3.2745774e-01   4.3437775e-01   5.1689470e-03  -1.5760898e-04  -3.4532170e-03
  -2.9614298e-01   2.9929208e-01   4.2964787e-01   5.3108246e-03   2.0323812e-04  -3.7561497e-03
  -3.0977361e-01   2.8542710e-01   4.9115903e-01   4.7084910e-03   2.2921609e-04  -3.7485562e-03
  -2.9780803e-01   3.1302704e-01   4.5760298e-01   5.5342968e-03   2.7067306e-04  -3.4046586e-03
  -2.7951397e-01   2.7541822e-01   4.7229210e-01   5.7983492e-03   8.9847043e-04  -3.6221417e-03
  -2.6092165e-01   3.0403926e-01   4.7300301e-01   4.9801700e-03   6.8783146e-04  -3.7072587e-03
  -2.7717277e-01   3.2139242e-01   4.9575525e-01   5.0894786e-03   6.2893357e-04  -3.5796967e-03
  -2.6516098e-01   3.3265925e-01   4.7246160e-01   5.4324928e-03   4.9221554e-04  -3.5615972e-03
  -2.4051079e-01   3.6665223e-01   5.2477823e-01   5.7388963e-03   1.0560596e-03  -3.8005628e-03
  -2.7249605e-01   3.2710497e-01   4.4213540e-01   5.3100085e-03   5.7035733e-04  -3.7096681e-03
  -3.0875983e-01   3.3413123e-01   4.9319793e-01   4.9695929e-03   5.9070912e-04  -3.9273638e-03
  -2.6955666e-01   3.4320089e-01   4.1534472e-01   6.5181101e-03  -2.7860311e-04  -3.2515071e-03
  -2.7427435e-01   3.3144128e-01   3.9064276e-01   7.0620861e-03  -1.1087502e-04  -3.1953187e-03
  -3.1412006e-01   3.1717329e-01   5.0432510e-01   4.9644531e-03   2.6554849e-04  -4.0952725e-03
  -2.9768886e-01   3.5991220e-01   4.3744921e-01   6.7222336e-03   1.1990699e-04  -3.3644632e-03
  -2.8217372e-01   3.7864913e-01   2.8723955e-01   7.7817282e-03  -2.5473875e-04  -3.3932282e-03
  -3.5019258e-01   3.4198276e-01   1.5250652e-01   8.6305647e-03  -4.8875053e-04  -3.9515258e-03
  -3.5519819e-01   3.7423963e-01   2.5322404e-01   8.3020301e-03  -7.6057584e-04  -4.3510985e-03
  -3.4812170e-01   3.9402557e-01   3.0282786e-01   8.8952733e-03  -1.0877879e-03  -4.2274269e-03
  -3.5307617e-01   3.6965712e-01   2.8438002e-01   8.1195266e-03  -7.7590545e-04  -4.5612639e-03
  -3.7103204e-01   4.7794660e-01   5.3309667e-01   9.0181418e-03  -4.7335067e-04  -3.8635950e-03
  -3.6022770e-01   4.0846273e-01   2.4547695e-01   9.3657855e-03  -8.8831582e-04  -3.4482304e-03
  -3.5957990e-01   3.9748026e-01   1.6677307e-01   9.4551697e-03  -7.3587884e-04  -4.0515755e-03
  -3.5595899e-01   3.9947371e-01   2.4968915e-01   9.2750146e-03  -1.4729073e-03  -3.8780241e-03
  -3.4225603e-01   3.7587407e-01   2.7870600e-01   9.3624692e-03  -1.4436754e-03  -3.7136337e-03
  -3.3406777e-01   3.7764183e-01   3.0077941e-01   9.3422572e-03  -1.5411701e-03  -3.6362363e-03
  -3.4221199e-01   3.7252368e-01   2.7773735e-01   8.9704078e-03  -9.6126222e-04  -3.7841136e-03
  -3.2063175e-01   3.8129568e-01   2.5728224e-01   9.8667939e-03  -1.0015636e-03  -3.7016951e-03
  -3.3774263e-01   3.7354455e-01   3.1025475e-01   8.0178543e-03  -6.9955167e-04  -3.7232044e-03
  -3.2954792e-01   4.2019390e-01   2.5834227e-01   8.4327648e-03  -9.7378826e-04  -3.6481461e-03
  -3.4009136e-01   4.0825309e-01   3.0884118e-01   8.7366358e-03  -4.4241567e-04  -3.5718415e-03
  -3.2643123e-01   4.3124879e-01   3.0417362e-01   8.1107116e-03  -4.7660748e-04  -3.5601462e-03
  -3.1995839e-01   3.9938402e-01   2.6994735e-01   9.3859639e-03  -2.9329021e-05  -3.6760697e-03
  -3.1067840e-01   4.0993043e-01   2.8586612e-01   9.1808948e-03  -9.4705912e-05  -3.7323563e-03
  -3.2444160e-01   4.2671790e-01   2.8123975e-01   9.9497346e-03  -5.8450563e-04  -3.4466883e-03
  -3.1576850e-01   4.3284913e-01   3.5839742e-01   7.7342212e-03  -6.5844913e-04  -3.4570825e-03
  -2.9711031e-01   4.1198611e-01   2.6410606e-01   9.0027853e-03  -3.9468015e-04  -3.3059377e-03
  -3.1093636e-01   4.1866136e-01   3.7420120e-01   9.0096400e-03  -6.0147223e-04  -3.5434067e-03
  -2.5390558e-01   4.1682492e-01   1.2713132e-01   8.1206835e-03   3.3846223e-04  -2.6371934e-03
  -1.4328533e-01   4.0448894e-01   1.1078750e-01   7.1199322e-03  -2.7718550e-04  -1.6921984e-03
  -3.2144928e-01   2.9822492e-01   6.0540417e-01   5.1347567e-03  -8.2498435e-05  -2.1690700e-03
  -3.0832119e-01   3.3228058e-01   1.8367206e-01   6.8407558e-03  -3.2698129e-03  -3.5732273e-03
  -5.8547329e-01   2.0411369e-01   2.2003418e-01   1.0637892e-02  -4.5812255e-03  -3.5172524e-03
  -5.0360330e-01   3.6580724e-01   4.4726678e-01   6.6997939e-03   1.9802001e-04  -4.2174680e-03
  -4.4309856e-01   4.2039567e-01   2.8435978e-01   6.7190780e-03  -2.7107539e-03  -2.7943247e-03
  -5.1958506e-01   3.3357542e-01   2.7159641e-01   7.6941995e-03  -2.1046836e-03  -4.1187116e-03
  -4.3305514e-01   3.9062103e-01   2.8410436e-01   7.3740250e-03  -2.0129075e-03  -3.7472987e-03
  -4.3092386e-01   3.4640854e-01   4.6696661e-01   5.8767258e-03  -1.4429453e-03  -3.8405273e-03
  -4.0170916e-01   4.3930139e-01   4.6110602e-01   5.5144410e-03  -1.3232264e-03  -4.0350327e-03
  -4.1310936e-01   4.1916310e-01   5.1838427e-01   5.5048367e-03   1.6587730e-04  -4.8016607e-03
  -4.0764986e-01   4.5456759e-01   5.4566747e-01   6.1088319e-03   1.0102723e-04  -4.3505735e-03
  -3.9802756e-01   4.4456475e-01   5.3439315e-01   6.7622598e-03  -8.5821289e-05  -4.5831469e-03
  -3.7875576e-01   4.6320093e-01   5.0148301e-01   7.0894934e-03  -2.2568161e-05  -4.3519683e-03
  -3.8323905e-01   4.4669938e-01   5.5454899e-01   7.3338414e-03   1.3641822e-04  -4.3044719e-03
  -3.7227488e-01   4.7881325e-01   5.5230176e-01   7.2697039e-03   2.4677924e-05  -4.1623294e-03
  -3.6124382e-01   4.7208723e-01   5.7863654e-01   7.0838288e-03   2.1752721e-04  -4.2460203e-03
  -3.5698286e-01   4.5358034e-01   5.7796504e-01   6.7736867e-03  -4.3890977e-04  -4.3458048e-03
  -3.6156522e-01   4.3633957e-01   6.2709512e-01   6.8145665e-03   7.4331516e-05  -4.5139469e-03
  -3.4655234e-01   4.8391738e-01   5.8852820e-01   7.1314835e-03  -2.7892762e-04  -4.3429687e-03
  -3.3838483e-01   4.5236218e-01   5.5738162e-01   7.3208458e-03   5.7931391e-05  -4.3848821e-03
  -3.7350250e-01   4.9582025e-01   5.5446702e-01   8.1155365e-03   9.4816911e-05  -4.2843703e-03
  -3.7226429e-01   4.9084182e-01   5.9701918e-01   8.3040565e-03  -9.8288668e-05  -4.1829089e-03
  -3.6183992e-01   4.8724119e-01   6.0021492e-01   8.3950880e-03  -1.6644448e-04  -4.2122093e-03
  -3.5518204e-01   5.0326385e-01   5.9543512e-01   8.5234551e-03   1.8648515e-04  -4.1778437e-03
  -3.3866375e-01   4.8710849e-01   5.7193393e-01   8.8326504e-03   4.6694607e-04  -4.3076024e-03
  -3.5358130e-01   5.1213463e-01   6.5121070e-01   7.1949798e-03   4.4543716e-04  -4.5313548e-03
  -3.3699906e-01   5.2725397e-01   5.8518289e-01   8.1716223e-03   6.2793119e-05  -4.2518585e-03
  -3.5401176e-01   5.3022115e-01   6.2054687e-01   7.7255421e-03   2.6715595e-04  -4.4912399e-03
  -3.5027041e-01   4.9360458e-01   6.1122473e-01   8.1494180e-03   1.1850742e-04  -4.2046314e-03
  -3.7426101e-01   4.8970926e-01   6.8114187e-01   6.8493889e-03   2.0278543e-04  -4.3781974e-03
  -3.3321685e-01   5.2993648e-01   6.4195603e-01   7.9959964e-03   7.8468897e-04  -4.1490589e-03
  -3.5071474e-01   5.4185846e-01   7.1186952e-01   7.7361755e-03   2.9917443e-04  -4.6403539e-03
  -3.0248176e-01   5.2685642e-01   5.5404055e-01   9.4618198e-03   1.7593536e-04  -4.1090574e-03
  -3.2208817e-01   4.9744507e-01   6.2203166e-01   8.7680985e-03   1.7070965e-04  -4.4672127e-03
  -3.0560697e-01   5.3603313e-01   5.8963583e-01   8.8022008e-03   5.2509228e-05  -3.9502480e-03
  -2.9562683e-01   5.2041982e-01   5.7825385e-01   9.4510138e-03  -1.1514197e-04  -3.9719506e-03
  -3.1972116e-01   5.2446925e-01   6.2515082e-01   8.5313113e-03  -5.6634104e-05  -4.4084238e-03
  -2.9236765e-01   5.7659201e-01   5.1965450e-01   1.1000800e-02  -6.6323786e-04  -3.4821405e-03
  -3.2884141e-01   5.3071052e-01   6.4495558e-01   8.0947926e-03  -1.5861324e-04  -4.9555496e-03
  -3.2848244e-01   5.3412035e-01   6.7260950e-01   7.7292930e-03  -8.6137672e-04  -3.9350712e-03
  -3.5582801e-01   5.3146570e-01   6.1668106e-01   9.3287866e-03  -1.0288861e-03  -4.6478310e-03
  -3.2168751e-01   5.6382983e-01   6.1059126e-01   1.1202885e-02  -1.1125597e-03  -3.4743806e-03
  -3.1786874e-01   5.3117216e-01   6.8281452e-01   1.0410898e-02  -1.2086769e-03  -3.8824076e-03
  -3.2561778e-01   5.2751453e-01   7.6687606e-01   8.6440697e-03  -3.2418314e-04  -4.4135310e-03
  -3.0185845e-01   5.6421490e-01   6.9839249e-01   9.4999717e-03  -7.3669706e-04  -4.3344503e-03
  -3.0327847e-01   5.4748135e-01   7.3726096e-01   9.5231423e-03  -5.3606583e-04  -4.3476074e-03
  -3.1255179e-01   5.5253578e-01   7.8164055e-01   9.4554353e-03  -1.8381408e-04  -4.4748309e-03
  -2.6569021e-01   5.3256362e-01   7.4834727e-01   9.5911956e-03  -9.9238455e-04  -3.8081776e-03
  -2.6125916e-01   5.5234612e-01   7.1923532e-01   1.0912630e-02  -1.2833134e-03  -3.4583742e-03
  -3.3394197e-01   5.3694053e-01   8.0918565e-01   8.1968026e-03  -1.4068324e-03  -4.7405104e-03
  -2.9616357e-01   5.7706302e-01   7.7029148e-01   8.7626351e-03  -2.3487377e-03  -4.1979812e-03
  -3.2585836e-01   5.5986572e-01   7.9253062e-01   8.6720983e-03  -1.7654564e-03  -4.8657403e-03
  -3.2679479e-01   5.6075305e-01   8.0720767e-01   9.2498082e-03  -2.1087103e-03  -4.3469946e-03
  -2.9769435e-01   5.8651522e-01   8.3149650e-01   9.8820496e-03  -1.1917168e-03  -5.1162943e-03
  -3.2547160e-01   5.6037399e-01   8.5736991e-01   9.4242606e-03  -1.5926012e-03  -4.9795024e-03
  -3.3070228e-01   5.4707506e-01   8.6505040e-01   9.6371217e-03  -1.8878093e-03  -4.8830448e-03
  -3.1488044e-01   5.8917516e-01   8.3061641e-01   1.0203907e-02  -2.1856728e-03  -4.2802833e-03
  -3.1229805e-01   5.4520785e-01   8.4535390e-01   8.9763099e-03  -1.9016631e-03  -4.5950192e-03
  -3.1665012e-01   5.9275261e-01   8.5427189e-01   9.9974934e-03  -2.2440395e-03  -4.5014862e-03
  -2.8196989e-01   5.9189426e-01   8.3206455e-01   1.0144288e-02  -1.5765922e-03  -4.7105313e-03
  -3.7323518e-01   5.6822873e-01   9.7745492e-01   8.6601648e-03  -1.6494673e-03  -4.8084764e-03
  -3.5296302e-01   5.7078225e-01   8.1069269e-01   1.1809760e-02  -1.0143030e-03  -4.7660850e-03
  -2.8967345e-01   5.8875277e-01   7.8884407e-01   1.1433813e-02  -1.0295916e-03  -4.0427065e-03
  -2.9800298e-01   5.7596753e-01   8.6876558e-01   1.1836775e-02  -2.9973397e-03  -3.9183857e-03
  -2.9999885e-01   5.8830573e-01   9.1727016e-01   9.1416487e-03  -1.7973839e-03  -4.2993673e-03
  -2.8126953e-01   6.1734257e-01   7.6726118e-01   1.0822310e-02  -1.3804367e-03  -3.7937463e-03
  -2.9133107e-01   5.9717627e-01   8.0498385e-01   1.0305828e-02  -3.5444499e-03  -3.8107717e-03
  -2.6360846e-01   5.8469128e-01   8.4987496e-01   1.0439925e-02  -3.5628041e-03  -3.7018258e-03
  -2.3466141e-01   5.7277870e-01   8.6566647e-01   9.7369309e-03  -2.3257987e-03  -4.0382882e-03
  -2.7170529e-01   6.1072015e-01   8.8290359e-01   9.2047108e-03  -2.5147430e-03  -3.9955038e-03
