   0.0000000e+00   0.0000000e+00   0.0000000e+00   0.0000000e+00   0.0000000e+00   0.0000000e+00
   5.0756724e-03  -1.5195029e-02  -2.5211328e-02  -2.2221878e-04  -7.1526162e-04  -3.3420838e-05
   1.6472452e-02  -1.0184754e-02   3.3625874e-02  -9.9445531e-04  -1.5658036e-03  -1.1983656e-04
   1.5098464e-02  -2.4663989e-02   7.3444962e-03   4.1303744e-04  -1.8405508e-03  -1.4473965e-04
   2.4684953e-02  -8.4232176e-03  -4.9244536e-03  -9.1662283e-05  -1.8819707e-03  -6.4892252e-05
   2.0950509e-02   3.7070300e-03   5.8075030e-02  -1.2673186e-03  -2.1663287e-03  -3.3985416e-04
   2.1595573e-02  -4.6871353e-02   2.1288748e-02  -1.4953589e-03  -1.8807652e-03  -3.8203282e-04
   2.1083860e-02   1.4016366e-03   5.7742101e-02  -1.8435866e-03  -1.7859082e-03   2.6441595e-05
   1.1528891e-02   9.2184399e-03   8.4143281e-02  -2.8781550e-03  -1.6866406e-03  -1.0233672e-05
  -1.6007905e-03  -1.8562201e-03   6.5548705e-02  -3.5645725e-03  -1.4407123e-03  -2.6307528e-04
   1.1796565e-02   1.1935355e-02   6.9826009e-02  -5.4289141e-03  -7.1322101e-04   3.1754489e-04
  -3.2298362e-03   3.5849742e-02   1.1568272e-01  -6.4871241e-03  -7.8158678e-04  -8.8898932e-05
   1.8187567e-02   5.4287552e-02   1.3924609e-01  -5.0913604e-03  -1.9323423e-03  -1.5074414e-06
  -6.8217464e-05   4.1395048e-02   1.1075683e-01  -4.3435770e-03  -1.3048313e-03  -6.4002392e-04
  -2.5256799e-03   4.5414259e-02   1.2469210e-01  -2.9229425e-03  -1.1973745e-03  -6.0852018e-04
  -1.5642515e-02   2.0885532e-02   9.8164604e-02  -3.2131927e-03  -1.0779326e-03  -7.7088276e-04
  -1.5020513e-02   4.9490331e-02   1.2778572e-01  -4.0783396e-03  -7.1752484e-04  -7.3773473e-04
  -4.5662417e-02   2.4845709e-02   1.7116590e-01  -4.1697112e-03  -1.1616251e-03  -1.3428022e-03
  -3.8073005e-02   5.2874552e-02   1.7220002e-01  -3.8413708e-03  -1.3479538e-03  -1.4550356e-03
  -5.7236061e-02   6.1378550e-02   1.7640705e-01  -3.8485730e-03  -1.1754474e-03  -1.6158721e-03
  -6.8944344e-02   1.1262061e-01   2.3802548e-01  -3.0013139e-03  -1.2574898e-03  -1.5785885e-03
  -7.3451426e-02   5.9528844e-02   1.1899410e-01  -2.5842423e-03  -9.3240532e-04  -1.8060088e-03
  -6.7873904e-02   7.5643522e-02   1.2932484e-01  -1.1082854e-03  -7.8639587e-04  -2.0427168e-03
  -4.8811641e-02   6.4985422e-02   1.7275761e-01  -9.3658725e-04  -1.2150982e-03  -1.7159908e-03
  -4.6018171e-02   8.6497832e-02   1.3108347e-01  -9.5168542e-04  -1.2096348e-03  -1.7286315e-03
  -5.2805973e-02   8.5158631e-02   1.5451803e-01  -3.3716304e-05  -1.0003176e-03  -1.6700165e-03
  -3.8308708e-02   5.5882407e-02   1.1783953e-01  -8.4369404e-04  -1.0084992e-03  -1.5350267e-03
  -5.5334958e-02   6.1743723e-02   2.0969046e-01  -4.4125670e-04  -5.8446193e-04  -1.7256096e-03
  -2.2744018e-02   7.5185905e-02   3.2900524e-02   2.3806758e-04  -3.5480232e-04  -1.4725425e-03
  -3.4175198e-03   3.8879160e-03  -1.5743714e-01  -2.0010129e-03  -7.0294594e-04  -1.1292900e-03
   1.3894845e-02   2.1856210e-02  -3.7728958e-02  -1.4258423e-04  -9.7484867e-04  -8.9544853e-04
   1.9151231e-02   2.4292837e-02   3.6905146e-02  -2.4333939e-03  -7.7287932e-04  -2.4374160e-04
   1.0341539e-02  -4.6140324e-03  -1.0646140e-02  -2.2081629e-03  -1.0083174e-03  -8.4298193e-04
  -1.3583642e-02   1.7994758e-02  -8.3954459e-04  -2.8729290e-03  -1.1646348e-03  -9.1295829e-04
  -1.2768266e-02   1.6231908e-02   8.3935149e-03  -2.4183380e-03  -1.1342794e-03  -1.0631199e-03
  -1.5260010e-02   1.6733244e-02   6.5892270e-03  -2.8741065e-03  -9.5575346e-04  -1.2082314e-03
   1.7728833e-04   1.2746512e-02  -3.9966225e-03  -2.0048242e-03  -1.0811892e-03  -8.3198783e-04
  -1.5225741e-02   1.2368514e-02  -2.5519461e-02  -2.1289463e-03  -7.7071181e-04  -9.9928467e-04
  -2.5547755e-02   3.7103945e-02  -7.9231286e-03  -1.7114660e-03  -8.0594298e-04  -9.3978270e-04
  -2.7046983e-02   4.6465065e-02   2.2113151e-02  -2.8804392e-03  -9.5412094e-04  -7.5748837e-04
  -2.2547745e-02   7.1529393e-02   2.0021083e-02  -1.5498919e-03  -1.0048279e-03  -9.5096029e-04
  -2.5383973e-02   7.8779742e-02  -3.6063206e-03  -2.2243173e-03  -1.0564141e-03  -7.8895173e-04
  -3.3466644e-02   1.7565291e-01   1.9259438e-01  -1.2516218e-03  -6.8934754e-04  -5.9554821e-04
  -5.6793358e-02   1.5214018e-01   1.9874061e-01  -1.4683965e-03  -6.8245812e-04  -1.3501042e-03
  -4.8360290e-02   1.1500957e-01   8.3146289e-02  -2.3313265e-03  -1.2769410e-03  -1.0580271e-03
  -5.4675662e-02   1.2871272e-01   1.2704674e-01  -2.4573801e-03  -1.2425564e-03  -1.1350215e-03
  -6.1500921e-02   1.2324614e-01   8.2744386e-02  -2.0547560e-03  -1.2508337e-03  -1.7865022e-03
  -8.0710198e-02   1.1009683e-01   1.2347290e-01  -2.7593177e-03  -1.3569127e-03  -2.0158342e-03
  -6.6583858e-02   1.0666043e-01   8.9831530e-02  -2.0895445e-03  -1.3275965e-03  -1.8009733e-03
  -6.6695724e-02   1.0536143e-01   1.0398988e-01  -1.5804112e-03  -1.0704645e-03  -1.7247175e-03
  -9.1589525e-02   1.0177694e-01   1.2711096e-01  -2.4758552e-03  -9.8282498e-04  -2.1744564e-03
  -7.2940602e-02   5.1725873e-02   8.0572606e-02  -2.3545075e-03  -3.4657617e-04  -1.7238958e-03
  -9.8770779e-02   8.5330469e-02   8.3171506e-02  -2.4240342e-03  -6.0750846e-04  -2.0842061e-03
  -1.0592868e-01   7.1998657e-02   8.0739812e-02  -2.5066547e-03  -5.3353649e-04  -2.3633983e-03
  -1.0545188e-01   1.0306833e-01   7.4471637e-02  -2.7111548e-03  -5.4496218e-04  -2.2884383e-03
  -1.0178208e-01   9.7362475e-02   1.4879924e-01  -2.7764808e-03  -3.3883926e-04  -2.2072217e-03
  -1.1502996e-01   1.0575754e-01   6.2824050e-02  -1.9883760e-03  -2.6399312e-04  -2.2550364e-03
  -1.1340609e-01   1.0594983e-01   9.9929354e-02  -2.8260335e-03  -4.9416876e-04  -2.4020393e-03
  -9.1818538e-02   1.0043431e-01   6.4038816e-02  -2.1321012e-03  -4.2034088e-04  -1.8471352e-03
  -8.7501530e-02   8.1599118e-02   5.0148239e-02  -2.3602584e-03  -1.4919669e-03  -1.8636362e-03
  -1.0909164e-01   7.1369186e-02   6.5885177e-02  -3.6059394e-03  -7.0966270e-04  -2.0561718e-03
  -1.2152339e-01   9.2028736e-02   1.1542810e-01  -3.4353035e-03  -1.0774742e-03  -2.2975638e-03
  -1.2922571e-01   8.7689808e-02   1.0982470e-01  -3.2643242e-03  -9.1906103e-04  -2.3271562e-03
  -1.2477433e-01   7.4661311e-02   9.6687377e-02  -4.0533265e-03  -8.0562499e-04  -2.0174485e-03
  -1.2947113e-01   6.4579617e-02   8.8225475e-02  -4.6075218e-03  -9.7498906e-04  -2.0796882e-03
  -1.4561630e-01   7.4539718e-02   5.4105703e-02  -3.1531934e-03  -8.1458863e-04  -2.5170572e-03
  -1.4832994e-01   7.3099542e-02   9.2125021e-02  -3.5157892e-03  -1.0243952e-03  -2.6001533e-03
  -1.5347703e-01   7.7652531e-02   7.9982607e-03  -2.9714626e-03  -9.9578082e-04  -2.5104898e-03
  -1.7130234e-01   8.4757468e-02   9.1900868e-02  -3.2369095e-03  -9.6438900e-04  -2.5794854e-03
  -1.9686249e-01   8.1849122e-02   1.2148621e-01  -4.2612643e-03  -1.1465098e-03  -3.0902981e-03
  -1.8793248e-01   8.2056722e-02   7.9466280e-02  -3.2751089e-03  -1.6598572e-03  -2.8555757e-03
  -1.4614292e-01   3.8735570e-02  -8.3632545e-03  -2.7206645e-03  -1.3080324e-03  -2.5503121e-03
  -1.3349742e-01   5.9866071e-02   9.8574850e-03  -3.7884170e-03  -1.4472139e-03  -2.1369520e-03
  -1.7753699e-01   6.2308243e-02   3.3882969e-02  -2.4601283e-03  -7.2004973e-04  -2.7727514e-03
  -1.9284400e-01   1.5320606e-01   3.5459003e-02  -2.1770098e-03  -6.5412794e-04  -2.9414681e-03
  -1.6887132e-01   1.0568922e-01   1.6359686e-02  -4.8483737e-03  -1.6547846e-03  -2.2158380e-03
  -1.5065228e-01   1.2185186e-01   4.6417711e-02  -4.3159639e-03  -1.6298071e-03  -1.8285298e-03
  -1.2597926e-01   8.1060710e-02   6.6521418e-02  -4.4647781e-03  -1.9198153e-03  -1.5301584e-03
  -1.5112037e-01   6.1564048e-02   8.5753282e-02  -5.2356359e-03  -1.9086042e-03  -2.1339255e-03
  -1.9853079e-01   1.0594482e-01   9.7633203e-02  -6.0435603e-03  -2.8469472e-03  -2.3478072e-03
  -2.1086094e-01   8.8809115e-02   4.6044030e-02  -5.9947902e-03  -2.7410728e-03  -2.7017977e-03
  -1.9098357e-01   9.7873539e-02   2.4948536e-02  -5.7936545e-03  -2.7247449e-03  -2.4799739e-03
  -2.0703098e-01   1.0314622e-01   6.7321526e-02  -5.9016602e-03  -2.2135216e-03  -2.8167342e-03
  -2.0739494e-01   9.9054933e-02   4.3912394e-02  -6.8011717e-03  -2.4926605e-03  -2.7260576e-03
  -2.3419947e-01   1.4278183e-01   7.3387807e-02  -5.7175961e-03  -2.4117174e-03  -2.9818648e-03
  -2.3143988e-01   1.3872287e-01   8.4931385e-02  -5.1823720e-03  -2.7063904e-03  -2.8988429e-03
  -2.5038187e-01   1.5974473e-01   7.4828987e-02  -5.3914785e-03  -2.9115907e-03  -3.4023037e-03
  -2.3712360e-01   1.6925039e-01   8.8601829e-03  -5.0313505e-03  -3.1565299e-03  -3.1617283e-03
  -2.6550423e-01   1.7252527e-01   1.0665469e-01  -6.0440911e-03  -2.9125669e-03  -3.7957178e-03
  -2.6227597e-01   1.6714196e-01   1.1450446e-01  -5.7676659e-03  -3.2463156e-03  -3.5391309e-03
  -2.6724617e-01   1.4857072e-01   7.7656004e-02  -4.7310996e-03  -3.1516572e-03  -3.9574706e-03
  -2.8039190e-01   1.6027846e-01   8.2959172e-02  -5.5752054e-03  -3.7310673e-03  -3.9554900e-03
  -2.6711062e-01   1.4223234e-01   1.0809213e-01  -6.1300713e-03  -3.6685616e-03  -3.9316698e-03
  -2.6217741e-01   8.9252626e-02   2.7718892e-02  -7.0119467e-03  -3.2637865e-03  -3.5813607e-03
  -2.7452665e-01   1.0060000e-01   8.3153099e-02  -8.4799093e-03  -2.7453978e-03  -3.9008804e-03
  -2.4475046e-01   7.8011058e-02   3.2220221e-02  -6.6627347e-03  -3.1743137e-03  -3.4598005e-03
  -2.6689439e-01   8.0295797e-02   9.9891014e-02  -7.8030949e-03  -3.0875751e-03  -3.8313723e-03
  -2.6499524e-01   8.7308871e-02   5.0515749e-02  -6.6373477e-03  -3.2815950e-03  -3.9568660e-03
  -2.5524408e-01   9.2766689e-02   7.4434198e-02  -7.4022230e-03  -3.3849641e-03  -3.6127595e-03
  -2.7121766e-01   9.1647858e-02   9.5559748e-02  -7.6546635e-03  -3.5896473e-03  -3.8448396e-03
  -2.6428229e-01   1.2823482e-01   1.3357936e-01  -8.7083068e-03  -3.4504026e-03  -3.4338765e-03
  -2.5869047e-01   1.0535779e-01   9.4312708e-02  -6.9273453e-03  -3.7391185e-03  -3.2835496e-03
  -2.7612405e-01   1.1469349e-01   1.2349744e-01  -7.2812640e-03  -3.9004008e-03  -3.6983325e-03
  -2.5682801e-01   1.3086077e-01   3.8473149e-02  -6.0453326e-03  -4.1772363e-03  -3.3191549e-03
  -2.6619298e-01   1.2575585e-01   5.4386341e-02  -5.0673592e-03  -3.5708813e-03  -3.6660612e-03
  -2.4947086e-01   1.3606243e-01   7.5295782e-02  -6.3255947e-03  -4.0690424e-03  -3.0592723e-03
  -2.5948420e-01   1.1319017e-01   5.7101854e-02  -6.7362647e-03  -3.6815387e-03  -3.2771605e-03
  -2.4396565e-01   1.1107015e-01   5.8101186e-02  -6.1443929e-03  -3.7562906e-03  -3.2943307e-03
  -2.6377575e-01   9.9727926e-02   3.5038181e-02  -7.0169022e-03  -3.6609414e-03  -3.3248893e-03
  -2.6989023e-01   1.1546003e-01   1.0262364e-01  -6.1934467e-03  -3.4825523e-03  -3.4185855e-03
  -2.4995871e-01   1.1344450e-01   1.0888883e-01  -7.4901891e-03  -3.3343257e-03  -3.1112832e-03
  -2.7139691e-01   8.8626168e-02   6.2843646e-02  -7.2111098e-03  -3.6635176e-03  -3.4997212e-03
  -2.3205604e-01   6.5073375e-02  -4.8396086e-02  -6.5166923e-03  -3.5634730e-03  -2.6452808e-03
  -2.9111242e-01   8.0186924e-02   1.6156188e-02  -5.9939564e-03  -3.5472597e-03  -3.8088448e-03
  -2.7680263e-01   5.8437402e-02  -4.2631574e-02  -6.1303679e-03  -4.0707816e-03  -3.7113711e-03
  -2.7822543e-01   8.4497587e-02  -2.7272800e-02  -5.9063300e-03  -3.9200880e-03  -3.8586535e-03
  -2.5799801e-01   3.7909946e-02  -5.4056365e-02  -5.0716077e-03  -3.6232375e-03  -3.7906231e-03
  -2.5465621e-01   1.8595876e-01  -5.0710310e-02  -3.7747154e-03  -4.1449330e-03  -3.3585198e-03
  -2.3853803e-01   1.0392711e-01  -6.1723572e-02  -3.0563070e-03  -4.0787458e-03  -3.3504670e-03
  -2.2453476e-01   1.0706514e-01  -5.9322916e-02  -3.9646723e-03  -4.1360732e-03  -2.9562483e-03
  -2.1876235e-01   1.0139875e-01  -9.4069428e-02  -3.5202893e-03  -3.7347474e-03  -2.9816755e-03
  -2.1342141e-01   8.3115419e-02  -4.0455847e-02  -3.2468622e-03  -3.9862782e-03  -3.1818510e-03
  -1.9953584e-01   4.5956861e-02  -1.0607308e-01  -2.7057203e-03  -3.6505935e-03  -3.0689357e-03
  -2.0872409e-01   1.2057811e-01  -4.3048737e-02  -5.6453159e-03  -2.6816885e-03  -2.5476853e-03
  -1.9738657e-01   1.1187168e-01  -2.6039160e-02  -2.5177549e-03  -3.2386265e-03  -2.5518063e-03
  -2.1550013e-01   7.6572007e-02  -1.4989096e-01   5.2058062e-04  -3.2320851e-03  -3.2274856e-03
  -1.9521609e-01   6.8590403e-02  -1.9873833e-01  -9.2077144e-04  -3.2572314e-03  -3.1816989e-03
  -2.1338013e-01   9.8842535e-02  -1.5392050e-02  -3.3424573e-04  -2.8865033e-03  -3.5380014e-03
  -2.0953713e-01   1.1940513e-01   7.2794484e-02  -1.6592811e-03  -2.4679353e-03  -3.9423926e-03
  -2.1562867e-01   8.8106399e-02  -9.2607644e-02  -3.6649247e-03  -3.0132159e-03  -3.7126445e-03
  -2.3434178e-01   7.6481990e-02  -7.9029746e-02  -3.7702346e-03  -2.5549034e-03  -3.7712103e-03
  -2.4581037e-01   5.8018994e-02  -1.4149077e-01  -4.0696000e-03  -2.3128089e-03  -3.8329319e-03
  -2.3946634e-01   2.8671905e-02  -9.8864030e-02  -4.1488812e-03  -2.1741341e-03  -3.9317992e-03
  -2.3067139e-01   1.0638073e-01  -2.6692106e-02  -4.3107182e-03  -2.4763438e-03  -3.5910820e-03
  -2.3561750e-01   5.9558564e-02  -1.0752652e-01  -3.6623058e-03  -2.5298340e-03  -3.6429559e-03
  -2.1253563e-01   8.6095961e-02  -1.5827692e-01  -2.6675149e-03  -2.7927330e-03  -3.2792817e-03
  -2.3182449e-01   7.6771843e-02  -8.2110949e-02  -3.7310409e-03  -2.2568891e-03  -3.6348440e-03
  -1.9906321e-01   6.0842127e-02  -1.1207112e-01  -4.5651865e-03  -2.7870141e-03  -2.9829589e-03
  -2.2891303e-01   5.0356128e-02  -1.0775063e-01  -2.8873448e-03  -1.9909937e-03  -3.6708493e-03
  -2.5231818e-01   6.6166339e-02  -1.4996729e-01  -2.1694164e-03  -1.7217464e-03  -4.0127068e-03
  -2.2199440e-01   7.2373067e-02  -1.3293707e-01  -3.3547410e-03  -2.1846376e-03  -3.3868410e-03
  -2.4419312e-01   6.9371705e-02  -1.1620565e-01  -3.3991624e-03  -2.3135236e-03  -3.7337805e-03
  -2.4126975e-01   6.7603544e-02  -2.3024202e-02  -1.2572911e-02  -1.5065010e-03  -2.8951139e-03
  -2.9221686e-01   1.0390331e-01   1.8565872e-01  -1.9338937e-02  -1.2075775e-03  -3.9944195e-03
  -2.7987762e-01   1.2591246e-01   1.6286259e-01  -1.7360695e-02  -1.6801977e-03  -3.8126405e-03
  -2.8434342e-01   8.4961019e-02   1.0676242e-01  -1.6967143e-02  -1.4717576e-03  -3.7588164e-03
  -2.7559614e-01   6.1892457e-02   1.8524582e-02  -1.1678164e-02  -1.3102397e-03  -3.5812042e-03
  -2.8466424e-01   1.0521967e-01   1.3897486e-02  -9.4345907e-03  -2.2358935e-03  -4.2508646e-03
  -2.6665388e-01   7.4627515e-02  -1.9227164e-02  -1.1796254e-02  -2.3448274e-03  -3.9517286e-03
  -2.6853010e-01   7.7176493e-02  -2.5455267e-02  -1.1002753e-02  -2.5709140e-03  -4.0384249e-03
  -2.5251847e-01   4.8165163e-02  -3.0179626e-02  -1.0954694e-02  -2.3280457e-03  -3.7391210e-03
  -2.3435143e-01   3.4505901e-02  -2.2332123e-02  -1.0880798e-02  -2.3440575e-03  -3.6808248e-03
  -2.3931911e-01   6.5553709e-02   2.1665897e-02  -1.1350581e-02  -2.5871183e-03  -3.6392322e-03
  -2.3411082e-01   3.8867361e-02  -5.8434483e-02  -1.0224304e-02  -2.6446774e-03  -3.6791608e-03
  -2.4376296e-01   5.8831129e-02  -1.5816120e-02  -1.0301879e-02  -2.4953080e-03  -3.6832506e-03
  -2.5324937e-01   6.1624112e-02  -5.4952846e-03  -7.4307842e-03  -1.8750478e-03  -3.6924533e-03
  -2.6003079e-01   9.3549746e-02   2.6340999e-02  -8.5864319e-03  -2.5982089e-03  -3.6270495e-03
  -2.6322018e-01   9.2797721e-02  -5.1583013e-03  -8.3664073e-03  -2.4870512e-03  -3.7806607e-03
  -2.5991140e-01   9.8183183e-02   2.6011197e-02  -8.6750636e-03  -2.6982251e-03  -3.7884583e-03
  -2.6950469e-01   9.2129346e-02   2.9300386e-02  -8.4816747e-03  -2.2698407e-03  -3.9302713e-03
  -2.7900374e-01   1.1451533e-01   6.9666308e-02  -9.0650857e-03  -2.4965907e-03  -4.2533180e-03
  -2.8477603e-01   1.2367688e-01   5.6930286e-02  -8.6914467e-03  -2.4164060e-03  -4.2449849e-03
  -2.8233952e-01   1.4028065e-01   5.3762722e-02  -9.0340064e-03  -2.5230434e-03  -4.5908522e-03
  -2.7393806e-01   1.0848898e-01   1.4825756e-02  -7.8758341e-03  -2.5613667e-03  -4.4658906e-03
  -2.9603174e-01   1.2213553e-01   5.3433834e-02  -8.5616435e-03  -2.3547204e-03  -4.8029187e-03
  -2.8179977e-01   1.1877888e-01   5.7042018e-02  -8.3581882e-03  -2.5578838e-03  -4.4509801e-03
  -2.6622396e-01   1.5676589e-01   9.1218580e-02  -7.5416882e-03  -2.5193296e-03  -4.3663267e-03
  -2.7752474e-01   1.4500690e-01   7.9335631e-02  -8.7795810e-03  -2.6151385e-03  -4.4518273e-03
  -2.6720299e-01   1.5083197e-01   7.1747906e-02  -8.8247887e-03  -2.7237056e-03  -4.4784643e-03
  -2.6535053e-01   1.5037002e-01   6.2353548e-02  -8.1292700e-03  -2.8097808e-03  -4.2374702e-03
  -2.8342616e-01   1.6415287e-01   1.2592469e-01  -9.6957929e-03  -2.6342901e-03  -4.8344721e-03
  -2.7834054e-01   1.3998394e-01   1.0744017e-01  -1.0937677e-02  -2.0088269e-03  -4.3295572e-03
  -2.5716752e-01   1.2343205e-01   2.8455071e-02  -9.2961481e-03  -2.8851148e-03  -3.7415445e-03
  -2.4436206e-01   1.3824741e-01   5.4994117e-02  -9.2607903e-03  -3.0980416e-03  -3.8244344e-03
  -2.5935523e-01   1.3173868e-01   1.6427156e-02  -8.7834285e-03  -2.9859233e-03  -3.8186357e-03
  -2.7194222e-01   1.5258740e-01   2.8407044e-02  -9.7367912e-03  -2.6539908e-03  -4.1128724e-03
  -2.7948970e-01   1.4697160e-01  -4.2615593e-03  -9.1525791e-03  -2.9142810e-03  -4.1783277e-03
  -2.7742427e-01   1.1264108e-01  -1.3794157e-03  -9.2426562e-03  -3.0775482e-03  -4.4258935e-03
  -2.7974258e-01   1.2175047e-01   3.5916727e-02  -9.6147784e-03  -2.9987321e-03  -4.3820035e-03
