   0.0000000e+00   0.0000000e+00   0.0000000e+00   0.0000000e+00   0.0000000e+00   0.0000000e+00
  -4.0553016e-03   1.8239401e-03   1.5760452e-02  -7.5919433e-04   1.7529885e-05  -4.7332020e-05
   1.0265069e-02   1.1611263e-02   1.5654918e-02  -8.3916690e-04  -1.4087301e-04   3.6983875e-04
   1.1141759e-02   1.5607800e-02   3.8849126e-02  -9.3504843e-04  -1.2074633e-04   4.4157191e-04
   4.4091838e-02   3.5244316e-02   5.6552437e-02  -1.5935671e-03   1.8784928e-04   1.1776779e-03
   2.6996759e-02   2.5749969e-02   1.0307150e-01  -2.2944837e-03  -6.6223754e-05   1.3489536e-03
   4.2868543e-02   2.8870085e-02   9.3360261e-02  -2.3765952e-03   1.8770731e-04   1.6006424e-03
   5.8620838e-02   5.6512604e-02   6.0905427e-02  -2.3891559e-03  -3.4644723e-04   1.8724120e-03
   5.4998578e-02   6.1757812e-02   1.0373997e-01  -2.5735330e-03  -8.2961400e-04   1.8997688e-03
   6.5873181e-02   7.6964229e-02   7.7337213e-02  -2.2369530e-03  -3.3487427e-04   1.9421809e-03
   6.4437799e-02   6.7986089e-02   7.4565480e-02  -2.1839575e-03  -4.9971269e-04   2.1637272e-03
   6.6291469e-02   7.9753722e-02   9.6618620e-02  -2.2266671e-03  -3.0053460e-04   2.1425758e-03
   5.8627877e-02   1.1260448e-01   9.3653725e-02  -2.3063291e-03   8.2527380e-06   1.9500157e-03
   6.8972143e-02   1.1853370e-01   1.2116523e-01  -2.5002792e-03  -4.0301018e-05   2.1952400e-03
   6.1494455e-02   1.1330113e-01   1.1151753e-01  -2.5674846e-03  -2.5698129e-04   1.8585752e-03
   7.2470636e-02   1.2033235e-01   1.3351300e-01  -2.5414364e-03  -1.3820718e-04   2.0528140e-03
   7.2483462e-02   1.2627736e-01   1.4563520e-01  -3.0067285e-03  -2.4402339e-04   2.0853837e-03
   5.9718138e-02   1.3087056e-01   1.3722814e-01  -2.5197484e-03  -2.5940143e-04   1.9900561e-03
   5.7408908e-02   1.2049085e-01   1.3223758e-01  -2.5416208e-03  -2.9874506e-04   1.8995473e-03
   5.9531522e-02   1.5991814e-01   1.2914321e-01  -2.9821498e-03  -6.3750680e-04   1.8854234e-03
   5.6936522e-02   1.3726172e-01   1.4785308e-01  -3.2654459e-03  -8.7407589e-04   1.9151998e-03
   6.3648243e-02   1.3747105e-01   1.1741560e-01  -2.8727021e-03  -9.1459990e-04   2.2573146e-03
   8.1078446e-02   1.3870699e-01   1.3306958e-01  -3.2693267e-03  -1.1052427e-03   2.5575672e-03
   6.5121582e-02   1.4394393e-01   1.6316805e-01  -3.8089905e-03  -9.2537539e-04   1.9581316e-03
   8.5188416e-02   1.3679762e-01   1.7341393e-01  -4.0788415e-03  -1.0073135e-03   2.3760235e-03
   7.5680317e-02   1.5505289e-01   1.7909179e-01  -4.1755777e-03  -1.0049224e-03   2.1984342e-03
   7.7745829e-02   1.5202772e-01   1.7534358e-01  -4.2777339e-03  -1.1118774e-03   2.3498433e-03
   1.0409629e-01   1.8550713e-01   2.1428455e-01  -5.0487681e-03  -1.1233899e-03   3.0072307e-03
   1.1088078e-01   2.0041229e-01   2.1657275e-01  -4.7560779e-03  -1.2105430e-03   3.1869200e-03
   1.0435841e-01   2.0299757e-01   2.1208932e-01  -4.6045738e-03  -1.4346635e-03   3.0586232e-03
   1.0058913e-01   1.8508966e-01   2.1416032e-01  -5.0619358e-03  -1.5149017e-03   2.9315141e-03
   1.0523575e-01   2.0859208e-01   1.9990941e-01  -5.1843564e-03  -1.7346999e-03   2.9399394e-03
   1.0565466e-01   2.0402492e-01   2.1376614e-01  -5.3228536e-03  -1.8414518e-03   2.9758460e-03
   1.1346032e-01   2.1639806e-01   2.0175534e-01  -5.0293011e-03  -1.9513631e-03   3.0482641e-03
   1.0519530e-01   2.1459881e-01   2.0652615e-01  -5.4850287e-03  -2.0436914e-03   3.0085974e-03
   1.1414050e-01   2.4488230e-01   2.0516804e-01  -5.6768503e-03  -1.9687696e-03   3.2503504e-03
   1.2839684e-01   2.4854058e-01   1.7495629e-01  -4.9595632e-03  -1.8048250e-03   3.4713082e-03
   1.1254586e-01   2.3107504e-01   2.3764444e-01  -6.2432151e-03  -1.5991702e-03   3.0779392e-03
   1.2333258e-01   2.3558011e-01   2.2703899e-01  -6.2058408e-03  -1.6463723e-03   3.2991675e-03
   1.5049909e-01   2.4911436e-01   2.2541990e-01  -6.2143973e-03  -1.7850846e-03   3.7173976e-03
   1.3673537e-01   2.7060763e-01   2.0940479e-01  -6.0161770e-03  -1.9138570e-03   3.7122673e-03
   1.4822914e-01   2.6464553e-01   2.0847605e-01  -5.2820194e-03  -2.1946829e-03   4.0012917e-03
   1.2298397e-01   2.7530647e-01   2.4826689e-01  -5.2285853e-03  -1.7363367e-03   3.3111511e-03
   1.2279402e-01   2.7657507e-01   2.5103250e-01  -5.0560242e-03  -2.2129156e-03   3.1841615e-03
   1.1888531e-01   2.7994153e-01   2.5248925e-01  -5.2682513e-03  -2.3939743e-03   3.1615753e-03
   1.1879917e-01   2.7444168e-01   2.4203557e-01  -5.1635102e-03  -2.4791353e-03   2.9999911e-03
   1.1831287e-01   2.6400580e-01   2.4049769e-01  -5.0875259e-03  -2.4393130e-03   3.0855324e-03
   1.2727761e-01   2.7939842e-01   2.3526369e-01  -5.1177367e-03  -2.5931083e-03   3.3839562e-03
   1.2571865e-01   2.8623010e-01   2.5840700e-01  -5.4890048e-03  -2.4869528e-03   3.4006372e-03
   1.3161981e-01   3.0021827e-01   2.3157715e-01  -5.2881656e-03  -2.3839188e-03   3.5141570e-03
   1.3189329e-01   3.0817830e-01   2.4412933e-01  -4.9693788e-03  -2.3314801e-03   3.5744012e-03
   1.2720478e-01   3.0224800e-01   2.8402101e-01  -5.7503585e-03  -2.1085975e-03   3.2905365e-03
   1.2064310e-01   2.9758330e-01   2.6488796e-01  -5.3053133e-03  -2.1781117e-03   3.2725295e-03
   1.2771991e-01   3.1254371e-01   2.8936729e-01  -5.8257779e-03  -2.0904672e-03   3.2919652e-03
   1.2265966e-01   3.1630755e-01   2.9778422e-01  -6.0141386e-03  -2.1619374e-03   3.2864018e-03
   1.2582932e-01   3.1404446e-01   3.3028846e-01  -6.5004379e-03  -2.2306312e-03   3.1686256e-03
   1.1472251e-01   3.3073077e-01   3.0630124e-01  -5.6586082e-03  -1.9758890e-03   3.2741602e-03
   1.3350020e-01   3.1933207e-01   3.0207354e-01  -5.6040166e-03  -1.8862536e-03   3.5995830e-03
   1.2715223e-01   3.1677599e-01   3.4728525e-01  -6.5877813e-03  -2.0186444e-03   3.3960361e-03
   1.1010019e-01   3.0819226e-01   2.9845520e-01  -6.2783127e-03  -2.1228925e-03   2.9282970e-03
   1.2947990e-01   3.2127227e-01   2.9331583e-01  -6.4681899e-03  -2.2606072e-03   3.4153994e-03
   1.1996059e-01   3.3839725e-01   2.9556966e-01  -6.2873505e-03  -2.6233292e-03   3.2348625e-03
   1.3626025e-01   3.1404675e-01   3.0563056e-01  -6.5097192e-03  -2.4947697e-03   3.4902582e-03
   1.1110957e-01   3.0135379e-01   3.3179229e-01  -7.0778502e-03  -2.7481710e-03   2.9072492e-03
   9.9931554e-02   3.1302305e-01   2.9184974e-01  -6.6482980e-03  -2.6976064e-03   2.7683308e-03
   1.2633195e-01   3.2594854e-01   3.0046163e-01  -6.7210208e-03  -2.8003038e-03   3.3052088e-03
   1.2057306e-01   3.3548605e-01   2.8476173e-01  -6.3226557e-03  -2.8230179e-03   3.1864909e-03
   1.4210269e-01   3.2549325e-01   2.9905060e-01  -6.7571800e-03  -2.6999677e-03   3.5824454e-03
   1.2478252e-01   3.3422661e-01   3.3563223e-01  -6.7598193e-03  -2.6217797e-03   2.9255674e-03
   1.2897314e-01   3.3517410e-01   3.3686417e-01  -6.6664714e-03  -2.5506360e-03   3.0923868e-03
   1.2940785e-01   3.3418566e-01   3.9446459e-01  -7.3369473e-03  -2.8485915e-03   3.1380349e-03
   1.4033031e-01   3.4671776e-01   3.6543785e-01  -7.1776390e-03  -3.0379768e-03   3.4504337e-03
   1.2911045e-01   3.5947774e-01   3.6747402e-01  -7.2313828e-03  -3.0193276e-03   3.3444516e-03
   1.3422096e-01   3.5117001e-01   3.6901136e-01  -7.4225204e-03  -3.2355996e-03   3.2218667e-03
   1.2076652e-01   3.6501409e-01   3.5457349e-01  -7.6943756e-03  -2.8588248e-03   3.0518198e-03
   1.4784473e-01   3.7197605e-01   3.8031918e-01  -7.8093414e-03  -2.6213368e-03   3.5845572e-03
   1.3720415e-01   3.7942639e-01   3.6321480e-01  -7.5717580e-03  -2.6127227e-03   3.6762429e-03
   1.6307471e-01   3.6888978e-01   3.9867131e-01  -7.4826591e-03  -2.6664200e-03   4.0304981e-03
   1.4613192e-01   3.7781003e-01   3.6837214e-01  -7.1066463e-03  -2.9447039e-03   3.8606007e-03
   1.5601868e-01   3.5773159e-01   3.9107900e-01  -7.4312085e-03  -2.9588289e-03   3.9992581e-03
   1.4796632e-01   3.9272101e-01   3.4882786e-01  -6.7319497e-03  -2.8009008e-03   3.7506136e-03
   1.3686375e-01   3.1948524e-01   2.9245191e-01  -5.4217039e-03  -2.8490437e-03   4.5897974e-03
   1.4562384e-01   3.6585935e-01   3.1286903e-01  -6.6986871e-03  -3.6539530e-03   4.6207968e-03
   1.8280289e-01   3.6605097e-01   3.4280713e-01  -6.4289912e-03  -3.7151991e-03   4.9578081e-03
   1.5623469e-01   4.0086317e-01   2.8794140e-01  -6.5458832e-03  -4.1756412e-03   4.6812051e-03
   1.4825002e-01   3.5784539e-01   2.9703426e-01  -5.9600544e-03  -3.8140474e-03   5.0836438e-03
   1.3679744e-01   3.5558446e-01   2.9015921e-01  -5.9517233e-03  -3.6501073e-03   4.9984057e-03
   1.7512326e-01   3.6480271e-01   3.2541038e-01  -5.2523998e-03  -3.2376876e-03   5.1166301e-03
   2.9073693e-01   3.7491760e-01   2.9400453e-01  -4.7705843e-03  -5.9181106e-03   7.1129693e-03
   2.7692918e-01   3.7584220e-01   2.7564791e-01  -5.0553328e-03  -6.0555365e-03   7.0066206e-03
   2.5730335e-01   3.8022126e-01   3.0572112e-01  -6.0189079e-03  -6.0063450e-03   6.8596645e-03
   2.5289919e-01   3.9023237e-01   2.8263301e-01  -5.0276968e-03  -5.6457836e-03   6.8341429e-03
   2.9558258e-01   4.0260319e-01   3.2890990e-01  -6.3827814e-03  -6.2129800e-03   7.2822661e-03
   2.9379005e-01   3.8010155e-01   3.1176427e-01  -6.3807580e-03  -6.2372616e-03   7.1139989e-03
   2.9751940e-01   3.9197524e-01   3.3506060e-01  -6.5092438e-03  -6.3821626e-03   7.2315718e-03
   2.7895807e-01   4.1999055e-01   2.7185505e-01  -6.0815710e-03  -6.5026791e-03   6.8971208e-03
   2.8160211e-01   4.3019511e-01   3.0775019e-01  -6.2279910e-03  -6.6292274e-03   6.8941499e-03
   2.7032635e-01   4.0714489e-01   3.0424170e-01  -6.0625191e-03  -6.4217766e-03   6.6950703e-03
   2.4855249e-01   4.2133681e-01   3.1994160e-01  -5.9358105e-03  -6.7140103e-03   6.3825636e-03
   2.5295876e-01   4.1509460e-01   3.2009266e-01  -6.2843953e-03  -6.3993003e-03   6.5116987e-03
   2.5004144e-01   4.3491058e-01   3.2805910e-01  -6.5929111e-03  -6.5365570e-03   6.4261375e-03
   2.5599147e-01   4.2966495e-01   3.2909463e-01  -6.6356317e-03  -6.4505956e-03   6.5720484e-03
   2.7282508e-01   4.2873165e-01   3.4348788e-01  -6.1377081e-03  -6.6330833e-03   6.8325433e-03
   2.4252061e-01   4.0714458e-01   3.1441237e-01  -6.3731562e-03  -6.3676332e-03   6.0921987e-03
   2.4871348e-01   4.2454424e-01   3.9258461e-01  -7.5757864e-03  -6.6591297e-03   6.3646051e-03
   2.6786294e-01   4.3602030e-01   3.3109244e-01  -6.5332355e-03  -6.6529252e-03   6.9065851e-03
   2.4566965e-01   5.3455505e-01   5.1832652e-01  -7.5000271e-03  -6.9470228e-03   6.9849594e-03
   2.6927098e-01   4.8967628e-01   5.8086966e-01  -7.8180101e-03  -7.1953930e-03   7.5495965e-03
   2.3378436e-01   4.9695746e-01   5.0383055e-01  -7.6164165e-03  -7.1159768e-03   6.6018783e-03
   2.4325569e-01   4.7873106e-01   4.7579730e-01  -7.2473839e-03  -7.2179384e-03   6.7054762e-03
   2.8011995e-01   4.6993783e-01   4.7481118e-01  -7.0914823e-03  -7.2212431e-03   7.4680724e-03
   2.6575517e-01   4.4462600e-01   5.2628385e-01  -7.9219854e-03  -6.9758166e-03   7.1460329e-03
   2.7650820e-01   4.6055742e-01   5.1329440e-01  -8.0128252e-03  -7.1830230e-03   7.1848856e-03
   2.6816686e-01   4.9005904e-01   5.1549727e-01  -7.4047979e-03  -7.1558705e-03   7.3360068e-03
   2.9502186e-01   5.0246607e-01   4.7581584e-01  -6.7039375e-03  -7.3777353e-03   7.8017330e-03
   2.5196783e-01   4.9100889e-01   4.7747723e-01  -7.5098998e-03  -7.0315567e-03   6.8687762e-03
   2.5603662e-01   4.7104313e-01   4.8788432e-01  -7.8914039e-03  -6.9829783e-03   6.7460520e-03
   2.8652856e-01   5.0704533e-01   4.6989899e-01  -7.5009648e-03  -6.9515850e-03   7.4351688e-03
   2.8802877e-01   4.5936806e-01   4.3257010e-01  -5.7782346e-03  -7.0727926e-03   7.4466277e-03
   2.7965643e-01   4.7149128e-01   4.1855934e-01  -5.6118063e-03  -7.5977841e-03   7.5751259e-03
   2.7219406e-01   4.7092289e-01   4.1055559e-01  -5.4558863e-03  -7.3057425e-03   7.4327901e-03
   2.8280419e-01   4.7868534e-01   4.3917442e-01  -6.0252151e-03  -7.5118551e-03   7.7535781e-03
   2.7654813e-01   4.8255520e-01   4.8180833e-01  -6.1908689e-03  -7.3714822e-03   7.5654415e-03
   2.7879278e-01   5.1032806e-01   5.5820077e-01  -6.9178750e-03  -7.4773259e-03   7.7329041e-03
   2.5179554e-01   5.3480859e-01   4.6336526e-01  -6.1137509e-03  -6.9791560e-03   7.1423797e-03
   2.7166181e-01   5.3901312e-01   4.6975032e-01  -5.5773830e-03  -6.7762417e-03   7.2408842e-03
   2.6409346e-01   5.6601451e-01   4.2403291e-01  -5.2681472e-03  -6.8425409e-03   6.8925592e-03
   3.0268277e-01   5.2945122e-01   4.9137782e-01  -5.6015899e-03  -6.6431324e-03   7.8809984e-03
   2.8661510e-01   5.3748982e-01   5.0413482e-01  -6.3311538e-03  -6.1298989e-03   7.6228933e-03
   2.9726654e-01   5.4323345e-01   4.9509197e-01  -5.9761163e-03  -6.4568114e-03   8.0307020e-03
   2.6779624e-01   5.3371996e-01   4.7918793e-01  -5.9083563e-03  -6.2257792e-03   7.3856103e-03
   2.8360888e-01   5.0475636e-01   4.7804747e-01  -5.6860636e-03  -6.3329302e-03   7.5210949e-03
   3.1533627e-01   5.2490191e-01   4.8796526e-01  -6.2745883e-03  -6.5578237e-03   8.2549225e-03
   3.0931813e-01   5.1796134e-01   4.9874863e-01  -6.1799305e-03  -6.6943512e-03   8.4080793e-03
   3.3208095e-01   5.1326910e-01   4.7822588e-01  -5.9126371e-03  -6.8009010e-03   9.0770986e-03
   3.0502199e-01   5.1877564e-01   4.8076139e-01  -6.3108902e-03  -6.6579637e-03   8.3951476e-03
   3.3306744e-01   5.2861514e-01   4.7847598e-01  -6.3852037e-03  -6.9807224e-03   9.1234328e-03
   3.0923574e-01   5.2443875e-01   4.8125553e-01  -6.2960724e-03  -6.5711630e-03   8.6648977e-03
   3.1869858e-01   5.1537844e-01   4.7024703e-01  -5.7042570e-03  -6.8135209e-03   8.9225963e-03
   3.1109344e-01   5.3790208e-01   4.7317314e-01  -5.7777654e-03  -7.4546261e-03   9.2568644e-03
   2.6512588e-01   5.3801005e-01   4.5362867e-01  -5.8505739e-03  -6.8802563e-03   8.1864136e-03
   2.6237800e-01   5.2933269e-01   4.2428904e-01  -5.5826729e-03  -6.7429193e-03   8.1978455e-03
   2.9552719e-01   5.2393544e-01   4.8721621e-01  -5.8889694e-03  -6.5668990e-03   8.7290631e-03
   2.4434131e-01   5.2629865e-01   4.4419100e-01  -4.9529931e-03  -6.3564282e-03   8.9021478e-03
   2.3149514e-01   5.1286334e-01   3.9612920e-01  -3.8759908e-03  -5.9958064e-03   8.8645302e-03
   2.4156264e-01   5.2081027e-01   4.4304180e-01  -4.0124211e-03  -5.9216402e-03   8.9504390e-03
   2.5266703e-01   4.9567592e-01   4.5410810e-01  -4.2272790e-03  -5.6349351e-03   9.1900400e-03
   2.4731278e-01   4.9346338e-01   4.2477785e-01  -3.8903265e-03  -5.5874595e-03   9.0716302e-03
   2.4556448e-01   4.9502187e-01   4.2760474e-01  -3.7474450e-03  -5.7624229e-03   9.0465095e-03
   2.4787161e-01   5.1076096e-01   4.2975610e-01  -3.7956852e-03  -5.9418536e-03   9.0112700e-03
   2.4824195e-01   5.0345045e-01   4.2038069e-01  -3.8210059e-03  -5.6871652e-03   9.0636918e-03
   2.4785771e-01   4.9143356e-01   3.9358014e-01  -3.5631791e-03  -5.7222983e-03   8.9949942e-03
   2.6994984e-01   5.0981932e-01   3.9144702e-01  -4.0652584e-03  -5.9645915e-03   9.4836552e-03
   2.6286031e-01   5.2388758e-01   3.9208384e-01  -4.0478355e-03  -5.6514310e-03   9.4837267e-03
   2.6181784e-01   5.5698998e-01   4.2873955e-01  -4.0375387e-03  -5.9243653e-03   9.4612293e-03
   2.6081441e-01   5.5416602e-01   4.4864502e-01  -4.2133631e-03  -6.0310963e-03   9.2851694e-03
   2.6652199e-01   5.2262784e-01   4.3073359e-01  -3.9620121e-03  -5.8460043e-03   9.1516654e-03
   2.7952780e-01   5.4458115e-01   4.3397129e-01  -3.8676153e-03  -5.9217823e-03   9.3765312e-03
   2.3199590e-01   5.7359133e-01   4.4160271e-01  -4.1603973e-03  -6.4033468e-03   8.5101927e-03
   2.3733065e-01   5.8502351e-01   4.4160701e-01  -4.1357768e-03  -5.8184125e-03   8.6172032e-03
   2.4870189e-01   6.1086247e-01   4.3605365e-01  -4.0044996e-03  -5.9052988e-03   8.8369242e-03
   2.4593339e-01   5.7348482e-01   4.5097197e-01  -3.8650264e-03  -5.8824273e-03   8.7794230e-03
   2.6364722e-01   5.7961850e-01   4.3555257e-01  -3.7465082e-03  -5.8352261e-03   9.1534378e-03
   2.5020883e-01   6.0219617e-01   4.4797752e-01  -3.4820313e-03  -5.6714795e-03   9.0728871e-03
   2.5105729e-01   5.7724606e-01   4.2629471e-01  -2.3871737e-03  -5.6940514e-03   9.2062633e-03
   2.6033157e-01   6.0564799e-01   4.2514426e-01  -2.7883606e-03  -5.3367472e-03   9.2806710e-03
   2.7253673e-01   5.8725050e-01   4.2753136e-01  -2.3689193e-03  -5.2215645e-03   9.3602755e-03
   2.5459536e-01   5.7792531e-01   4.3845216e-01  -2.9954727e-03  -5.0804691e-03   9.1497943e-03
   2.5428672e-01   5.9266459e-01   3.8789867e-01  -2.6573052e-03  -5.1042461e-03   9.2099715e-03
   2.2757758e-01   5.6813769e-01   4.1665405e-01  -3.5795961e-03  -4.9108195e-03   8.4904430e-03
   2.0482515e-01   5.7609122e-01   4.3788786e-01  -3.4927776e-03  -4.8280462e-03   8.0791668e-03
   2.3177345e-01   5.8303933e-01   4.0940637e-01  -2.9207512e-03  -4.7278755e-03   8.6320243e-03
   2.5713031e-01   6.1562425e-01   4.1064337e-01  -3.1708840e-03  -5.0046993e-03   9.3597725e-03
   2.3509910e-01   5.9978766e-01   3.8788011e-01  -2.8362133e-03  -5.1673856e-03   8.7518199e-03
   2.5260057e-01   5.8398629e-01   4.0007033e-01  -2.8904722e-03  -4.9394130e-03   9.1133783e-03
   2.3828507e-01   5.7949766e-01   4.2709195e-01  -3.6901396e-03  -4.8759813e-03   8.8322137e-03
   2.5085626e-01   5.8292255e-01   4.3573446e-01  -3.9276238e-03  -4.8869183e-03   9.1610500e-03
   2.3920958e-01   5.9659449e-01   3.8277929e-01  -2.8767845e-03  -4.8923099e-03   8.9357291e-03
   2.2551473e-01   5.8357098e-01   4.2866988e-01  -3.2993133e-03  -4.5458344e-03   8.5504428e-03
