   0.0000000e+00  -1.1657143e-14   0.0000000e+00   6.1629758e-33   2.6727647e-51   3.6129782e-19
  -3.6164294e-02   9.5575909e-03   2.1254876e-02  -4.0461279e-04  -2.7088204e-04  -5.8566254e-04
  -1.6937349e-02   8.6211824e-02  -2.1890777e-02   6.6125014e-04  -5.3959177e-04  -4.5829771e-04
  -2.2308875e-02   6.9965707e-02  -6.3073192e-03   6.7938637e-04  -3.6948490e-04  -3.9049371e-04
  -1.3740026e-02   5.0893443e-02   4.9567749e-02   1.0717002e-05  -3.0075521e-04  -2.0914132e-04
   2.1396314e-03   5.9181052e-02  -7.5612245e-03   7.9371066e-04  -4.6838251e-04  -1.0058572e-04
  -7.4983990e-03   8.8669240e-02  -5.5374164e-03   3.7106478e-04  -2.1970472e-04  -3.0880277e-04
  -9.3078573e-03   7.3032861e-02   3.3131243e-02   5.8801570e-04  -4.1468285e-04  -3.1303577e-04
  -2.3411050e-02   8.0224708e-02   5.2502037e-02   6.3253775e-04  -4.4212926e-04  -3.6622050e-04
  -3.0756329e-02   8.1768842e-02   8.3202658e-02   1.9961804e-04  -2.6210683e-04  -4.8028162e-04
  -2.5751084e-02   9.3290791e-02   5.4751864e-02   7.4072922e-04  -4.7965028e-04  -3.6637091e-04
  -4.1174559e-02   1.1286353e-01   2.7637927e-02   9.9715649e-04  -5.7977814e-04  -6.8720671e-04
  -4.3361892e-02   1.0211077e-01   3.0625549e-02   1.1371569e-03  -7.5971483e-04  -8.1900962e-04
  -3.8559558e-02   9.2321498e-02   7.8541675e-02   1.1135803e-03  -6.1113255e-04  -7.3861884e-04
  -3.7864654e-02   1.1847739e-01   1.0185185e-01   9.8995515e-04  -7.9958103e-04  -8.1056939e-04
  -4.2981745e-02   9.5355730e-02   1.2575530e-01   8.9743522e-04  -5.3061680e-04  -8.1283537e-04
  -2.7527682e-02   1.3343523e-01   7.0517923e-02   1.2941587e-03  -7.3687893e-04  -7.3016395e-04
  -4.2744828e-02   1.5025729e-01   6.4070954e-02   1.4587222e-03  -8.4721582e-04  -8.6798863e-04
  -2.8855831e-02   1.2517745e-01   7.9621668e-02   1.3290652e-03  -8.3386989e-04  -7.5949267e-04
  -3.8353282e-02   1.3187426e-01   7.6241690e-02   1.3890489e-03  -7.2083914e-04  -9.2398247e-04
  -3.6684665e-02   1.3024538e-01   1.0581096e-01   1.3437345e-03  -6.6690978e-04  -9.1485090e-04
  -3.6062182e-02   1.2573189e-01   1.3694045e-01   1.2826806e-03  -6.5207634e-04  -8.3916058e-04
  -3.0096562e-02   1.2870820e-01   1.3595210e-01   1.0006997e-03  -6.9639181e-04  -8.2908763e-04
  -4.1486437e-02   1.5455898e-01   1.0775028e-01   1.5692492e-03  -7.1530820e-04  -9.3892535e-04
  -5.1501769e-02   1.7027650e-01   7.5019747e-02   1.8662603e-03  -7.1740155e-04  -1.0702604e-03
  -4.9521896e-02   1.5848160e-01   7.1974654e-02   1.8197725e-03  -8.7185029e-04  -1.0230868e-03
  -4.4025790e-02   1.6666060e-01   7.4724714e-02   1.5934845e-03  -8.2034961e-04  -9.4043389e-04
  -6.1658077e-02   1.7236137e-01   8.5061847e-02   1.8652381e-03  -9.7897923e-04  -1.2652708e-03
  -6.4365614e-02   1.4824039e-01   1.2325688e-01   1.6047312e-03  -8.4476299e-04  -1.1664858e-03
  -4.9689175e-02   1.6478163e-01   1.0660875e-01   1.4737273e-03  -9.3113193e-04  -1.1072437e-03
  -6.1464035e-02   1.7524730e-01   1.2358206e-01   1.5759942e-03  -9.3477926e-04  -1.3822687e-03
  -5.5184620e-02   1.6202562e-01   1.1575693e-01   1.5460154e-03  -9.0321550e-04  -1.1762952e-03
  -5.2913518e-02   1.8348178e-01   9.7611701e-02   1.7065879e-03  -8.9552849e-04  -1.3374861e-03
  -5.0813882e-02   1.8406744e-01   9.4665883e-02   1.9355134e-03  -9.2513912e-04  -1.2473735e-03
  -6.4862188e-02   1.8679952e-01   8.0086130e-02   2.1898147e-03  -9.0642349e-04  -1.4534837e-03
  -6.9409732e-02   1.9158909e-01   9.0331288e-02   1.7929488e-03  -9.3111347e-04  -1.3951412e-03
  -7.0335255e-02   2.0491373e-01   6.2057693e-02   2.0748960e-03  -1.1532784e-03  -1.4540780e-03
  -7.2715911e-02   2.1841107e-01   4.9158341e-02   2.3744671e-03  -1.0147482e-03  -1.5032149e-03
  -7.5543627e-02   1.9022499e-01   1.0666755e-01   1.9804843e-03  -9.7448014e-04  -1.5983692e-03
  -7.6984350e-02   1.8262776e-01   1.0551552e-01   2.0913864e-03  -8.1388131e-04  -1.4849899e-03
  -7.9736522e-02   1.8786004e-01   1.1377038e-01   1.8948316e-03  -8.9709619e-04  -1.6338031e-03
  -7.4311590e-02   2.0241461e-01   1.0665932e-01   2.0146946e-03  -8.5836720e-04  -1.3672585e-03
  -7.3476910e-02   2.1326057e-01   1.0572971e-01   2.2388663e-03  -9.8181536e-04  -1.4134636e-03
  -8.0869462e-02   2.3214398e-01   8.9865896e-02   2.0742283e-03  -8.2395481e-04  -1.7448235e-03
  -7.8966352e-02   2.2231171e-01   9.6404184e-02   2.2154415e-03  -9.6331480e-04  -1.5739264e-03
  -8.3111670e-02   2.3387411e-01   6.5222261e-02   2.6960625e-03  -1.0364777e-03  -1.7110936e-03
  -7.7927799e-02   2.2585205e-01   9.6073578e-02   2.0173481e-03  -1.0784548e-03  -1.7164338e-03
  -7.3068038e-02   2.3550107e-01   4.7614499e-02   3.3121451e-03  -9.6514931e-04  -1.6649279e-03
  -8.0325623e-02   2.2700030e-01   6.4258528e-02   3.4434293e-03  -1.0569092e-03  -1.6327419e-03
  -8.5345459e-02   2.1923139e-01   1.0797554e-01   2.1833449e-03  -1.3454779e-03  -1.6919490e-03
  -7.9456514e-02   2.3158207e-01   7.9617877e-02   3.0957044e-03  -1.4359773e-03  -1.6265903e-03
  -9.6262560e-02   2.2692170e-01   1.1963727e-01   2.5420345e-03  -1.1596539e-03  -1.9781878e-03
  -8.8461587e-02   2.2806803e-01   1.2071940e-01   2.5979128e-03  -1.1904225e-03  -1.7841500e-03
  -1.0658821e-01   2.4177646e-01   1.3035726e-01   2.7923721e-03  -1.1251972e-03  -2.0887967e-03
  -1.0450451e-01   2.3341545e-01   1.2856356e-01   2.9016627e-03  -1.2829859e-03  -2.1113459e-03
  -9.9557135e-02   2.3418602e-01   1.5410377e-01   2.2492103e-03  -1.0491283e-03  -2.1584925e-03
  -1.0851847e-01   2.4079532e-01   1.4871884e-01   2.9811555e-03  -1.0455854e-03  -2.2892243e-03
  -1.0622373e-01   2.2588540e-01   1.6735568e-01   2.6618137e-03  -1.1223681e-03  -2.1426954e-03
  -1.0717644e-01   2.3603518e-01   9.1260973e-02   3.2795396e-03  -1.2887532e-03  -2.2140964e-03
  -1.1153538e-01   2.8056955e-01   6.3736782e-02   2.9282991e-03  -1.0829503e-03  -2.3641205e-03
  -1.2509366e-01   2.6434510e-01   1.0126375e-01   3.7031946e-03  -1.0891266e-03  -2.3850125e-03
  -1.2676337e-01   2.3583835e-01   1.6096160e-01   3.0808151e-03  -1.2260544e-03  -2.3966816e-03
  -1.2580987e-01   3.0990361e-01   1.7971882e-01   2.6149393e-03  -1.1125093e-03  -2.2622267e-03
  -1.4561712e-01   2.5504449e-01   1.6876132e-01   3.8404544e-03  -1.0863852e-03  -2.8292824e-03
  -1.5410969e-01   2.4339360e-01   2.3275698e-01   3.2692657e-03  -1.0167623e-03  -2.8559373e-03
  -1.6251931e-01   2.3217390e-01   2.3963301e-01   3.5627317e-03  -9.9726743e-04  -3.0615812e-03
  -1.5024849e-01   2.9825200e-01   2.6377395e-01   3.1306480e-03  -8.7294744e-04  -2.5783485e-03
  -1.6153640e-01   2.7126495e-01   2.7567152e-01   3.8548975e-03  -8.2358818e-04  -3.1272240e-03
  -1.6483900e-01   2.5185405e-01   3.3290054e-01   3.7741835e-03  -6.7307153e-04  -3.3615456e-03
  -1.5996932e-01   2.6225431e-01   3.1647757e-01   3.6696501e-03  -8.0952891e-04  -3.2000299e-03
  -1.6348194e-01   2.8467439e-01   3.1691160e-01   4.0897966e-03  -5.1183502e-04  -3.4606307e-03
  -1.5622456e-01   2.6342895e-01   3.4780304e-01   3.5913025e-03  -6.1892562e-04  -3.3735506e-03
  -1.6354967e-01   2.8123640e-01   2.9923725e-01   4.6164887e-03  -6.3963867e-04  -3.3122252e-03
  -1.5469399e-01   3.0599967e-01   2.6980961e-01   4.5365927e-03  -7.1018953e-04  -3.1874870e-03
  -1.6421516e-01   3.0310304e-01   3.0482870e-01   3.9622852e-03  -6.2286764e-04  -3.6265092e-03
  -1.6369151e-01   2.9942874e-01   3.0611310e-01   4.2324043e-03  -7.7323172e-04  -3.4568020e-03
  -1.6680317e-01   2.8620781e-01   3.5961125e-01   3.5442189e-03  -7.4984997e-04  -3.4210157e-03
  -1.5633628e-01   2.9429336e-01   3.3757246e-01   3.6808946e-03  -8.6979250e-04  -3.2175505e-03
  -1.6886398e-01   3.2011139e-01   3.3382727e-01   3.9151273e-03  -6.5887822e-04  -3.6211223e-03
  -1.7392231e-01   3.1127522e-01   3.2672511e-01   4.0828621e-03  -6.7243671e-04  -3.7682950e-03
  -1.7313812e-01   3.0482800e-01   3.1928410e-01   3.9995040e-03  -8.0260411e-04  -3.7931412e-03
  -1.8204981e-01   3.1651965e-01   3.3207224e-01   3.9606538e-03  -6.9759464e-04  -3.8097587e-03
  -1.7463187e-01   3.1697071e-01   3.5112396e-01   4.0494344e-03  -7.7996609e-04  -3.6281667e-03
  -1.8396541e-01   3.2428122e-01   3.7008317e-01   3.9136771e-03  -7.8581892e-04  -3.8019327e-03
  -1.9211150e-01   3.0953169e-01   3.6140900e-01   4.0482678e-03  -7.1037775e-04  -3.9612933e-03
  -1.8836709e-01   3.3041082e-01   3.8367211e-01   3.8594015e-03  -5.6694104e-04  -3.7798685e-03
  -1.9642467e-01   3.1446548e-01   3.9262302e-01   3.9585367e-03  -5.1594168e-04  -4.0335561e-03
  -1.8996070e-01   3.2701813e-01   3.8082132e-01   3.8398897e-03  -5.2283141e-04  -4.0300584e-03
  -1.9414475e-01   3.4630341e-01   3.6503449e-01   4.1613507e-03  -5.8638087e-04  -4.1871917e-03
  -2.0736072e-01   2.9172933e-01   3.9176065e-01   3.7875585e-03  -4.6622663e-04  -4.3822793e-03
  -2.5041381e-01   3.1742536e-01   3.0875748e-01   3.9886947e-03  -1.1484190e-03  -5.1574764e-03
  -2.5742172e-01   3.6363655e-01   2.9394596e-01   4.5329708e-03  -1.7560227e-03  -5.5311344e-03
  -2.6169717e-01   3.2080890e-01   3.6834235e-01   3.9505816e-03  -1.5166559e-03  -5.5796560e-03
  -2.7458679e-01   3.0381201e-01   3.7490727e-01   3.8121722e-03  -1.6435476e-03  -5.7619552e-03
  -2.6391300e-01   3.2801793e-01   3.5967344e-01   4.0997701e-03  -1.6026184e-03  -5.7317717e-03
  -2.6404933e-01   3.4519639e-01   3.6582649e-01   4.2571510e-03  -1.6849643e-03  -5.7467708e-03
  -2.7473610e-01   3.1893703e-01   3.8651953e-01   3.9668393e-03  -1.5182696e-03  -5.9691375e-03
  -2.6865568e-01   3.4432041e-01   3.7153436e-01   3.9853909e-03  -1.7547565e-03  -5.9465702e-03
  -2.7121510e-01   3.4973380e-01   3.9847427e-01   3.9446800e-03  -1.6441512e-03  -5.8838560e-03
  -2.7896004e-01   3.2035237e-01   4.3228157e-01   3.8425930e-03  -1.5638045e-03  -6.0384849e-03
  -2.6920959e-01   3.4690842e-01   4.1948797e-01   3.6667518e-03  -1.5441286e-03  -5.9390433e-03
  -2.8373303e-01   3.5199674e-01   4.2399311e-01   4.1196186e-03  -1.7806596e-03  -6.1400595e-03
  -2.8353046e-01   3.5905010e-01   4.0316093e-01   3.9443142e-03  -1.5976202e-03  -6.1258321e-03
  -2.7900132e-01   3.6501664e-01   3.9019646e-01   4.1927693e-03  -1.7861818e-03  -6.1520933e-03
  -2.7971192e-01   3.6211794e-01   4.1888593e-01   3.8959405e-03  -1.5696943e-03  -6.3400266e-03
  -2.9373375e-01   3.7062235e-01   4.0418935e-01   3.7688916e-03  -1.7444392e-03  -6.4464649e-03
  -2.8977137e-01   3.6807826e-01   4.1661463e-01   3.6858674e-03  -1.6172448e-03  -6.3021362e-03
  -2.9925703e-01   3.5234615e-01   4.5792556e-01   3.7677667e-03  -1.6804742e-03  -6.3991748e-03
  -2.9625376e-01   3.3844320e-01   4.8057066e-01   3.6061670e-03  -1.6888637e-03  -6.3159112e-03
  -2.8595305e-01   3.6125751e-01   4.5925258e-01   3.7125310e-03  -1.7575808e-03  -6.2537347e-03
  -2.7185728e-01   4.6875410e-01   4.9757874e-01   3.2517095e-03  -1.0347229e-03  -5.5139116e-03
  -3.3064717e-01   3.9749825e-01   4.9183111e-01   4.4057041e-03  -1.6424736e-03  -6.8798483e-03
  -3.4234152e-01   3.7279640e-01   5.5294703e-01   4.8550357e-03  -1.7248219e-03  -7.5013416e-03
  -3.3028448e-01   3.5199174e-01   5.7845471e-01   4.7555851e-03  -1.4988069e-03  -7.2822385e-03
  -3.3489545e-01   3.2505140e-01   6.1351477e-01   4.3625045e-03  -1.2022039e-03  -7.3853985e-03
  -3.2282239e-01   3.3085797e-01   6.3052887e-01   4.3811608e-03  -1.4800892e-03  -7.0576691e-03
  -3.2146208e-01   3.3357536e-01   6.3144594e-01   4.6828530e-03  -1.4933356e-03  -7.0491453e-03
  -3.1721617e-01   3.4285828e-01   6.1421977e-01   4.2492107e-03  -1.2397467e-03  -7.2305062e-03
  -3.3823394e-01   3.7959729e-01   6.0374532e-01   5.0325847e-03  -1.4455748e-03  -7.5921936e-03
  -3.3449610e-01   3.8458014e-01   5.7425796e-01   5.1465317e-03  -1.3200155e-03  -7.5708588e-03
  -3.3718792e-01   3.8466225e-01   5.9785493e-01   4.8143799e-03  -1.6396265e-03  -7.4672268e-03
  -3.2858245e-01   3.8674530e-01   5.9398887e-01   4.5170991e-03  -1.5959532e-03  -7.4057281e-03
  -3.4376697e-01   3.8836788e-01   5.6453742e-01   4.7681314e-03  -1.3894243e-03  -7.7639577e-03
  -3.3279195e-01   4.0076002e-01   5.7775745e-01   4.2728840e-03  -1.4673582e-03  -7.6238186e-03
  -3.3243656e-01   3.8750063e-01   5.8952275e-01   4.3323201e-03  -1.3345929e-03  -7.5051915e-03
  -3.4409461e-01   4.0265939e-01   5.9119063e-01   4.4660479e-03  -1.5307284e-03  -7.7512471e-03
  -3.3383557e-01   4.0037137e-01   6.0382857e-01   4.4951504e-03  -1.4340747e-03  -7.5762128e-03
  -3.3475664e-01   3.9319082e-01   6.2807852e-01   4.3063458e-03  -1.4414419e-03  -7.6130253e-03
  -3.2978180e-01   4.0789655e-01   6.1130617e-01   4.6546781e-03  -1.3589479e-03  -7.5211404e-03
  -3.2913547e-01   4.0200838e-01   6.4279752e-01   4.3148014e-03  -1.4543366e-03  -7.5801873e-03
  -3.2636703e-01   4.2241523e-01   6.2528178e-01   4.9220160e-03  -1.4771058e-03  -7.5979874e-03
  -3.3717636e-01   4.3417916e-01   6.3189196e-01   4.7065296e-03  -1.1981043e-03  -7.7772289e-03
  -3.2909608e-01   4.2373645e-01   6.5248554e-01   5.1527736e-03  -1.5311088e-03  -7.4398146e-03
  -3.2563593e-01   4.1735017e-01   6.4640421e-01   5.2465025e-03  -1.5883369e-03  -7.4565297e-03
  -3.4198256e-01   4.2279750e-01   6.4649502e-01   5.4280614e-03  -1.1291669e-03  -7.9484381e-03
  -3.4819261e-01   4.3609504e-01   6.5121455e-01   4.9349951e-03  -9.8164011e-04  -8.1962479e-03
  -3.3740263e-01   4.3170991e-01   6.5364040e-01   5.5385185e-03  -1.0773171e-03  -7.8044795e-03
  -3.3516812e-01   4.5295671e-01   6.3973881e-01   6.0989330e-03  -1.0999952e-03  -7.7194337e-03
  -3.1369592e-01   4.4716692e-01   6.7031248e-01   5.0306823e-03  -1.0914845e-03  -7.4976115e-03
  -3.2774364e-01   4.4723901e-01   6.7020633e-01   6.6132363e-03  -1.2962754e-03  -7.7883450e-03
  -3.2632068e-01   4.2493164e-01   7.5269361e-01   5.6275533e-03  -1.3701542e-03  -7.6078445e-03
  -3.2568735e-01   4.3677984e-01   7.6612423e-01   5.7395260e-03  -1.4026120e-03  -7.5088803e-03
  -3.2302918e-01   4.3830068e-01   7.9075563e-01   5.4460793e-03  -1.4026910e-03  -7.5554622e-03
  -3.3073576e-01   4.4655119e-01   8.0540746e-01   5.7654988e-03  -1.4961509e-03  -7.6472873e-03
  -3.4283674e-01   4.3731377e-01   8.1061263e-01   5.3904894e-03  -1.5328205e-03  -7.8613754e-03
  -3.3024926e-01   4.4326271e-01   7.9403638e-01   5.1532182e-03  -1.6156335e-03  -7.5457008e-03
  -3.2930585e-01   4.6027647e-01   7.8620051e-01   5.5565935e-03  -1.7079366e-03  -7.8725743e-03
  -3.2335015e-01   4.5174813e-01   8.0561986e-01   5.0751296e-03  -1.5674159e-03  -7.7740567e-03
  -3.2615386e-01   4.5222927e-01   7.7608405e-01   5.4279063e-03  -1.5277524e-03  -7.7816399e-03
  -3.2733187e-01   4.7243216e-01   7.9668370e-01   5.4978837e-03  -1.6238733e-03  -7.7546922e-03
  -3.2860219e-01   4.6370083e-01   8.2358410e-01   5.1496569e-03  -1.4787023e-03  -7.5493195e-03
  -3.3525655e-01   4.7445483e-01   8.0495077e-01   5.3549568e-03  -1.5268858e-03  -7.7582615e-03
  -3.4404532e-01   4.6478608e-01   8.1221584e-01   5.4537140e-03  -1.3243086e-03  -7.9355786e-03
  -3.3103758e-01   4.7783125e-01   8.0153644e-01   5.1062533e-03  -1.4157587e-03  -7.7155929e-03
  -3.4906307e-01   4.6786269e-01   8.2061728e-01   5.6408542e-03  -1.4960590e-03  -8.0232330e-03
  -3.4310592e-01   4.5296824e-01   8.3346553e-01   4.9185317e-03  -1.4538311e-03  -7.9119241e-03
  -3.3292108e-01   4.8114491e-01   7.7417141e-01   6.1323962e-03  -1.5507974e-03  -7.7244882e-03
  -3.3601842e-01   4.9129603e-01   7.7507302e-01   6.4193577e-03  -1.5567019e-03  -7.6205435e-03
  -3.4089321e-01   4.4995083e-01   8.4616261e-01   4.9436522e-03  -1.7205261e-03  -7.7216351e-03
  -3.4151187e-01   4.7926120e-01   8.3356028e-01   5.3822647e-03  -1.5730310e-03  -7.8562774e-03
  -3.3960643e-01   4.7086021e-01   8.5487907e-01   4.7221936e-03  -1.6198407e-03  -7.7573133e-03
  -3.3797933e-01   4.8982559e-01   8.1889539e-01   5.5559922e-03  -1.5886298e-03  -7.7289173e-03
  -3.4348498e-01   4.7893871e-01   8.6202910e-01   4.6956101e-03  -1.6566677e-03  -7.8946186e-03
  -3.3747155e-01   5.1524764e-01   7.7414437e-01   6.0820121e-03  -1.6690262e-03  -7.6009467e-03
  -3.5358450e-01   4.8792576e-01   7.5141939e-01   5.6632935e-03  -2.1114730e-03  -7.7438266e-03
  -3.6058969e-01   4.6809071e-01   8.1958880e-01   4.4276046e-03  -2.8380249e-03  -7.9946795e-03
  -3.5639397e-01   4.9192259e-01   8.0622243e-01   5.0715529e-03  -2.8153172e-03  -7.9310684e-03
  -3.5913707e-01   4.9173139e-01   8.5473855e-01   3.8303455e-03  -2.6430390e-03  -7.9725943e-03
  -3.6442599e-01   5.2162646e-01   8.2897633e-01   4.7041166e-03  -2.6023411e-03  -8.1640911e-03
  -3.6585868e-01   5.2825025e-01   8.2042205e-01   4.5936917e-03  -2.7163447e-03  -8.2443208e-03
  -3.6223619e-01   5.2558676e-01   8.0986746e-01   4.3372514e-03  -3.1702086e-03  -8.0774848e-03
  -3.5226536e-01   5.3928064e-01   7.9639825e-01   4.5476340e-03  -3.0020123e-03  -8.0904325e-03
  -3.5806562e-01   5.3522879e-01   8.2374767e-01   4.1345679e-03  -2.8992296e-03  -8.3210062e-03
  -3.5818205e-01   4.8682323e-01   8.7533595e-01   4.0784091e-03  -3.0540325e-03  -8.0212818e-03
  -3.6035924e-01   5.2679594e-01   8.1317562e-01   4.0352524e-03  -2.9954073e-03  -8.2214335e-03
  -3.5986291e-01   5.3137516e-01   8.4665105e-01   4.0884887e-03  -2.8294308e-03  -8.0952031e-03
  -3.6336553e-01   5.2611565e-01   8.7958116e-01   3.5925697e-03  -2.9097263e-03  -8.0075200e-03
  -3.7000370e-01   5.0735945e-01   8.9100896e-01   4.1402900e-03  -2.8198742e-03  -8.2398154e-03
  -3.5836143e-01   5.3281101e-01   8.8099153e-01   3.6337695e-03  -2.9511020e-03  -8.0877173e-03
