   0.0000000e+00   0.0000000e+00   0.0000000e+00   0.0000000e+00   0.0000000e+00   0.0000000e+00
   3.5368423e-03   9.4958342e-03   4.9406495e-02  -5.6313539e-04  -3.1378018e-06  -2.1960323e-04
   2.2672385e-02   9.4005292e-03   6.6403889e-02   1.1979407e-04  -7.6064392e-05  -6.4282781e-05
   3.0586884e-02   4.3377857e-02   6.5933424e-02   3.3776447e-04   1.9909291e-05   8.7261906e-05
   3.8872937e-02   5.9551830e-02   1.1013252e-01  -4.8471285e-04  -1.5486369e-04   1.7326104e-04
   4.5802649e-02   4.6440025e-02   9.4280572e-02  -9.6090342e-04   2.3810360e-07   3.9675041e-04
   4.6465226e-02   5.1979651e-02   1.7670307e-01  -1.7882571e-03  -2.5352774e-04   2.2001117e-04
   5.7883598e-02   7.9016968e-02   1.6884047e-01  -1.8475290e-03  -4.7168790e-04   2.1311996e-04
   5.1982068e-02   9.3298041e-02   2.0024243e-01  -2.4709418e-03  -5.1404024e-04   3.0364962e-04
   5.3050129e-02   1.1956114e-01   2.0896405e-01  -2.2241881e-03  -6.7917350e-04   2.7725612e-04
   2.6573657e-02   1.2634509e-01   2.6015290e-01  -3.0332474e-03  -6.6888796e-04  -1.7063901e-04
   3.1820862e-02   1.3259988e-01   2.5458149e-01  -2.4390993e-03  -1.2589827e-03  -4.3964993e-04
   3.4387101e-02   1.3158392e-01   2.9558763e-01  -3.3108100e-03  -8.8247850e-04  -5.6864222e-04
   2.1801058e-02   1.6289534e-01   2.7385772e-01  -3.7290082e-03  -1.2560856e-03  -6.1411617e-04
   3.7902289e-02   1.6651337e-01   2.9078492e-01  -3.6793779e-03  -1.1341947e-03  -2.2635624e-04
   2.7164982e-02   1.4734985e-01   3.1969750e-01  -3.6681939e-03  -1.1991309e-03  -7.1056366e-04
   2.6846879e-02   1.8240002e-01   3.0915806e-01  -3.5836693e-03  -1.2492783e-03  -6.8646952e-04
   1.2343479e-02   1.8750484e-01   3.1020363e-01  -3.8062639e-03  -1.2645324e-03  -8.0687918e-04
   2.4629195e-02   2.0933072e-01   3.2451418e-01  -3.8433862e-03  -1.4724699e-03  -7.0371052e-04
   1.7211466e-02   1.9044443e-01   3.3914188e-01  -3.8924172e-03  -1.3620178e-03  -7.6365428e-04
   2.5383335e-02   2.3255415e-01   3.0760072e-01  -4.1085222e-03  -1.5657990e-03  -5.5755365e-04
   1.2663314e-02   2.1259861e-01   3.6965030e-01  -4.7723081e-03  -1.4527609e-03  -7.5168997e-04
   1.5613444e-02   2.0515692e-01   3.5128515e-01  -4.6087294e-03  -1.5295946e-03  -8.3290413e-04
   1.4050965e-02   2.1558967e-01   3.8209268e-01  -4.8405962e-03  -1.2376161e-03  -7.9462553e-04
   5.4118933e-03   2.2192657e-01   3.4568434e-01  -4.8603753e-03  -1.2581323e-03  -8.0540099e-04
   6.0310507e-05   2.2133513e-01   3.7369517e-01  -4.5882052e-03  -1.3444949e-03  -9.2465424e-04
   4.1518096e-03   2.3199064e-01   3.7157455e-01  -4.4457604e-03  -1.3205088e-03  -8.7164152e-04
   1.3236032e-02   2.1827929e-01   3.8686273e-01  -4.3527014e-03  -1.2663027e-03  -6.5873785e-04
  -1.1262029e-03   2.3495509e-01   3.9400571e-01  -4.5829296e-03  -1.3175755e-03  -8.8630684e-04
   1.0695230e-02   2.5933807e-01   3.8408954e-01  -4.3810783e-03  -1.2418164e-03  -6.2298587e-04
   8.0921977e-03   2.6543364e-01   3.9845573e-01  -4.8414586e-03  -1.2125183e-03  -8.4411111e-04
   2.3885934e-02   2.6465302e-01   4.0284440e-01  -4.6234862e-03  -1.2786427e-03  -5.1903735e-04
   1.9514214e-02   2.6150100e-01   4.0741489e-01  -4.4312402e-03  -1.2345332e-03  -7.1782572e-04
   3.7202150e-02   2.8120221e-01   3.9779245e-01  -4.4510850e-03  -1.3286367e-03  -5.3269589e-04
   3.4692225e-02   2.6989769e-01   4.4044750e-01  -5.0248341e-03  -1.1647221e-03  -4.7899966e-04
   4.2279737e-02   2.6037041e-01   4.2034209e-01  -4.8614338e-03  -1.3914075e-03  -6.0834983e-04
   3.8110157e-02   2.9040668e-01   4.1521888e-01  -4.5753362e-03  -1.1971126e-03  -7.3206997e-04
   5.2613549e-02   2.9527674e-01   4.3851155e-01  -5.3879148e-03  -1.5668633e-03  -3.6481593e-04
   4.6208071e-02   2.7263695e-01   4.5727952e-01  -5.1126557e-03  -1.3696196e-03  -6.0941231e-04
   3.8799151e-02   3.0174497e-01   4.3765343e-01  -5.5925275e-03  -1.3808608e-03  -6.2002244e-04
   4.2713734e-02   3.0345397e-01   4.3425992e-01  -5.4661257e-03  -1.3448880e-03  -3.7116683e-04
   3.3591778e-02   2.9419832e-01   4.7661216e-01  -5.5828205e-03  -1.3237051e-03  -7.5226018e-04
   4.1786749e-02   2.7500458e-01   4.4335850e-01  -4.7960058e-03  -1.2550852e-03  -6.5517306e-04
   4.4491744e-02   3.0457019e-01   4.2792504e-01  -4.7275616e-03  -1.3851971e-03  -6.8227374e-04
   4.5814868e-02   3.1901971e-01   4.4291653e-01  -4.7060610e-03  -1.5264268e-03  -6.1173481e-04
   4.2978591e-02   3.2185762e-01   4.7793870e-01  -5.1814930e-03  -1.6976627e-03  -7.2528988e-04
   3.9420409e-02   2.9696436e-01   4.5129436e-01  -4.6976160e-03  -1.6740637e-03  -9.1715558e-04
   4.2059304e-02   3.2610962e-01   4.6078123e-01  -5.1580810e-03  -1.5831952e-03  -6.6382601e-04
   3.4193875e-02   3.2080493e-01   4.8166785e-01  -5.5053226e-03  -1.6294852e-03  -8.5872597e-04
   4.2837359e-02   3.1759502e-01   4.7531964e-01  -5.4246697e-03  -1.6404473e-03  -7.0602122e-04
   2.7274947e-02   3.1253050e-01   5.1489202e-01  -6.2531926e-03  -1.5989144e-03  -1.0972877e-03
   3.4259625e-02   3.3290655e-01   5.1090330e-01  -6.5129453e-03  -1.5563452e-03  -7.6710389e-04
   2.1511973e-02   3.2736030e-01   5.0682368e-01  -6.4357558e-03  -1.5003643e-03  -1.0339555e-03
   3.2656759e-02   3.2566052e-01   5.0468615e-01  -6.3393538e-03  -1.6669807e-03  -8.5754604e-04
   1.6862027e-02   3.1139662e-01   5.4174818e-01  -5.9370438e-03  -1.6148458e-03  -1.2529612e-03
   3.0068894e-02   3.4580660e-01   4.7209663e-01  -5.4947314e-03  -1.8787418e-03  -8.5773479e-04
   2.2665700e-02   3.5762039e-01   5.1162230e-01  -5.9264416e-03  -1.7378159e-03  -1.0527263e-03
   3.9858589e-02   3.5176841e-01   5.0765203e-01  -5.9835243e-03  -1.8230543e-03  -6.0291643e-04
   3.3464123e-02   3.2994774e-01   5.4209735e-01  -5.9484060e-03  -1.9389994e-03  -9.1105669e-04
   2.1114893e-02   3.5678153e-01   5.1681835e-01  -6.6461908e-03  -1.8586390e-03  -9.4414756e-04
   2.6225535e-02   3.6902750e-01   5.2876340e-01  -6.8072263e-03  -1.7069527e-03  -9.6845539e-04
   1.2029138e-02   3.6811159e-01   5.4648144e-01  -6.9613188e-03  -1.6319557e-03  -1.0206881e-03
   3.3193496e-02   3.5358852e-01   5.7168171e-01  -6.9666505e-03  -1.8564138e-03  -8.5407851e-04
   3.8392961e-02   3.4908378e-01   5.9319539e-01  -7.0120382e-03  -1.8505744e-03  -9.3048124e-04
   3.6750154e-02   3.6594795e-01   5.5811512e-01  -6.7878855e-03  -1.7982615e-03  -8.9638354e-04
   3.3928388e-02   3.9044017e-01   5.5599027e-01  -7.0337365e-03  -1.9824300e-03  -9.9274078e-04
   4.3546208e-02   3.8318634e-01   5.5542408e-01  -6.5086684e-03  -2.1312839e-03  -7.5659761e-04
   3.5132379e-02   3.9177440e-01   5.9503655e-01  -7.0506877e-03  -2.1266735e-03  -8.4162851e-04
   3.9844222e-02   3.8067780e-01   5.8295991e-01  -6.5584826e-03  -2.0661552e-03  -7.1918904e-04
   3.4431221e-02   3.9721114e-01   5.8921595e-01  -7.0198305e-03  -1.9388371e-03  -7.6406376e-04
   4.1818654e-02   3.9942968e-01   5.7496000e-01  -6.6751514e-03  -2.0232488e-03  -6.5160056e-04
   3.4565731e-02   3.9362573e-01   6.2085771e-01  -7.5452118e-03  -1.9222521e-03  -8.5969873e-04
   3.4410215e-02   3.8874216e-01   6.0619626e-01  -7.3420029e-03  -2.0907459e-03  -1.1248332e-03
   2.8143120e-02   4.1077701e-01   6.2118529e-01  -7.5935846e-03  -1.8975431e-03  -9.3731655e-04
   3.4849622e-02   4.2797036e-01   6.2357568e-01  -8.8188280e-03  -2.2995260e-03  -7.7687118e-04
   4.0085566e-02   4.3026944e-01   6.2682806e-01  -8.6267706e-03  -2.2670179e-03  -7.3460860e-04
   4.3580779e-02   4.1941948e-01   6.5460916e-01  -8.7424146e-03  -2.3826829e-03  -8.5951140e-04
   6.1677449e-02   3.8508980e-01   6.1073434e-01  -7.8666484e-03  -2.4324562e-03  -2.7063443e-04
   4.3846013e-02   3.7365380e-01   6.1075395e-01  -7.4354530e-03  -2.4419523e-03  -6.2268380e-04
   4.5522540e-02   3.8906646e-01   5.7444340e-01  -6.9975198e-03  -2.4682514e-03  -4.6302634e-04
   4.2144770e-02   3.9735030e-01   5.8619223e-01  -6.8106385e-03  -2.4619508e-03  -6.0136882e-04
   5.1732003e-02   4.1631539e-01   5.7969114e-01  -6.9915217e-03  -2.6019576e-03  -3.1410683e-04
   4.3035881e-02   3.9610384e-01   6.3560570e-01  -7.2372192e-03  -2.5662648e-03  -5.5534818e-04
   4.6733182e-02   4.1500016e-01   5.8464770e-01  -7.1375450e-03  -2.5781971e-03  -4.5655908e-04
   4.1914913e-02   4.0756482e-01   6.1480588e-01  -7.7681361e-03  -2.5934667e-03  -6.1843534e-04
   2.5212135e-02   4.1438236e-01   6.0616835e-01  -7.8608356e-03  -2.4738501e-03  -7.0013924e-04
   3.7271571e-02   4.0839846e-01   6.1771602e-01  -7.7800387e-03  -2.4218516e-03  -5.3138083e-04
   2.3317831e-02   3.9509630e-01   6.4974563e-01  -7.8656408e-03  -2.3586977e-03  -8.5427811e-04
   2.8496343e-02   4.3503321e-01   6.4690731e-01  -7.7045907e-03  -2.5750151e-03  -7.0785964e-04
   2.5086689e-02   4.3580367e-01   6.4432748e-01  -7.7743163e-03  -2.5522664e-03  -9.4878721e-04
   3.4727495e-02   4.3097118e-01   6.5895017e-01  -7.9624884e-03  -2.7356687e-03  -8.3443848e-04
   3.1720870e-02   4.2749548e-01   6.8809093e-01  -8.2910920e-03  -2.8038031e-03  -1.0270864e-03
   1.7057357e-02   4.4497779e-01   6.9400523e-01  -8.9185984e-03  -2.6300993e-03  -1.2105988e-03
   1.7042032e-02   4.3081947e-01   6.9942149e-01  -9.2053510e-03  -2.6880043e-03  -1.1181090e-03
   1.5240076e-02   4.4249486e-01   7.0335239e-01  -9.0076509e-03  -2.5971539e-03  -1.1546051e-03
   1.7853404e-02   4.3649425e-01   6.8492989e-01  -8.6758504e-03  -2.6410114e-03  -1.1480172e-03
   2.0708070e-02   4.5381755e-01   6.8577347e-01  -8.9713467e-03  -2.7544834e-03  -1.0404010e-03
   1.6677687e-02   4.3406001e-01   7.1777058e-01  -9.0702046e-03  -2.6884917e-03  -1.1773825e-03
   2.7667367e-02   4.3279422e-01   7.2525032e-01  -9.1739834e-03  -2.7097036e-03  -8.5976327e-04
   1.6465893e-02   4.2423015e-01   7.1320382e-01  -8.8282332e-03  -2.6205438e-03  -1.1672657e-03
   2.6541988e-02   4.3731800e-01   7.2812641e-01  -9.2298650e-03  -2.5751058e-03  -6.1555785e-04
   2.3583715e-02   4.4500535e-01   7.5509565e-01  -9.4496453e-03  -2.4902234e-03  -8.4028144e-04
   2.7714144e-02   4.4543245e-01   7.5287135e-01  -9.5586788e-03  -2.4838525e-03  -5.8919949e-04
   1.5965654e-02   4.3332324e-01   8.0589102e-01  -9.9680890e-03  -2.3862564e-03  -8.0756322e-04
   2.4513359e-02   4.2715806e-01   7.9193405e-01  -9.8028154e-03  -2.4793984e-03  -5.6811333e-04
   1.6187918e-02   4.2375140e-01   8.1152586e-01  -1.0385220e-02  -2.3327803e-03  -5.9131483e-04
   2.7599920e-02   4.1845818e-01   7.6417590e-01  -1.0081362e-02  -2.3267876e-03  -2.6849669e-04
   2.3003666e-02   3.9651249e-01   8.0711982e-01  -1.0184755e-02  -2.1601729e-03  -4.4771095e-04
   2.3583485e-02   4.0758752e-01   7.6920020e-01  -1.0146450e-02  -2.2044555e-03  -2.4483526e-04
   1.3785548e-02   4.2158651e-01   7.9322643e-01  -1.0606782e-02  -1.9484174e-03  -3.5419610e-04
   1.8632273e-02   4.0008098e-01   8.2050948e-01  -1.0438124e-02  -1.9821899e-03  -2.8355265e-04
   2.3768599e-02   4.0801916e-01   7.9722161e-01  -1.0462336e-02  -1.9632135e-03  -8.8073129e-05
   2.2511589e-02   4.0328193e-01   8.2526882e-01  -1.0583829e-02  -1.8330398e-03  -1.1503181e-04
   2.3081414e-02   4.0952142e-01   8.2475014e-01  -1.0934672e-02  -1.9612938e-03  -1.2723005e-04
   2.2239440e-02   4.1523733e-01   7.9975453e-01  -1.0956693e-02  -1.9155664e-03  -3.4858249e-05
   2.8043638e-02   3.9867704e-01   8.4194250e-01  -1.1149678e-02  -2.0923206e-03   1.9119748e-04
   2.2794299e-02   4.1757303e-01   8.2211110e-01  -1.1115161e-02  -1.9239405e-03  -4.2848012e-05
   2.1867720e-02   4.2665480e-01   8.2410629e-01  -1.1078677e-02  -1.9298206e-03  -3.7098246e-05
   2.3013335e-02   3.9196485e-01   8.5380142e-01  -1.1226046e-02  -1.8766331e-03  -6.9446237e-05
   3.2313185e-02   4.3503247e-01   8.5238926e-01  -1.1563184e-02  -1.8757121e-03   1.6048862e-04
   3.8082453e-02   4.3297676e-01   8.6227737e-01  -1.1663678e-02  -1.7140583e-03   3.3387844e-04
   2.7716714e-02   4.1944613e-01   8.7261741e-01  -1.1702648e-02  -1.6416105e-03   1.1092476e-04
   4.0210022e-02   4.3567553e-01   8.3664174e-01  -1.1418688e-02  -1.5864971e-03   4.2348070e-04
   3.7482720e-02   4.3768458e-01   8.8693238e-01  -1.1879584e-02  -1.4760245e-03   5.1265315e-04
   3.4209397e-02   4.3894277e-01   8.7168648e-01  -1.1472034e-02  -1.5570313e-03   3.9232360e-04
   2.8294284e-02   4.5204237e-01   8.5446163e-01  -1.1518694e-02  -1.3444513e-03   4.0518422e-04
   3.6786174e-02   4.2997875e-01   8.7066640e-01  -1.0941811e-02  -1.5514850e-03   5.6971306e-04
   3.3831761e-02   4.4477134e-01   8.9817919e-01  -1.1208575e-02  -1.5569105e-03   4.8378905e-04
   3.7773056e-02   4.5456935e-01   8.8203955e-01  -1.0693453e-02  -1.6026696e-03   5.9199499e-04
   2.5222974e-02   4.7305698e-01   8.8794759e-01  -1.1196875e-02  -1.3867546e-03   4.5024513e-04
   2.5981338e-02   4.9230053e-01   8.6962993e-01  -1.0916648e-02  -1.4588825e-03   5.7930785e-04
   1.4393060e-02   4.8779402e-01   9.1029277e-01  -1.1659016e-02  -1.4532134e-03   5.0312215e-04
   1.8130221e-02   4.5959363e-01   9.0217990e-01  -1.1175430e-02  -1.4749441e-03   5.4897582e-04
   1.6612823e-02   4.4955677e-01   8.9394769e-01  -1.1377979e-02  -1.2662370e-03   5.3985289e-04
   1.7668247e-02   4.6053966e-01   8.9765170e-01  -1.1880441e-02  -1.3803305e-03   6.8922633e-04
   2.4334532e-02   4.5895991e-01   9.1559353e-01  -1.1934294e-02  -1.4291503e-03   9.1568324e-04
   1.1869805e-02   4.4436200e-01   9.3753617e-01  -1.2270251e-02  -1.3247286e-03   5.1202402e-04
   1.5791803e-02   4.5018259e-01   8.7913117e-01  -1.1765084e-02  -1.3739585e-03   6.9233910e-04
   4.0414766e-03   4.5527456e-01   9.0463292e-01  -1.2370258e-02  -1.3208218e-03   6.2217103e-04
   4.4968626e-03   4.5011800e-01   9.1006224e-01  -1.2834450e-02  -1.3002809e-03   5.6906382e-04
   1.5101187e-02   4.6121217e-01   8.9622409e-01  -1.2449693e-02  -1.3242995e-03   6.3267186e-04
   1.2180412e-02   4.6501896e-01   9.0461429e-01  -1.2816313e-02  -1.4142609e-03   6.6372821e-04
   3.2229249e-03   4.4700238e-01   9.2469199e-01  -1.2740653e-02  -1.3247470e-03   5.5671277e-04
   2.4605467e-03   4.5204220e-01   9.0209017e-01  -1.2724944e-02  -1.3567982e-03   7.1458959e-04
   1.1110589e-02   4.3624095e-01   9.0298659e-01  -1.2847581e-02  -1.3207104e-03   8.3964556e-04
   1.8469164e-03   4.2491863e-01   9.3038795e-01  -1.2605940e-02  -1.1708455e-03   5.6024908e-04
   9.4606304e-03   4.4725025e-01   8.8302761e-01  -1.2033889e-02  -1.2288361e-03   7.7238267e-04
   1.2987378e-02   4.5671407e-01   9.0329929e-01  -1.2261983e-02  -1.2657299e-03   8.6144522e-04
   2.0436172e-02   4.3274160e-01   9.2273704e-01  -1.2091996e-02  -1.1873844e-03   8.9981271e-04
   1.3134439e-02   4.6797684e-01   9.0461706e-01  -1.2294764e-02  -1.1272554e-03   8.1284419e-04
   2.2102073e-02   4.5593698e-01   9.0155239e-01  -1.1873878e-02  -1.1779081e-03   1.1983021e-03
   1.0626788e-02   4.4835567e-01   9.4238374e-01  -1.2436009e-02  -1.1167732e-03   6.7003172e-04
   2.6114153e-02   4.5806452e-01   9.1435761e-01  -1.1937981e-02  -1.1927273e-03   1.1089721e-03
   2.1052945e-02   4.8228304e-01   9.5860680e-01  -1.2749872e-02  -1.2636381e-03   9.0978759e-04
   4.6146439e-02   4.7948353e-01   9.4785498e-01  -1.2636853e-02  -1.4124363e-03   1.2784794e-03
   2.8856777e-02   4.6610005e-01   1.0025377e+00  -1.3465834e-02  -1.4338639e-03   1.0589269e-03
   3.1075260e-02   4.9005521e-01   9.6740609e-01  -1.2800295e-02  -1.4701102e-03   1.2281309e-03
   2.5107283e-02   4.9421667e-01   9.7693294e-01  -1.3484688e-02  -1.5048390e-03   1.1260386e-03
   3.5493838e-02   5.0955740e-01   9.6556488e-01  -1.2977528e-02  -1.4609302e-03   1.3056079e-03
   2.2076035e-02   5.0663126e-01   1.0110935e+00  -1.3907160e-02  -1.4460859e-03   1.0380798e-03
   3.9395820e-02   4.9411904e-01   1.0080339e+00  -1.4072180e-02  -1.6100485e-03   1.4378093e-03
   2.9636669e-02   4.9566038e-01   1.0829975e+00  -1.5658270e-02  -1.8128418e-03   1.3569944e-03
   4.0548652e-02   4.8200073e-01   9.9433878e-01  -1.3584836e-02  -1.5828929e-03   1.4231529e-03
   2.3743039e-02   5.0361524e-01   1.0793776e+00  -1.5358881e-02  -1.7216535e-03   1.0897774e-03
   7.3192486e-02   4.9211950e-01   8.1834057e-01  -9.6938744e-03  -1.2505741e-03   2.3403467e-03
   1.2413788e-01   2.6538915e-01   1.7909787e-01   1.2729171e-03   5.8407238e-05   4.8739316e-03
   2.0453894e-02   4.4968554e-01   5.7183544e-01  -6.9153255e-03  -2.9899342e-04   2.2359309e-03
   2.3588029e-02   4.5212510e-01   5.6897659e-01  -5.8494445e-03  -4.8796475e-04   2.3255961e-03
   1.7404606e-02   4.8145540e-01   6.6428617e-01  -7.6117864e-03  -9.6409520e-04   2.0429972e-03
   2.7742922e-02   4.6171166e-01   6.8146442e-01  -6.9960232e-03  -8.8971162e-04   2.0448437e-03
   3.2065648e-02   5.3198867e-01   6.7278936e-01  -7.9825884e-03  -1.0660146e-03   2.0784188e-03
   4.0394478e-02   5.1968257e-01   6.7740111e-01  -7.3245282e-03  -9.1672394e-04   2.2919757e-03
   3.9556266e-02   5.2754886e-01   7.2491790e-01  -8.8992605e-03  -1.1335550e-03   2.4023913e-03
   4.9301039e-02   4.9639195e-01   7.4298709e-01  -8.8472352e-03  -1.3882053e-03   2.3396160e-03
   3.1912255e-02   5.1306019e-01   7.5699548e-01  -9.5845708e-03  -1.2203841e-03   2.0551081e-03
   4.4357760e-02   5.0762826e-01   7.7588468e-01  -9.6362555e-03  -1.1678124e-03   2.3918593e-03
   3.4470900e-02   5.2660202e-01   7.8466920e-01  -1.0243539e-02  -1.2747015e-03   2.2622690e-03
   5.1254341e-02   5.0771302e-01   7.6960211e-01  -9.3123089e-03  -1.2657764e-03   2.5016877e-03
   4.6703951e-02   5.0542298e-01   8.0647277e-01  -9.6351228e-03  -1.3627780e-03   2.3625088e-03
