   0.0000000e+00   0.0000000e+00   0.0000000e+00   0.0000000e+00   0.0000000e+00   0.0000000e+00
  -1.8237348e-02   3.4784290e-02  -4.1107495e-02   8.2959501e-05  -6.6681174e-05  -1.8739971e-04
   1.0118616e-02   2.9861724e-02   1.0698507e-01  -1.5710706e-04  -2.2682432e-04   1.6541777e-04
   2.6269657e-02   5.2214296e-02   2.2504489e-01  -3.6637560e-04  -8.6339963e-04  -9.6112343e-05
   2.0553350e-02   7.3936193e-02   2.0637603e-01  -6.7720123e-04  -1.3674007e-03  -2.7769396e-04
   2.7119859e-02   7.6733246e-02   2.1984265e-01  -1.4754503e-04  -1.5851693e-03  -1.4256412e-04
   7.2892473e-03   1.5754091e-01   3.6910741e-01  -6.1142506e-04  -8.2445131e-04  -4.2621544e-04
   1.4699279e-02   1.2581502e-01   4.9079806e-01  -1.5731003e-03  -1.4786280e-03  -4.9361340e-04
  -1.7520918e-02   1.7668002e-01   6.2193852e-01  -2.5736203e-03  -1.2545311e-03   8.9216785e-05
  -5.1971217e-02   9.1757726e-02   3.1863357e-01  -4.8674949e-04   1.1695715e-04   1.0668665e-04
  -3.1443409e-02   1.0828714e-01   4.2036640e-01  -1.0468832e-03  -1.2450441e-03   1.3432188e-04
   1.0454739e-02   1.7475177e-02   2.7253546e-02   5.7643597e-04  -1.5417568e-03   1.4566817e-04
   2.8360254e-03   1.6940721e-03  -2.2959919e-01   2.4106885e-03  -1.9268826e-03  -3.9454124e-05
   1.3377546e-02  -1.6689341e-02  -2.0720981e-01   3.5328856e-03  -1.9595889e-03  -1.3604953e-04
  -1.2820648e-02   2.2138182e-02  -1.9884001e-01   3.7921851e-03  -2.0349312e-03  -3.2920865e-04
  -2.9001537e-02   3.3673372e-02  -9.4419762e-02   3.5639023e-03  -1.6837771e-03  -2.1220508e-05
  -3.4163884e-02   3.9791093e-02  -9.6804332e-02   3.0396694e-03  -1.7404183e-03  -2.7776175e-04
  -3.9464004e-02   2.7396122e-02  -8.1188191e-02   3.4942426e-03  -1.6100165e-03  -1.5231789e-04
  -6.3358140e-02   2.9826196e-02  -8.5450975e-02   3.0794123e-03  -1.6043326e-03  -3.6713014e-04
  -9.3425845e-02   7.4195037e-02   5.6916303e-02   2.6185179e-03  -1.0987933e-03  -6.9225682e-04
  -6.3963476e-02   4.8111984e-02  -4.2708251e-02   3.8811360e-03  -2.1366275e-03   2.7200427e-05
  -5.8806246e-02   1.1624823e-01   1.2138521e-01   3.6882054e-03  -3.1792760e-03  -2.2914361e-04
  -5.9148565e-02   1.2257035e-01   2.8257836e-01   2.8431345e-03  -2.9828117e-03  -6.1315488e-04
  -6.9400579e-02   9.1128064e-02   3.4139649e-01   2.6165393e-03  -3.2090852e-03  -7.0345487e-04
  -7.9909928e-02   7.6596845e-02   1.3085274e-01   3.2152758e-03  -3.5241897e-03  -9.0874163e-04
  -9.1548243e-02   6.2885046e-02   8.2331479e-02   3.6665282e-03  -3.0012582e-03  -4.8397277e-04
  -6.9893473e-02   6.1149090e-02   6.4244738e-02   3.2502657e-03  -2.9968467e-03  -4.8781760e-04
  -1.2211844e-01   2.5132604e-01   3.7395344e-01   3.4120983e-03  -2.4338702e-03  -1.8614330e-04
  -7.4636463e-02   1.1771667e-01   2.9907144e-01   4.6456070e-03  -2.8905656e-03   2.1828172e-04
  -9.8814583e-02   7.6941102e-02   2.9539813e-01   4.1898659e-03  -2.5183349e-03   5.6481096e-05
  -1.0969175e-01   1.5416066e-01   4.0307045e-01   4.0603670e-03  -2.4252098e-03   2.3055003e-04
  -1.0272886e-01   2.4084641e-01   6.3626618e-01   3.2624085e-03  -1.6312803e-03  -1.0723414e-04
  -8.1912775e-02   1.5890126e-01   4.7430017e-01   5.5226470e-03  -2.0092364e-03  -6.5581568e-04
  -9.4868136e-02   1.3584552e-01   4.7589358e-01   4.7106068e-03  -2.5233513e-03  -6.7719015e-04
  -9.7241256e-02   2.1879865e-01   5.7291446e-01   4.6709640e-03  -2.4750147e-03  -5.8988079e-04
  -5.4335640e-02   1.7917463e-01   4.8110024e-01   6.5275352e-03  -2.8329480e-03  -1.9641182e-04
  -7.3708506e-02   2.5191891e-01   4.6926329e-01   4.8605023e-03  -2.7976133e-03  -4.5680601e-04
  -6.4987030e-02   1.7759312e-01   3.7541716e-01   5.4973359e-03  -3.2439614e-03  -1.0113915e-04
  -1.2479191e-01   1.4755850e-01   1.1749833e-01   6.0310711e-03  -2.2780527e-03   5.4673451e-04
  -1.1044847e-01   2.1990519e-01   2.9040150e-01   4.9947496e-03  -2.0995339e-03   4.2657863e-04
  -1.0919016e-01   2.3918914e-01   4.2282961e-01   5.4661980e-03  -2.3459802e-03   8.2714918e-07
  -1.1088584e-01   2.2392712e-01   4.6571825e-01   4.6867640e-03  -2.3676951e-03   7.1998528e-05
  -7.9878178e-02   2.2774873e-01   3.9312513e-01   4.6422183e-03  -2.8211534e-03   1.7615933e-04
  -8.4388364e-02   2.5634191e-01   4.5170897e-01   3.1301257e-03  -2.6821530e-03   1.4841137e-04
  -8.5245073e-02   2.6292459e-01   4.1830036e-01   4.4668119e-03  -2.9753175e-03   2.9067877e-04
  -7.0484160e-02   2.1591283e-01   3.0949841e-01   4.1440241e-03  -3.5013512e-03   6.1771204e-04
  -1.0306523e-01   2.2379845e-01   3.1746721e-01   4.1327206e-03  -4.2667304e-03   7.9977117e-04
  -8.6232078e-02   1.8783220e-01   3.2232201e-01   3.9666618e-03  -3.6379749e-03   8.9849672e-04
  -9.8446334e-02   2.0486693e-01   3.0728288e-01   5.1306433e-03  -3.6413633e-03   4.6168087e-04
  -1.4822578e-01   1.7402083e-01   2.6637390e-01   4.4483802e-03  -3.1399121e-03   1.8335368e-04
  -5.2131824e-02   2.0715971e-01   2.1991357e-01   4.1982665e-03  -3.1889180e-03   5.2793297e-04
  -9.7366477e-02   1.8414595e-01   3.9485857e-01   3.4935518e-03  -3.1579302e-03   5.4485142e-04
  -1.2882915e-01   2.4577872e-01   4.0184777e-01   5.0801809e-03  -3.1272145e-03   2.0199074e-04
  -1.2284596e-01   2.0346497e-01   5.1489472e-01   5.5285184e-03  -3.5816403e-03  -7.9119864e-04
  -6.7045437e-02   2.1096895e-01   3.6185446e-01   5.6331134e-03  -5.0919721e-03   9.8261205e-04
  -4.9814183e-02   1.8980581e-01   2.4545681e-01   4.2045283e-03  -3.5099403e-03   1.6172726e-03
  -1.3667335e-02   1.7792713e-01   2.3947006e-01   4.7162805e-03  -2.8743950e-03   8.7655144e-04
  -1.1228031e-01   2.4690745e-01   4.3250052e-01   5.3192025e-03  -2.3144710e-03   6.7374847e-04
  -5.0305712e-02   2.6923360e-01   3.9473512e-01   5.8064613e-03  -3.6541183e-03   1.5548706e-03
  -2.3836528e-03   2.2371396e-01   7.3685292e-01   4.1733018e-03  -2.7820958e-03   7.6190202e-04
  -4.0679294e-02   3.8246071e-01   8.9324190e-01   3.7722604e-03  -2.6619664e-03   2.0970375e-05
   4.5776138e-02   2.9956146e-01   4.7863740e-01   6.3985214e-03  -3.1863058e-03   4.9974734e-04
   7.9849093e-02   3.5710232e-01   5.8508503e-01   4.9350174e-03  -3.7367216e-03   8.2929651e-04
   1.3621635e-01   3.4381479e-01   5.9759002e-01   3.6513259e-03  -3.5979951e-03   1.5686466e-03
   1.4433850e-01   3.2519995e-01   5.4315844e-01   3.8613936e-03  -3.1072616e-03   1.3817445e-03
   1.9617196e-01   3.0442949e-01   5.0142480e-01   2.5861290e-03  -3.2421199e-03   1.6099426e-03
   2.1207982e-01   3.0495227e-01   4.6033459e-01   1.9960488e-03  -3.5622443e-03   1.6772883e-03
   2.1069354e-01   2.9520099e-01   5.3077784e-01   2.3179581e-03  -3.8330404e-03   1.6746549e-03
   2.0975099e-01   2.5650353e-01   4.1582706e-01   2.9500680e-03  -3.5777323e-03   1.7825022e-03
   2.3778054e-01   2.8348098e-01   4.5744016e-01   2.7550279e-03  -3.6282784e-03   1.7920101e-03
   2.5287370e-01   2.8158548e-01   3.8571936e-01   2.4743436e-03  -2.9627653e-03   2.3847474e-03
   2.8801767e-01   2.8481243e-01   4.0457243e-01   2.7798231e-03  -2.6336101e-03   2.4343918e-03
   2.7427117e-01   2.9609833e-01   2.7858610e-01   2.6080094e-03  -2.6028427e-03   2.8518389e-03
   3.5319787e-01   2.1410270e-01  -2.5360831e-02   3.1973933e-03  -1.9447198e-03   4.2384969e-03
   4.0303831e-01   2.2230481e-01   5.5594305e-02   3.3557045e-03  -2.3658983e-03   3.7992353e-03
   4.4192766e-01   2.0239967e-01   6.4894599e-02   4.6233722e-03  -2.3528026e-03   3.7071111e-03
   4.6220078e-01   2.3355310e-01   9.6738457e-02   4.0778735e-03  -2.8475612e-03   3.7369045e-03
   4.0129876e-01   2.7378478e-01   2.5791471e-01   4.4179502e-03  -2.4504002e-03   3.4338457e-03
   4.3694341e-01   2.4839808e-01   1.8894670e-01   5.4025587e-03  -3.0824996e-03   4.3731580e-03
   3.8078973e-01   2.7575825e-01   5.4881578e-01   4.0188308e-03  -2.4915892e-03   3.4741150e-03
   3.7864136e-01   3.3847961e-01   5.2762473e-01   3.0537330e-03  -2.7035062e-03   3.0307008e-03
   3.8442802e-01   3.2246324e-01   4.9152732e-01   2.8963963e-03  -2.3422547e-03   3.1048022e-03
   3.6734758e-01   3.0595725e-01   5.1280742e-01   2.0692384e-03  -2.5526436e-03   2.8822671e-03
   4.2986964e-01   3.2338936e-01   2.9449484e-01   7.8645779e-03  -8.9770153e-04   3.3364409e-03
   3.5676363e-01   2.3862295e-01   2.6329555e-01   1.1888259e-02   2.5714004e-03   1.5784128e-03
   3.8773111e-01   3.3263493e-01   3.4632505e-01   8.2027415e-03   2.3224695e-03   2.0962006e-03
   3.7700929e-01   3.2162482e-01   4.9128998e-01   7.7975706e-03   2.0997183e-03   2.2636282e-03
   4.0262979e-01   3.8228463e-01   5.5909745e-01   2.7453388e-03   1.2412251e-03   2.8497959e-03
   4.1864934e-01   3.9759926e-01   5.6725031e-01   3.0073930e-04   4.6330541e-04   3.0666901e-03
   4.7748921e-01   3.6398932e-01   5.4229050e-01  -4.3713178e-04  -5.2629198e-05   3.0548100e-03
   4.4545802e-01   3.3725447e-01   2.0893563e-01  -3.7951015e-03  -7.6506089e-04   4.1548260e-03
   4.4315942e-01   3.3633746e-01   6.9786447e-02  -3.9772973e-03  -1.1765357e-03   4.3638097e-03
   3.7314238e-01   3.4714603e-01   3.8014473e-01  -3.4173401e-03  -1.0692009e-03   3.7390514e-03
   3.0247496e-01   3.1286544e-01   1.3698276e-01  -3.8719854e-03  -4.5598948e-04   2.5282867e-03
   3.5493532e-01   3.1894874e-01   3.6534989e-02   2.1541223e-03  -2.0085005e-03   4.0167780e-03
   3.6594648e-01   2.6570646e-01   3.2331289e-03   9.5108553e-03  -3.0006103e-03   4.0484350e-03
   3.7767209e-01   2.9819072e-01   1.5547573e-01   5.9409962e-03  -1.9476858e-03   4.0630177e-03
   3.6625838e-01   3.5644195e-01   3.2659682e-01   5.6432020e-03  -1.8722327e-03   3.3145113e-03
   3.6745304e-01   4.2266998e-01   5.8325913e-01   3.9162917e-03  -1.8590279e-03   3.3484995e-03
   3.7986991e-01   5.2670155e-01   9.0954184e-01   3.7357646e-03  -2.7215118e-03   3.2144576e-03
   3.7842603e-01   4.0424727e-01   7.4911481e-01   4.3436474e-03  -3.3705929e-03   3.6313292e-03
   3.2199217e-01   4.0595405e-01   5.3110018e-01   2.2348031e-03  -2.0609295e-03   2.7043566e-03
   3.4106868e-01   4.0092682e-01   7.0031958e-01   1.2508259e-03  -2.3406317e-03   2.7054454e-03
   2.7817807e-01   4.2045053e-01   8.2081203e-01   1.4693322e-03  -2.9950634e-03   2.4326180e-03
   2.8751942e-01   6.0468234e-01   8.6483424e-01   5.2000490e-04  -3.2936226e-03   2.1394246e-03
   2.8844932e-01   5.8801666e-01   8.5022012e-01   2.5677776e-04  -3.1381802e-03   2.5381536e-03
   2.5292878e-01   5.7302180e-01   7.5127427e-01  -7.0924396e-05  -2.6091671e-03   2.2496936e-03
   2.9568479e-01   5.1249894e-01   6.1862572e-01  -1.0197771e-03  -2.8714540e-03   2.6218898e-03
   3.5876527e-01   4.7731648e-01   6.0068407e-01  -1.2688968e-03  -3.2407444e-03   2.6763820e-03
   3.2246793e-01   5.0929573e-01   5.7221502e-01  -1.7609490e-03  -3.2672365e-03   2.4757631e-03
   3.4760531e-01   4.6255057e-01   5.3251739e-01  -2.6864043e-03  -3.1172403e-03   2.0762571e-03
   3.7398802e-01   4.9219319e-01   5.8248899e-01  -3.0332515e-03  -3.0082192e-03   2.6143826e-03
   3.4667794e-01   5.7054777e-01   7.8640664e-01  -3.4283268e-03  -2.8149315e-03   2.0198602e-03
   4.0203414e-01   5.8465317e-01   7.5543978e-01  -5.9703027e-04  -2.8325086e-03   2.6230773e-03
   3.6315928e-01   5.7961050e-01   7.5762695e-01  -1.4170768e-03  -3.0827076e-03   2.2407078e-03
   3.5240910e-01   5.5500463e-01   7.3530614e-01  -2.6319118e-03  -2.9570800e-03   1.9686745e-03
   2.8010327e-01   4.9907725e-01   6.7762706e-01  -4.0118853e-03  -2.4587218e-03   2.0825812e-03
   2.0865356e-01   5.7101068e-01   7.3406720e-01  -4.9407580e-03  -3.1015922e-03   1.6810205e-03
   2.7243193e-01   5.6337171e-01   8.0148786e-01  -3.0955870e-03  -2.9014557e-03   2.0840176e-03
   2.6726776e-01   6.7846371e-01   9.2440065e-01  -2.1676213e-03  -2.3664970e-03   2.3484153e-03
   3.6593268e-01   6.7897711e-01   1.0306314e+00  -1.5583856e-03  -2.3920972e-03   2.6697899e-03
   2.3001664e-01   5.7694184e-01   8.5491376e-01  -2.2726604e-03  -2.2011918e-03   1.1342471e-03
   2.9975671e-01   6.7162359e-01   1.0495621e+00  -2.8995184e-03  -2.0584085e-03   2.0191807e-03
   3.2231829e-01   6.7874303e-01   1.1111076e+00  -3.3077193e-03  -2.0329037e-03   2.6145460e-03
   3.3966617e-01   7.2250278e-01   1.3340708e+00  -3.9263031e-03  -1.9110966e-03   2.2529403e-03
   3.1031285e-01   7.7109216e-01   1.2928863e+00  -1.6758890e-03  -1.8882663e-03   2.1628821e-03
   3.6139632e-01   7.7119678e-01   1.6001392e+00  -4.0381458e-03  -1.6189670e-03   2.5133750e-03
   2.9259300e-01   7.7348132e-01   1.4568989e+00  -4.3699068e-03  -1.4536467e-03   2.1906766e-03
   3.0713332e-01   8.0138295e-01   1.7026797e+00  -6.1740110e-03  -9.8888082e-04   1.8500809e-03
   3.3854700e-01   8.8615862e-01   1.2628545e+00  -6.1454702e-03  -1.2516395e-03   2.3041374e-03
   2.3338181e-01   8.2658857e-01   1.1571141e+00  -5.7389669e-03   2.2865313e-04   7.7619355e-04
   2.9268779e-01   6.4874379e-01   1.0804951e+00  -2.4858919e-03   3.8875008e-04   2.9881772e-03
   3.5706622e-01   6.8195054e-01   7.3072000e-01  -8.2935207e-04  -4.3663087e-04   3.2072307e-03
   3.4996936e-01   6.8066929e-01   8.9707577e-01  -1.6643775e-03   2.6555408e-05   2.9089580e-03
   3.2650204e-01   6.6458885e-01   8.6589553e-01  -1.1300807e-03  -3.8924615e-05   3.1243730e-03
   3.4093955e-01   6.7973404e-01   9.2991882e-01  -3.0557716e-03  -9.0234094e-05   2.5897083e-03
   3.2565070e-01   7.0844929e-01   9.0060063e-01  -2.0819080e-03  -6.8568803e-04   2.8606546e-03
   3.0176524e-01   7.2845300e-01   8.6051421e-01  -2.1827538e-03   2.2121134e-05   2.5904644e-03
   3.6907337e-01   6.8746517e-01   7.5122672e-01  -1.8121016e-03  -5.0291000e-04   2.9027152e-03
   3.6171753e-01   7.9739127e-01   8.8263313e-01  -2.7431184e-03  -4.6982385e-04   3.6415175e-03
   3.9155652e-01   7.5011037e-01   8.5007865e-01  -2.1081633e-03  -3.6673473e-04   3.8106823e-03
   3.5351781e-01   7.6854450e-01   8.3751520e-01  -1.4283507e-03   1.9927425e-04   3.8404366e-03
   3.5272984e-01   8.0454361e-01   8.2227832e-01  -8.9237604e-04   2.6586284e-04   3.6571079e-03
   3.0767633e-01   7.7950104e-01   8.6170448e-01  -2.2603231e-03   5.0060096e-04   3.6815113e-03
   3.2107451e-01   8.0909554e-01   8.2166817e-01  -3.3960170e-03   2.1400485e-04   3.6899563e-03
   2.1253621e-01   7.9025569e-01   8.7140004e-01  -3.3648524e-03  -7.8786657e-06   2.9232411e-03
   1.8996479e-01   8.2578827e-01   8.7416398e-01  -3.9194090e-03   8.0342551e-04   2.3347266e-03
   1.8325654e-01   8.0829869e-01   9.5604345e-01  -4.5762935e-03  -5.1020689e-05   2.5088432e-03
   1.6066836e-01   8.2218520e-01   9.3457167e-01  -5.5618586e-03   7.4251893e-05   2.1250287e-03
   1.8537892e-01   7.9106671e-01   8.8823691e-01  -5.6965526e-03  -2.2584041e-04   2.3583873e-03
   2.4681196e-01   7.9697990e-01   8.3800304e-01  -6.4764800e-03  -1.1262669e-03   2.2689496e-03
   2.1853788e-01   8.0878020e-01   7.6374726e-01  -7.6232104e-03  -8.5575808e-04   2.2759381e-03
   1.9124311e-01   8.9904796e-01   8.4526684e-01  -6.6161684e-03  -1.1527476e-03   1.9917501e-03
   2.2383040e-01   9.2659466e-01   8.5544210e-01  -5.2157341e-03  -5.9079457e-04   2.0626326e-03
   2.6294817e-01   8.4997937e-01   7.6634503e-01  -6.5724432e-03  -1.3527322e-03   2.2849824e-03
   3.1377757e-01   7.2712181e-01   4.4667818e-01  -6.6313537e-03  -7.6085798e-04   2.7778437e-03
   3.8339974e-01   7.0048642e-01   5.0064129e-01  -7.2221596e-03  -1.0193616e-03   2.7605299e-03
   2.0010772e-01   1.0719279e+00   1.0243006e+00  -4.3625345e-03   1.3033060e-03   2.6648298e-03
   2.4389663e-02   7.1579514e-01   8.5775958e-01  -3.0244081e-03   2.3576469e-03   9.6209411e-04
   4.4886699e-02   6.6471480e-01   7.8124832e-01  -3.8211997e-03   8.1031404e-04   3.2670051e-04
   1.0633992e-01   7.9573540e-01   8.3960025e-01  -2.9833655e-03   2.0670348e-03   1.0908679e-03
   1.2650771e-01   7.6241904e-01   9.4714005e-01  -2.5787673e-03   7.5033102e-04   1.3499998e-03
   1.1332954e-01   7.7935579e-01   8.7098586e-01  -4.4437406e-03   5.2417419e-04   1.0703278e-03
   1.4305653e-01   7.1590434e-01   7.6857815e-01  -5.1540562e-03   6.6495100e-04   1.1973128e-03
   1.7415857e-01   7.4077081e-01   6.2953597e-01  -5.5905597e-03  -3.7802144e-05   1.2919884e-03
   1.4638911e-01   7.9459333e-01   6.9785648e-01  -4.5562376e-03   2.4140137e-04   1.4799782e-03
   1.3365849e-01   7.8323385e-01   7.5710164e-01  -5.6264045e-03  -1.1711004e-04   8.4920305e-04
   1.6232755e-01   7.9805422e-01   6.0816827e-01  -6.6597209e-03   9.2928486e-04   6.6157783e-04
   1.2854385e-01   8.3567635e-01   3.6277965e-01  -7.7700322e-03   2.3547837e-03   5.8859660e-04
   9.7754365e-02   7.8090674e-01   5.1019085e-01  -6.6877875e-03   1.7001325e-03   5.9424692e-04
   9.7571979e-02   7.5651485e-01   6.8800277e-01  -6.8868501e-03   1.7060478e-03   1.2217992e-04
   7.9546700e-02   7.7811249e-01   6.9843716e-01  -7.7995204e-03   1.1744357e-03  -4.2576912e-04
   1.2948757e-01   7.5011342e-01   5.3141471e-01  -8.5528600e-03   1.3317585e-03  -1.1838869e-04
   1.4270459e-01   7.4068001e-01   5.2321450e-01  -7.8271185e-03   1.1278416e-03  -1.2191167e-04
   1.8438073e-01   6.9967475e-01   4.0557969e-01  -9.3035124e-03   1.5981394e-03   6.0086021e-04
   2.9701443e-01   6.6844506e-01   2.3999107e-01  -9.3866310e-03   2.0327206e-03   8.4512515e-04
   2.6711143e-01   6.5803106e-01   3.0810001e-01  -9.4273725e-03   2.8596097e-03   1.7234620e-03
   3.3015075e-01   6.4072662e-01   2.1800912e-01  -9.8556663e-03   3.4921402e-03   1.4287057e-03
   3.3967646e-01   7.1021459e-01   6.5894826e-01  -7.2626354e-03   2.8088213e-03   1.5971025e-03
