   0.0000000e+00   0.0000000e+00  -7.1054274e-15   0.0000000e+00   0.0000000e+00   0.0000000e+00
   1.0053742e-02  -3.0947881e-03   1.1283718e-02  -2.9437718e-04   3.4563494e-04   2.7810561e-04
   5.5063661e-03  -2.1606596e-02   2.0976067e-02  -9.4789133e-04   7.4078471e-04   1.6804400e-04
   6.3629587e-03  -3.3068886e-02   4.5656734e-02  -9.5794038e-04   6.1518255e-04   2.7810959e-04
   2.1906135e-03   1.3727155e-03   3.0734594e-02  -8.0327785e-04   4.0858673e-04   1.4448154e-04
   2.7787649e-03  -3.2037405e-03   2.8826099e-02  -8.4217570e-04   5.3205833e-04   3.4311576e-04
  -3.2282185e-03   4.0499914e-03   1.4415409e-02  -6.6993627e-04   5.4106104e-04   1.9370136e-04
   2.6620391e-03   9.2203747e-03  -1.6690383e-02  -5.6963727e-04   8.1091484e-04   2.7374803e-04
   5.9964639e-03   1.1791448e-03   2.5038714e-02  -6.2330301e-04   7.0057389e-04   3.3171719e-04
   2.2078161e-03  -1.0801484e-02   5.0324793e-02  -7.8268902e-04   7.2707606e-04   1.9549627e-04
   7.7194258e-03  -4.3104995e-03   3.0444946e-02  -1.7998727e-04   5.5777112e-04   4.7627665e-04
   1.3186571e-02   9.8862783e-03   9.7305443e-03  -2.8544399e-05   5.2756620e-04   4.0645562e-04
  -1.7326035e-03   1.1340495e-02   3.7121920e-02  -5.7779116e-04   7.9695970e-04   4.5256279e-04
   3.0747861e-03   3.8288339e-02   2.7244901e-02  -5.7735892e-04   8.3022887e-04   3.7796858e-04
   1.3553259e-02   1.9739220e-02   1.9639633e-02  -7.9020277e-04   1.3134079e-03   5.2871553e-04
   2.3222902e-02  -1.3433596e-02   2.1723685e-02  -6.0028404e-04   1.3410816e-03   7.3673019e-04
   2.4016936e-02   2.0179976e-02   3.9349073e-03  -2.7060841e-04   1.6620635e-03   6.9243276e-04
   3.2096627e-02   1.6470595e-03   1.0186091e-02  -3.5992466e-04   1.0560998e-03   8.0659932e-04
   4.1790877e-02   4.4153495e-02  -8.9913648e-03  -1.0750186e-04   9.4304266e-04   9.9482592e-04
   2.5557977e-02   3.4974793e-03   7.5467046e-03  -5.0641064e-04   1.1759256e-03   7.1097778e-04
   3.1436264e-02   3.8776849e-02   1.2122797e-02  -4.6057308e-04   1.3323200e-03   9.4220906e-04
   4.5327022e-02   4.8975468e-02  -1.2626064e-02  -1.8147551e-04   1.4381813e-03   1.1033002e-03
   4.3660570e-02   3.6593466e-02   1.2838278e-02  -3.3077228e-04   1.5193562e-03   1.1118774e-03
   3.5373264e-02   4.0500959e-02  -1.2555800e-02  -4.0563015e-04   1.8209004e-03   8.6438896e-04
   4.8292186e-02   3.7407552e-02  -8.1366470e-03  -1.2518652e-04   1.6034514e-03   1.1298655e-03
   4.6718634e-02   4.3422596e-02  -3.3414978e-03  -4.4214774e-04   1.6984375e-03   1.1865631e-03
   5.1542113e-02   1.9531597e-02  -3.4263664e-02   5.9091619e-04   2.2940426e-03   1.1723121e-03
   5.7747363e-02   4.4936192e-02  -6.0620058e-02   8.9979173e-04   2.3755655e-03   1.5082795e-03
   4.9641361e-02   3.6421724e-02  -6.7381660e-03   1.9556968e-04   2.3571774e-03   1.3893666e-03
   5.6965963e-02   3.6166096e-02  -5.4742788e-02   5.0968440e-04   2.5776658e-03   1.4649367e-03
   5.3500757e-02   7.0531364e-02  -4.7808526e-02   1.8471193e-04   2.7072933e-03   1.2879709e-03
   5.3622178e-02   8.6509514e-02  -4.5257011e-02   1.3929632e-05   2.9461255e-03   1.4800280e-03
   5.8761624e-02   8.1090299e-02  -3.5337941e-02   1.3804463e-04   2.7393558e-03   1.5451288e-03
   5.9528133e-02   8.1673221e-02  -5.9190690e-02   3.4380196e-04   2.6665188e-03   1.5837315e-03
   4.9354295e-02   5.9482375e-02  -4.6427897e-02   1.6780805e-06   2.9160947e-03   1.4300811e-03
   6.8016450e-02   4.3737850e-02  -5.5311688e-02  -5.4090023e-05   2.6231396e-03   1.6590219e-03
   6.2895382e-02   4.1575478e-02  -7.2729737e-02   7.4012299e-04   2.6160782e-03   1.5632828e-03
   5.9567765e-02   8.1211486e-02  -9.7486691e-02   1.0080251e-03   2.5245974e-03   1.3538090e-03
   7.6127374e-02   8.6281591e-02  -1.1409957e-01   7.5057614e-04   2.2193439e-03   1.4604044e-03
   8.0475321e-02   9.4056526e-02  -1.1697324e-01   1.1990681e-03   2.1889414e-03   1.7516994e-03
   6.4449661e-02   6.1261603e-02  -1.0261937e-01   5.9097175e-05   2.8730052e-03   1.1776485e-03
   7.0547812e-02   6.3052897e-02  -1.0515470e-01   8.5260941e-04   2.6787217e-03   1.4703797e-03
   6.3359486e-02   1.1497993e-01  -9.5818246e-02   1.7964455e-04   2.6560828e-03   1.3499030e-03
   4.8801674e-02   9.2828064e-02  -1.1916274e-01   9.0035474e-04   2.5452391e-03   1.1885169e-03
   5.6318589e-02   7.7118622e-02  -1.1229514e-01   7.9249868e-04   2.4252573e-03   1.4504660e-03
   4.4431869e-02   8.3605925e-02  -8.3978901e-02   2.8066102e-04   2.7480805e-03   1.1095914e-03
   5.8346511e-02   8.0305503e-02  -1.1200318e-01   1.1422672e-03   2.3549997e-03   1.4411395e-03
   4.1452992e-02   7.6823229e-02  -5.4753810e-02  -2.6655052e-04   2.9330050e-03   9.9339125e-04
   4.9507445e-02   6.9116286e-02  -4.8318933e-02   2.2979633e-04   2.7287665e-03   1.2455797e-03
   4.9650562e-02   8.7648162e-02  -5.1641628e-02  -2.4635821e-04   3.0571686e-03   1.1228035e-03
   4.9964133e-02   9.5989150e-02  -6.8374150e-02   1.1059703e-04   2.9253894e-03   1.1402500e-03
   4.3045309e-02   8.9169918e-02  -9.3287968e-02   3.0856488e-04   2.8923713e-03   9.1583568e-04
   4.4457851e-02   9.8996335e-02  -7.0374634e-02   1.2772749e-04   2.8355414e-03   1.1558424e-03
   4.8914257e-02   1.1462337e-01  -1.1151941e-01   7.3729811e-04   2.7897278e-03   1.1950075e-03
   4.2329534e-02   1.0053973e-01  -4.4519988e-02  -2.9559570e-04   3.0185106e-03   1.1040904e-03
   3.3873640e-02   1.1060929e-01  -9.9078708e-02   3.8573897e-04   3.4072713e-03   1.3042465e-03
   3.4139511e-02   8.1291764e-02  -7.6848061e-02   4.8480853e-04   3.4710484e-03   1.1343490e-03
   2.8600520e-02   9.8434295e-02  -3.5172119e-02  -1.2925446e-04   3.4617977e-03   8.9528071e-04
   3.6851722e-02   1.0238011e-01  -4.2062848e-02  -2.1435031e-04   3.3714039e-03   1.0629879e-03
   4.4236034e-02   1.3362388e-01  -3.4714862e-02  -3.8494761e-04   3.5907523e-03   1.2009346e-03
   3.7659740e-02   1.2131558e-01  -3.7620376e-02  -2.3175943e-04   3.2729183e-03   1.0600334e-03
   2.6324487e-02   1.6878275e-01  -7.2936173e-02   2.6042022e-04   3.7179948e-03   9.2543268e-04
   3.7175719e-02   1.2207236e-01  -6.9996615e-02  -7.3010412e-05   3.3475991e-03   1.0319665e-03
   4.9111634e-02   1.6343653e-01  -8.9002549e-02   6.4780060e-04   2.9413916e-03   1.1752751e-03
   3.6205259e-02   1.1883101e-01  -3.9851564e-02  -8.0288011e-04   3.7238485e-03   8.7900273e-04
   4.4498880e-02   1.4719486e-01  -5.3395087e-02  -4.9293066e-05   3.1684264e-03   1.1755619e-03
   4.0035603e-02   1.6547659e-01  -5.6311947e-02  -2.6314554e-04   3.4610756e-03   9.5603108e-04
   4.4138141e-02   1.6117385e-01  -6.1736755e-02  -1.5336770e-04   3.5555844e-03   1.0555696e-03
   4.8312640e-02   1.7279484e-01  -7.9545098e-02   9.5384487e-05   3.2175915e-03   1.1738636e-03
   4.5095761e-02   1.4663264e-01  -6.6429933e-02   9.0469075e-05   3.1769052e-03   1.3559399e-03
   5.2693802e-02   1.5998882e-01  -8.7699591e-02  -1.0138562e-04   3.4241405e-03   1.3047215e-03
   3.7524333e-02   1.3424067e-01  -7.0894166e-02   2.7713779e-04   3.6450875e-03   1.2779174e-03
   3.9103261e-02   1.8951747e-01  -7.3121755e-02   4.7185386e-04   3.5058411e-03   1.2447631e-03
   3.9413654e-02   1.7760452e-01  -7.1343046e-02  -3.3845243e-04   3.7720587e-03   7.6723216e-04
   4.1750209e-02   1.7873521e-01  -5.9156123e-02  -1.1865604e-04   3.6750957e-03   9.3299263e-04
   3.6650441e-02   1.5853226e-01  -2.9168819e-02  -6.0223576e-04   3.7249201e-03   8.3818577e-04
   2.8476645e-02   1.6219560e-01  -5.1627302e-02  -5.9325502e-05   3.7875525e-03   1.0283362e-03
   3.9302510e-02   1.6448709e-01  -4.2298613e-02   2.4166057e-04   3.6340797e-03   1.2453064e-03
   3.7209264e-02   1.4005789e-01  -6.7861259e-03  -5.8828933e-04   3.9008749e-03   1.2030410e-03
   3.8377652e-02   1.5709300e-01  -4.5380724e-02   1.4266447e-05   3.8564299e-03   1.2359662e-03
   3.5527161e-02   1.5130348e-01  -7.2331682e-02   8.5020810e-05   3.7993469e-03   1.3114736e-03
   3.0635492e-02   1.6965583e-01  -5.9848069e-02  -8.9707181e-05   3.7541323e-03   1.2551148e-03
   3.2136472e-02   1.6216156e-01  -1.5689394e-02  -7.1158327e-04   3.9607679e-03   1.0663251e-03
   4.0414937e-02   1.5358936e-01  -3.2896673e-02   7.9990989e-05   3.6902278e-03   1.2310876e-03
   3.8267448e-02   1.7341972e-01  -4.9947677e-02   1.7723185e-04   3.8260257e-03   1.2456617e-03
   2.0746113e-02   1.4342081e-01  -1.2253507e-02  -4.3710711e-04   3.5705438e-03   7.5655415e-04
   3.2578209e-02   1.9287480e-01  -5.9621375e-02   9.7040179e-05   3.4828217e-03   7.9973264e-04
   3.4253754e-02   1.8013437e-01  -5.7751235e-02  -4.5714294e-04   3.5810410e-03   5.9455422e-04
   3.0401275e-02   1.9285221e-01  -5.6135638e-02  -4.4250944e-04   3.7439064e-03   6.5656087e-04
   3.8974567e-02   1.8880853e-01  -5.2514203e-02  -1.8489169e-04   3.5422173e-03   8.6597492e-04
   3.5650908e-02   1.7101486e-01  -8.3857362e-02   1.0108615e-03   3.9037737e-03   1.2462755e-03
   3.4917098e-02   1.9494593e-01  -6.8208123e-02   1.5996658e-04   4.0202966e-03   1.1471755e-03
   3.5873237e-02   1.7708381e-01  -6.1491605e-02   5.2678994e-04   4.0276087e-03   1.4126885e-03
   2.5343744e-02   1.8566090e-01  -7.8636216e-02   7.6343739e-04   4.3661666e-03   9.2622511e-04
   3.4579853e-02   1.7455885e-01  -6.4419052e-02   4.4139689e-05   4.0667356e-03   1.0967103e-03
   2.4083988e-02   1.8541153e-01  -6.2058388e-02   4.8476575e-04   4.1171279e-03   9.2417242e-04
   3.8149195e-02   1.9212900e-01  -7.4322872e-02   3.5615261e-04   3.9816417e-03   1.2926691e-03
   3.1700409e-02   1.7055968e-01  -7.1604324e-02   3.6754715e-04   4.0165516e-03   1.1699144e-03
   1.5512899e-02   1.7278167e-01  -5.2162149e-02  -7.3043867e-05   4.3501490e-03   9.2574909e-04
   1.2427163e-02   1.9608524e-01  -7.6306131e-02  -1.5791353e-04   4.4209426e-03   8.6297973e-04
   2.0488275e-02   2.1943811e-01  -5.8107381e-02  -2.8178735e-04   4.4657669e-03   1.0098174e-03
   1.2315502e-02   1.8136849e-01  -5.1266870e-02   3.2139227e-06   4.4744642e-03   7.5985366e-04
   2.3500794e-02   1.9304275e-01  -6.6641707e-02   4.7336481e-04   4.3064992e-03   8.8213717e-04
   2.3941999e-02   1.7019036e-01  -6.5074513e-02  -6.3779903e-05   4.4289137e-03   9.4960184e-04
   1.9510941e-02   1.8881915e-01  -6.0001629e-02  -3.9576258e-05   4.4384920e-03   8.6465814e-04
   1.9807184e-02   1.8710730e-01  -4.1272112e-02  -4.5730398e-04   4.1992278e-03   1.0028253e-03
   1.6955950e-02   2.1702265e-01  -3.8794056e-02  -3.5998571e-05   4.1932838e-03   8.9090305e-04
   1.9365027e-02   2.1877312e-01  -4.0209684e-02   1.5621214e-04   4.3331233e-03   9.8664459e-04
   3.3857089e-02   2.1443291e-01  -1.7892109e-02  -3.3501177e-04   4.1201489e-03   1.2383942e-03
   1.8944396e-02   2.2459911e-01  -4.8651404e-02   5.6398242e-05   4.3570429e-03   1.0474264e-03
   1.7200055e-02   1.7418061e-01  -1.2418724e-02   8.4417212e-05   4.4282460e-03   9.1234642e-04
   2.2112618e-02   2.4424663e-01  -3.5406133e-02  -1.0037229e-05   4.4600643e-03   1.1473405e-03
   1.9081915e-02   2.2059934e-01  -3.4329298e-02   1.4679697e-06   4.2806962e-03   1.1271107e-03
   2.0268441e-02   2.3161572e-01  -2.7140582e-02  -1.1913437e-04   4.4157863e-03   1.1375944e-03
   2.0730822e-02   2.1176092e-01  -1.1026951e-02  -6.7108987e-04   4.5646138e-03   1.0432170e-03
   1.1027069e-02   1.8861381e-01  -2.2385743e-02   4.1197830e-04   4.4912914e-03   8.7081001e-04
   5.6298717e-03   2.1409980e-01  -3.8367572e-02  -2.8069973e-04   4.8363362e-03   1.0435028e-03
   1.2293958e-02   2.0372534e-01  -3.4545505e-02  -3.3230061e-05   5.0545746e-03   9.7758853e-04
   2.0887273e-02   1.9208651e-01  -3.9959723e-02   4.7894475e-04   5.1028624e-03   1.2166825e-03
   2.7493581e-02   2.3323998e-01  -5.8187733e-02   6.9817160e-04   4.5810471e-03   1.5092605e-03
   2.1537375e-02   2.4359793e-01  -2.6070626e-02  -4.0491387e-04   5.0796364e-03   1.3533803e-03
   1.6710005e-02   2.0246944e-01  -1.7238046e-02  -1.4618630e-04   5.0535228e-03   1.2141603e-03
   3.4723676e-02   2.0800799e-01  -1.0758392e-02  -2.9837385e-04   5.5261122e-03   1.3010759e-03
   3.7813804e-02   2.2780487e-01  -3.8717670e-02   4.5019258e-05   5.2314461e-03   1.5146441e-03
   4.1536523e-02   2.3688430e-01  -4.2374461e-02   3.2534215e-04   5.0052616e-03   1.6256486e-03
   3.0176025e-02   2.3197661e-01  -4.0318615e-02  -1.8101241e-04   5.4662531e-03   1.4474115e-03
   3.5087928e-02   2.5403410e-01  -4.4528843e-02   2.3352370e-04   5.8860044e-03   1.6055862e-03
   2.9634098e-02   2.2190132e-01  -3.8288818e-02   1.2748659e-04   5.6912273e-03   1.4066340e-03
   4.3077926e-02   2.3074209e-01  -1.6918866e-02  -3.7338720e-04   5.9700114e-03   1.6137848e-03
   4.6887834e-02   2.5176721e-01  -5.1063149e-02   1.9475672e-04   5.7392203e-03   1.6989634e-03
   4.6609940e-02   2.1215318e-01  -5.5812374e-02   5.9516310e-04   5.8065851e-03   1.4368526e-03
   3.6329295e-02   2.2176703e-01  -3.6990477e-02  -6.1601146e-05   6.0060145e-03   1.5124791e-03
   3.7059735e-02   2.5642570e-01  -6.6437772e-02   6.4427020e-04   5.7357725e-03   1.6079531e-03
   3.8631821e-02   2.1571997e-01  -4.5494832e-02   6.1808012e-05   6.0150260e-03   1.6553022e-03
   3.9901419e-02   2.5783299e-01  -8.2423499e-03  -4.7056393e-04   6.0173178e-03   1.6034400e-03
   5.3420190e-02   2.5205461e-01  -4.5486969e-02   4.4369481e-04   5.9323159e-03   1.8028898e-03
   5.7652121e-02   2.5902575e-01  -3.8012771e-02   8.8553249e-04   5.7273516e-03   1.9805017e-03
   3.6590206e-02   2.3925224e-01  -2.0352907e-02  -8.3819150e-05   5.9122002e-03   1.5395876e-03
   3.9086543e-02   2.5646517e-01  -3.3862476e-02   1.8339797e-04   5.9105907e-03   1.6043915e-03
   3.3414247e-02   2.6298847e-01  -2.3757221e-02  -4.0136475e-04   6.0001629e-03   1.6467796e-03
   4.7922330e-02   2.6829613e-01  -4.5030440e-02  -1.5400133e-04   6.1618432e-03   1.5753662e-03
   3.3430369e-02   2.6121371e-01  -4.6212551e-02  -9.0811303e-05   5.7521253e-03   1.3553990e-03
   2.7824328e-02   2.4365940e-01  -2.0138081e-03  -5.3604877e-04   5.6094065e-03   1.3163941e-03
   4.8374873e-02   2.5622140e-01  -4.3015978e-02   1.5435568e-04   5.8541111e-03   1.6635692e-03
   4.2157690e-02   2.5752792e-01  -3.5337020e-02  -2.4246238e-04   5.7387396e-03   1.6901635e-03
   3.5717641e-02   2.7293174e-01  -2.9361083e-02  -3.0735971e-04   6.1782252e-03   1.4621004e-03
   3.2788154e-02   2.5171931e-01  -3.0946709e-02  -1.2672547e-04   6.2388354e-03   1.4986624e-03
   2.9496091e-02   2.8184031e-01  -1.4382220e-02  -3.9237042e-04   6.4072907e-03   1.4083887e-03
   2.2550866e-02   2.7550169e-01  -2.8323464e-02  -1.1626364e-04   6.3317657e-03   1.1767551e-03
   3.4255524e-02   2.7027922e-01  -1.6131802e-02  -8.6942062e-05   6.3791001e-03   1.3657967e-03
   1.3522966e-02   2.6561032e-01  -2.1689498e-02  -6.9668119e-04   6.6142534e-03   1.1226764e-03
   1.7066268e-02   2.9726228e-01  -2.0624003e-02  -4.8858780e-04   6.7481741e-03   1.2327387e-03
   5.2968714e-03   2.4464745e-01   4.8359355e-03  -6.5710831e-04   6.9823926e-03   1.0237687e-03
   2.1329768e-02   2.3821205e-01  -2.4996054e-02   6.8215040e-05   6.6639600e-03   1.3921651e-03
   1.1502378e-02   2.7697757e-01  -3.1179955e-02  -2.2857873e-04   6.9404981e-03   9.6064168e-04
   9.0352278e-03   2.7100573e-01  -2.0258827e-02  -6.4891859e-04   6.6749984e-03   1.0279102e-03
   2.1664889e-02   3.0425511e-01  -2.6352611e-02  -1.4163425e-04   6.5901643e-03   1.0931468e-03
   1.5986889e-02   2.7992104e-01   2.1353601e-03  -1.1201672e-03   7.0675966e-03   9.2323798e-04
   1.1892909e-02   2.9105598e-01  -3.6012247e-03  -7.2745708e-04   6.9436172e-03   7.3530167e-04
   1.3032237e-02   3.0966235e-01  -1.5175966e-02  -5.7066265e-04   6.8792575e-03   9.4282681e-04
   3.0835962e-02   2.8733084e-01  -2.3329827e-02  -1.2850357e-04   6.8996519e-03   1.2631050e-03
   1.5777122e-02   2.3154958e-01   2.3305706e-02  -8.8260554e-04   7.3684151e-03   1.0006750e-03
   1.6397743e-02   2.4844160e-01  -6.2334756e-03  -2.8185684e-04   7.0326648e-03   1.1292921e-03
  -1.7408855e-03   2.6346399e-01   3.8577095e-03  -5.5671055e-04   7.1802436e-03   8.4784916e-04
   1.2074504e-02   2.5976177e-01  -1.4453920e-02   3.2985251e-04   7.3106310e-03   1.0072586e-03
  -4.0270315e-03   2.5029580e-01   1.2525491e-02  -7.1570445e-04   7.3096931e-03   7.6018141e-04
   3.5995692e-03   2.6484752e-01  -3.5759769e-02   6.3097351e-04   7.5753864e-03   8.3083064e-04
  -4.7438187e-03   2.4863317e-01  -1.5588745e-02  -2.7042716e-04   7.6403028e-03   7.5906613e-04
  -2.6838629e-03   2.6110950e-01   7.8406592e-03  -6.0227930e-04   7.6956690e-03   7.8146180e-04
  -3.0452009e-02   2.3309774e-01   1.9031019e-02  -8.1161200e-04   7.2671771e-03   4.2293452e-04
  -7.3285178e-02   2.6227101e-01   5.1248921e-02  -1.8161593e-03   6.9401006e-03  -3.1729985e-04
  -1.0982323e-01   2.5195263e-01   1.0081781e-01  -2.2507144e-03   6.9532388e-03  -5.3668486e-04
  -1.4192887e-01   2.5687781e-01   1.2224984e-01  -2.6990398e-03   7.0491407e-03  -9.2798194e-04
  -1.4642813e-01   2.3761199e-01   1.5076806e-01  -3.1814568e-03   7.6054920e-03  -8.7275365e-04
  -1.6908833e-01   2.4179257e-01   1.4059252e-01  -2.9536049e-03   7.7272316e-03  -1.0131481e-03
  -1.6755787e-01   2.7199883e-01   1.0641503e-01  -2.6852711e-03   7.8961793e-03  -1.1467294e-03
  -1.6429961e-01   2.6857215e-01   1.1431325e-01  -3.2943351e-03   8.5211790e-03  -1.0438426e-03
  -1.6738814e-01   2.7615767e-01   1.3776047e-01  -3.1352231e-03   8.3576065e-03  -1.0678146e-03
  -1.6772518e-01   2.5584962e-01   1.5559550e-01  -3.9599074e-03   8.6561677e-03  -1.2704182e-03
