   0.0000000e+00   0.0000000e+00   1.4210855e-14   0.0000000e+00   0.0000000e+00   0.0000000e+00
  -1.4833161e-02   4.6447117e-03   3.9190009e-02  -6.6857938e-04   5.3353105e-04   1.0831525e-03
  -9.4900071e-03   8.9821124e-03   5.5049546e-02  -1.5730926e-03   1.5174991e-04   1.8251343e-03
  -1.8909700e-02   3.5972076e-02   4.2080146e-02  -1.8600077e-03   4.8103599e-04   2.1088043e-03
   1.0066830e-04  -1.6021253e-02   4.5763249e-02  -1.4540002e-03   5.0906938e-04   2.1035001e-03
  -1.3588846e-03  -1.8175274e-02   5.9759209e-02  -2.5116709e-03   7.4151969e-04   1.7282765e-03
   1.6915121e-02  -6.3727970e-02   4.8508503e-02  -2.5603628e-03   1.1377347e-03   2.3328926e-03
   1.1365425e-02   1.0131786e-02   6.0998959e-02  -3.5002619e-03   1.1068675e-03   2.1500583e-03
   3.4090981e-03  -3.4848549e-02   6.3046502e-02  -2.8611949e-03   1.2339400e-03   2.2034906e-03
  -1.2187249e-03   6.8801990e-03   7.5742610e-02  -3.9563281e-03   1.2096611e-03   2.0399717e-03
   5.0030198e-04  -2.7521441e-02   6.8254688e-02  -4.4538846e-03   1.5980391e-03   1.8854390e-03
   6.0043700e-03  -3.7642969e-02   9.7997096e-02  -5.4745664e-03   1.3335536e-03   1.9273696e-03
  -6.3081945e-05  -3.8308447e-02   7.5064965e-02  -3.7849674e-03   1.4382219e-03   1.7243901e-03
   1.4488130e-02  -5.2635745e-02   4.9794076e-02  -3.4325976e-03   1.4700726e-03   1.8253261e-03
   8.0776217e-03   1.7923088e-02   7.1013461e-02  -5.7781607e-03   1.4383528e-03   1.7748229e-03
   1.3654924e-02   2.5816250e-02   4.9758672e-02  -4.2082464e-03   1.2916772e-03   1.8869019e-03
   2.6466392e-02  -6.8194052e-03   4.9057832e-02  -4.0333599e-03   1.4381193e-03   2.1279010e-03
   1.3588282e-02   2.9995256e-03   8.1416079e-02  -5.9105094e-03   1.5344818e-03   2.3081462e-03
   1.2711773e-02   5.3855755e-03   9.9455509e-02  -5.8636621e-03   1.4524893e-03   1.7935649e-03
   4.4803623e-03   1.7252985e-02   6.2505579e-02  -5.4713487e-03   1.5304145e-03   1.9401335e-03
   1.0043496e-02  -2.0939162e-02   9.7132755e-02  -6.2853171e-03   1.6466384e-03   1.8402607e-03
   1.7114228e-03   4.6981803e-03   8.7282042e-02  -6.1758342e-03   1.8084163e-03   1.5402340e-03
   2.3747976e-02  -1.1142341e-02   5.6528204e-02  -3.4218997e-03   1.5979521e-03   1.7858193e-03
   1.7480159e-02   6.8510789e-02   6.3071048e-02  -5.1430715e-03   1.3144669e-03   1.4918433e-03
   2.7869293e-02   4.5026573e-02   6.3682815e-02  -5.7904160e-03   1.4466743e-03   1.8905586e-03
   2.1389468e-02   2.4093098e-02   8.9363189e-02  -6.1387389e-03   1.7755070e-03   1.8026671e-03
   3.6679130e-02   3.6048734e-02   8.6518309e-02  -6.6739961e-03   1.5595493e-03   2.1309320e-03
   3.3541656e-02   4.2124059e-02   6.1027984e-02  -6.2157142e-03   1.6786384e-03   1.8888414e-03
   1.7633102e-02   8.6295965e-03   3.8285965e-02  -4.4203899e-03   1.7497741e-03   1.8614586e-03
   2.1499206e-02  -1.4555800e-02   4.1890876e-02  -4.3848197e-03   1.8328234e-03   1.9554268e-03
   1.8597909e-02   4.2234160e-02   7.6107122e-02  -6.1800611e-03   1.9018726e-03   1.5402300e-03
   2.1428643e-02   3.4034138e-02   8.1713596e-02  -5.6854230e-03   1.6865862e-03   1.8413357e-03
   1.9775386e-02   2.4026950e-02   8.0480914e-02  -5.6076533e-03   1.8213243e-03   2.0058071e-03
   1.5129374e-02   5.2610915e-02   1.0385141e-01  -6.9898107e-03   1.9868879e-03   1.8860534e-03
   2.3873406e-02   6.5189808e-02   9.2028349e-02  -6.1094728e-03   1.8377492e-03   1.8622880e-03
   2.2226451e-02   4.6583403e-02   8.3638267e-02  -5.7649049e-03   1.9129534e-03   1.6640486e-03
   2.8707682e-02   5.9037157e-02   9.8620571e-02  -6.1461463e-03   1.8130535e-03   1.7844182e-03
   2.4262579e-02   9.4960646e-02   8.1729452e-02  -7.2045267e-03   1.8340185e-03   1.6160738e-03
   1.9819235e-02   1.0333056e-01   7.2537633e-02  -6.4598424e-03   1.6836705e-03   2.0003250e-03
   2.4251960e-02   5.7813073e-02   6.2702620e-02  -5.5134782e-03   2.0324964e-03   1.8379652e-03
   3.1614365e-02   6.7071467e-02   9.7039065e-02  -8.1379533e-03   1.8517944e-03   2.0267332e-03
   2.3997226e-02   6.4512836e-02   8.2009243e-02  -7.4488175e-03   1.9997735e-03   1.5060847e-03
   3.6556205e-02   8.2723866e-02   6.3509895e-02  -7.0912886e-03   1.6522655e-03   1.9212077e-03
   3.7314380e-02   8.0978056e-02   3.6317354e-03  -4.4545591e-03   1.7445275e-03   1.6272209e-03
   2.7448405e-02   1.2077626e-01   3.4920098e-02  -6.6383273e-03   1.6898118e-03   1.5730961e-03
   3.4248027e-02   1.0000960e-01   5.1259645e-02  -5.8696780e-03   1.6591834e-03   2.0669288e-03
   3.1200730e-02   7.4871318e-02   7.6953852e-02  -7.5216012e-03   1.8445379e-03   1.6189987e-03
   3.6713676e-02   7.1141448e-02   4.1433022e-02  -5.8332128e-03   1.6711810e-03   1.7621312e-03
   2.5887206e-02   7.5445430e-02   5.8812449e-02  -6.1208154e-03   1.8896559e-03   1.2721574e-03
   2.5237155e-02   5.6194945e-02   6.5011905e-02  -6.2255875e-03   1.8183010e-03   1.4376378e-03
   2.2775125e-02   1.0250527e-01   3.6901786e-02  -6.3307688e-03   1.6647832e-03   1.4944654e-03
   1.7538948e-02   1.2528538e-01   4.4141855e-02  -6.9877965e-03   1.6434604e-03   1.1687094e-03
   1.4027391e-02   1.5418064e-01   6.4375163e-02  -7.2365420e-03   1.6006926e-03   1.3593821e-03
   1.9617999e-02   1.2969777e-01   7.1355279e-02  -7.8069101e-03   1.6356331e-03   1.3700179e-03
   2.0599576e-02   1.2920087e-01   3.7883617e-02  -7.1661594e-03   1.5502174e-03   1.9913806e-03
   2.9192057e-02   1.3251904e-01   2.6906123e-02  -6.1594902e-03   1.6732937e-03   1.9369449e-03
   2.9136179e-02   1.2560507e-01   8.0074351e-02  -8.0492722e-03   1.6649866e-03   1.3625332e-03
   3.4136617e-02   1.4533720e-01   3.1892223e-02  -6.7373710e-03   1.5623091e-03   1.6595049e-03
   3.0074622e-02   1.4377454e-01   4.2488773e-02  -7.1339629e-03   1.6748258e-03   1.3663206e-03
   2.7523156e-02   1.7222159e-01   3.0153180e-02  -6.4901695e-03   1.6441777e-03   1.4399661e-03
   2.1214598e-02   1.7565124e-01   5.7290315e-02  -7.5236880e-03   1.9460188e-03   1.3790084e-03
   2.2369002e-02   1.5406621e-01   2.2534992e-03  -5.3885036e-03   2.4898689e-03   1.3334382e-03
   2.3306107e-02   1.5962890e-01   3.8853187e-02  -6.6122026e-03   2.3133013e-03   9.8689015e-04
   2.3154646e-02   1.1100169e-01   2.3704125e-02  -6.6174031e-03   1.9645281e-03   1.2732876e-03
   2.6280280e-02   1.0233051e-01   1.5053968e-02  -5.9961780e-03   2.0510128e-03   1.0891027e-03
   2.1368485e-02   9.4876312e-02   2.8336369e-02  -6.6445652e-03   2.1773775e-03   1.0456819e-03
   2.0560382e-02   1.8104955e-01   1.7625761e-02  -5.3909784e-03   2.0888782e-03   7.9218244e-04
   1.0822426e-02   1.3624152e-01   1.6528729e-03  -5.8274732e-03   2.4531638e-03   5.8887124e-04
   2.5190088e-02   1.6547516e-01   1.9593227e-03  -5.5295551e-03   2.1786116e-03   7.9996086e-04
   2.1662381e-02   1.6807183e-01   1.0534902e-02  -6.8329288e-03   1.9474042e-03   9.8951548e-04
   2.8337974e-02   1.4460834e-01  -4.8731683e-03  -5.5594531e-03   1.7969373e-03   9.7230546e-04
   1.7081326e-02   1.7059221e-01   4.5445315e-02  -7.2389774e-03   2.0582647e-03   7.3132402e-04
   2.4115224e-02   1.3341869e-01   5.0833972e-03  -5.6683789e-03   1.7916144e-03   8.4754388e-04
   2.4594932e-02   1.4522197e-01   1.6862404e-02  -5.4094776e-03   2.0414271e-03   5.7211627e-04
   2.4947430e-02   1.9631096e-01  -2.4943333e-02  -4.7424480e-03   1.8273514e-03   8.7797834e-04
   3.2118782e-02   1.7430993e-01  -1.9825986e-02  -3.9828097e-03   1.9680102e-03   7.9186544e-04
   1.6082401e-02   1.9334823e-01   4.5744195e-03  -5.2547643e-03   2.0224028e-03   6.8004914e-04
   6.5591669e-03   1.5583809e-01   2.1478630e-02  -4.5136360e-03   1.9972991e-03   6.6159261e-04
   1.1443425e-02   2.1515835e-01   9.9414832e-03  -4.5136750e-03   2.0343909e-03   6.0416816e-04
   2.0665987e-02   1.7527757e-01  -3.8985575e-02  -3.3940572e-03   1.9791157e-03   4.6801425e-04
   2.6509873e-02   1.6444381e-01   1.0660017e-02  -5.5680666e-03   1.6371426e-03   5.9569852e-04
   4.7801472e-02   1.4518694e-01  -3.5213944e-02  -4.1671914e-03   1.5060967e-03   7.7704759e-04
   3.9983958e-02   1.4808942e-01  -4.6203670e-02  -4.8067131e-03   1.5041069e-03   7.7791718e-04
   4.0383675e-02   2.0357015e-01  -1.2497281e-02  -6.7233220e-03   1.0814173e-03   1.0410462e-03
   2.7889009e-02   2.0652929e-01   9.6010567e-03  -6.2146923e-03   1.2480460e-03   8.0100704e-04
   3.1027776e-02   1.8737374e-01   1.5664490e-02  -5.9950594e-03   9.8763628e-04   1.1915730e-03
   3.8370024e-02   1.5793620e-01  -1.9212775e-02  -5.3833432e-03   1.0481301e-03   1.2313438e-03
   3.6544602e-02   2.1393379e-01  -8.3351414e-03  -6.7256572e-03   8.8708354e-04   8.2658893e-04
   4.3753167e-02   1.9557196e-01  -1.6747566e-02  -6.7325307e-03   8.0309801e-04   1.2586366e-03
   2.7825690e-02   2.2275191e-01   4.7533608e-03  -4.9943600e-03   1.0972000e-03   5.2105029e-04
   2.5919821e-02   2.6432116e-01  -6.1534010e-02  -2.9875515e-03   9.0154108e-04   7.2310478e-04
   2.3800338e-02   2.8558086e-01  -3.4426252e-02  -4.8361077e-03   8.2164460e-04   9.5886236e-04
   3.4928580e-02   2.6372951e-01  -3.9838562e-02  -3.6109513e-03   1.0116422e-03   1.2235716e-03
   4.5438303e-02   1.8858115e-01  -1.8618961e-02  -4.7190784e-03   1.0653368e-03   1.4170389e-03
   2.9531858e-02   2.2585109e-01  -4.9970647e-02  -4.5048985e-03   1.1542388e-03   1.2321234e-03
   3.9471604e-02   2.5523061e-01  -6.6760202e-03  -4.9223355e-03   1.0645932e-03   1.5485793e-03
   3.6864470e-02   2.2691176e-01  -8.0412139e-03  -4.7684742e-03   1.1034368e-03   1.5630474e-03
   6.1599796e-02   2.1820911e-01  -2.1881771e-02  -4.5838490e-03   5.3090954e-04   1.8962630e-03
   4.7502223e-02   2.4252282e-01  -5.5681076e-02  -3.3818755e-03   9.6982646e-04   1.5480054e-03
   4.4169926e-02   3.0616948e-01  -5.1608198e-02  -5.3172173e-03   8.0775879e-04   1.6260407e-03
   4.7964062e-02   2.5429520e-01  -1.7048863e-02  -4.7133577e-03   9.9637997e-04   1.6118494e-03
   4.1334606e-02   2.5249772e-01  -4.2803495e-02  -5.4868554e-03   1.1261956e-03   1.7304726e-03
   4.7512472e-02   2.2704647e-01  -3.5443062e-02  -4.3407963e-03   1.1568075e-03   1.7942420e-03
   5.3494818e-02   1.9279601e-01  -6.7661678e-02  -2.9771895e-03   1.0289240e-03   1.3937184e-03
   5.0353504e-02   2.3472660e-01  -3.5204288e-02  -4.0412260e-03   1.0911139e-03   1.6150595e-03
   3.9065091e-02   1.8548183e-01  -4.0272853e-02  -3.6413634e-03   1.2332212e-03   1.4518913e-03
   2.2035372e-02   2.6784258e-01  -5.1880370e-02  -3.9211038e-03   1.2443130e-03   1.2594392e-03
   1.7275796e-02   1.8711790e-01  -3.0298321e-02  -3.4784848e-03   1.4165353e-03   1.4857635e-03
   1.6329570e-02   2.7331060e-01  -1.8451920e-02  -3.9760291e-03   1.1682056e-03   8.8952633e-04
   3.3627414e-02   2.3378039e-01  -6.6581052e-02  -3.3642075e-03   1.0026698e-03   1.5328997e-03
   2.1914684e-02   2.8700295e-01  -2.6429057e-02  -4.3599443e-03   1.1331486e-03   1.4962072e-03
   2.2900479e-02   2.6814003e-01  -5.7233395e-02  -3.3364307e-03   1.3951664e-03   1.4028330e-03
   2.4077550e-02   2.9199153e-01  -3.2373713e-02  -4.0000464e-03   1.3693726e-03   1.5195147e-03
   2.7352177e-02   2.4296302e-01  -5.6237139e-02  -3.7537611e-03   1.6057674e-03   1.0629408e-03
   3.8486543e-02   2.0021447e-01  -3.8076893e-02  -4.6725455e-03   1.6282290e-03   1.2421036e-03
   3.1056712e-02   2.5378643e-01  -3.4816035e-02  -3.8334564e-03   1.4864253e-03   1.3735382e-03
   3.7041185e-02   2.1423899e-01  -4.5051204e-02  -4.1598283e-03   1.6732205e-03   1.5616997e-03
   2.5965410e-02   2.5578704e-01  -4.6290452e-02  -4.1848044e-03   1.3829228e-03   1.1746401e-03
   3.3820549e-02   2.5015674e-01  -7.1087250e-02  -3.5666016e-03   1.3354344e-03   1.0528401e-03
   3.0411777e-02   2.9857196e-01  -5.9908326e-02  -4.3673549e-03   1.2579961e-03   1.4822029e-03
   4.3230301e-02   2.3592703e-01  -6.6281859e-02  -3.9805583e-03   1.3186772e-03   1.7397828e-03
   3.3008383e-02   3.3640027e-01  -2.3436227e-02  -5.8669671e-03   1.2935377e-03   1.8330576e-03
   4.4719879e-02   2.7112385e-01  -4.4640420e-03  -5.8028817e-03   1.0122895e-03   2.1667138e-03
   3.4479792e-02   2.9333253e-01  -1.7403336e-02  -6.5359938e-03   1.1897227e-03   1.7719917e-03
   7.1730296e-02   3.0078044e-01  -7.9532539e-02  -5.0059333e-03   7.1188950e-04   1.9700721e-03
   8.3454471e-02   3.1883395e-01  -1.4501811e-01  -3.4673287e-03   4.6694523e-04   1.9443993e-03
   7.2381886e-02   3.2386712e-01  -1.2091478e-01  -4.6421832e-03   4.6743328e-04   2.1063315e-03
   6.9121939e-02   3.3474669e-01  -1.2130941e-01  -4.4994401e-03   4.4428234e-04   1.9999849e-03
   6.6637481e-02   2.8502867e-01  -1.0649513e-01  -3.9597036e-03   3.8429252e-04   1.9828664e-03
   6.4985259e-02   2.9113630e-01  -1.3705334e-01  -4.0282147e-03   3.3465455e-04   1.6848484e-03
   6.4655269e-02   2.8838165e-01  -1.3243148e-01  -5.1741796e-03   1.5850258e-04   1.5620088e-03
   6.0683250e-02   2.8344906e-01  -1.7122623e-01  -2.8822923e-03   2.4340927e-04   1.4473622e-03
   6.1558353e-02   3.4027897e-01  -1.7790744e-01  -2.6879963e-03   5.2722124e-05   1.6826907e-03
   6.2387100e-02   3.2434459e-01  -1.6954790e-01  -3.7722715e-03   3.5792625e-04   1.5440107e-03
   5.6831809e-02   3.4759881e-01  -1.3265351e-01  -4.6519210e-03   2.1223509e-04   1.6825039e-03
   6.0827730e-02   3.2804230e-01  -1.4013045e-01  -3.3527284e-03   1.1845123e-04   1.8330334e-03
   5.1292811e-02   3.1594916e-01  -1.5757091e-01  -3.7087362e-03   2.4006928e-04   1.3955523e-03
   6.2955409e-02   2.4151648e-01  -1.5900711e-01  -3.9343496e-03   2.8353849e-04   1.5966258e-03
   6.1922628e-02   3.0405591e-01  -1.8455910e-01  -4.1943051e-03   2.9164114e-04   1.4873550e-03
   6.9025048e-02   3.3350092e-01  -1.6888394e-01  -4.5074688e-03   1.1255078e-04   1.7151240e-03
   4.8735120e-02   3.6580846e-01  -1.8350910e-01  -3.1546348e-03   3.8431802e-04   1.3688056e-03
   4.7063652e-02   2.8925960e-01  -1.8796336e-01  -2.2014667e-03   3.2945575e-04   1.6666736e-03
   4.9519238e-02   3.0429532e-01  -1.7506782e-01  -2.8875297e-03   4.4486678e-04   1.5244291e-03
   5.4212635e-02   3.0565971e-01  -1.4685573e-01  -5.6330971e-03   2.8824835e-04   1.4424160e-03
   4.1985613e-02   3.4036888e-01  -1.6908029e-01  -4.1667362e-03   4.4654279e-04   1.2019792e-03
   5.3131003e-02   2.7029165e-01  -1.4647129e-01  -4.9183083e-03   5.7953637e-04   1.1252134e-03
   4.1514902e-02   2.5579583e-01  -1.2413873e-01  -4.7698105e-03   1.1810484e-03   1.1424204e-03
   3.5964761e-02   3.1429617e-01  -1.3419423e-01  -5.3537520e-03   8.3687203e-04   1.2580416e-03
   3.8740803e-02   2.9188180e-01  -1.5572420e-01  -3.6603490e-03   5.8084258e-04   1.2348581e-03
   4.2093785e-02   3.3515663e-01  -1.6482204e-01  -5.3828322e-03   5.2358343e-04   9.0388971e-04
   4.1067758e-02   2.8174061e-01  -2.1452673e-01  -2.8647643e-03   3.9629275e-04   1.2034801e-03
   4.5611025e-02   3.9460700e-01  -1.1445057e-01  -6.3000389e-03   6.2386518e-04   1.2271605e-03
   3.5093009e-02   3.0466329e-01  -1.6583785e-01  -1.6423552e-03   1.2503020e-04   1.2384908e-03
   5.2137643e-02   3.2963873e-01  -4.3201732e-01   8.7060221e-03  -8.4833102e-06  -1.2136917e-03
   5.7742403e-02   4.0964328e-01  -2.7690353e-01   3.1233885e-03   1.2504239e-03  -5.9005359e-04
   5.1015692e-02   4.1189965e-01  -2.6744460e-01   3.7888279e-03   1.3769358e-03  -8.5598578e-04
   5.7071464e-02   4.2473449e-01  -2.3887103e-01   1.0442403e-03   1.2855941e-03  -5.1434426e-04
   5.7353295e-02   3.8342795e-01  -2.5648995e-01   7.8218469e-04   1.5403727e-03  -4.4051648e-04
   6.6760485e-02   3.9450568e-01  -2.3363806e-01  -4.4198843e-04   1.2417648e-03   1.9514209e-04
   7.2377901e-02   3.1890620e-01  -2.5929874e-01   6.1913849e-04   1.2129619e-03   1.4207197e-04
   7.1144800e-02   3.9832085e-01  -2.1976825e-01  -1.9159675e-03   1.2416249e-03   4.1563209e-04
   7.5964952e-02   3.3841313e-01  -2.1642729e-01  -1.3030328e-03   1.0165979e-03   7.4825485e-04
   6.9691032e-02   3.8066630e-01  -1.9541051e-01  -2.8983311e-03   1.0956909e-03   3.5365482e-04
   7.7780488e-02   2.9101215e-01  -2.5410249e-01  -1.8506017e-03   6.1509649e-04   7.1919096e-04
   6.5371040e-02   3.7084325e-01  -2.3896204e-01  -2.8374008e-03   1.2691031e-03   1.8710324e-05
   8.0815156e-02   3.6036152e-01  -2.4373206e-01  -2.4489105e-03   9.1538552e-04   3.4984864e-04
   7.9190796e-02   3.3921280e-01  -2.4175748e-01  -2.5923369e-03   8.3322279e-04   2.8090882e-04
   7.6786867e-02   3.5195230e-01  -2.0632592e-01  -3.5621074e-03   1.0583830e-03   1.7442656e-04
   6.9051501e-02   3.3431019e-01  -2.3548577e-01  -3.4091063e-03   1.1349743e-03   2.0017292e-04
   7.7544391e-02   3.8456760e-01  -2.3362514e-01  -3.7289765e-03   1.0712247e-03   3.9478631e-04
   7.5820821e-02   3.2050725e-01  -2.2137024e-01  -3.9682807e-03   1.1723552e-03   5.1138196e-04
   6.9362237e-02   4.0067215e-01  -2.1167451e-01  -3.9255331e-03   8.9535821e-04   4.5112178e-04
   7.1868117e-02   3.7632399e-01  -1.8912779e-01  -4.8053825e-03   4.5661679e-04   6.1500181e-04
   7.0480774e-02   3.7526565e-01  -1.6936256e-01  -4.5423365e-03   9.6320284e-04   5.1240650e-04
   8.5422812e-02   3.3828315e-01  -2.1246913e-01  -4.4134139e-03   1.1728352e-03   3.7460506e-04
   9.0128694e-02   3.8389886e-01  -1.9518493e-01  -4.5873950e-03   7.8923995e-04   5.3162573e-04
   8.0850870e-02   3.8544477e-01  -2.1751038e-01  -3.6509099e-03   8.5726513e-04   1.1664032e-04
   7.2054561e-02   3.9590346e-01  -2.2051785e-01  -3.4480731e-03   1.0719534e-03   1.6426289e-04
   8.8128714e-02   3.5061170e-01  -2.1576427e-01  -2.1901290e-03   1.2458838e-03   3.0698896e-04
