   0.0000000e+00   4.0819290e-15  -7.1054274e-15   0.0000000e+00   0.0000000e+00   0.0000000e+00
  -1.3530253e-02  -1.2839169e-01  -2.1268972e-01   6.8158879e-04  -5.6218378e-04  -6.6950230e-04
  -1.9957400e-02  -1.2843838e-01  -4.4659849e-02  -5.8073798e-04  -3.7581985e-04  -3.1709694e-04
  -4.4588952e-02  -1.8255831e-01  -6.7308687e-02  -3.5858368e-04  -2.6839995e-04  -9.8174298e-04
  -3.2495506e-02  -1.4440148e-01   1.5281088e-01  -4.4632029e-04   7.1901945e-04  -9.0179892e-04
  -6.2412334e-02  -1.6744307e-01   5.1694604e-02   9.9686471e-04  -1.4911578e-05  -8.3786736e-04
  -7.7473966e-02  -1.7359320e-01   6.5662730e-02   1.9197881e-03   2.3152689e-04  -1.5909203e-03
  -1.0989503e-01  -1.7060294e-01   2.5300866e-02   1.2839300e-03  -7.6502965e-04  -1.6513504e-03
  -1.0126663e-01  -1.4358623e-01   9.1453937e-02   1.9709887e-03  -2.1170330e-04  -1.6588128e-03
  -1.4765406e-01  -1.1393589e-01   5.0837384e-02   8.3935264e-04  -2.6281519e-04  -2.2163259e-03
  -1.0322449e-01  -5.2409994e-02   1.0250270e-01   1.1974473e-03   4.6009708e-05  -1.5266142e-03
  -1.2689616e-01  -1.2367724e-01   1.2291324e-01   6.6065657e-04   4.6438740e-04  -1.8333083e-03
  -1.4172203e-01  -9.7421026e-02   6.1354539e-02   1.5707950e-03   1.3102411e-04  -2.0164366e-03
  -1.5196908e-01  -1.4577349e-01   1.6348439e-02   1.7257997e-03   9.2489939e-05  -2.1315696e-03
  -1.3773527e-01  -1.7567029e-02   1.2517295e-01   4.0392121e-03   5.6532470e-04  -2.0462166e-03
  -1.2218913e-01  -1.0598554e-01   1.0618714e-01   9.5800764e-04  -4.2074113e-04  -1.5123533e-03
  -1.5038751e-01  -1.5649371e-01   8.9933867e-03   1.8388695e-03  -1.4364279e-04  -2.1723446e-03
  -1.3868951e-01  -1.4179664e-01   1.2392699e-01   5.8567088e-04  -6.2129515e-04  -1.4340678e-03
  -1.6502891e-01  -1.1843588e-01   8.7381820e-02   1.2765904e-03   8.0128587e-05  -2.1559729e-03
  -2.0041931e-01  -8.3070655e-02   1.1714352e-01   2.7898268e-03   6.0480323e-05  -2.3470143e-03
  -2.1204914e-01  -9.8755663e-02   2.6732735e-01   7.4646786e-04   5.7088920e-04  -2.4079600e-03
  -2.8552369e-01   5.5256174e-02   2.5897165e-01   1.4805523e-03   1.9825614e-03  -3.4708722e-03
  -2.4287455e-01  -1.3140984e-01   3.1433954e-02   1.2531026e-03   7.8648218e-06  -2.8140318e-03
  -2.2343253e-01  -1.1444439e-01   5.3194447e-02   1.0496740e-03   1.1768708e-04  -2.8837211e-03
  -2.2777024e-01  -1.3956624e-01  -3.5941692e-02   1.2429718e-03  -4.7211613e-04  -2.8544267e-03
  -2.6259921e-01  -1.5806241e-01   1.8512536e-01   6.4313551e-04   1.0267116e-03  -3.5889398e-03
  -2.2417517e-01  -6.8793743e-02   1.9039682e-01   1.4303035e-03   1.1404874e-03  -3.1958268e-03
  -2.1815775e-01  -1.3463765e-01   9.4391382e-02   1.2886217e-03   8.9560147e-04  -3.2635599e-03
  -2.8675723e-01   8.9666958e-02   3.0233153e-01   1.8559310e-03   1.9626051e-03  -3.4517626e-03
  -1.7836686e-01  -8.8151280e-02   1.0441688e-01   1.6964007e-03  -2.6512219e-04  -2.1397962e-03
  -1.9704858e-01  -1.3439002e-01   3.1455992e-02   2.3098420e-03   4.3309809e-04  -2.7915249e-03
  -1.9886265e-01  -9.6517770e-02  -3.1679485e-02   2.0524139e-03  -9.8440633e-05  -2.7437782e-03
  -2.3332214e-01  -7.3165330e-02   2.4824435e-01   1.1414931e-03   1.6993306e-03  -3.6599152e-03
  -2.0432954e-01  -3.6383654e-02   1.9522673e-01   1.0844026e-03   1.0380481e-03  -3.0540158e-03
  -2.4304607e-01  -1.3263087e-01   1.5086635e-01   1.4696880e-03   1.0053109e-03  -3.2879215e-03
  -2.7469272e-01   1.7101223e-01   3.2796361e-01   2.3538033e-03   2.3049856e-03  -3.5815980e-03
  -1.7596271e-01  -3.7413084e-02   1.5957290e-03   2.8672385e-03   4.3762562e-04  -3.0118404e-03
  -1.9380581e-01  -8.3682054e-02  -2.9842281e-02   3.0224760e-03   1.7429723e-04  -2.9838056e-03
  -2.1533595e-01  -9.8392111e-02  -3.6564213e-02   2.6703172e-03   1.7704068e-04  -2.9412235e-03
  -2.1539416e-01  -7.5606808e-02  -5.9332197e-02   3.4416879e-03   6.7092700e-04  -3.2436943e-03
  -2.1381378e-01  -9.6894756e-02  -9.3075808e-02   3.2513491e-03  -1.9283349e-04  -3.0197243e-03
  -2.5635121e-01  -1.5778821e-02   1.3721304e-01   2.6479273e-03   1.3038560e-03  -3.9623840e-03
  -2.8016419e-01   9.6875066e-02   2.2707068e-01   1.4886262e-03   1.9612461e-03  -3.7048899e-03
  -2.2992895e-01  -2.0489804e-02   3.5033757e-02   1.3690836e-03   3.1911749e-04  -3.2291680e-03
  -2.4222026e-01  -2.7029411e-02   5.9389257e-02   1.8741220e-03   5.1478964e-04  -2.9685652e-03
  -2.6414436e-01  -5.6376532e-02   4.1337556e-02   2.1909353e-03   3.5075667e-04  -2.9937773e-03
  -2.5257137e-01  -4.9932444e-02   1.1992930e-01   2.5296090e-03   1.1045097e-03  -3.2446156e-03
  -2.6657086e-01  -3.4452425e-02   2.8290672e-01   1.5050048e-03   1.5573713e-03  -2.9696951e-03
  -2.5676105e-01  -1.7464172e-02   8.0149962e-02   3.1101795e-03   1.2545042e-03  -3.0412412e-03
  -2.2725790e-01  -6.2582464e-02   3.0298954e-02   2.2210175e-03   7.6062733e-04  -2.5906857e-03
  -2.6218111e-01   1.3153431e-01   2.0627572e-01   3.4411227e-03   1.7457637e-03  -2.9222052e-03
  -2.3660647e-01   5.3822515e-02   1.5433219e-01   2.5157787e-03   1.5209169e-03  -2.5525483e-03
  -2.2611400e-01  -4.9425151e-02  -1.8519509e-02   3.0984670e-03   6.8901593e-04  -2.6718522e-03
  -2.2086624e-01  -3.2041040e-02   1.5130294e-02   2.6416777e-03   7.0733351e-04  -2.4046114e-03
  -2.3247799e-01  -5.9186379e-03  -4.0054879e-02   3.6862052e-03   1.0097461e-03  -2.5903337e-03
  -2.4230216e-01   5.5355606e-02  -1.1699728e-02   4.7957943e-03   8.4401073e-04  -2.6851189e-03
  -2.7241453e-01  -6.5841009e-02   1.2727665e-02   2.8452610e-03   7.0233442e-04  -3.2137215e-03
  -2.8818931e-01  -4.5231383e-02  -7.6224730e-03   4.5473615e-03   1.6419758e-03  -3.6716672e-03
  -2.6965311e-01  -6.9398073e-03   1.3855975e-02   3.2161910e-03   1.9773836e-03  -3.1129025e-03
  -2.6184889e-01   3.9925532e-01   3.4084375e-01   4.7259433e-03   3.8075473e-03  -3.2281060e-03
  -1.7699620e-01   1.9244502e-01   6.2985334e-02   3.7280910e-03   1.7492728e-03  -2.2784695e-03
  -1.6998603e-01   5.6445579e-02  -1.7255963e-01   5.5650716e-03   1.1592904e-03  -2.0779699e-03
  -1.6120366e-01  -2.4296604e-02  -1.2236426e-01   4.5478207e-03   1.6730169e-03  -1.7756314e-03
  -1.8707486e-01  -3.7740609e-03  -1.0293152e-02   4.5908556e-03   2.0990946e-03  -2.1013222e-03
  -1.8707934e-01  -2.8910605e-03  -6.9887811e-02   3.0463874e-03   1.6007971e-03  -2.1400390e-03
  -2.1028472e-01   9.7289787e-02   1.5091071e-01   3.8283144e-03   2.7206311e-03  -2.7566577e-03
  -1.8913721e-01   5.2199044e-02  -1.3061449e-03   3.9463369e-03   2.3859218e-03  -2.0425901e-03
  -1.9319733e-01   1.4071171e-02  -1.3596429e-02   3.5238724e-03   1.9965519e-03  -2.0116733e-03
  -1.8361920e-01   5.6969690e-02  -3.7449335e-02   3.5261596e-03   1.9097336e-03  -1.9413889e-03
  -1.9650363e-01   4.8081394e-02  -8.3490505e-02   3.6390051e-03   1.7575737e-03  -1.8041581e-03
  -1.7129755e-01   9.0982692e-02  -5.1040614e-02   5.8437836e-03   1.9953780e-03  -2.0594424e-03
  -1.7620536e-01   4.2467816e-02  -4.8130555e-02   3.2229807e-03   2.0741037e-03  -1.8985845e-03
  -1.9585378e-01   1.3181634e-01   1.2532067e-01   4.7936689e-03   2.5029399e-03  -2.0335208e-03
  -2.4217957e-01   9.6776395e-02   6.6654106e-03   3.5882136e-03   2.6421248e-03  -2.3390246e-03
  -2.1909238e-01   8.4807508e-02  -7.6390023e-02   4.6038915e-03   1.8353799e-03  -2.1391005e-03
  -2.1383915e-01   8.8815239e-02  -1.5747875e-02   2.8882568e-03   2.1736058e-03  -2.0103124e-03
  -2.2073969e-01   4.6309926e-02   1.0227991e-01   3.5924628e-03   3.1731512e-03  -2.0962626e-03
  -2.2151579e-01   1.2315982e-02   6.1238918e-02   2.5831809e-03   3.0455808e-03  -2.6065482e-03
  -2.2118087e-01   7.3199533e-03  -8.8628268e-03   3.7162671e-03   3.2460812e-03  -2.0759963e-03
  -1.4671413e-01   4.8175090e-02  -7.4380552e-02   5.4389016e-03   3.4400625e-03  -1.5427568e-03
  -1.5023384e-01   8.7384932e-02  -4.4631216e-02   3.6536919e-03   3.6502490e-03  -8.3388513e-04
  -1.9755829e-01   1.6160269e-01   8.3287767e-02   6.4096846e-03   4.0322159e-03  -1.5074806e-03
  -2.0560127e-01   8.7491890e-02   1.2996845e-02   4.6381075e-03   3.2246367e-03  -1.1612454e-03
  -2.2462365e-01   1.2826142e-01   2.3188455e-02   4.8491251e-03   4.1772806e-03  -1.7482468e-03
  -2.2341676e-01   3.0202268e-01   1.4651956e-01   4.6105921e-03   4.8874224e-03  -1.1566691e-03
  -1.6870557e-01   1.0131769e-01  -6.7831756e-02   5.4975787e-03   3.5336452e-03  -5.4980176e-04
  -2.0205593e-01   7.0990937e-02  -1.3713948e-01   5.3016253e-03   3.6363273e-03  -1.4118272e-03
  -1.8438475e-01   2.7577168e-02  -1.7302634e-01   5.3718724e-03   3.4428535e-03  -9.7740866e-04
  -2.0545955e-01   3.4119816e-01   2.5464339e-01   4.9044836e-03   4.4681342e-03  -1.2354836e-03
  -1.5685150e-01   1.5944860e-01   1.7684690e-01   4.3118056e-03   3.5444672e-03  -7.0282346e-04
  -1.6767898e-01   9.2229704e-02   1.3217311e-02   5.0387834e-03   3.8419008e-03  -1.0319058e-03
  -1.3986629e-01   9.4904925e-02  -1.9000975e-01   6.9284875e-03   3.2423484e-03   5.7775192e-05
  -1.6392114e-01   6.9761550e-02  -3.6827351e-02   4.4435793e-03   3.8367395e-03  -2.7005340e-04
  -1.4655653e-01   7.6916110e-02  -1.0433222e-01   5.0964724e-03   3.4767014e-03  -1.9037172e-04
  -1.4680808e-01   4.1293093e-01   1.4398917e-01   5.5413866e-03   4.6877872e-03  -1.0368978e-05
  -1.5632409e-01   4.1875508e-01   8.4826152e-02   4.4813369e-03   4.7922930e-03  -4.7941977e-04
  -1.5022680e-01   2.2180100e-01  -3.4750441e-01   7.3983784e-03   3.8271631e-03  -9.6922996e-05
  -1.6453581e-01   1.8624977e-01  -1.9708879e-01   4.6086827e-03   3.5683221e-03   1.0731618e-04
  -1.7407519e-01   9.7262518e-02  -1.8930282e-01   5.6651412e-03   3.6117318e-03  -2.9481907e-04
  -1.8230304e-01   8.7287860e-02  -2.2196757e-01   6.0156901e-03   3.1523187e-03  -6.2729200e-05
  -2.2102958e-01   9.2661597e-02   9.1845357e-03   3.4983352e-03   4.7946298e-03  -5.8072654e-04
  -1.9525774e-01   2.2673429e-01   2.1127466e-01   3.4455755e-03   5.2316625e-03  -4.0904453e-04
  -2.1924512e-01   1.1345350e-01  -7.0690138e-02   5.5668337e-03   4.2728204e-03  -5.6135904e-04
  -2.6891460e-01   3.7034704e-01   1.2807089e-01   5.6271748e-03   4.4990470e-03  -6.9759335e-04
  -2.5483367e-01   1.9266418e-01  -3.6972456e-02   4.4613956e-03   3.9295813e-03  -3.5005662e-04
  -2.1422395e-01   1.4829435e-01  -1.8450599e-01   5.3015869e-03   2.9038844e-03  -3.6914280e-05
  -2.4233197e-01   1.5482507e-01  -7.7711025e-03   3.5450823e-03   3.7408198e-03  -4.6343388e-04
  -2.0077136e-01   3.8928280e-01   1.6966441e-01   4.5218054e-03   5.4685874e-03  -3.4009981e-04
  -1.8183038e-01   1.9616974e-01   5.3203084e-02   4.3106306e-03   4.0645201e-03  -9.6705742e-05
  -2.0524885e-01   1.3304633e-01  -2.0039677e-01   5.1491020e-03   3.8693340e-03  -5.3860617e-04
  -2.1452840e-01   1.7736605e-01  -1.6850641e-01   4.9101096e-03   3.9800984e-03  -4.4684635e-04
  -1.9316157e-01   1.4155324e-01  -1.0164221e-01   3.9228672e-03   4.4213531e-03  -5.4117994e-04
  -1.7912942e-01   2.1725613e-01   5.4337595e-02   3.6386142e-03   4.8325275e-03  -3.2183736e-04
  -1.5793875e-01   1.6378755e-01  -1.8628207e-01   4.6778108e-03   3.8925232e-03   1.2291423e-04
  -2.5817445e-01   4.0002863e-01   3.2400448e-01   4.2895633e-03   5.6726398e-03  -8.5865938e-04
  -2.3855859e-01   4.3827148e-01  -6.3389540e-03   3.9300507e-03   4.9888500e-03  -1.6418528e-03
  -1.2118719e-01   2.0217582e-01  -3.8829456e-01   6.9660022e-03   3.1697643e-03  -8.4061290e-05
  -9.6548167e-02   1.8920805e-01  -2.1909514e-01   5.0933335e-03   3.0012748e-03   4.7573372e-04
  -1.2709685e-01   1.5687319e-01  -2.9305404e-01   6.4212749e-03   3.5780038e-03  -2.9254095e-04
  -1.2034864e-01   1.2568339e-01  -2.2059006e-01   6.2884990e-03   3.2480434e-03  -2.7224744e-04
  -1.3631092e-01   1.5141309e-01  -1.9012406e-01   5.1101458e-03   3.6596120e-03  -4.0835807e-04
  -9.0439393e-02   2.2960509e-01  -1.3462118e-01   6.5384301e-03   3.5391826e-03   3.3755822e-04
  -1.1977915e-01   2.4227422e-01  -1.9206269e-01   6.4866455e-03   3.0051429e-03   7.2945067e-05
  -1.1162980e-01   2.3505164e-01  -2.6269367e-01   6.5396387e-03   2.6076379e-03   5.4477733e-04
  -1.3346582e-01   3.0514306e-01  -1.0412568e-01   6.8453119e-03   2.9949242e-03  -1.4573837e-05
  -2.0255373e-01   3.4466717e-01   6.4127377e-03   4.0820890e-03   3.0147002e-03  -1.0233753e-03
  -1.6540886e-01   1.7693859e-01  -1.4093140e-01   6.5507167e-03   2.9268294e-03  -3.9964541e-04
  -2.1832731e-01   7.0177567e-02  -9.2646658e-02   5.1146239e-03   3.3140900e-03  -8.8376333e-04
  -2.5831736e-01   1.0753147e-01  -6.8887393e-02   3.0826520e-03   3.5680634e-03  -1.7823724e-03
  -2.4781697e-01   1.6837272e-01   1.0075438e-01   3.5458294e-03   4.2365358e-03  -1.1692364e-03
  -2.3153104e-01   1.3622609e-01  -1.3447407e-01   5.3243914e-03   3.6911340e-03  -7.1654265e-04
  -2.1557594e-01   1.4022909e-01  -9.8962427e-02   4.6982634e-03   3.9876948e-03  -8.2703977e-04
  -2.1918424e-01   1.6917435e-01  -1.2276698e-01   6.0521577e-03   3.6085889e-03  -5.3821188e-04
  -2.1235472e-01   2.5586615e-01  -1.3488384e-01   6.6443603e-03   3.7409269e-03  -3.2202928e-04
  -2.0110334e-01   1.9714116e-01  -1.9631589e-01   6.4579264e-03   3.4979578e-03  -2.4728033e-04
  -2.3955097e-01   2.5619296e-01  -1.5174291e-01   6.7250382e-03   3.7640287e-03  -1.1857126e-03
  -1.9588852e-01   2.3344434e-01  -7.6854341e-02   4.2911554e-03   3.1685304e-03  -3.9703717e-04
  -2.4154298e-01   3.2481141e-01   3.1199460e-02   5.9289579e-03   4.1041979e-03  -5.8206925e-04
  -2.2491132e-01   4.2092886e-01   6.1388275e-02   4.3744689e-03   3.4665199e-03   1.0441192e-04
  -1.9986369e-01   2.7720912e-01   1.1762786e-02   4.6565275e-03   3.4738236e-03  -8.2843883e-05
  -2.0104367e-01   3.0496726e-01  -3.9626334e-02   4.2907602e-03   3.2927675e-03   4.3662485e-04
  -2.1256533e-01   3.0496702e-01  -3.7084755e-02   5.2808791e-03   3.0046615e-03   3.3908931e-04
  -2.0579264e-01   2.8026062e-01  -1.1847803e-01   5.5805851e-03   2.7640098e-03   9.1780243e-04
  -2.0580301e-01   3.7114080e-01  -1.9102751e-02   7.6486605e-03   3.5461887e-03   3.1025000e-04
  -2.0086812e-01   3.2401365e-01  -6.9818916e-02   4.8404293e-03   3.0086408e-03   6.7142282e-04
  -1.7771670e-01   2.7751175e-01   9.9883482e-02   5.5921637e-03   3.8429108e-03   5.6228093e-04
  -1.8513551e-01   3.4447794e-01   1.2337681e-01   3.7075314e-03   3.5354887e-03   1.2605824e-03
  -1.7930680e-01   3.1562946e-01  -2.0803125e-02   4.6455467e-03   2.1393422e-03   1.7670524e-03
  -1.8090143e-01   3.1487515e-01   5.3096884e-02   4.4303262e-03   2.3523321e-03   1.6789592e-03
  -1.9919387e-01   3.5844745e-01   1.2786529e-01   3.5820368e-03   2.7499670e-03   1.9550904e-03
  -2.0000991e-01   3.4853680e-01   1.5085364e-01   4.7012604e-03   3.0142629e-03   1.6642075e-03
  -1.9304606e-01   3.3061810e-01  -1.7188110e-02   6.4860698e-03   2.8864599e-03   1.7199520e-03
  -1.9252972e-01   3.6351808e-01   2.2737097e-01   4.5342296e-03   2.9515962e-03   1.8067753e-03
  -2.2252931e-01   3.1169951e-01   2.4963025e-01   2.8569695e-03   3.4467488e-03   1.7581104e-03
  -2.6992477e-01   4.5810393e-01   4.4937578e-01   1.6162334e-03   4.2297666e-03   1.7504175e-03
  -2.2063856e-01   4.0932898e-01   2.3020914e-01   3.2147191e-03   2.8764676e-03   2.3110936e-03
  -2.7689795e-01   5.3160409e-01   4.0283869e-01   3.1173531e-03   4.4056003e-03   1.1554733e-03
  -4.1170561e-01   8.5004788e-01   6.3548835e-01   3.1633040e-03   4.6958834e-03   2.4155820e-04
  -2.5690199e-01   5.6222517e-01   2.4136195e-01   3.9416905e-03   2.4965922e-03   1.3517184e-03
  -2.6650810e-01   4.1047982e-01   2.5830034e-01   3.0587449e-03   1.9101184e-03   1.8679055e-03
  -2.6508605e-01   3.7613988e-01   1.7025011e-01   3.1056621e-03   1.6600266e-03   1.8964998e-03
  -2.6521964e-01   3.5181189e-01   1.8838974e-01   2.9002397e-03   1.8910461e-03   2.1663224e-03
  -2.6060063e-01   2.9586703e-01   1.4964905e-01   2.8350867e-03   1.8494135e-03   2.0168027e-03
  -2.6635064e-01   3.8174755e-01   1.9401670e-01   2.4411137e-03   2.5023585e-03   2.0739631e-03
  -2.5497011e-01   3.4744021e-01   5.1053385e-02   2.7420950e-03   1.8785185e-03   2.1000105e-03
  -2.5614189e-01   4.8370916e-01   6.7112349e-02   4.7000288e-03   2.3447059e-03   2.1631552e-03
  -2.3321425e-01   4.7764517e-01   3.0448521e-02   3.8628488e-03   2.3703381e-03   2.3482003e-03
  -2.7573430e-01   4.2282006e-01   2.9610448e-02   3.2204930e-03   2.5579284e-03   1.7658328e-03
  -2.5363105e-01   4.2255653e-01  -3.5131175e-02   3.6768824e-03   2.0218768e-03   2.4034266e-03
  -2.7827274e-01   4.2552550e-01  -8.6872527e-03   4.2790104e-03   2.7146452e-03   2.1612432e-03
  -2.6338588e-01   4.2848930e-01  -3.8032265e-02   4.3221717e-03   2.3975258e-03   2.3816599e-03
  -2.8933836e-01   4.4417064e-01   9.5996478e-02   3.5770992e-03   2.7904052e-03   2.0832064e-03
  -2.7972835e-01   4.5223994e-01   4.8630732e-02   4.2289561e-03   2.8480555e-03   2.8545864e-03
  -3.0023511e-01   4.9962168e-01   1.0708171e-01   5.5366971e-03   3.6655456e-03   2.1630236e-03
  -3.4817412e-01   5.7779372e-01   7.9149756e-02   3.5575206e-03   3.8688877e-03   1.3473788e-03
  -2.5957394e-01   4.5270652e-01  -1.1756592e-01   4.9819012e-03   2.1095642e-03   2.8314181e-03
  -3.0564634e-01   4.7428031e-01  -9.2241604e-02   4.5870642e-03   2.2585837e-03   2.4096963e-03
  -2.9986550e-01   4.4980928e-01  -9.7599734e-02   5.1551843e-03   2.3762432e-03   2.8849231e-03
  -3.0170491e-01   4.7293617e-01  -1.3259490e-01   7.2568816e-03   2.5898524e-03   2.5590326e-03
