   0.0000000e+00   0.0000000e+00   7.1054274e-15   0.0000000e+00   0.0000000e+00   0.0000000e+00
  -2.4469455e-03   2.8946962e-02   8.4841503e-02  -8.4592884e-04   5.4391630e-04  -7.4156735e-04
  -6.3331411e-02  -2.1630575e-02   9.5557709e-02  -2.9227181e-03   7.8376073e-04  -1.3987104e-03
  -5.2669994e-02  -6.8861989e-02   1.0599961e-01  -2.8210047e-03   2.6748594e-04  -1.0221790e-03
  -9.4932986e-02  -6.9839146e-02   1.0031527e-01  -3.1816835e-03   3.0325740e-04  -1.3375582e-03
  -7.9989815e-02  -4.0248484e-02   1.5134924e-01  -4.0454287e-03   3.7570893e-04  -1.5638308e-03
  -6.3611629e-02  -4.7577158e-02   1.8169349e-01  -3.9015568e-03   5.2343322e-04  -1.1162966e-03
  -9.0773269e-02  -4.0709762e-02   1.6188401e-01  -3.2917299e-03   8.8185783e-04  -1.3377164e-03
  -7.0435089e-02  -3.1811168e-02   1.5836811e-01  -2.9406798e-03   8.8367663e-04  -8.4473883e-04
  -5.9457817e-02  -2.9307774e-02   1.7634840e-01  -2.8474698e-03   1.2717335e-03  -8.2515481e-04
  -4.7172121e-02  -4.3119243e-02   1.7288624e-01  -2.6887973e-03   1.0534885e-03  -3.0045888e-04
  -6.8545222e-02  -3.0397050e-02   1.9980241e-01  -2.9548447e-03   1.0613043e-03  -9.0971495e-04
  -6.1481844e-02  -4.3836662e-02   2.1292638e-01  -2.2621908e-03   8.0964786e-04  -5.0228988e-04
  -2.9281835e-02   1.3066574e-02   2.3666620e-01  -1.4000674e-03   1.3312163e-03  -1.4033945e-03
  -4.8201012e-02  -1.1254142e-02   2.4781890e-01  -1.6208770e-03   1.1316592e-03  -1.6698114e-03
  -3.5593785e-02  -2.8972164e-02   2.4721220e-01  -2.0568149e-03   4.8196687e-04  -5.1498734e-04
  -4.1884176e-02  -1.8383186e-02   2.2662922e-01  -1.5692176e-03   8.5144270e-04  -7.0038329e-04
  -5.0899534e-02  -3.0587306e-02   2.9803586e-01  -1.5687022e-03   1.3462372e-03  -1.6825748e-04
  -4.1998471e-02  -3.8904872e-02   3.0238028e-01  -1.3274403e-03   1.5577301e-03  -4.6691261e-05
  -3.3024596e-02  -4.6523369e-02   2.9004489e-01  -1.1626567e-03   1.4334339e-03   5.0476276e-04
  -3.9149715e-02  -4.4944170e-02   3.0740120e-01  -1.4004592e-03   1.5902758e-03  -5.6135306e-05
  -4.1850616e-02  -4.2713434e-02   2.9350397e-01  -1.4469755e-03   1.4679424e-03   3.8089267e-04
  -6.6190432e-02  -2.1644774e-02   2.8382451e-01  -1.3725905e-03   1.4926820e-03   3.2900351e-05
  -5.6102122e-02  -1.4470449e-02   2.9065675e-01  -1.3137596e-03   1.3943408e-03   3.7746648e-04
  -4.6495787e-02  -1.3380113e-02   2.7059872e-01  -4.4526419e-04   1.4037833e-03   5.0511253e-04
  -6.2155319e-02  -5.2576708e-03   2.9231175e-01  -1.1034553e-03   1.6378112e-03   7.3478265e-05
  -4.8459486e-02  -2.2940983e-02   2.9798897e-01  -6.6078112e-04   1.6695128e-03   4.2283730e-04
  -6.7354427e-02  -2.7677838e-02   3.0595356e-01  -8.4282404e-04   1.9362627e-03   2.9115130e-04
  -5.4309349e-02  -3.1920581e-02   2.9372530e-01  -4.3549791e-04   1.6986485e-03   7.3817400e-04
  -6.7098686e-02  -2.8285514e-02   3.2984371e-01  -1.1132169e-03   1.4049394e-03   4.8431173e-04
  -7.0247941e-02  -1.7062201e-02   3.4176930e-01  -7.4475317e-04   1.8977501e-03   3.3667631e-04
  -6.4932633e-02  -1.4902561e-02   3.2007592e-01   1.0914936e-04   1.8560044e-03   1.3614446e-04
  -6.7836060e-02  -1.0368111e-02   3.1229161e-01   7.6292841e-04   1.7728576e-03   4.3411251e-04
  -5.4967875e-02  -2.4917790e-02   3.4901528e-01  -3.9368868e-04   2.0354076e-03   7.5285320e-04
  -9.2862644e-02  -4.3720596e-02   3.4351708e-01   4.3389546e-04   2.3424419e-03   9.6487037e-04
  -1.0387837e-01  -1.1474619e-02   3.7998936e-01  -1.0341695e-04   1.9893079e-03   6.6109229e-04
  -1.1812460e-01  -1.5419416e-02   3.6243786e-01   3.6453715e-04   2.4177127e-03   5.3838239e-04
  -1.3290938e-01  -3.1298940e-04   3.5727747e-01   5.1530460e-04   2.4555304e-03   3.6380346e-04
  -1.1273529e-01  -5.0672969e-03   3.6761759e-01   8.0458796e-04   2.3318446e-03   5.9678013e-04
  -9.9596065e-02   3.2727561e-03   3.8732580e-01   6.6054857e-04   2.4423351e-03   7.4358079e-04
  -1.1470803e-01  -1.3273965e-02   3.8123584e-01   8.2299607e-04   2.8744837e-03   4.7575762e-04
  -1.5377394e-01  -1.8996577e-02   3.8144971e-01   5.0143825e-04   2.7543262e-03   1.6347787e-04
  -1.2800872e-01  -2.0786747e-02   3.7890187e-01   1.1052380e-03   2.8242320e-03   6.7987478e-04
  -1.2477587e-01  -2.1255677e-02   3.9171754e-01   6.9757770e-04   3.0264281e-03   9.0362447e-04
  -1.3957772e-01  -1.6094268e-02   4.0388003e-01   7.7504958e-04   2.7816247e-03   7.9088698e-04
  -1.4733569e-01  -1.6470044e-02   3.9652103e-01   8.5672550e-04   2.7573172e-03   8.3719712e-04
  -1.3120956e-01   2.0699169e-03   3.8634049e-01   1.5350223e-03   2.9833658e-03   7.2406940e-04
  -1.7362739e-01   1.4044503e-03   4.1867776e-01   6.5638131e-04   3.3760041e-03   4.8404001e-05
  -1.1965358e-01  -1.3045215e-02   3.8656848e-01   1.7678997e-03   3.0067322e-03   8.1059609e-04
  -1.1065574e-01  -9.5896583e-03   3.9167989e-01   1.3569759e-03   3.1280582e-03   1.2483272e-03
  -1.1668955e-01  -1.2767896e-02   4.2789954e-01   8.9375714e-04   3.3207510e-03   9.7313436e-04
  -1.4978977e-01  -1.8887384e-02   4.1870516e-01   7.6798549e-04   3.1262044e-03   7.2398226e-04
  -1.5925617e-01   1.2128748e-02   3.9784974e-01   1.8610593e-03   2.9980822e-03   3.5800736e-04
  -1.5253575e-01   1.0468927e-02   4.0590200e-01   1.8736124e-03   3.5137933e-03   4.1344096e-04
  -1.0935289e-01   1.6745585e-02   4.2842395e-01   1.3150981e-03   2.9306526e-03   9.3312764e-04
  -1.0983903e-01   2.0989783e-02   4.2810647e-01   1.2751644e-03   2.8486589e-03   1.0066491e-03
  -1.1207021e-01  -2.2454335e-03   4.3889380e-01   9.3582082e-04   3.4738410e-03   1.2829971e-03
  -1.8252978e-01   2.9873012e-03   4.5399397e-01   6.3082242e-04   3.4192004e-03   4.3770737e-04
  -1.5437601e-01  -1.5039434e-03   4.4160030e-01   1.0777477e-03   3.3279780e-03   9.6091904e-04
  -1.8420589e-01   1.0639955e-02   4.6062213e-01   7.8397613e-04   3.2977522e-03   3.4423488e-04
  -2.0874770e-01   1.3862982e-02   4.4839408e-01   7.4808019e-04   3.8560143e-03   3.1042471e-04
  -1.8548341e-01   1.1571158e-02   5.0906146e-01  -1.2245313e-04   3.8019760e-03   2.6445077e-04
  -2.0276534e-01   5.9575593e-04   4.8460972e-01   7.6683315e-04   4.4423310e-03   2.5407879e-05
  -1.7848583e-01   9.4957879e-03   5.4184530e-01   1.5237685e-04   3.7418504e-03   3.6768230e-04
  -1.0869252e-01   5.8808406e-02   6.3654585e-01  -1.2528270e-03   2.9169130e-03  -1.1890801e-03
  -1.7427597e-01   2.6016663e-02   5.5025624e-01  -1.0171379e-03   3.5006152e-03   3.4143318e-05
  -1.6596656e-01   4.0937933e-02   5.7517293e-01  -6.1540094e-04   3.5842027e-03   2.5194588e-04
  -1.7361644e-01   1.2853457e-02   5.9793412e-01  -3.6479258e-04   4.1996910e-03   7.8061748e-04
  -1.5849720e-01   1.9321722e-02   5.9206682e-01   2.4799473e-04   3.6961520e-03   9.8232024e-04
  -1.6132179e-01   1.8205468e-02   5.8165742e-01   3.2169688e-04   3.8667874e-03   1.0846347e-03
  -1.8809109e-01   2.0862033e-02   5.8641698e-01   2.2525017e-04   4.4140456e-03   1.0324805e-04
  -1.7152314e-01   1.4777135e-02   5.5285830e-01   5.3305808e-04   4.5470479e-03   5.2123376e-04
  -1.8192293e-01   2.9941647e-02   5.8451854e-01  -3.7322810e-04   4.4259670e-03   1.8133197e-04
  -1.9699883e-01   3.7364284e-02   5.5283694e-01   5.1452708e-04   4.4559556e-03  -1.6333456e-04
  -1.9760161e-01   3.3357250e-02   5.7759656e-01  -3.9515582e-04   4.7454662e-03   2.9430948e-04
  -1.9552193e-01   4.3151597e-02   5.3310487e-01   1.7060154e-04   4.4933718e-03   3.3514401e-04
  -1.9045244e-01   6.2425080e-02   5.7660838e-01  -8.1046030e-04   4.7959771e-03   2.0214946e-04
  -2.0228959e-01   4.5561832e-02   4.7388923e-01   1.1289301e-03   5.0726729e-03   1.5720135e-04
  -2.4675268e-01   4.5418144e-02   4.8626151e-01   6.1672337e-04   5.3316740e-03  -2.2292257e-04
  -2.2236136e-01   2.8200536e-02   5.6389419e-01  -3.5294359e-04   5.7330452e-03   6.0697883e-04
  -2.4764698e-01   4.2022970e-02   5.6046380e-01   1.8741698e-04   5.9951579e-03   3.2968658e-04
  -2.5274511e-01   3.3541203e-02   5.7609712e-01   4.4232897e-04   5.6623819e-03   6.9749382e-04
  -2.4531311e-01   7.1988856e-02   5.7736675e-01  -3.0953309e-04   5.8878070e-03  -7.2802128e-04
  -2.5763409e-01   6.5969460e-02   5.8027637e-01  -5.5704267e-04   6.1045576e-03  -6.4684762e-04
  -2.5452224e-01   4.3386909e-02   6.1086343e-01  -7.3200936e-04   5.5635526e-03   2.8079742e-04
  -2.6694350e-01   5.1349429e-02   6.4347607e-01  -1.2584375e-03   6.2778472e-03  -2.0662982e-05
  -2.6621327e-01   5.5034141e-02   6.4501326e-01  -9.7467529e-04   5.9896331e-03   2.2390824e-04
  -2.8316016e-01   7.2712873e-02   6.4858181e-01  -8.3719827e-04   6.2785019e-03  -5.0610901e-04
  -2.9803122e-01   8.1838001e-02   6.4219454e-01  -1.0310937e-03   6.5129780e-03  -6.7517082e-04
  -2.7868856e-01   5.1173880e-02   6.3778171e-01  -4.9830484e-04   6.2372449e-03  -2.8614847e-04
  -3.0871292e-01   5.8624105e-02   6.6218896e-01  -9.3035765e-04   6.1245051e-03   1.0733500e-06
  -3.3476078e-01   6.7006711e-02   7.1160150e-01  -2.0971243e-03   7.1935444e-03  -8.3021707e-04
  -3.2050217e-01   1.0679288e-01   6.8498770e-01  -7.6825964e-04   6.5347175e-03  -1.0419919e-03
  -3.1185002e-01   2.3380391e-01   7.3175768e-01  -9.6224693e-04   6.7714558e-03  -7.5058578e-04
  -3.3073878e-01   1.8195535e-01   7.0304272e-01  -1.1302202e-03   6.9342533e-03  -5.7683873e-04
  -3.3189190e-01   1.5218552e-01   7.0587305e-01  -1.3479308e-03   7.2869275e-03  -7.0927577e-04
  -3.4585784e-01   1.4928438e-01   6.7914054e-01  -9.3596659e-04   6.6680849e-03  -7.0276763e-04
  -3.3928324e-01   1.4118148e-01   6.9058859e-01  -1.3831409e-03   6.8261109e-03  -5.9826276e-04
  -3.4490474e-01   1.4831191e-01   7.3408150e-01  -1.6946427e-03   6.9500729e-03  -1.1176231e-03
  -3.4844911e-01   1.4135869e-01   7.3623173e-01  -1.9628407e-03   6.9171844e-03  -1.0789436e-03
  -3.6311370e-01   1.4880057e-01   7.2744539e-01  -1.9539398e-03   6.9869349e-03  -1.1462154e-03
  -3.5976347e-01   1.4509675e-01   7.3232191e-01  -2.0042508e-03   7.0857935e-03  -9.0710342e-04
  -3.6579323e-01   1.5347752e-01   7.3006477e-01  -1.1527022e-03   6.4450000e-03  -1.4719812e-03
  -3.7064849e-01   1.5898417e-01   7.2316243e-01  -1.3071838e-03   6.7315321e-03  -1.3019761e-03
  -3.9121037e-01   1.4971935e-01   7.1138475e-01  -1.2938039e-03   7.4462471e-03  -1.7251276e-03
  -3.9691705e-01   1.5185607e-01   6.9390183e-01  -1.4289501e-03   7.4985565e-03  -2.1200816e-03
  -3.7161568e-01   1.3841316e-01   7.1141091e-01  -1.4973287e-03   6.8214890e-03  -1.3702163e-03
  -3.8299139e-01   1.3311764e-01   7.2216448e-01  -1.2132251e-03   6.7487291e-03  -1.1665105e-03
  -3.9100567e-01   1.3312151e-01   7.3991564e-01  -1.9960708e-03   7.3001873e-03  -1.3446016e-03
  -4.0040787e-01   1.3743931e-01   7.2878365e-01  -1.8052159e-03   7.2474324e-03  -1.9006315e-03
  -3.9266879e-01   1.4350053e-01   7.4584237e-01  -1.7822508e-03   7.1060648e-03  -1.7578342e-03
  -3.9355234e-01   1.4386712e-01   7.5296087e-01  -1.8485981e-03   7.2399546e-03  -1.6217238e-03
  -3.9206693e-01   1.6246015e-01   7.0881064e-01  -1.6145992e-03   7.2015374e-03  -1.5887853e-03
  -3.9171704e-01   1.6457695e-01   7.1210079e-01  -1.7796163e-03   7.5222061e-03  -1.5939571e-03
  -4.0077204e-01   1.3716511e-01   7.2001039e-01  -1.6046562e-03   7.2549095e-03  -1.3641114e-03
  -4.0267937e-01   1.2396247e-01   7.6650379e-01  -2.3042831e-03   7.1760484e-03  -1.5980474e-03
  -4.1400808e-01   1.3913437e-01   7.4136148e-01  -1.6600689e-03   7.0083943e-03  -1.8110242e-03
  -3.9225925e-01   1.6079270e-01   7.3549155e-01  -1.4127702e-03   7.2724265e-03  -1.6868974e-03
  -4.1241690e-01   1.5233045e-01   7.4662522e-01  -2.0427601e-03   7.4333599e-03  -1.9407174e-03
  -4.0439472e-01   1.5727679e-01   7.2676110e-01  -1.5834446e-03   7.2649489e-03  -1.6273799e-03
  -4.0668777e-01   1.3180270e-01   7.3287720e-01  -1.5679472e-03   7.4985446e-03  -1.6540378e-03
  -4.2132401e-01   1.3791413e-01   7.4814066e-01  -1.7435512e-03   7.6891402e-03  -1.5945000e-03
  -4.0715445e-01   1.3091143e-01   7.8438873e-01  -2.0582331e-03   7.4424757e-03  -1.6677701e-03
  -4.3016277e-01   1.3886741e-01   7.7610312e-01  -1.9826685e-03   7.6802751e-03  -2.0839622e-03
  -4.0680935e-01   1.5152497e-01   7.5398467e-01  -1.2327836e-03   7.3781738e-03  -1.5397506e-03
  -4.1726916e-01   1.7862407e-01   7.3059369e-01  -8.4017352e-04   7.8515693e-03  -1.8594853e-03
  -4.3892082e-01   1.2804371e-01   7.5773435e-01  -1.9579120e-03   8.9843292e-03  -1.8823660e-03
  -4.4446020e-01   1.2863440e-01   7.9096867e-01  -2.1249826e-03   8.6978408e-03  -2.0206495e-03
  -4.5335417e-01   1.4454775e-01   7.9074468e-01  -2.2180706e-03   8.8383194e-03  -2.2616248e-03
  -4.3730006e-01   1.5043587e-01   7.7461900e-01  -1.7797252e-03   8.3793088e-03  -2.2041724e-03
  -4.4679086e-01   1.5710547e-01   7.5625910e-01  -1.9337049e-03   8.8221899e-03  -2.0744827e-03
  -4.4346899e-01   1.7060508e-01   7.4850401e-01  -1.8132840e-03   8.9010300e-03  -2.1040696e-03
  -4.4451145e-01   1.4916449e-01   7.5592003e-01  -1.9244203e-03   8.7740323e-03  -2.0257609e-03
  -4.4565578e-01   1.4643310e-01   7.6176514e-01  -2.1302570e-03   8.7264757e-03  -2.0631513e-03
  -4.5861144e-01   1.3249170e-01   8.0575572e-01  -2.0682968e-03   8.8843337e-03  -2.1666332e-03
  -4.5631734e-01   1.6070791e-01   7.8523302e-01  -1.7122455e-03   8.8747363e-03  -2.2048158e-03
  -4.6805481e-01   1.5068285e-01   8.0154788e-01  -1.7571323e-03   8.9427373e-03  -2.3722783e-03
  -4.5523065e-01   1.6383966e-01   7.7676637e-01  -1.6953028e-03   9.1648209e-03  -2.0000311e-03
  -4.5855907e-01   1.5337139e-01   8.0644873e-01  -1.8744743e-03   9.0224949e-03  -2.0486936e-03
  -4.5932065e-01   1.6058654e-01   7.7417427e-01  -1.7108912e-03   8.8754956e-03  -2.0743920e-03
  -4.5417407e-01   1.5021538e-01   7.7520273e-01  -1.3108778e-03   8.4485705e-03  -1.8936191e-03
  -4.6277020e-01   1.6754416e-01   7.7543146e-01  -1.2535146e-03   8.7300462e-03  -2.2360968e-03
  -4.6495828e-01   1.6537249e-01   8.2914088e-01  -2.2530038e-03   8.8307619e-03  -2.2401698e-03
  -4.6972868e-01   1.7579958e-01   7.7056762e-01  -1.4314022e-03   9.1266821e-03  -2.4419940e-03
  -4.6322691e-01   1.7425498e-01   8.1714880e-01  -2.2414387e-03   9.0157767e-03  -2.3809493e-03
  -4.8357413e-01   1.7824418e-01   6.4304222e-01   3.1086844e-04   9.7756614e-03  -2.5937386e-03
  -5.2745958e-01   6.3699193e-02   4.3238603e-01   5.4253847e-03   1.0305835e-02  -3.6246618e-03
  -5.3046264e-01   1.0890718e-01   5.4559744e-01   3.2803045e-03   1.0259429e-02  -3.7919992e-03
  -5.2085367e-01   9.3173537e-02   5.5135860e-01   3.7316738e-03   9.9287901e-03  -3.6304112e-03
  -5.3922784e-01   1.2080688e-01   5.7315622e-01   2.9597521e-03   1.0624524e-02  -4.0876342e-03
  -5.0066480e-01   1.0046059e-01   5.6496438e-01   3.5825171e-03   8.9640358e-03  -3.5826067e-03
  -2.3186457e-01   2.1372220e-01   4.0131496e-01  -1.4342173e-03   3.7058752e-03  -4.4317108e-03
  -3.2698934e-01   1.7667973e-01   4.0542084e-01  -6.2003021e-04   5.4748738e-03  -4.8929434e-03
  -3.0928066e-01   1.5669680e-01   4.3389319e-01   1.8651941e-03   5.1033838e-03  -4.2107088e-03
  -3.2705472e-01   1.7187943e-01   4.2150813e-01   1.4569552e-03   5.3369028e-03  -4.0267631e-03
  -3.4073867e-01   1.6161678e-01   4.6566291e-01   1.0873204e-03   5.8066756e-03  -4.4729189e-03
  -3.4815146e-01   1.6536636e-01   4.5830867e-01   1.0100918e-03   5.9549054e-03  -4.3870634e-03
  -3.6405040e-01   1.6102884e-01   4.8816560e-01   1.2131661e-03   5.6007590e-03  -5.0497071e-03
  -3.5531456e-01   1.6555745e-01   4.7245626e-01   1.4723367e-03   5.4510531e-03  -4.7558069e-03
  -3.1107740e-01   2.6132207e-01   5.7920745e-01   3.3557797e-04   5.5504070e-03  -5.5622472e-03
  -3.4668900e-01   1.7225001e-01   4.8707784e-01   1.4151353e-03   5.5474085e-03  -5.2197110e-03
  -3.7541982e-01   1.7562748e-01   4.9306971e-01   1.6975391e-03   5.7740125e-03  -4.6670849e-03
  -3.6999100e-01   1.7608870e-01   5.0784595e-01   1.3141612e-03   5.7737982e-03  -4.6340180e-03
  -3.7081401e-01   1.5223196e-01   5.5808922e-01   1.3731301e-03   5.6749447e-03  -4.4648798e-03
  -3.7197486e-01   1.5773736e-01   5.6358721e-01   1.4458330e-03   5.9297728e-03  -4.7854876e-03
  -3.8742946e-01   1.4248351e-01   5.6226809e-01   9.8600341e-04   5.7855609e-03  -4.7534813e-03
  -4.0089584e-01   1.5138706e-01   5.2310685e-01   1.8473955e-03   5.6987047e-03  -5.3182738e-03
  -4.0784990e-01   1.5883972e-01   5.0540279e-01   2.4275621e-03   5.6120418e-03  -5.3815141e-03
  -4.1636901e-01   1.6058544e-01   5.0462635e-01   1.3563163e-03   5.7610548e-03  -5.3540565e-03
  -4.2713995e-01   1.5469077e-01   4.9683051e-01   2.1075501e-03   5.5905837e-03  -5.5927006e-03
  -4.5465737e-01   1.6509082e-01   4.9628175e-01   1.6061489e-03   6.2684804e-03  -5.9789076e-03
  -4.5139690e-01   1.6973638e-01   4.8979667e-01   1.6122690e-03   5.8158217e-03  -5.9192455e-03
  -4.5679892e-01   1.7851288e-01   4.9391633e-01   2.0320693e-03   5.6825979e-03  -6.1355403e-03
  -4.4792625e-01   1.8530968e-01   5.0051255e-01   1.7571958e-03   6.3521400e-03  -5.8727722e-03
  -4.5653895e-01   1.8254058e-01   4.6781818e-01   2.3356821e-03   6.2286612e-03  -5.9731531e-03
  -4.4219758e-01   1.8980479e-01   4.8548707e-01   2.1217961e-03   5.9755833e-03  -5.7368684e-03
  -4.6682060e-01   1.9138400e-01   4.7546979e-01   2.2588744e-03   6.6675358e-03  -6.1531688e-03
  -4.6539863e-01   1.7892319e-01   4.8950889e-01   2.1314998e-03   6.4938789e-03  -6.0119389e-03
  -4.6807208e-01   1.5298858e-01   4.9669596e-01   3.0533713e-03   6.4642478e-03  -5.6587767e-03
