   0.0000000e+00   0.0000000e+00  -1.3230817e-14  -6.5480841e-17  -1.3763689e-17  -9.0125795e-34
   5.4447322e-02  -9.7925411e-02   1.2624422e-01  -9.4019513e-04  -5.8061193e-04  -1.3371309e-03
   1.3617613e-01  -9.5443954e-02   1.4752134e-01  -3.0761892e-03  -7.1466031e-05  -3.2257967e-04
   1.3960284e-01  -4.6137089e-02   1.7426322e-01  -4.1429022e-03  -8.5653836e-04   5.9944787e-04
   1.0594346e-01  -1.1113305e-01   2.0832769e-01  -4.1246097e-03  -1.0533159e-03   3.0102929e-04
   7.4779378e-02  -1.0377263e-01   2.0790457e-01  -4.7448134e-03  -1.3778437e-03  -3.6691013e-04
   6.6975291e-02  -1.1048834e-01   2.1128244e-01  -4.8745578e-03  -6.7990932e-04  -6.5202390e-04
   2.9663449e-02  -1.4362099e-01   2.3161764e-01  -6.3297241e-03   8.4414542e-04  -1.1249916e-03
   8.2413148e-03  -1.4424064e-01   2.3453533e-01  -6.2626930e-03   7.9763032e-06  -2.0651370e-03
  -8.3973414e-03  -1.5060344e-01   2.4058590e-01  -7.3958139e-03   1.0591760e-03  -1.9182021e-03
  -3.3939600e-02  -1.5020641e-01   2.3713111e-01  -6.7351635e-03   1.2795621e-05  -2.7172750e-03
  -8.4116358e-02  -1.3847200e-01   2.6685977e-01  -7.1341389e-03   7.3028908e-04  -2.3485492e-03
  -5.9591827e-02  -1.2065635e-01   2.5516434e-01  -5.6165530e-03  -1.0931102e-03  -1.6962607e-03
  -5.9300233e-02  -9.5870505e-02   2.6094744e-01  -6.0456242e-03  -1.5155593e-04  -1.5401542e-03
  -9.6924364e-02  -1.0202015e-01   2.8216574e-01  -6.3294905e-03   1.8292455e-04  -2.6644879e-03
  -7.8279374e-02  -1.0894258e-01   2.6486419e-01  -6.4467745e-03   1.4645679e-04  -2.4378897e-03
  -9.7127079e-02  -1.2382662e-01   3.0307721e-01  -6.7108773e-03   3.1385000e-05  -2.7620692e-03
  -8.9989459e-02  -1.3394485e-01   3.1501605e-01  -6.5161321e-03   3.2458412e-04  -2.4740938e-03
  -6.7757016e-02  -2.0158713e-01   3.6690648e-01  -6.6971251e-03   1.3020794e-03  -1.1962988e-03
  -8.6108418e-02  -1.9320670e-01   3.2683219e-01  -6.8573792e-03   9.1759591e-04  -1.5587641e-03
  -1.1172549e-01  -2.1336739e-01   3.1809365e-01  -6.5024162e-03   8.9690856e-04  -1.7614916e-03
  -1.0488279e-01  -2.3905426e-01   3.1645904e-01  -6.3481663e-03   1.3418726e-03  -2.0536432e-03
  -1.2886952e-01  -2.3914290e-01   3.9020196e-01  -7.3525347e-03   1.5837990e-03  -2.3852640e-03
  -1.3695567e-01  -2.0280295e-01   3.5266181e-01  -6.5235663e-03   1.1231556e-03  -2.4493658e-03
  -1.1068213e-01  -2.1203758e-01   3.4933445e-01  -6.4375281e-03   1.7952956e-03  -1.5597246e-03
  -1.4351591e-01  -1.5484455e-01   3.7098122e-01  -7.3271694e-03   1.1264244e-03  -2.8469938e-03
  -1.4245563e-01  -1.5856719e-01   4.0072027e-01  -7.4477633e-03   1.1531921e-03  -2.5320733e-03
  -1.3868823e-01  -1.4691681e-01   4.0592986e-01  -7.6406809e-03   8.9306058e-04  -2.5073243e-03
  -1.3675067e-01  -1.7686896e-01   4.6790898e-01  -8.3897566e-03   1.7388053e-03  -2.4334062e-03
  -1.3649411e-01  -1.7808607e-01   4.3765869e-01  -8.2559908e-03   1.7854258e-03  -2.4402737e-03
  -1.2804090e-01  -2.3164866e-01   4.3984286e-01  -9.2170280e-03   2.4313370e-03  -2.3778133e-03
  -1.2519243e-01  -2.2007966e-01   4.1375501e-01  -7.8010119e-03   1.8082948e-03  -2.4500877e-03
  -1.3542491e-01  -2.0090933e-01   3.5206731e-01  -6.9233677e-03   7.3814163e-04  -2.3723188e-03
  -1.7054415e-01  -2.0700510e-01   4.2142053e-01  -8.6546174e-03   1.7761283e-03  -3.1904634e-03
  -1.7442926e-01  -1.7922412e-01   4.2756955e-01  -8.2465724e-03   6.3411410e-04  -2.9137430e-03
  -1.7728687e-01  -2.1031568e-01   4.0205384e-01  -8.9289866e-03   1.0573393e-03  -3.2903795e-03
  -1.9628997e-01  -1.4557461e-01   4.7991207e-01  -8.3566366e-03   1.0068421e-03  -3.0594233e-03
  -1.7110184e-01  -1.9119759e-01   3.7528863e-01  -7.3871549e-03   1.2549476e-03  -2.7834798e-03
  -1.8757806e-01  -1.7476568e-01   4.5246045e-01  -7.8540773e-03   1.8856251e-04  -2.1409088e-03
  -1.5143731e-01  -1.4414942e-01   5.2952929e-01  -8.2713956e-03   2.5033073e-03  -1.3763145e-03
  -1.4727893e-01  -1.9165028e-01   5.1449516e-01  -8.5387665e-03   1.9789419e-03  -1.1621010e-03
  -2.0518875e-01  -1.1196227e-01   5.6584443e-01  -7.1565275e-03  -8.8924911e-04  -2.6390197e-03
  -2.1025431e-01  -1.3894485e-01   5.9337575e-01  -8.8579531e-03   5.6880779e-04  -2.5801934e-03
  -2.2017188e-01  -1.0507265e-01   6.2031349e-01  -8.3127812e-03  -3.7891758e-04  -3.4350784e-03
  -2.0201211e-01  -1.2990081e-01   5.8799736e-01  -8.4302377e-03   8.0568459e-04  -2.4188560e-03
  -2.1432577e-01  -9.0314136e-02   5.7604271e-01  -7.5443357e-03  -9.4707299e-04  -3.0475420e-03
  -2.1048860e-01  -8.7374005e-02   5.9910752e-01  -8.2558131e-03   5.3468983e-05  -2.7874207e-03
  -2.2528817e-01  -9.7161918e-02   6.4109163e-01  -8.8221884e-03  -7.9334253e-04  -3.1844107e-03
  -2.0753954e-01  -9.8211326e-02   6.0490671e-01  -8.3348366e-03  -5.5144385e-04  -3.0958461e-03
  -1.9986009e-01  -7.9921166e-02   6.4529572e-01  -9.1102357e-03  -6.2996834e-04  -3.2160204e-03
  -1.8016267e-01  -1.4467856e-01   6.0838352e-01  -8.7248699e-03   8.8609611e-04  -3.5705207e-03
  -1.9581769e-01  -9.9228217e-02   6.6918777e-01  -9.5122772e-03   5.0415300e-04  -3.9050802e-03
  -1.9436801e-01  -9.8391672e-02   6.9911446e-01  -9.4796800e-03   5.7105074e-04  -3.5447302e-03
  -2.1025171e-01  -1.1632243e-01   8.0103270e-01  -1.0657512e-02   1.6465753e-03  -3.9939233e-03
  -1.8713163e-01  -1.0062134e-01   6.6952448e-01  -8.7193092e-03   6.3367154e-04  -3.3466842e-03
  -1.6964834e-01  -7.7414623e-02   7.6783796e-01  -1.0073342e-02   1.5920391e-03  -4.2874074e-03
  -1.6624554e-01  -1.1338677e-02   7.5344555e-01  -8.8601124e-03   5.9673771e-04  -4.2392913e-03
  -1.4833479e-01  -4.4570646e-02   7.9264484e-01  -9.1051423e-03   1.7771862e-03  -4.5714103e-03
  -1.4872494e-01  -3.3771885e-02   7.6486239e-01  -8.2837684e-03   7.9089357e-04  -4.5011866e-03
  -1.4374803e-01  -3.5409730e-02   7.6639579e-01  -9.7501047e-03   7.7427074e-04  -3.8889270e-03
  -1.5931158e-01  -6.6785883e-02   7.8591119e-01  -9.2399007e-03   6.0959953e-04  -4.2475471e-03
  -1.5005257e-01  -6.8509423e-02   7.0780478e-01  -8.4356708e-03   6.1614966e-04  -4.2398873e-03
  -1.3626842e-01  -7.9331668e-02   6.3828024e-01  -8.5380996e-03   6.1713050e-04  -3.7076704e-03
  -1.0555158e-01  -6.7965748e-02   6.5854089e-01  -8.5019753e-03   1.2961724e-03  -3.1954175e-03
  -1.1295005e-01  -4.0482481e-02   6.7844960e-01  -8.4641533e-03   5.5650576e-04  -3.9331865e-03
  -1.1382518e-01  -5.8643970e-02   6.7731359e-01  -8.3534673e-03   1.2782275e-03  -3.7279616e-03
  -1.2980818e-01  -3.7310392e-02   6.8089876e-01  -8.4135632e-03   1.2902254e-03  -3.8903918e-03
  -1.2463069e-01   1.5998335e-03   7.3840605e-01  -8.8491257e-03   1.2901159e-03  -3.8870785e-03
  -1.2929290e-01  -9.6558427e-02   7.3277642e-01  -9.2388715e-03   1.6791967e-03  -4.0997335e-03
  -1.3539630e-01  -5.3032626e-02   7.0510833e-01  -8.5209553e-03   7.5270592e-04  -4.5404542e-03
  -1.3491132e-01  -6.1454965e-02   7.3440113e-01  -9.1614431e-03   1.2411856e-03  -4.3378199e-03
  -1.3621533e-01  -6.4494029e-02   7.3587662e-01  -8.3157559e-03   4.5018107e-04  -4.3915201e-03
  -1.3834500e-01  -8.3729688e-02   7.2547824e-01  -8.9096159e-03   1.0187518e-03  -4.4018966e-03
  -1.6477896e-01  -3.9002286e-02   6.5376271e-01  -8.4522942e-03   5.9195231e-04  -4.4165208e-03
  -1.5372000e-01  -1.1370990e-01   6.5114693e-01  -9.6815754e-03   1.9385102e-03  -4.5541695e-03
  -1.2719823e-01  -8.8546610e-02   7.1632871e-01  -8.6753090e-03   1.9537466e-03  -4.2875930e-03
  -1.2934986e-01   2.3952860e-02   7.8702438e-01  -7.9948684e-03   1.0171223e-03  -4.4682080e-03
  -1.1599294e-01  -2.6600389e-02   7.7368980e-01  -8.8775872e-03   1.7630629e-03  -4.6432923e-03
  -1.1352988e-01   1.7627956e-02   7.5011246e-01  -8.3002507e-03   1.4762318e-03  -4.6262339e-03
  -1.0774857e-01  -4.0066033e-02   7.4599942e-01  -9.0697475e-03   2.1933839e-03  -4.0156328e-03
  -1.1647654e-01  -1.0481184e-02   7.1529217e-01  -8.1315335e-03   1.3988618e-03  -3.9618202e-03
  -1.4170395e-01   2.1296955e-02   6.9567389e-01  -8.3591860e-03   1.2901397e-03  -4.8588032e-03
  -1.4292872e-01  -5.5832409e-03   7.3860702e-01  -8.7595250e-03   1.2783196e-03  -4.9089646e-03
  -1.3523126e-01   4.4110349e-04   7.7454948e-01  -8.1346694e-03   2.8435121e-03  -3.9007443e-03
  -1.5340544e-01  -2.2433208e-02   7.2915304e-01  -7.8177262e-03   2.5906878e-03  -5.0681935e-03
  -1.3763310e-01  -3.0569230e-02   6.8110502e-01  -7.5652877e-03   2.0869778e-03  -4.8427348e-03
  -1.5539501e-01  -4.8702958e-02   7.2942723e-01  -8.3123403e-03   2.1401635e-03  -5.3490443e-03
  -1.4943276e-01  -4.7748377e-02   6.8698827e-01  -7.1341308e-03   1.7361592e-03  -5.1249526e-03
  -1.6902668e-01  -7.8336594e-02   6.6174690e-01  -7.2193701e-03   1.7462569e-03  -5.1250284e-03
  -2.0239052e-01   9.0468701e-03   7.3059320e-01  -6.1314405e-03  -6.7102420e-04  -4.5397259e-03
  -1.2536367e-01   6.2578577e-02   7.6400684e-01  -5.9346785e-03  -5.2977265e-04  -2.7126913e-03
  -1.5356814e-01   1.0711732e-01   7.3665074e-01  -5.9485451e-03   2.3177775e-04  -2.9982510e-03
  -1.3616647e-01   4.9178772e-02   7.1166553e-01  -6.6156553e-03   6.8923434e-04  -3.1895890e-03
  -1.2470571e-01   2.8368946e-02   6.8491835e-01  -7.9109956e-03   4.9437830e-04  -3.0819340e-03
  -1.3965383e-01   1.4192263e-02   7.2918047e-01  -7.3359249e-03   4.7450214e-04  -3.4376848e-03
  -9.9963727e-02   5.7794386e-02   7.9848112e-01  -9.1512245e-03   1.4259487e-03  -2.4794299e-03
  -1.0282703e-01   2.7684233e-02   7.5629129e-01  -7.6004162e-03   5.7721287e-05  -2.8663446e-03
  -1.1156149e-01   7.8995993e-02   7.2804534e-01  -5.4447434e-03   3.4677217e-04  -4.3536968e-03
  -1.0648597e-01   2.1816255e-02   6.7781263e-01  -5.2982635e-03  -6.7402646e-05  -4.0566571e-03
  -1.1490089e-01   1.3993894e-02   6.1140440e-01  -5.6302907e-03  -3.2736268e-04  -3.8290118e-03
  -1.6392314e-01  -6.0909994e-03   7.5045741e-01  -6.1829902e-03  -2.7620536e-04  -5.2088146e-03
  -1.2315773e-01  -1.4450111e-02   6.1862972e-01  -5.7410495e-03   1.2550136e-04  -4.1566152e-03
  -1.2538220e-01  -2.9644075e-02   6.2189376e-01  -6.7000124e-03   4.5099812e-04  -4.7209841e-03
  -1.5334163e-01   1.9396075e-02   6.1698589e-01  -5.7851805e-03  -1.2554253e-03  -5.2354484e-03
  -1.2685519e-01   1.7596811e-03   6.3761433e-01  -6.4925979e-03   8.7764520e-05  -5.1484092e-03
  -1.4217683e-01   5.3057185e-03   6.3975861e-01  -6.1405566e-03  -6.0469783e-04  -5.6062994e-03
  -1.2952530e-01  -4.4381066e-02   5.5912268e-01  -6.2015557e-03   3.2855303e-04  -4.7773141e-03
  -1.4120572e-01   8.0111531e-03   6.5188806e-01  -7.7298882e-03  -4.6193205e-04  -5.1528899e-03
  -1.2547288e-01  -4.1918896e-02   6.5767640e-01  -7.5662342e-03   2.6690669e-04  -3.9305366e-03
  -1.3103262e-01  -6.8566574e-02   6.0293263e-01  -5.8662501e-03  -6.4826672e-05  -3.8897498e-03
  -8.6613422e-02   9.8393008e-03   6.0948475e-01  -6.3639620e-03  -6.2181851e-05  -3.5530253e-03
  -1.2894884e-01  -9.2918250e-03   6.6805450e-01  -6.8859486e-03   2.3304837e-04  -4.5060963e-03
  -1.4385312e-01   1.0137831e-02   6.3350855e-01  -6.2628043e-03  -5.7482568e-04  -5.1572156e-03
  -1.5745702e-01   1.4746960e-02   7.1401707e-01  -7.3527030e-03   2.6554645e-04  -5.4017715e-03
  -1.7437646e-01   7.9689185e-03   6.4007902e-01  -6.3585577e-03  -5.8073871e-04  -5.5572314e-03
  -1.7194237e-01   2.8735140e-02   6.6963639e-01  -7.6897954e-03  -2.7172892e-04  -5.6726509e-03
  -1.6608584e-01   4.4331551e-03   6.9213250e-01  -7.3746059e-03  -5.4189497e-04  -5.6650639e-03
  -1.3585540e-01  -6.0461823e-03   6.6672425e-01  -7.0585489e-03  -6.1781673e-05  -4.8852177e-03
  -1.5388130e-01  -8.4852454e-03   6.5333190e-01  -6.3971256e-03   9.7483666e-05  -5.5344292e-03
  -1.7850332e-01   1.7057907e-02   7.1466124e-01  -7.6723532e-03   8.2693226e-04  -5.6399063e-03
  -1.5394726e-01   2.9670440e-02   5.8133848e-01  -5.7748053e-03  -3.6664439e-04  -5.3170436e-03
  -1.4986240e-01   9.0919740e-03   6.8638968e-01  -6.2354462e-03   2.7735764e-04  -5.1554006e-03
  -1.5636259e-01   1.9782360e-02   6.8880813e-01  -7.5839846e-03   4.2013978e-04  -5.8230988e-03
  -1.4481310e-01   1.0715476e-02   6.8642808e-01  -7.7966408e-03   4.2657772e-04  -5.5210276e-03
  -1.5133032e-01   1.5725012e-02   6.2643226e-01  -6.9254706e-03  -3.2762107e-04  -5.5542706e-03
  -1.5742723e-01   2.9438371e-02   6.0754401e-01  -6.5236285e-03  -2.3396986e-04  -5.7280133e-03
  -1.2779335e-01   2.1718584e-02   5.9774032e-01  -6.2763447e-03  -3.7009402e-04  -5.4573628e-03
  -1.3126520e-01   5.8062141e-02   6.5784457e-01  -7.3065763e-03   3.7116738e-04  -6.0088872e-03
  -1.2554237e-01   5.9486865e-02   6.1237943e-01  -6.2647233e-03   8.1673850e-05  -6.0977881e-03
  -1.5947170e-01   1.0896227e-01   6.5445016e-01  -7.8658545e-03  -3.6460957e-04  -7.1705288e-03
  -1.5125664e-01   1.1052013e-01   5.5868779e-01  -5.9271331e-03  -6.5015048e-04  -6.7785980e-03
  -1.1813402e-01   9.9184046e-02   6.0220125e-01  -6.8114410e-03   3.0666725e-04  -6.4567793e-03
  -1.1613690e-01   8.7917565e-02   5.6902645e-01  -6.8600086e-03   3.3940300e-04  -6.8971760e-03
  -9.5177628e-02   9.9656178e-02   6.0693364e-01  -7.1244417e-03   2.7358597e-04  -5.8363622e-03
  -1.2315852e-01   1.2407797e-01   5.6455313e-01  -6.0339952e-03  -5.0169954e-04  -6.5246241e-03
  -1.2952824e-01   1.1591651e-01   5.6184681e-01  -5.8381825e-03  -2.6605216e-04  -6.6983129e-03
  -1.1810504e-01   1.2908855e-01   5.7579730e-01  -5.3568078e-03  -4.9715987e-04  -6.6846029e-03
  -1.1771116e-01   1.4623622e-01   6.0573206e-01  -6.3036223e-03  -4.1316266e-04  -6.4074752e-03
  -1.3468187e-01   1.2815658e-01   5.7217684e-01  -5.4530338e-03  -1.1521398e-03  -7.1869931e-03
  -1.0944880e-01   8.2668773e-02   5.8756115e-01  -6.1103086e-03  -9.2069112e-05  -6.3123442e-03
  -1.1381702e-01   8.3132149e-02   6.0861976e-01  -7.3369989e-03  -3.9936145e-04  -6.5583105e-03
  -1.3765725e-01   1.0877549e-01   6.1240389e-01  -7.5717969e-03  -9.4241951e-05  -6.9195189e-03
  -1.1132967e-01  -1.5609503e-02   5.8337033e-01  -9.8058035e-03   1.3590465e-03  -6.5517345e-03
  -9.0696282e-02   5.0099032e-02   5.9728541e-01  -9.1409686e-03   1.4346533e-03  -6.8519841e-03
  -1.2284079e-01   6.5217690e-02   6.0215017e-01  -9.6666788e-03   1.4982443e-03  -6.9971532e-03
  -1.3596381e-01  -9.0060512e-03   5.2361956e-01  -8.7112345e-03   5.1846902e-04  -7.1214654e-03
  -1.5039259e-01   4.3998763e-02   5.5778690e-01  -8.8629364e-03   1.3897665e-05  -7.1189189e-03
  -1.5505161e-01   3.0078011e-02   5.4798344e-01  -8.4738571e-03  -2.2760047e-04  -6.8221591e-03
  -2.0179832e-01   6.7353226e-02   6.1225889e-01  -9.6788587e-03   1.2839591e-04  -7.9520362e-03
  -1.9330584e-01   4.4252922e-02   4.5532422e-01  -7.9928189e-03   3.2283130e-04  -7.3299636e-03
  -2.2930724e-01   3.7309245e-02   4.5894109e-01  -8.1188952e-03   1.3167937e-03  -7.2105802e-03
  -2.2697441e-01   9.5819873e-02   4.9808864e-01  -8.4318000e-03  -5.6455372e-04  -7.7989340e-03
  -1.8850139e-01   4.6368328e-02   4.9005378e-01  -8.1988173e-03   7.4982609e-04  -6.8534625e-03
  -2.3790458e-01   7.5295268e-02   5.4910835e-01  -8.6780330e-03   5.1375528e-04  -8.2729597e-03
  -2.4256323e-01   9.9781254e-02   4.9758167e-01  -7.6301666e-03   2.3680266e-04  -8.4551601e-03
  -2.3820651e-01   9.9244950e-02   5.4648476e-01  -8.1500895e-03   8.9520949e-04  -8.5002629e-03
  -2.5567923e-01   9.6913997e-02   5.3828338e-01  -8.7883724e-03   1.2622785e-04  -8.9156371e-03
  -2.2515932e-01   6.0844164e-02   5.0674607e-01  -8.1302960e-03   5.5627405e-04  -8.2818166e-03
  -2.2786827e-01   5.9927304e-02   4.8323302e-01  -8.2249995e-03   3.5904962e-04  -8.5916106e-03
  -1.9416017e-01   5.8242451e-02   5.4944614e-01  -8.0181701e-03   8.2282174e-04  -7.9329883e-03
  -1.8188254e-01   5.2658842e-02   4.8719308e-01  -7.9255552e-03   7.2926034e-04  -7.5160579e-03
  -1.3497512e-01   9.0244833e-02   5.5993103e-01  -7.7156314e-03   1.6419662e-03  -5.9758184e-03
  -1.5186349e-01   6.5094280e-02   5.2622531e-01  -8.1041275e-03   1.3014677e-03  -6.3088292e-03
  -1.2866656e-01   1.0403534e-02   5.1346963e-01  -7.5592713e-03   2.2157577e-03  -5.6658152e-03
  -1.9342328e-01   3.8452556e-02   6.3032780e-01  -8.5349889e-03   1.6340272e-03  -7.3923066e-03
  -1.9037877e-01   6.2200399e-02   5.6934882e-01  -7.6185668e-03   4.0721410e-04  -7.4042969e-03
  -1.9033368e-01   2.3385632e-02   5.7146262e-01  -7.6815698e-03   3.6123741e-04  -6.7292831e-03
  -2.1838325e-01   9.0435588e-02   5.6427815e-01  -7.7875832e-03   2.1152738e-04  -7.2092183e-03
  -2.0995444e-01   1.2218227e-01   5.6995968e-01  -8.3296445e-03   4.6585965e-04  -6.9244127e-03
  -1.9973847e-01   1.3086280e-01   5.6712084e-01  -8.2268084e-03  -1.5692690e-05  -6.6065654e-03
  -1.8957076e-01   1.1799828e-01   6.1506840e-01  -9.2824308e-03   1.4631247e-03  -6.2649032e-03
  -1.9265109e-01   1.1794051e-01   5.4249805e-01  -8.2909217e-03   3.5317705e-04  -6.3659654e-03
  -2.0987605e-01   1.2870033e-01   5.6887565e-01  -9.1886599e-03   8.9669415e-04  -6.6559146e-03
  -1.8474835e-01   9.8307498e-02   4.7417272e-01  -7.7894503e-03   1.0418967e-03  -7.0731722e-03
  -1.6620021e-01   7.5234076e-02   5.2191334e-01  -8.1948367e-03   2.0644555e-03  -6.4724473e-03
  -1.6939372e-01   1.2531048e-01   5.2676405e-01  -7.8091311e-03   4.9507364e-05  -7.1965198e-03
  -1.2694209e-01   1.6090169e-01   5.3542839e-01  -7.6642039e-03   8.2166183e-04  -5.7779403e-03
  -1.7642144e-01   1.1693355e-01   4.8079527e-01  -8.2390389e-03   1.4461787e-03  -6.9713193e-03
  -1.6312037e-01   1.2619150e-01   4.4574873e-01  -8.2509291e-03   1.4901421e-03  -7.1095977e-03
