   0.0000000e+00   0.0000000e+00  -7.2578225e-15  -6.6194848e-17  -4.7841110e-19  -3.1668350e-35
  -2.6246513e-03   1.0438656e-02  -6.9038081e-02   9.4160684e-04  -1.3388669e-04   8.5741431e-04
  -2.9197313e-03   9.7502388e-03  -3.0892800e-02   5.9124135e-04  -9.7570983e-05   2.8405810e-04
  -6.3733202e-03  -3.2190994e-04   3.5467032e-03   9.7733466e-04   2.1717135e-04   3.5397276e-04
  -1.2679539e-01   1.8059176e-01   3.9288387e-02  -1.2847904e-03  -7.0557067e-04   3.0878268e-03
  -8.5311808e-02   8.1338348e-02  -2.5479566e-01  -2.6249410e-03  -9.4656727e-04   1.0479229e-03
  -9.2394921e-02  -3.0619748e-03  -2.4385303e-01  -6.8987740e-03  -3.9629327e-03  -2.0434403e-03
  -9.9822316e-02   3.7651280e-02  -1.4272070e-01  -8.3528716e-03  -3.2812552e-03  -2.6002070e-03
  -1.4279995e-01   1.6942846e-01   8.6746515e-02  -4.5179966e-03  -3.4060576e-03  -1.8640425e-03
  -1.2437959e-01   3.7747016e-02  -5.9273789e-02  -3.2669871e-03  -1.7231476e-03  -2.3788208e-03
  -1.0600178e-01   3.9398490e-02  -2.8177828e-03  -2.7766740e-03  -1.4801804e-03  -2.5256255e-03
  -1.1019946e-01   3.8374893e-02  -1.0818835e-02  -1.2878937e-03   1.9986773e-04  -2.6537132e-03
  -6.9075781e-02  -9.6858536e-03  -1.1210048e-02   4.8737055e-04   3.0111295e-04  -1.5987538e-03
  -9.1746447e-02   2.2200221e-02   3.1731910e-03  -1.3961489e-03   2.9297845e-04  -2.2308558e-03
  -2.5369859e-01   1.2393729e-01   9.4472453e-02   9.2949928e-04  -4.0663809e-04  -7.7282492e-05
  -2.8865147e-01   9.2223449e-02  -9.6735514e-02   1.6676876e-03  -2.9815787e-04  -3.5823833e-04
  -2.1794217e-01   4.3282447e-02  -1.7344051e-01  -1.3964305e-03   9.4974063e-04  -2.2840676e-03
  -1.7862741e-01   3.9334706e-02  -1.6318969e-01  -3.4907291e-04   1.6786564e-03  -2.0322152e-03
  -1.9527090e-01   2.2057658e-01  -2.1572362e-02   3.6848679e-04   1.6151299e-03  -1.1100774e-03
  -1.8340152e-01   8.5355958e-02  -2.4502886e-01   3.1285665e-05   1.8210959e-03  -1.9199949e-03
  -1.7104463e-01   5.6848649e-02  -2.1488966e-01  -2.1956216e-04   2.1283378e-03  -2.6837373e-03
  -1.5540978e-01   4.0257060e-02  -1.4868477e-01   3.7022290e-05   1.8679238e-03  -2.4614802e-03
  -1.5479821e-01   3.8974528e-02  -1.1719570e-01  -3.8907953e-04   1.6253621e-03  -2.8592064e-03
  -2.5953697e-01   2.4441751e-01  -5.5598922e-02   1.4625167e-03  -1.0442403e-04  -2.0492593e-03
  -1.8741833e-01   7.4859973e-02  -2.4100735e-01  -2.5954487e-05   1.9050073e-03  -3.3313634e-03
  -1.6712416e-01   3.5535221e-02  -1.8981222e-01   6.8741358e-05   1.5437810e-03  -3.4282784e-03
  -1.4846659e-01   5.1497396e-02  -1.8717145e-01   4.6862650e-04   1.2198347e-03  -3.4875803e-03
  -1.6258809e-01   5.3842674e-02  -2.1614123e-01   2.0728585e-04   3.6461303e-04  -3.8435753e-03
  -1.5829227e-01   5.5476764e-02  -2.4036910e-01   2.0403956e-04  -2.4060403e-05  -4.5228748e-03
  -2.5964944e-01   6.9998394e-02  -1.1593253e-01   1.4945769e-04  -1.3071332e-03  -4.5618911e-03
  -3.1086865e-01   9.6887999e-02  -1.6017094e-01  -2.0464469e-03  -2.8828371e-03  -6.6283468e-03
  -2.7143923e-01   8.1235055e-02  -2.1457911e-01  -1.2829805e-03  -2.1551847e-03  -7.0996382e-03
  -1.8345126e-01   5.3417082e-02  -2.3297198e-01  -2.7279540e-03  -6.2257660e-04  -5.1149158e-03
  -1.8693500e-01   1.1260503e-01  -2.1066577e-01  -2.2604759e-03   4.0521367e-04  -4.8818827e-03
  -1.7498764e-01   9.2010954e-02  -1.9981034e-01  -2.8547594e-03   5.2074372e-04  -4.2366410e-03
  -1.7220492e-01   7.8201846e-02  -2.2188102e-01  -2.3151109e-03   4.7204836e-04  -4.5105143e-03
  -1.7849130e-01   1.0970680e-01  -2.1847074e-01  -2.3831240e-03   4.2422147e-04  -4.2372959e-03
  -1.6848550e-01   1.0304432e-01  -2.0488845e-01  -1.8252539e-03   1.6393025e-04  -4.7618592e-03
  -1.6936357e-01   1.0267422e-01  -1.8040695e-01  -1.3534205e-03  -3.0835979e-05  -4.5493789e-03
  -2.2774460e-01   1.3727241e-01  -4.6602370e-02  -9.9066363e-04  -3.6899207e-04  -3.9653656e-03
  -1.9837165e-01   1.1479666e-01  -1.7642530e-01  -2.3287991e-03   4.0019662e-04  -4.3771724e-03
  -2.0506742e-01   1.2467009e-01  -1.0180494e-01  -8.2761525e-04   6.2119930e-05  -4.0867834e-03
  -3.0951874e-01   2.4803227e-01  -2.7308563e-01  -4.2748422e-03  -1.2618907e-03  -5.4076005e-03
  -3.0059696e-01   2.6433612e-01  -2.7594420e-01  -8.0182491e-03  -2.1955126e-03  -7.9687721e-03
  -2.8056730e-01   1.6869964e-01  -2.1850013e-01  -4.0909735e-03  -4.7582341e-03  -7.7574146e-03
  -3.3473740e-01   2.1415861e-01  -1.5572168e-01  -5.6346111e-03  -3.3244884e-03  -8.1658748e-03
  -3.0279814e-01   1.2043523e-01  -1.1650164e-01  -2.9060426e-03  -3.9950389e-03  -7.7949150e-03
  -3.0084170e-01   1.6317467e-01  -1.5439113e-01  -3.7961236e-03  -3.6555335e-03  -8.1572646e-03
  -1.5266693e-01   1.8608037e-01  -7.2732025e-01   7.2553625e-03  -1.2979679e-03  -9.8582967e-03
  -1.8061980e-01   1.2130994e-01  -4.3543608e-01   2.8514694e-03  -4.3902983e-04  -7.6405985e-03
  -2.0781502e-01   1.5815218e-01  -3.8582687e-01   2.4483524e-03   6.6908116e-06  -6.8720534e-03
  -1.8807474e-01   1.7094454e-01  -3.8485786e-01   1.4179812e-03   1.0852485e-03  -5.6890808e-03
  -1.8478267e-01   1.5632733e-01  -3.5595186e-01   1.8140183e-03   8.5031229e-04  -5.8839117e-03
  -1.9651338e-01   1.6412761e-01  -3.4951807e-01   1.9826997e-03   9.4131519e-04  -5.9145138e-03
  -2.1940529e-01   2.1776780e-01  -1.8898993e-01   2.8594813e-03   2.3373066e-04  -5.1775141e-03
  -1.8781461e-01   2.3542464e-01  -4.2921552e-01  -1.3319449e-03   2.0439048e-03  -3.9978238e-03
  -1.8505649e-01   1.8159035e-01  -3.4324033e-01  -2.1875862e-03   2.0611762e-03  -3.7963306e-03
  -2.6949629e-01   3.8565520e-01  -4.0317033e-01  -4.7312651e-03  -2.8212987e-03  -3.0511969e-03
  -1.4249930e-01   2.3708956e-01  -4.9947663e-01  -4.9771096e-03   7.6186693e-04  -2.2329406e-03
  -1.2448630e-01   1.9672166e-01  -4.5080830e-01  -4.9766442e-03   3.5762483e-04  -2.8455599e-03
  -1.4111663e-01   2.1214842e-01  -3.8200574e-01  -4.4007093e-03  -7.0828242e-05  -2.6246992e-03
  -1.4279672e-01   2.1957600e-01  -4.1000579e-01  -4.0884057e-03  -2.6256204e-04  -3.4409123e-03
  -1.4298900e-01   2.1666924e-01  -4.2221417e-01  -4.3084133e-03   5.0872696e-05  -3.7286219e-03
  -9.6220553e-02   2.6080956e-01  -5.7296111e-01  -4.3755595e-03   2.9185148e-04  -4.4315054e-03
  -8.5894633e-02   1.9504683e-01  -5.5028639e-01  -3.0170247e-03   6.7242373e-04  -3.6866209e-03
  -1.0869250e-01   2.2377051e-01  -3.3361734e-01  -1.6377285e-03   7.4514457e-04  -2.9498056e-03
  -9.9916273e-02   2.7929934e-01  -4.7968947e-01  -4.1249245e-03   2.7276126e-03  -3.7820453e-03
  -1.0148377e-01   2.0498368e-01  -4.0033104e-01  -3.3079631e-03   2.2879437e-03  -3.2655331e-03
  -8.5654143e-02   1.9417091e-01  -3.8670093e-01  -2.8145818e-03   1.7400989e-03  -2.1498928e-03
  -1.1648427e-01   2.1713828e-01  -2.5424862e-01  -2.3399388e-03   1.4979466e-03  -1.8820828e-03
  -1.3283329e-01   2.7163043e-01  -3.9097918e-01  -5.6556243e-03   3.0126509e-03  -2.1916001e-03
  -1.2185887e-01   2.5410088e-01  -4.2907363e-01  -5.2813432e-03   3.0346251e-03  -2.4087872e-03
  -8.3078360e-02   2.4735157e-01  -5.0650753e-01  -4.2739925e-03   2.1945758e-03  -2.9762897e-03
  -1.2492378e-01   2.1344739e-01  -3.5272323e-01  -2.6872707e-03   1.6084294e-03  -2.4625098e-03
  -1.2164878e-01   2.6018651e-01  -3.6453044e-01  -4.2563173e-03   2.3282252e-03  -2.2044268e-03
  -1.0290189e-01   2.0943056e-01  -3.8228141e-01  -3.1510280e-03   2.6892147e-03  -2.0206705e-03
  -1.1166621e-01   2.0528496e-01  -3.6394033e-01  -2.7711247e-03   2.3877620e-03  -1.9566979e-03
  -1.2158986e-01   1.8194399e-01  -4.3648123e-01  -2.1465626e-03   2.8080859e-03  -2.1749685e-03
  -1.2548224e-01   1.8969660e-01  -3.7598147e-01  -2.1109184e-03   2.8793941e-03  -2.2820702e-03
  -1.2892577e-01   2.0815922e-01  -3.8736671e-01  -1.1222131e-03   2.9003350e-03  -2.1392576e-03
  -1.1722217e-01   2.1488824e-01  -3.6266430e-01  -1.2207057e-03   3.0322281e-03  -2.8061948e-03
  -1.0052869e-01   2.4363637e-01  -4.1653752e-01  -1.1336920e-03   2.9502810e-03  -2.7451591e-03
  -9.8561719e-02   2.4863243e-01  -4.2159456e-01  -4.8455681e-04   2.4037197e-03  -2.8547705e-03
  -9.0094735e-02   2.3393687e-01  -4.5921792e-01  -9.6366064e-04   2.4314748e-03  -2.9724743e-03
  -1.0150112e-01   2.1419333e-01  -4.3285008e-01  -1.3621364e-03   2.6409267e-03  -2.8880590e-03
  -1.3689861e-01   2.7345279e-01  -1.7637796e-01   1.0506461e-03   2.1984596e-03  -1.9901493e-03
  -1.3520449e-01   2.5539101e-01  -3.4338092e-01  -1.0504618e-03   2.8679276e-03  -2.8991683e-03
  -1.4430451e-01   2.7087835e-01  -1.9948891e-01   7.1691510e-05   2.4633394e-03  -1.9443035e-03
  -1.3383534e-01   2.8415205e-01  -2.7871018e-01  -1.6527010e-03   2.8112371e-03  -2.5406025e-03
  -1.2718832e-01   2.3715430e-01  -2.5429390e-01  -3.1710189e-05   3.0744997e-03  -2.7877890e-03
  -1.0849149e-01   2.0967593e-01  -2.5631253e-01   1.7952149e-03   2.9115881e-03  -2.1248417e-03
  -1.2058194e-01   2.4694532e-01  -2.7776732e-01  -2.9218002e-05   3.0425093e-03  -2.5449095e-03
  -1.2142769e-01   2.4383307e-01  -2.5639083e-01   8.0875836e-06   3.2487539e-03  -2.6672668e-03
  -1.2253276e-01   2.9051692e-01  -3.1785085e-01   2.1835410e-04   2.6474334e-03  -2.8169747e-03
  -1.3774654e-01   2.4094218e-01  -2.7629005e-01   7.4112012e-04   3.1177691e-03  -2.5251677e-03
  -1.0858202e-01   2.3324758e-01  -2.9566297e-01   9.2348354e-04   3.2055070e-03  -2.5341027e-03
  -1.0871879e-01   2.3196507e-01  -2.6061727e-01   6.8141428e-04   3.3283832e-03  -2.5005613e-03
  -1.5257036e-01   3.6596715e-01  -2.1989172e-01   1.9567702e-05   1.7198874e-03  -2.7492305e-03
  -1.3343093e-01   2.2403469e-01  -3.0181060e-01   2.7092133e-04   2.9648752e-03  -2.4886211e-03
  -1.0400178e-01   1.6539589e-01  -2.9738418e-01  -9.1032039e-05   2.4144857e-03  -1.9593318e-03
  -1.2054887e-01   2.1640429e-01  -2.5141566e-01  -5.8772644e-04   3.0984909e-03  -2.0057140e-03
  -1.2945943e-01   2.9776953e-01  -1.7776651e-01   7.4136916e-04   1.7785882e-03  -1.9357642e-03
  -1.4000832e-01   2.1009483e-01  -3.4263125e-01   8.4184762e-04   3.2677061e-03  -3.1209052e-03
  -1.5327258e-01   2.0162583e-01  -2.9741017e-01   1.6396473e-03   3.7932045e-03  -2.5996266e-03
  -8.5679664e-02   2.6549135e-01  -4.4497383e-01   1.9985415e-04   2.4629291e-03  -3.1096000e-03
  -8.7440093e-02   2.8258929e-01  -4.6620214e-01  -2.2316139e-04   2.7812227e-03  -3.2848818e-03
  -9.3939700e-02   1.9469214e-01  -3.3195249e-01  -2.0904015e-03   3.9591616e-03  -2.2662259e-03
  -8.0614506e-02   2.3737328e-01  -2.7714285e-01  -1.1582643e-03   3.9025408e-03  -1.9999963e-03
  -8.1210525e-02   1.9951396e-01  -3.0942908e-01  -5.5783144e-04   3.8183997e-03  -1.8908642e-03
  -7.7417415e-02   2.2129826e-01  -3.0915033e-01  -6.1102545e-05   3.8069070e-03  -2.1372517e-03
  -7.4809752e-02   1.8082840e-01  -2.8301802e-01   3.8579060e-04   3.5694296e-03  -1.7830679e-03
  -5.7635647e-02   1.6959202e-01  -4.3327774e-01   2.2207341e-04   3.2506687e-03  -2.0535120e-03
  -1.2896451e-01   4.1106167e-01  -5.0947349e-01   4.5500371e-05   2.8412931e-03  -2.0105684e-03
  -1.2670066e-01   2.7485708e-01  -5.0192193e-01  -4.3743907e-04   4.2057416e-03  -3.2466720e-03
  -1.3212340e-01   2.1090621e-01  -3.1732243e-01   3.5565701e-04   4.8876549e-03  -2.4206018e-03
  -1.3316085e-01   2.1453224e-01  -3.0105575e-01   1.2659884e-03   4.4873213e-03  -2.4677900e-03
  -1.7097184e-01   2.7636149e-01  -2.9172596e-01   6.0300239e-04   3.9375541e-03  -2.8989959e-03
  -4.6661745e-02   2.8767322e-01  -2.9235018e-01  -2.5659679e-03   5.8728357e-03   1.3824212e-03
  -2.5083483e-02   2.8510776e-01  -2.7834621e-01  -1.3948778e-03   5.4803777e-03   1.0587725e-03
  -5.3489621e-02   2.4862734e-01  -3.0454174e-01  -3.8639261e-04   4.7586517e-03   2.1345449e-04
  -5.1257286e-02   2.9614741e-01  -3.4303745e-01  -1.6760587e-03   5.0995861e-03   3.3535672e-04
  -5.4805590e-02   3.3503035e-01  -4.4038372e-01  -2.1482809e-03   4.5102831e-03  -3.0553002e-04
  -7.5123820e-02   2.9285635e-01  -2.7925934e-01  -9.2980109e-04   4.3058421e-03   3.9390707e-04
  -8.9069802e-02   3.5055268e-01  -2.8708408e-01  -1.6996931e-03   3.9215735e-03   9.8534905e-04
  -9.5781916e-02   2.8635659e-01  -2.8642194e-01   7.0672774e-05   4.0173962e-03  -1.6482807e-04
  -1.5493041e-01   4.3020996e-01  -9.7540159e-03  -9.9730102e-04   2.4575846e-03  -1.6587445e-03
  -1.5410051e-01   3.1320685e-01  -2.1165102e-01  -2.4515057e-04   3.5217481e-03  -1.7336217e-03
  -1.1385862e-01   2.9104838e-01  -3.1949430e-01  -1.0875459e-03   4.7278885e-03  -1.4412903e-03
  -9.7274493e-02   2.6060088e-01  -3.0644305e-01  -5.7767463e-04   4.6940150e-03  -1.4667689e-03
  -8.2337608e-02   2.5524881e-01  -3.7674051e-01  -2.4156885e-04   4.3468879e-03  -8.1809425e-04
  -1.0257456e-01   2.5637575e-01  -3.2240870e-01  -1.3230103e-03   4.2410874e-03  -1.0726711e-03
  -9.9471222e-02   2.5217844e-01  -3.4473822e-01   1.4107193e-03   3.7846179e-03  -8.6628220e-04
  -1.0347382e-01   2.6938731e-01  -3.2773722e-01  -3.2281161e-04   4.0632075e-03  -1.7423622e-03
  -1.4286657e-01   3.9902753e-01  -1.4771621e-01   5.1506961e-04   2.6984510e-03  -1.2194380e-03
  -1.1805165e-01   3.3635049e-01  -3.9628673e-01  -4.7008394e-04   4.9513198e-03  -1.2996316e-03
  -1.5343513e-01   3.2484964e-01  -1.7872619e-01   1.0436545e-03   3.7640327e-03  -8.0762926e-04
  -9.5653135e-02   3.5611768e-01  -5.7103654e-01  -3.3062678e-03   4.5020847e-03  -2.0934445e-03
  -1.2702300e-01   3.1694773e-01  -4.8740186e-01  -6.5882795e-03   5.7869014e-03  -2.1630855e-03
  -2.0673534e-01   3.3909047e-01  -3.0396017e-01  -2.8681558e-03   3.9415444e-03  -1.1786878e-03
  -1.6506817e-01   2.5338645e-01  -3.8220517e-01  -8.7871305e-04   5.3450490e-03  -1.4599754e-03
  -1.4142944e-01   2.4960232e-01  -3.5637400e-01  -5.3489778e-04   5.4408342e-03  -1.3578661e-03
  -1.2084632e-01   2.0933257e-01  -4.9747891e-01   1.0933373e-03   4.7690417e-03  -1.4552262e-03
  -1.4629161e-01   2.5247890e-01  -4.0470814e-01   1.7417916e-03   4.9014472e-03  -1.0410010e-03
  -2.3145470e-01   3.9428062e-01  -1.9141967e-01   4.2546488e-03   4.7139515e-03  -4.5912419e-04
  -1.6721803e-01   2.4332642e-01  -3.1597245e-01   3.4496755e-03   5.7600868e-03  -1.6668535e-03
  -1.4737058e-01   1.9544829e-01  -2.9537703e-01   5.1958121e-03   5.1209620e-03  -1.4694514e-03
  -1.8364671e-01   2.5435287e-01  -3.0014233e-01   3.8288120e-03   4.8557335e-03  -2.5583543e-03
  -2.3256962e-01   3.7508177e-01  -2.6615204e-01   3.1522646e-03   3.9858702e-03  -2.3444460e-03
  -1.9653180e-01   2.6461653e-01  -3.4834635e-01   3.2878326e-03   5.2743564e-03  -2.7533442e-03
  -1.6086488e-01   2.6087878e-01  -3.6055123e-01   3.6324292e-03   4.8558023e-03  -2.5668564e-03
  -1.8189247e-01   2.4701255e-01  -3.2998508e-01   3.3783423e-03   5.1529025e-03  -3.0098102e-03
  -1.9581847e-01   2.2434036e-01  -2.5087575e-01   3.7562046e-03   4.8604393e-03  -2.8488724e-03
  -2.5505795e-01   3.7433162e-01  -7.6489081e-02   3.0652369e-03   4.0739604e-03  -1.8383699e-03
  -2.2942506e-01   2.3446989e-01  -1.8335157e-01   4.8086566e-03   4.2772370e-03  -2.7990301e-03
  -1.9445005e-01   2.5159655e-01  -2.4398035e-01   4.5304045e-03   3.8143230e-03  -3.1730122e-03
  -2.2404963e-01   3.5779754e-01  -2.3617785e-01   3.6354941e-03   3.0427873e-03  -2.7523661e-03
  -2.6988647e-01   5.2621940e-01  -1.6405335e-01  -3.3290618e-05   3.3481372e-03  -1.9673820e-03
  -1.6838836e-01   2.5673455e-01  -3.3505821e-01   2.0276173e-03   3.7873891e-03  -3.0435370e-03
  -1.6613810e-01   3.1552273e-01  -4.2528519e-01  -1.6580005e-03   4.6824528e-03  -3.3792139e-03
  -1.7111400e-01   3.0992899e-01  -3.2250417e-01  -2.1517815e-03   5.4864723e-03  -3.0903438e-03
  -1.6139524e-01   2.7321346e-01  -2.5428191e-01  -1.1451121e-03   5.4777820e-03  -2.4886357e-03
  -1.6978973e-01   2.6931340e-01  -2.9011832e-01  -2.4621832e-04   5.5518426e-03  -2.5157612e-03
  -1.6566672e-01   2.9956671e-01  -2.7971868e-01   3.1174377e-04   5.5539617e-03  -2.5187550e-03
  -1.7856946e-01   3.7164183e-01  -2.9609604e-01  -2.3659852e-03   5.9333652e-03  -2.8639919e-03
  -1.8353218e-01   3.0907666e-01  -1.8580477e-01  -2.6962516e-04   5.0697294e-03  -2.5261471e-03
  -2.8294206e-01   5.7935705e-01  -2.2266233e-01  -1.9104241e-03   6.8315900e-03  -1.7162340e-03
  -2.7129984e-01   3.8433209e-01  -2.8596390e-01   8.3237108e-04   7.5830473e-03  -2.3590777e-03
  -1.8986620e-01   2.9346756e-01  -2.0411983e-01   1.5811571e-03   7.1485667e-03  -1.7988989e-03
  -1.9605337e-01   3.0058064e-01  -1.0649115e-01   2.5092612e-03   6.8814927e-03  -2.0902030e-03
  -1.8435366e-01   3.1423829e-01  -1.3381849e-01   1.5117414e-03   7.0172355e-03  -1.7952392e-03
  -1.6826160e-01   3.2613660e-01  -1.6472399e-01   1.3973663e-03   7.3559684e-03  -1.9204216e-03
  -1.6323148e-01   3.6796929e-01  -2.1365846e-01   8.6597903e-04   7.2836342e-03  -1.8896411e-03
  -1.6251643e-01   4.0341622e-01  -2.2944641e-01   1.2719080e-03   7.3253108e-03  -1.7386709e-03
  -1.5325489e-01   3.8331180e-01  -2.1669857e-01   1.6091609e-03   7.3187257e-03  -1.8115010e-03
  -1.4382096e-01   3.6478066e-01  -2.1193212e-01   1.8646256e-03   7.3818596e-03  -1.5704643e-03
  -1.4682172e-01   3.7117164e-01  -2.2522036e-01   1.1926389e-03   7.4870889e-03  -1.5306854e-03
  -1.4437528e-01   3.6822045e-01  -2.1730150e-01   1.2748495e-03   7.4438290e-03  -1.5910697e-03
  -1.4467002e-01   3.7385059e-01  -2.0685346e-01   9.3104949e-04   7.4312523e-03  -1.7453278e-03
  -1.4006864e-01   3.8208365e-01  -2.4796657e-01   2.0710347e-03   7.0736455e-03  -1.2098699e-03
