   0.0000000e+00   0.0000000e+00   0.0000000e+00   0.0000000e+00   0.0000000e+00   0.0000000e+00
  -3.2432159e-02   5.5167466e-05  -9.7082795e-03  -1.8893988e-05   3.6597901e-04  -1.0904447e-03
  -1.0990341e-01  -3.0269859e-02  -1.9236932e-02  -4.6304013e-04  -3.2062084e-03  -2.8363226e-03
  -2.1059029e-01  -3.9791557e-02   1.5189722e-02  -1.6692259e-03  -6.4794310e-03  -8.7772355e-03
  -1.7823206e-01   7.4298005e-03   5.2541048e-02  -2.7520925e-03  -5.4967932e-03  -7.1503940e-03
  -1.9712567e-01  -1.0958655e-02   7.3380889e-03  -2.9033089e-03  -4.8940171e-03  -7.0308922e-03
  -1.9398361e-01  -1.5911443e-02   2.0089890e-02  -3.2148859e-03  -4.5645966e-03  -7.0477236e-03
  -1.9839537e-01  -3.9869581e-02   8.6569860e-02  -2.0039476e-03  -4.8424179e-03  -6.9120681e-03
  -1.2207053e-01   1.2961165e-01  -3.3668411e-02  -5.1465098e-03  -4.0019462e-03  -4.8329283e-03
  -1.7278037e-01   3.1554661e-03   8.8173258e-03  -5.0011437e-03  -3.4650088e-03  -5.2048252e-03
  -1.5321741e-01  -2.1421924e-02   3.6242113e-02  -4.1320245e-03  -3.5821602e-03  -5.3091794e-03
  -1.3984840e-01  -2.7990566e-03   5.2385783e-02  -3.5941763e-03  -3.5915830e-03  -4.7420083e-03
  -1.4421307e-01   1.3878331e-02   4.5571285e-02  -3.1795189e-03  -3.4592082e-03  -4.8305751e-03
  -8.8139111e-02   3.2042957e-02   5.9234702e-02  -2.0894341e-03  -2.8624017e-03  -4.7159425e-03
  -1.3428982e-01   3.5091297e-02  -2.2120112e-02  -1.8280559e-03  -1.9700702e-03  -3.6765665e-03
  -1.4504566e-01   3.8117141e-02  -9.9862084e-03  -1.6551965e-03  -2.2731389e-03  -4.4174512e-03
  -1.2778617e-01   4.6653181e-02  -1.3392640e-02  -1.8973594e-03  -2.8048097e-03  -3.7853939e-03
  -1.2353740e-01  -1.3502272e-02  -3.5742263e-02  -4.0164560e-04  -3.4000935e-03  -3.3845126e-03
  -1.2095232e-01   6.4835172e-02  -1.1075113e-02  -3.0162593e-03  -3.2739970e-03  -3.9459626e-03
  -1.1528744e-01   6.7663534e-02   3.4149512e-02  -2.7924755e-03  -3.3596245e-03  -3.8853226e-03
  -1.0184474e-01   1.2033312e-01   1.0273295e-01  -1.8370316e-03  -3.5942262e-03  -4.1125250e-03
  -9.6738709e-02   2.3384537e-03   8.4122017e-02  -1.4378163e-03  -3.7197801e-03  -3.9766961e-03
  -9.4368056e-02   2.7515499e-02   1.2057751e-01  -1.0843693e-03  -3.5290179e-03  -3.7647315e-03
  -9.0589296e-02   1.6547877e-01   1.3636797e-01  -1.4620949e-03  -3.6180414e-03  -3.7225952e-03
  -1.2945484e-01   6.3438031e-02   4.8711930e-02  -2.0843099e-03  -2.8114932e-03  -3.8256659e-03
  -1.2148418e-01   3.8438422e-02   5.2069593e-02  -1.8282166e-03  -2.9468271e-03  -4.0672233e-03
  -1.1799336e-01   2.7592396e-02   4.5783999e-02  -1.6383019e-03  -2.8908394e-03  -3.6280950e-03
  -1.1241945e-01   1.9462377e-02   8.8247027e-02  -1.6659162e-03  -3.0161605e-03  -3.8548497e-03
  -1.0445503e-01   5.5504228e-02   9.0065530e-02  -1.1041156e-03  -3.2108897e-03  -3.4792479e-03
  -1.0789630e-01   1.4357790e-01   5.1214541e-02  -1.8806541e-03  -3.4147011e-03  -3.6746233e-03
  -6.6721819e-02   1.4719569e-02  -2.2909970e-01  -2.3464826e-03  -4.2991736e-03  -2.5728327e-03
  -1.2239102e-01   9.3599397e-02  -8.8674680e-02  -1.4199539e-03  -3.8812037e-03  -2.4681168e-03
  -1.3980587e-01   9.7530818e-02  -1.7307726e-01  -7.2467673e-04  -3.0225328e-03  -2.5004197e-03
  -1.3610754e-01   3.4078377e-02  -1.4101064e-01  -2.3905630e-05  -3.1805229e-03  -3.3866941e-03
  -1.1642073e-01  -2.5416720e-03  -1.4199624e-01   4.2606189e-04  -3.4906629e-03  -3.1430294e-03
  -1.2547472e-01   4.0196800e-02  -1.0101077e-01   2.3806602e-04  -3.1436136e-03  -2.5797268e-03
  -9.2403483e-02  -1.1190358e-02  -1.0811720e-01   2.1295316e-03  -2.9024580e-03  -2.7585382e-03
  -1.3304328e-01   7.4354566e-03  -1.0506224e-01   1.4063297e-03  -2.1110670e-03  -2.3328860e-03
  -1.3057657e-01   8.5903197e-02   6.8749195e-04   2.4322929e-03  -2.2964941e-03  -2.1908589e-03
  -1.1865809e-01   6.3564252e-02  -2.4803609e-02   1.1699812e-03  -1.9899953e-03  -2.9385595e-03
  -1.2461134e-01   3.9951803e-02  -2.1985623e-02   7.8122869e-04  -1.7491132e-03  -3.3056203e-03
  -1.0937821e-01   2.0872712e-02  -8.4002154e-02   1.6021223e-03  -1.8641689e-03  -2.6995116e-03
  -1.1103045e-01   1.0787309e-01  -8.4733187e-03   1.6214837e-03  -2.2798208e-03  -2.4471076e-03
  -1.1294674e-01   2.6539549e-02  -4.0848768e-02   2.3673647e-03  -1.9911525e-03  -2.5896825e-03
  -1.0935450e-01  -5.7580764e-04  -4.0836722e-02   2.9128726e-03  -1.8334780e-03  -2.7533325e-03
  -1.0189621e-01   1.4303781e-01  -4.3987126e-02   2.3435788e-03  -2.0615688e-03  -2.4906436e-03
  -1.0266381e-01   5.8601069e-02  -5.7427763e-02   2.2933996e-03  -2.2098700e-03  -2.9450034e-03
  -7.4671614e-02   2.0540654e-01  -6.4927323e-02   1.5129773e-03  -2.5472745e-03  -2.7171170e-03
  -7.8997077e-02   1.1737663e-01  -9.5435665e-02   2.4523360e-03  -1.8340797e-03  -2.9605956e-03
  -3.2735474e-02   5.5543770e-02  -2.5079667e-02   3.8001328e-03  -2.4831352e-03  -2.5743157e-03
  -6.8174119e-02   1.3719909e-01  -2.3249376e-02   1.9844434e-03  -2.3042798e-03  -2.0945934e-03
  -6.1694857e-02   2.6831982e-02  -8.7972592e-02   3.3934356e-03  -2.3667694e-03  -2.1103724e-03
  -8.7565839e-02   6.7404702e-02  -2.5115705e-02   3.0216975e-03  -2.1053623e-03  -2.5156835e-03
  -9.1657970e-02   1.1532889e-01   4.1758563e-02   3.5517931e-03  -2.4441234e-03  -2.2069568e-03
  -7.5966437e-02   1.5397018e-01  -1.2906124e-01   1.7681247e-03  -2.1426365e-03  -2.2708421e-03
  -8.7961463e-02   8.4545979e-02  -1.3905998e-01   3.0593649e-03  -1.6661240e-03  -3.2969242e-03
  -9.3959951e-02   1.2186237e-01  -6.1607709e-02   3.3645729e-03  -1.9283064e-03  -3.0030233e-03
  -1.0774667e-01   6.1801437e-02  -8.8821631e-02   4.6577253e-03  -1.3995212e-03  -3.2800323e-03
  -9.9019519e-02   6.9453250e-02  -4.8554175e-02   3.6062584e-03  -1.7160961e-03  -2.9566873e-03
  -1.1225686e-01   5.6071304e-02  -5.7255730e-02   3.2900566e-03  -1.4443104e-03  -3.6273306e-03
  -1.0997933e-01   1.9891597e-01   6.3850722e-02   3.1867347e-03  -2.0610119e-03  -2.1957956e-03
  -8.5340335e-02   1.7649679e-01  -1.1417810e-01   7.3380925e-04  -2.0884530e-03  -1.8216713e-03
  -1.0030786e-01   1.3831096e-01  -9.8067781e-02   1.3841226e-03  -1.3341414e-03  -2.8193610e-03
  -8.5670300e-02   4.0285398e-02  -4.8547633e-02   4.1676745e-03  -1.3200767e-03  -2.6364963e-03
  -1.0196962e-01   1.0473180e-01  -4.7247583e-02   3.8101866e-03  -1.3545107e-03  -3.2103569e-03
  -1.1680248e-01   1.6501165e-01   1.5863740e-02   4.3316057e-03  -1.8547986e-03  -2.7092288e-03
  -7.9767590e-02   2.1440171e-01  -1.9446764e-02   3.8892126e-03  -2.0947557e-03  -2.2051775e-03
  -8.0874483e-02   1.2202780e-01  -1.5698719e-01   5.6071272e-03  -1.7910265e-03  -2.9134915e-03
  -1.0268644e-01   9.5708116e-02  -1.3161508e-01   6.2417265e-03  -1.6402618e-03  -3.0580597e-03
  -1.0980337e-01   2.4815913e-01   1.4290236e-02   5.7311162e-03  -2.4677095e-03  -2.6246086e-03
  -1.0901053e-01   1.0042844e-01  -3.4918297e-02   6.7081864e-03  -1.9250808e-03  -3.0471871e-03
  -1.4203202e-01   1.3055903e-01   2.9315223e-02   7.3281028e-03  -2.3500741e-03  -2.1993814e-03
  -1.1151921e-01   1.6416286e-01  -1.3280223e-02   5.7475388e-03  -2.0293408e-03  -2.0217882e-03
  -1.1703617e-01   7.0541920e-02  -4.9385143e-03   6.4144197e-03  -1.5534839e-03  -2.8542609e-03
  -1.1071203e-01   9.3588203e-02   5.5262342e-02   6.3561783e-03  -1.5551558e-03  -2.7972658e-03
  -1.0983665e-01   2.2426783e-01   8.5509090e-02   5.6974046e-03  -2.2597792e-03  -1.9220533e-03
  -4.0442992e-02   2.5153112e-01   6.9800087e-02   4.6894843e-03  -8.6088239e-04  -2.4272542e-03
  -9.4374950e-02   1.2695356e-01   3.6550882e-02   3.8554042e-03  -1.7531328e-03  -2.3029736e-03
  -1.0417802e-01   8.5842065e-02   5.6354429e-02   5.6959897e-03  -1.7090730e-03  -2.7637964e-03
  -9.7938069e-02   2.7072545e-01   6.6574055e-02   3.5775261e-03  -2.0192531e-03  -2.6049411e-03
  -9.8494365e-02   9.7831865e-02  -1.2753607e-02   5.2491573e-03  -1.4183281e-03  -3.4197070e-03
  -1.2867961e-01   1.6839871e-01   7.3144167e-02   5.9486008e-03  -2.3505143e-03  -2.4547237e-03
  -9.9159767e-02   2.2583301e-01   4.6306950e-02   5.5304990e-03  -2.9183408e-03  -1.6700643e-03
  -7.9094546e-02   1.0135073e-01   2.2264833e-02   7.1505115e-03  -1.6416292e-03  -2.4199596e-03
  -8.3626379e-02   7.1907755e-02   4.4316973e-02   7.4179200e-03  -1.7314633e-03  -2.6766398e-03
  -1.2216265e-01   1.7388964e-01   1.4428870e-01   8.0549674e-03  -1.5476358e-03  -1.9416559e-03
  -1.2413717e-01   1.1798205e-01  -3.1767241e-02   6.6303771e-03  -8.2924592e-04  -1.0688487e-03
  -1.2969732e-01   1.3508475e-01   1.7603988e-02   6.4815197e-03  -1.5611055e-03  -1.5348098e-03
  -1.2703688e-01   1.8889350e-01   9.2222363e-02   8.6790525e-03  -1.9399305e-03  -1.7045730e-03
  -1.1332508e-01   1.5315134e-01   5.6355519e-02   6.9116260e-03  -1.5240490e-03  -1.4549321e-03
  -1.0215562e-01   1.3382473e-01   4.2314226e-02   7.5074317e-03  -1.3839423e-03  -1.8453532e-03
  -9.6652514e-02   8.3620019e-02   7.6212495e-02   8.2516820e-03  -1.3676083e-03  -1.8565768e-03
  -9.7268581e-02   7.9766556e-02   1.0838929e-01   9.8588177e-03  -1.9205099e-03  -9.5204561e-04
  -1.0591559e-01   2.2014884e-01   4.3365344e-02   3.6759255e-03  -9.9403543e-04  -2.1426007e-03
  -1.7664143e-01   2.2975233e-01  -3.6768200e-02  -6.6327998e-03   1.5319236e-03  -4.4669920e-03
  -1.1788806e-01   2.5167284e-01  -7.6493202e-02  -7.9427730e-04   1.7703336e-04  -4.5524846e-03
  -1.3547443e-01   8.7374795e-02  -1.2472739e-01   5.4884504e-03  -4.9472272e-04  -3.3093370e-03
  -1.2642973e-01   1.1303688e-01  -8.5157346e-02   4.8103703e-03  -6.7467628e-04  -3.6063946e-03
  -1.0461631e-01   2.0619864e-01  -9.6028364e-02   4.6554020e-03  -1.7021108e-03  -1.8950456e-03
  -1.1365777e-01   1.1714535e-01  -1.3066509e-01   5.4562722e-03  -1.3722025e-03  -2.3809191e-03
  -1.1675619e-01   1.8306663e-01  -9.4032780e-02   5.6711314e-03  -1.4492322e-03  -2.4834318e-03
  -1.0256178e-01   1.0747018e-01  -7.4163387e-02   6.3799729e-03  -1.6050931e-04  -1.9918589e-03
  -1.0543940e-01   9.2089468e-02  -5.4015558e-02   4.2300002e-03  -9.9146534e-04  -1.6299126e-03
  -1.2832323e-01   1.1923093e-01  -7.2130748e-02   5.5867672e-03  -8.7346230e-04  -1.9253363e-03
  -1.0679927e-01   1.0342019e-01  -6.1986625e-02   6.0263304e-03  -1.6680180e-03  -2.7964389e-03
  -1.9479847e-01   1.8360185e-01   1.3801476e-01   6.3364773e-03  -3.8251440e-03  -2.3849442e-03
  -2.7641065e-01   2.8378649e-01   1.2367979e-01   5.7048435e-03  -4.1099948e-03  -3.9316722e-03
  -2.1483043e-01   1.2193501e-01  -2.7487841e-01   5.9656925e-03  -7.0818521e-03  -9.7869838e-03
  -1.8900056e-01   1.9218299e-01  -1.3791733e-01   7.8015077e-03  -6.3323957e-03  -7.0912501e-03
  -1.2014114e-01   1.0558754e-01  -1.6668479e-01   7.1156299e-03  -4.7385556e-03  -5.0962414e-03
  -1.2411406e-01   1.2125592e-01  -1.3424023e-01   6.8886838e-03  -4.1773372e-03  -4.9426360e-03
  -1.2309530e-01   2.7041822e-01  -8.0827861e-02   6.3141834e-03  -4.6559839e-03  -2.9867952e-03
  -1.1985300e-01   1.2510734e-01  -1.0356034e-01   6.6887730e-03  -4.3088595e-03  -4.4025784e-03
  -1.2516958e-01   8.0542749e-02  -1.3088019e-01   7.2021452e-03  -4.3426725e-03  -4.2041588e-03
  -1.2163602e-01   7.0796904e-02  -5.8019925e-02   7.6879362e-03  -4.1963422e-03  -4.2663893e-03
  -1.2806016e-01   9.7964181e-02  -6.3582245e-02   6.9542801e-03  -3.5435098e-03  -3.4863554e-03
  -1.0894891e-01   1.8009507e-01  -4.5415669e-02   5.7231306e-03  -2.5529801e-03  -2.9215744e-03
  -1.0378383e-01   3.2168469e-01  -7.3294164e-02   7.1363386e-03  -2.4071754e-03  -2.7478411e-03
  -5.4787840e-02   2.7346466e-01  -2.8709971e-01   4.2641567e-04  -5.5069246e-04  -2.0263889e-03
  -4.4795301e-02   1.6919529e-01  -2.1477500e-01   2.4092183e-03  -1.5868892e-03  -2.1615083e-03
  -5.4053471e-02   1.6954868e-01  -2.2658416e-01   1.4777342e-03  -1.4031169e-03  -2.5195004e-03
   2.5585281e-02   1.6751997e-01  -3.1041724e-01   7.2092886e-03  -2.7332676e-03  -2.0813779e-03
  -4.3974354e-02   1.5353733e-01  -2.7640026e-01   7.0209955e-03  -2.0438154e-03  -3.4004723e-03
  -5.4360234e-02   1.4054259e-01  -3.2582903e-01   7.3215300e-03  -2.7515178e-03  -2.2807986e-03
  -8.3403173e-02   1.3166700e-01  -2.6371891e-01   6.8319701e-03  -2.7840497e-03  -2.9460777e-03
  -1.1949977e-01   2.2534386e-01  -8.4645995e-02   7.6241688e-03  -3.7361038e-03  -2.6607140e-03
  -1.5543510e-01   2.3395990e-01  -1.4542024e-01   6.7991423e-03  -2.7220921e-03  -3.1911549e-03
  -1.5114652e-01   1.4954771e-01  -1.6808175e-01   8.3001540e-03  -2.7736262e-03  -3.8919712e-03
  -1.2940030e-01   1.2487422e-01  -1.5395183e-01   8.2315256e-03  -2.6789549e-03  -3.7797030e-03
  -1.7312441e-01   1.4103764e-01  -1.0355549e-01   7.6692632e-03  -3.7946593e-03  -5.0402344e-03
  -2.3770576e-01   2.2487480e-01   1.8283392e-02   8.5818798e-03  -4.8800316e-03  -4.2937137e-03
  -2.7838555e-01   2.7070267e-01  -1.7823890e-01   6.2582380e-03  -6.1575259e-03  -5.0195081e-03
  -2.5581502e-01   1.8776760e-01  -2.0084681e-01   7.1771905e-03  -5.5790079e-03  -5.5305774e-03
  -1.9854370e-01   1.1881482e-01  -1.7608910e-01   7.7322444e-03  -4.8541275e-03  -5.9095017e-03
  -1.9498974e-01   1.0864032e-01  -1.3498044e-01   7.4154105e-03  -4.9042237e-03  -5.9988468e-03
  -1.5918782e-01   2.5192952e-01  -1.0594179e-01   8.2736807e-03  -4.0227727e-03  -4.9402616e-03
  -1.1546073e-01   2.3507245e-01  -3.1605290e-01   7.8145974e-03  -2.8215253e-03  -4.6442763e-03
  -1.2744025e-01   1.3024530e-01  -2.3541776e-01   8.4843520e-03  -1.9047615e-03  -5.1113986e-03
  -1.5155505e-01   1.1274516e-01  -1.1369609e-01   1.0444087e-02  -2.6863066e-03  -4.2075809e-03
  -1.9839150e-01   3.3073536e-01   4.1804583e-02   9.3357377e-03  -4.3426350e-03  -4.1887745e-03
  -1.5028324e-01   2.0316245e-01  -2.4396183e-01   9.4776368e-03  -1.6715716e-03  -4.9067608e-03
  -1.3703717e-01   1.2284348e-01  -1.6416225e-01   1.1295008e-02  -2.4010389e-03  -4.8684735e-03
  -1.7323833e-01   1.6609099e-01  -1.2799390e-01   1.1838088e-02  -3.6618719e-03  -5.6924161e-03
  -2.0043393e-01   3.2044910e-01   5.7063453e-03   1.3165798e-02  -4.2700389e-03  -5.1741027e-03
  -1.4160660e-01   2.4603857e-01  -1.7872980e-01   1.1089212e-02  -1.3463512e-03  -4.3855031e-03
  -1.2971783e-01   1.4866215e-01  -1.2324842e-01   1.2183328e-02  -7.4938467e-04  -5.0463756e-03
  -1.1562255e-01   2.0047162e-01  -8.4746736e-02   1.1645503e-02  -1.0470878e-03  -4.6323764e-03
  -1.2258632e-01   1.4200002e-01  -6.8823294e-02   1.3313258e-02  -1.0020195e-03  -4.8018971e-03
  -1.0659798e-01   1.5366434e-01  -7.4433785e-02   1.2889739e-02  -1.3734089e-03  -5.1088054e-03
  -1.3146095e-01   2.2330999e-01   3.2722728e-02   1.3860056e-02  -1.5698068e-03  -4.1402467e-03
  -9.7594362e-02   2.7389159e-01  -3.0819041e-01   8.0452825e-03  -9.4469187e-04  -4.9207874e-03
  -1.9958260e-02   2.6720748e-01  -3.1566115e-01   7.1760586e-03   6.4011083e-05  -4.8858008e-03
  -2.8192098e-02   1.8277259e-01  -3.7041019e-01   9.9134399e-03  -1.7900271e-03  -3.3597989e-03
  -7.6944182e-02   1.6664854e-01  -2.5472142e-01   1.1815410e-02  -1.5229315e-03  -3.2448687e-03
  -1.2207114e-01   2.9120141e-01  -3.1586496e-01   9.1164391e-03  -2.2659124e-03  -3.6147447e-03
  -7.8759309e-02   2.6704678e-01  -3.5328867e-01   8.3121045e-03  -1.4817860e-03  -4.0214759e-03
  -8.1341365e-02   1.9805059e-01  -3.2315572e-01   1.0149327e-02  -1.1689962e-03  -3.6806952e-03
  -8.3466698e-02   1.6133119e-01  -2.3247645e-01   9.2025941e-03  -1.2086528e-03  -4.1024130e-03
  -9.3056871e-02   1.6931093e-01  -2.0487517e-01   9.5545708e-03  -1.0579496e-03  -3.9459652e-03
  -1.0865661e-01   3.0367123e-01  -1.2626549e-01   1.0324253e-02  -1.6916462e-03  -3.2788385e-03
  -1.1191352e-01   2.1539063e-01  -2.6100637e-01   9.9163225e-03  -4.3662887e-04  -4.0773767e-03
  -7.3027659e-02   2.2973100e-01  -3.8254039e-01   9.4315705e-03  -1.4373711e-03  -3.4502731e-03
  -1.1473505e-01   3.0811732e-01  -1.9888382e-01   8.0918762e-03  -1.6085675e-03  -3.6362786e-03
  -1.1485722e-01   2.0599922e-01  -1.6194587e-01   9.3844264e-03  -1.4688108e-03  -3.7842393e-03
  -1.3242248e-01   1.7782489e-01  -1.9278932e-01   1.0905707e-02  -1.2609736e-03  -4.5765723e-03
  -1.3501457e-01   2.1944382e-01  -2.0578511e-01   9.0806328e-03  -1.3050592e-03  -4.8958600e-03
  -1.3370770e-01   2.3064476e-01  -1.9270864e-01   9.7822355e-03  -1.0890165e-03  -4.9050521e-03
  -1.2407482e-01   2.1960944e-01  -1.8111459e-01   9.8331598e-03  -1.0851516e-03  -4.9109686e-03
  -1.1083755e-01   2.7382684e-01  -1.9618228e-01   9.5941523e-03  -6.6152066e-04  -4.3761205e-03
  -1.0737616e-01   2.8661014e-01  -2.2630881e-01   9.5164029e-03  -4.5070031e-04  -4.8329012e-03
  -1.0438959e-01   2.8597863e-01  -2.2629973e-01   9.6789818e-03  -6.0821876e-04  -4.6390345e-03
  -1.0567311e-01   2.7500804e-01  -2.1925615e-01   9.2892752e-03  -3.6133744e-04  -4.7071432e-03
  -1.1323168e-01   2.8515841e-01  -2.1426818e-01   9.6051438e-03  -3.9681391e-04  -4.7132956e-03
  -1.1049523e-01   2.6374579e-01  -1.8911255e-01   9.4696152e-03  -5.8024742e-04  -4.8118466e-03
  -1.0647463e-01   2.6594679e-01  -1.8508282e-01   9.1703582e-03  -5.3977208e-04  -4.2768954e-03
  -1.0803486e-01   2.8077452e-01  -2.0489962e-01   9.4037106e-03  -4.3050425e-04  -4.4398893e-03
  -1.0301635e-01   2.9320338e-01  -2.2080136e-01   9.5332325e-03  -3.4261161e-04  -4.4895461e-03
  -1.1219411e-01   2.7358744e-01  -8.2381615e-02   1.0687094e-02  -1.0890083e-03  -4.1576833e-03
  -6.5812775e-02   3.9755831e-01  -2.7254041e-01   6.3675139e-03   1.3604043e-03  -2.9141737e-03
