   0.0000000e+00   0.0000000e+00   0.0000000e+00  -1.1102230e-16   0.0000000e+00   0.0000000e+00
  -1.4729501e-02   1.9517409e-02  -1.4791469e-01  -3.2857316e-03  -6.9451983e-04  -1.0905488e-03
  -2.5967512e-02   1.3273531e-02  -2.1894026e-01  -4.7591120e-03  -4.9670218e-04  -1.4926445e-03
  -2.0026121e-02   1.5018407e-02  -1.5736890e-01  -5.4892670e-03  -3.5038650e-04  -1.6393182e-03
  -6.5431062e-03   4.0527750e-02  -1.5915553e-01  -5.1700301e-03  -2.6090421e-04  -1.3093731e-03
  -3.9462356e-03   5.5213709e-02  -1.6330543e-01  -5.1998288e-03  -2.1595915e-04  -1.3461248e-03
   1.6255370e-03   8.0444380e-02  -1.6137396e-01  -5.3841981e-03  -3.5109341e-04  -1.2612224e-03
  -2.2254126e-03   7.1002779e-02  -2.0228826e-01  -4.0490060e-03  -3.5854842e-05  -9.7502396e-04
  -1.5403193e-03   6.9286791e-02  -1.5340257e-01  -5.1421773e-03  -2.3572917e-04  -1.0499353e-03
  -3.2297419e-03   7.7299668e-02  -1.6496938e-01  -5.1177076e-03  -1.3445133e-05  -1.0076108e-03
   2.4090285e-03   7.0797746e-02  -1.6037589e-01  -5.4448643e-03   4.2346633e-05  -1.1222044e-03
  -1.0297922e-02   8.8942444e-02  -1.6521880e-01  -5.3881039e-03   5.9161127e-05  -1.0685107e-03
  -1.4490958e-02   8.7079518e-02  -1.5748343e-01  -5.2988568e-03   2.8460649e-04  -9.9665339e-04
  -1.7026525e-02   1.0422916e-01  -1.6836131e-01  -5.3822911e-03   3.1504116e-04  -1.0686139e-03
  -1.9083559e-02   1.0838901e-01  -1.5485576e-01  -4.7511555e-03   2.9611824e-04  -8.3559366e-04
  -2.5294989e-02   8.7580034e-02  -1.4248374e-01  -5.1052177e-03   4.2133530e-04  -9.2121436e-04
  -2.4345867e-02   9.4249135e-02  -1.5172601e-01  -5.3726416e-03   6.6535675e-04  -8.8696668e-04
  -2.4803144e-02   1.1072802e-01  -1.6846210e-01  -5.0563305e-03   4.7418846e-04  -8.1785421e-04
  -2.2741059e-02   1.1274991e-01  -1.4638724e-01  -5.0434242e-03   6.6785813e-04  -9.3426707e-04
  -3.8029510e-02   1.4369000e-01  -1.6705849e-01  -5.5522634e-03   7.6361452e-04  -9.3759629e-04
  -5.5712744e-02   1.2592918e-01  -1.5381371e-01  -5.2740518e-03   1.1142939e-03  -7.2123347e-04
  -1.1143145e-02   1.5144030e-01  -3.4686271e-01  -6.1075832e-03   1.1224770e-03  -2.8286258e-04
  -1.8998938e-02   1.6358656e-01  -3.7375014e-01  -7.0314785e-03   1.7191352e-03  -6.4939177e-04
  -1.0584742e-02   1.3026146e-01  -3.4720138e-01  -6.5972424e-03   1.6665689e-03  -7.4049007e-04
  -7.6621526e-03   1.2997003e-01  -3.3666917e-01  -5.8362063e-03   1.7544915e-03  -2.2970301e-04
  -1.9654885e-02   1.2769630e-01  -3.6668154e-01  -5.8493279e-03   1.5723986e-03  -1.4079990e-04
  -1.3878320e-02   1.2789043e-01  -3.3489562e-01  -6.2892104e-03   1.4516415e-03  -2.2310743e-04
  -1.3269679e-02   1.1864508e-01  -3.5155749e-01  -5.5269916e-03   1.7065617e-03  -1.7531331e-04
   5.1022704e-03   1.2041393e-01  -3.6199273e-01  -4.4424557e-03   1.7287855e-03  -5.7112995e-04
   4.4114138e-03   1.4610910e-01  -3.3776319e-01  -5.0748371e-03   1.4957604e-03  -1.5386114e-04
   3.9492826e-03   1.2668076e-01  -3.0705944e-01  -5.1128286e-03   1.4560637e-03  -3.4386871e-04
   1.5647164e-02   2.2046330e-01  -3.9001963e-01  -7.5734252e-03   1.3204337e-03   9.7123742e-05
   1.4442607e-03   1.6038873e-01  -4.3242991e-01  -6.1047497e-03   1.1679106e-03   2.1511492e-05
   8.2657621e-03   1.6156453e-01  -4.6156596e-01  -5.3025237e-03   1.2359175e-03  -5.2026697e-05
   6.2488019e-03   1.4509900e-01  -4.3027933e-01  -6.0590863e-03   1.1421233e-03   1.2376494e-04
   5.5186819e-03   1.5735886e-01  -4.3670180e-01  -6.4805492e-03   1.2476864e-03   5.9371883e-05
   1.1071485e-02   1.4297190e-01  -4.3730537e-01  -5.8681761e-03   1.1489095e-03  -2.7182668e-05
   1.4759508e-02   1.8394054e-01  -5.3962450e-01  -5.1192482e-03   1.3478572e-03  -1.3706505e-04
   1.6785275e-02   1.5175715e-01  -4.9788033e-01  -6.2649464e-03   1.1926888e-03  -2.0269450e-04
   1.4047769e-03   2.0702499e-01  -4.9986746e-01  -7.3967047e-03  -3.4692842e-04  -5.7395192e-04
  -4.7403264e-03   1.7352259e-01  -5.1269939e-01  -7.3216149e-03  -2.5616468e-03  -1.6798651e-03
  -3.7089627e-03   1.5372151e-01  -4.8592432e-01  -7.3615819e-03  -2.1458245e-03  -1.9563175e-03
  -7.6185184e-03   1.7942456e-01  -5.0398982e-01  -7.5960517e-03  -2.0856590e-03  -1.8610299e-03
  -3.7479446e-03   1.8592906e-01  -5.1933929e-01  -7.0803327e-03  -2.2012986e-03  -1.8928721e-03
  -5.9133731e-03   1.7791210e-01  -5.0457028e-01  -6.8001068e-03  -1.8617310e-03  -1.5257029e-03
  -4.8790928e-03   1.6785003e-01  -5.0033055e-01  -6.6410359e-03  -1.8695359e-03  -1.5667301e-03
  -4.1425503e-03   1.8914544e-01  -5.0233225e-01  -6.9849202e-03  -1.4282960e-03  -1.3537188e-03
   6.2336939e-04   1.7754692e-01  -5.0589820e-01  -6.2254016e-03  -1.4656036e-03  -8.4971234e-04
   1.4030333e-02   1.7595922e-01  -5.3800011e-01  -7.2702797e-03  -1.0772166e-03  -9.1658591e-04
   5.2461829e-03   2.0072311e-01  -5.1073149e-01  -6.6373746e-03  -8.6082558e-04  -8.1371630e-04
  -2.4309706e-04   1.7728882e-01  -5.2867779e-01  -6.1928471e-03  -1.0231205e-03  -1.1177922e-03
   1.6596816e-02   1.8684569e-01  -5.0843777e-01  -4.3348983e-03  -1.0366836e-03  -9.0625065e-04
   4.5829946e-03   2.3102998e-01  -5.3431046e-01  -6.1362789e-03  -1.1115923e-03  -1.4034624e-03
   1.3335619e-02   1.7628598e-01  -4.8882301e-01  -5.6022944e-03  -1.0167797e-03  -1.0205509e-03
   1.5429498e-02   2.0352772e-01  -4.7767134e-01  -5.4570213e-03  -1.3370512e-03  -1.0774732e-03
   5.3450158e-03   1.9436990e-01  -5.3048940e-01  -5.3269940e-03  -1.1336547e-03  -7.6109096e-04
  -1.7224222e-02   2.0206727e-01  -4.8281924e-01  -6.3980803e-03  -1.0208549e-03  -1.4316040e-03
  -1.6265394e-02   2.4748870e-01  -4.6447096e-01  -7.1678558e-03  -9.5148247e-04  -1.1365910e-03
  -2.1116641e-02   2.0100987e-01  -4.8036391e-01  -5.3703453e-03  -8.5090953e-04  -9.8686100e-04
  -1.0263025e-03   2.9771012e-01  -4.2433105e-01  -5.8788675e-03  -1.6580223e-03  -5.7007451e-04
  -2.9092051e-02   1.9921274e-01  -4.6002587e-01  -4.2680245e-03  -1.2023994e-03  -1.0093594e-03
  -2.4951403e-02   2.1562566e-01  -5.0317776e-01  -3.4016800e-03  -9.5320213e-04  -9.1676875e-04
  -2.9209584e-02   2.1079755e-01  -4.8261944e-01  -4.7573404e-03  -1.3117725e-03  -9.1011087e-04
   2.4357830e-03   2.4774289e-01  -4.3552918e-01  -5.4931837e-03  -1.5699402e-03  -6.9302086e-04
  -1.9542018e-02   2.1185668e-01  -5.2175172e-01  -5.3169046e-03  -1.4407888e-03  -1.2104188e-03
  -1.6811582e-02   2.1313333e-01  -4.6743009e-01  -3.9934784e-03  -1.6404342e-03  -7.9417602e-04
  -2.6973060e-02   1.7926026e-01  -4.8181606e-01  -3.2288318e-03  -1.3521359e-03  -8.6358661e-04
  -2.1138202e-02   1.9768691e-01  -4.7580946e-01  -3.2642298e-03  -1.3259097e-03  -9.0889035e-04
  -5.8858138e-03   1.8883614e-01  -4.4390241e-01  -3.3064799e-03  -1.3721608e-03  -6.3786983e-04
  -1.0360348e-02   1.6968487e-01  -4.4153975e-01  -2.7583275e-03  -1.3615792e-03  -7.3393589e-04
  -1.3572361e-02   2.4517050e-01  -3.8016010e-01  -2.4523028e-03  -1.5970903e-03  -4.1625235e-04
  -7.1315154e-03   1.7850366e-01  -4.0297675e-01  -1.5459660e-03  -1.4701146e-03  -4.4656248e-04
   2.7920288e-02   3.2770378e-01  -4.6512530e-01  -2.8637276e-03  -8.7332472e-04  -1.1202000e-03
  -7.1553595e-03   3.5586480e-01  -6.4313757e-01  -1.8173826e-04  -9.2481814e-04  -1.1965027e-03
   2.2336912e-03   1.7879996e-01  -7.4604925e-01   5.3091560e-03  -5.9063644e-04  -1.6202304e-03
   1.5418476e-03   2.0214641e-01  -6.6101618e-01   3.6177568e-03  -1.1815606e-03  -1.0704408e-03
  -1.9317206e-02   1.6105357e-01  -5.9730091e-01   3.5256535e-03  -1.2385452e-03  -1.2001554e-03
  -1.0646093e-02   1.8338731e-01  -5.7717919e-01   2.5400985e-03  -1.1388892e-03  -1.0552483e-03
  -4.0582079e-02   2.8568203e-01  -5.2595596e-01   2.2231029e-03  -1.3422684e-03  -3.2018604e-04
  -3.5548984e-02   2.2524853e-01  -5.6493871e-01   2.4866388e-03  -8.8178457e-04  -8.3772646e-04
  -2.8155284e-02   2.5141522e-01  -5.4772509e-01  -1.5993174e-03  -1.2687372e-03  -7.7064746e-04
  -4.0487144e-02   2.5609672e-01  -4.7242321e-01  -7.7129077e-04  -1.1873998e-03  -5.0454986e-04
  -4.6447275e-02   2.5528301e-01  -4.4731043e-01  -1.2075906e-03  -1.4183018e-03  -3.0857754e-04
  -4.6760558e-02   2.7234797e-01  -4.9361302e-01   2.2607320e-04  -1.4354065e-03  -5.2419818e-04
  -1.1728140e-02   2.6623712e-01  -4.8357435e-01  -5.1060333e-04  -1.5914993e-03  -1.0538106e-03
  -8.8697959e-03   2.3081273e-01  -5.5121238e-01   1.0588601e-03  -1.9511466e-03  -1.2423901e-03
  -1.8476345e-02   2.8610506e-01  -5.0343225e-01  -1.3209548e-03  -2.0895021e-03  -1.1674776e-03
  -1.9813004e-02   3.0528568e-01  -4.7021742e-01  -1.1809554e-03  -2.1100988e-03  -1.3982490e-03
  -2.2094021e-02   2.7998530e-01  -5.0974768e-01  -7.4816257e-04  -1.8203803e-03  -1.8077658e-03
  -1.9559864e-02   2.7865707e-01  -5.2070257e-01  -1.0493435e-03  -1.8991034e-03  -1.8160793e-03
  -2.0798815e-02   3.0186498e-01  -4.8240437e-01  -8.4087569e-04  -1.7403805e-03  -1.9484011e-03
  -1.1198635e-02   2.9494345e-01  -5.6834141e-01  -1.5513448e-03  -1.7625421e-03  -1.4376488e-03
  -2.6810542e-02   3.4816381e-01  -5.1456792e-01  -3.0809298e-03  -1.3036133e-03  -1.2558909e-03
  -2.0353895e-02   3.3020093e-01  -5.0566918e-01  -2.8180649e-03  -1.2387079e-03  -8.9581028e-04
  -1.0807822e-02   3.6699890e-01  -4.6891757e-01  -2.7521230e-03  -1.6942092e-03  -9.8101140e-04
  -2.0557378e-02   3.1993740e-01  -5.2171784e-01  -1.7890119e-03  -1.6255267e-03  -8.4876815e-04
  -2.5360475e-02   3.2700662e-01  -4.9537418e-01  -2.4339979e-03  -1.4402823e-03  -6.5699461e-04
  -2.4517852e-02   3.1751296e-01  -4.9852244e-01  -2.2209963e-03  -1.5320754e-03  -7.0602286e-04
  -2.2072291e-02   3.0628573e-01  -4.6031929e-01  -2.8825514e-03  -1.4505246e-03  -5.5579846e-04
  -1.4907441e-02   3.2234118e-01  -4.6028064e-01  -1.9683337e-03  -1.4786105e-03  -2.4218762e-04
   4.2501735e-03   3.3028352e-01  -4.7188000e-01  -2.5956627e-03  -1.5372119e-03  -5.1400071e-04
  -2.4896053e-02   3.2472670e-01  -4.8394057e-01  -2.1241814e-03  -1.7570084e-03  -5.7103314e-04
  -1.6057420e-02   3.9651813e-01  -5.2975220e-01  -3.1214231e-03  -1.8570491e-03  -5.2788418e-04
  -6.2210293e-02   3.7573329e-01  -4.4226238e-01  -1.2012123e-03  -1.9811584e-03  -3.6186439e-04
  -5.0253411e-02   3.2076815e-01  -4.0117582e-01  -1.4478447e-03  -1.8705470e-03  -5.2455163e-05
  -6.0025201e-02   3.8748501e-01  -4.9127632e-01  -2.2152743e-03  -1.6882269e-03  -2.6093240e-04
  -5.4091365e-02   3.4048324e-01  -4.8216453e-01  -2.0864820e-03  -1.4069625e-03  -1.1380540e-03
   7.5255437e-03   3.2583280e-01  -4.5450331e-01  -1.7344615e-03  -1.2039677e-03  -7.7478464e-04
  -6.1162173e-02   3.3055770e-01  -3.8417536e-01  -1.5042791e-03  -1.9661377e-03  -1.4483553e-03
  -5.7764689e-02   4.3739891e-01  -4.4256404e-01  -2.3623343e-03  -2.1527281e-03  -1.2511281e-03
  -5.0758626e-02   3.6237893e-01  -5.3177673e-01  -1.1521814e-03  -1.5335618e-03  -1.1656871e-03
  -7.7369843e-02   3.8843413e-01  -4.4992903e-01  -9.7460447e-04  -1.6732870e-03  -9.1376593e-04
  -8.2251513e-02   3.6738155e-01  -5.4019037e-01  -1.5261548e-03  -1.3133457e-03  -1.1440637e-03
  -7.3808753e-02   3.5632829e-01  -5.0716318e-01  -1.4240942e-03  -1.1705038e-03  -1.3840872e-03
  -5.2363891e-02   3.9610565e-01  -4.9941415e-01  -2.0107218e-03  -1.2766864e-03  -1.0110939e-03
  -5.9229268e-02   3.8387666e-01  -4.4610278e-01  -1.4656142e-03  -1.3346347e-03  -1.0604258e-03
  -5.3430971e-02   3.5117155e-01  -4.7733322e-01  -1.7589847e-03  -1.2280937e-03  -7.5440582e-04
  -4.3814851e-02   3.7691132e-01  -4.2941262e-01  -5.7863913e-04  -1.3408888e-03  -5.6255452e-04
  -5.4534405e-02   3.7800482e-01  -4.8541066e-01  -1.9880778e-03  -1.5079822e-03  -5.2640051e-04
  -7.5880710e-02   3.9502226e-01  -4.4274067e-01  -1.9581076e-03  -1.4238732e-03  -8.1519136e-04
  -1.1238471e-01   4.8625345e-01  -3.3400478e-01  -1.8290636e-03  -1.4844352e-03  -6.7451586e-04
  -8.8844056e-02   5.0114285e-01  -6.4455756e-01  -6.4555221e-03  -1.1305375e-03  -1.4639536e-03
  -1.1717627e-01   5.2048341e-01  -6.0038364e-01  -9.6894972e-03  -1.0690585e-03  -2.2132847e-03
  -8.3853221e-02   3.9048912e-01  -5.9224677e-01  -7.4703264e-03  -2.2405684e-04  -2.3305458e-03
  -9.5142249e-02   3.9715539e-01  -5.5434039e-01  -7.1956842e-03  -3.8514884e-04  -2.3467963e-03
  -9.5463183e-02   4.4404546e-01  -5.6823289e-01  -7.2745292e-03  -1.4223984e-04  -2.6711011e-03
  -9.8059784e-02   4.4446153e-01  -6.1265543e-01  -7.3681477e-03  -1.7256994e-04  -2.5443959e-03
  -8.0200881e-02   5.6817968e-01  -8.4821141e-01  -7.0551726e-03  -1.2135934e-03  -1.7114384e-03
  -7.7950184e-02   5.6676291e-01  -8.0272001e-01  -6.6962717e-03  -1.1205123e-03  -1.8151942e-03
  -9.7789532e-02   4.9924038e-01  -8.1422119e-01  -6.6653483e-03  -8.5762218e-04  -1.8566824e-03
  -9.1787498e-02   5.2237907e-01  -6.9371613e-01  -6.3874886e-03  -1.1092437e-03  -2.0065030e-03
  -7.3851608e-02   4.3994133e-01  -8.2829087e-01  -4.7904518e-03  -1.1655177e-03  -1.9033471e-03
  -1.0361981e-01   4.7957030e-01  -7.1153366e-01  -4.5111919e-03  -1.3308480e-03  -2.3599717e-03
  -1.1701648e-01   4.3576611e-01  -6.7648511e-01  -4.3086327e-03  -1.0703722e-03  -1.7764055e-03
  -1.1403042e-01   4.3484991e-01  -7.3459176e-01  -4.0650322e-03  -1.1369407e-03  -1.7331961e-03
  -1.2243056e-01   5.0152683e-01  -7.4955444e-01  -4.7562814e-03  -1.1259414e-03  -2.2352766e-03
  -1.2764711e-01   4.9193293e-01  -7.3674037e-01  -4.7018266e-03  -1.1326873e-03  -2.0344882e-03
  -1.1574609e-01   4.8180464e-01  -7.0586820e-01  -4.8045016e-03  -9.7566866e-04  -2.2323778e-03
  -1.0969349e-01   5.6029391e-01  -6.4999573e-01  -5.8305388e-03  -1.2714845e-03  -1.7822323e-03
  -1.2332107e-01   5.0867370e-01  -7.1591873e-01  -4.7792795e-03  -1.0779448e-03  -1.9272045e-03
  -1.1685446e-01   4.7362749e-01  -7.1376691e-01  -4.3059481e-03  -8.4253214e-04  -1.3734182e-03
  -1.1259976e-01   5.1830304e-01  -7.4581049e-01  -4.9736613e-03  -8.4579638e-04  -1.8558224e-03
  -1.2310327e-01   5.8230389e-01  -7.0657407e-01  -4.9337660e-03  -9.2509184e-04  -1.5280626e-03
  -1.0867562e-01   5.7150708e-01  -6.6341844e-01  -3.9150006e-03  -7.0156573e-04  -1.3187936e-03
  -1.1084023e-01   4.9752362e-01  -7.6393710e-01  -4.8624734e-03  -2.6692045e-04  -1.1956215e-03
  -1.0739077e-01   4.9815430e-01  -7.2389472e-01  -4.1574674e-03  -3.9270227e-04  -1.1193259e-03
  -8.5608532e-02   4.8419558e-01  -6.8097560e-01  -4.1404694e-03  -5.8257002e-04  -5.0108063e-04
  -7.9971410e-02   4.5216243e-01  -6.6498806e-01  -2.1696323e-03  -6.1887933e-04  -3.6496749e-04
  -1.0493160e-01   4.5627240e-01  -7.0190418e-01  -2.6153312e-03  -6.9395685e-04  -4.2814473e-04
  -1.0076503e-01   4.9551016e-01  -6.7163270e-01  -3.1568514e-03  -1.0923006e-03  -6.8738426e-04
  -1.1000727e-01   4.7026720e-01  -6.7758842e-01  -2.0514632e-03  -1.4098710e-03  -1.0868337e-03
  -1.0466434e-01   5.4281289e-01  -6.5002753e-01  -4.5849454e-03  -2.0278034e-03  -1.9163935e-03
  -1.0859421e-01   5.7801030e-01  -6.7992775e-01  -4.3159757e-03  -1.7007984e-03  -1.7442948e-03
  -9.9824046e-02   5.0742743e-01  -7.0412489e-01  -3.9792673e-03  -6.3988926e-04  -1.5555216e-03
  -7.8144320e-02   5.3947913e-01  -6.9515196e-01  -3.5948034e-03  -1.1157510e-03  -5.2054173e-04
  -7.9814881e-02   5.5630737e-01  -7.0372171e-01  -4.5227362e-03  -5.2344481e-04  -1.0140583e-03
  -8.1439668e-02   4.4737190e-01  -7.2673250e-01  -2.6060500e-03  -6.7558200e-04  -1.5165352e-03
  -1.0074103e-01   4.8128767e-01  -7.7095932e-01  -3.2326825e-03  -7.5320236e-04  -1.6112850e-03
  -1.0958343e-01   4.3293437e-01  -6.5613556e-01  -2.1740550e-03  -6.9278665e-04  -2.3432774e-03
  -1.0436842e-01   4.6476242e-01  -6.5668031e-01  -1.5210461e-03  -1.1787860e-03  -1.9049026e-03
  -1.1493024e-01   5.3178414e-01  -6.9745829e-01  -2.3888553e-03  -1.1875625e-03  -2.4327419e-03
  -1.4528600e-01   5.6849522e-01  -6.7571113e-01  -2.5230931e-03  -1.3754554e-03  -1.8563727e-03
  -1.4670868e-01   5.0052747e-01  -7.0714916e-01  -2.3404297e-03  -1.3548895e-03  -2.2356564e-03
  -1.3280958e-01   5.3857098e-01  -6.8486833e-01  -1.0701948e-03  -2.1690841e-03  -1.8612232e-03
  -1.3577231e-01   5.0743708e-01  -6.4486234e-01  -1.8206105e-03  -2.6681160e-03  -1.8891798e-03
  -1.3155701e-01   5.4948190e-01  -6.3119451e-01  -2.5259686e-03  -2.9312948e-03  -1.1419721e-03
  -1.2491464e-01   4.4485394e-01  -6.6002897e-01   6.0551723e-04  -2.6951954e-03  -1.6408539e-03
  -1.2888272e-01   4.2146161e-01  -5.8466515e-01  -6.3681083e-04  -2.5801560e-03  -1.9674404e-03
  -1.4500430e-01   4.6426415e-01  -5.7265503e-01  -8.5833610e-04  -3.3946319e-03  -2.5160563e-03
  -1.3730132e-01   4.9441363e-01  -6.4097526e-01  -1.2326128e-03  -2.9944919e-03  -3.1542794e-03
  -1.4143275e-01   4.8458828e-01  -6.3704786e-01  -1.6155713e-03  -2.6038376e-03  -2.8794018e-03
  -1.4359615e-01   5.6820910e-01  -7.7018295e-01  -3.0890977e-03  -8.1840155e-04  -1.0489484e-03
  -1.2717645e-01   4.8720579e-01  -7.3349817e-01  -2.4533965e-03  -8.3130744e-04  -2.5404739e-03
  -1.3441373e-01   4.1948934e-01  -7.9185690e-01   2.9607098e-04  -1.9633824e-03  -2.3265795e-03
  -1.7132243e-01   4.5185833e-01  -6.2180811e-01  -2.8457556e-04  -2.5902117e-03  -2.2159835e-03
  -1.3615156e-01   4.4484941e-01  -6.2953807e-01   5.9731325e-04  -2.4574098e-03  -2.4974262e-03
  -1.3761876e-01   5.0100450e-01  -6.3187006e-01  -1.4541140e-03  -2.5702863e-03  -2.7980868e-03
  -1.5308839e-01   6.3318475e-01  -6.2773247e-01  -2.1482321e-03  -2.8746091e-03  -2.7368158e-03
  -1.8131076e-01   5.5123289e-01  -7.3412168e-01  -6.8753690e-03  -3.5072693e-03  -4.3308950e-03
