   0.0000000e+00   0.0000000e+00  -7.1281030e-15  -6.4651616e-17  -1.3884210e-19  -8.9763661e-36
  -1.4882414e-02   1.5186883e-02   5.8247703e-03  -1.4667287e-04  -5.2504124e-05  -8.1609481e-04
  -1.6276555e-02   6.4139981e-03  -1.0127933e-03   4.4141189e-05  -3.3509315e-04  -1.1594406e-03
  -1.6378348e-02   1.4416913e-04   3.7654491e-02   2.2911395e-04  -4.6881976e-04  -1.2291179e-03
  -3.1565480e-02   3.3608220e-02  -2.9720352e-02   8.2586541e-04  -3.1277867e-04  -8.9219105e-04
  -4.2885254e-02   2.4956036e-02  -1.5893965e-02   1.6446548e-04  -2.6537895e-04  -1.2913309e-03
  -3.4947919e-02   2.9390485e-02   2.9898119e-02  -6.1556774e-04  -3.0171560e-04  -8.4960655e-04
  -4.3857575e-02   9.4944205e-03   6.7636338e-02   7.1768651e-04  -3.3505156e-04  -8.3997922e-04
  -4.0567403e-02  -2.5186658e-03   7.2094121e-02   2.1954539e-03  -3.8545854e-04  -6.7086788e-04
  -4.1160523e-02   8.3851603e-02   2.4911010e-02   4.6917750e-04  -3.4294272e-04  -9.2761571e-04
  -4.2656116e-02   7.0846125e-02  -1.7387565e-02   3.5725308e-04  -4.2856987e-04  -8.0268532e-04
  -4.3360457e-02   9.1632964e-02   3.7164785e-02   1.8172836e-04  -5.4348381e-04  -7.8376154e-04
  -5.1653923e-02   1.7942029e-02   1.8589949e-02   4.3870517e-04  -3.7632661e-04  -9.3993600e-04
  -7.3721558e-02   1.4514499e-01   1.0089756e-01   1.0558879e-03  -8.6414501e-04  -8.2108684e-04
  -2.0443835e-02   1.0801224e-01  -6.9390239e-02  -1.5388864e-03  -4.6278996e-04  -6.9360540e-05
  -5.5045181e-02   7.8009466e-02  -6.9584218e-02  -1.6580867e-03   5.0882105e-05  -6.3394842e-04
  -3.2988903e-02   4.3530453e-02  -4.6362553e-02  -7.9359317e-04   1.9758437e-04  -9.7726655e-04
  -3.4114651e-02   9.3091849e-02   1.1454119e-02  -1.7485616e-03  -6.7985943e-04  -2.0766313e-04
  -3.3192773e-02   2.6037287e-02  -5.2371270e-02   1.1669715e-03  -7.4594410e-04  -1.5582144e-04
  -5.0244288e-02   1.5085997e-01  -5.0912024e-02  -5.9195712e-04  -5.0900567e-04  -1.0935101e-03
  -5.3962957e-02   8.7560505e-02  -3.2661749e-02  -3.2233373e-04  -6.2062932e-04  -1.5915684e-03
  -6.4527401e-02   8.5611574e-02  -2.4483593e-02  -3.6494300e-04  -4.4886044e-04  -1.1380491e-03
  -9.0783339e-02   2.6503395e-01   1.1155974e-01  -1.5321119e-03  -9.3338646e-04  -6.2488744e-04
  -1.1309540e-01   2.7303116e-01  -3.3489842e-01  -7.1289785e-03   1.2216164e-03  -1.3973632e-03
  -1.0052412e-01   2.4754842e-01  -2.5701292e-01  -8.8709551e-03   1.1131023e-03  -1.6639218e-03
  -6.3769367e-02   2.3231219e-01  -2.4023985e-01  -6.1184867e-03   1.2034710e-04  -9.4556707e-05
  -7.2797392e-02   1.9438550e-01  -2.2217838e-01  -5.5242401e-03   5.8262855e-04  -1.3096415e-03
  -5.4647216e-02   2.5247445e-01  -2.9407530e-01  -4.2319001e-03  -4.4689897e-05  -6.7613416e-04
  -5.0159979e-02   1.6322721e-01  -2.7742641e-01  -2.5348134e-03  -4.2088833e-04  -6.9394923e-04
  -8.2527590e-02   1.8932495e-01  -2.1231330e-01  -3.2920147e-03  -5.2394850e-04  -8.7958312e-04
  -7.4643936e-02   1.7157353e-01  -2.3010610e-01  -3.0238643e-03  -9.0613119e-05  -4.1679746e-04
  -6.3304376e-02   1.0581472e-01  -2.1195939e-01  -1.7579565e-03  -3.4349239e-04  -8.0552366e-04
  -6.4580852e-02   1.3615928e-01  -1.6691199e-01  -2.0037424e-03  -7.1562881e-04  -5.9288293e-04
  -5.1053078e-02   1.9935910e-01  -1.6198086e-01  -1.9100686e-03  -8.2488892e-04  -6.9426362e-04
  -5.8887222e-02   1.2933275e-01  -1.6198960e-01  -2.8661199e-03  -5.9584787e-04  -6.6882347e-04
  -6.0265534e-02   1.0189389e-01  -1.3958127e-01  -1.6413759e-03  -9.8574074e-04  -2.6875525e-04
  -9.6822257e-02   1.9348020e-01  -9.6592102e-03  -1.1692179e-03  -2.1920363e-03  -2.7373589e-04
  -1.3650107e-01   1.0793824e-01  -5.0766246e-02   7.2416833e-04  -2.4956447e-03  -5.7302550e-04
  -1.4617726e-01   2.3252914e-01  -5.2571947e-03  -3.6180792e-04  -3.5911160e-03  -1.7442677e-04
  -1.5580783e-01   2.2169188e-01  -6.7175233e-02   8.9452413e-06  -3.4324097e-03  -5.0694066e-04
  -1.6570604e-01   2.1233074e-01  -1.0300828e-01  -1.0723451e-04  -2.9428321e-03  -1.3215953e-03
  -1.3877893e-01   2.5606182e-01  -6.7719009e-02  -5.3150801e-04  -1.7740712e-03  -7.0192852e-04
  -1.0825503e-01   1.9670645e-01  -1.3963254e-01  -9.9806238e-04  -5.9257945e-04  -7.8785976e-04
  -8.8839762e-02   1.9771674e-01  -1.4311881e-01  -1.2025252e-03  -7.1203472e-04  -8.1862552e-04
  -5.4682315e-02   2.3739708e-01  -1.8503084e-01  -2.0982298e-03  -9.7592080e-04  -1.6105393e-04
  -5.6029612e-02   2.3256146e-01  -2.3280995e-01  -2.2913415e-03  -1.0576614e-03  -5.4982340e-04
  -6.9839354e-02   1.8661980e-01  -2.0784119e-01  -1.6013568e-03  -1.2398287e-03  -3.3111903e-04
  -8.1320367e-02   1.8059547e-01  -1.0487356e-01  -1.4057338e-03  -1.3994432e-03  -3.6025994e-04
  -6.8925283e-02   2.7040104e-01  -2.1875083e-01  -3.7934517e-03  -4.8408577e-04  -6.6074910e-04
  -5.9831420e-02   1.9910143e-01  -2.6831930e-01  -1.6872746e-03  -6.0540456e-04  -1.0333751e-03
  -5.3351129e-02   1.8347177e-01  -2.2384251e-01  -1.5646690e-03  -4.1713861e-04  -1.1119628e-03
  -5.3037765e-02   1.3980045e-01  -1.4807106e-01   1.2859299e-03  -6.0212711e-04  -7.6161056e-04
  -8.2516352e-02   2.4626994e-01  -1.4042936e-01  -1.5754142e-03  -1.4787472e-03  -1.2613036e-03
  -8.6104277e-02   2.1666070e-01  -2.1066241e-01  -6.1015705e-04  -7.4072952e-04  -2.0601204e-03
  -8.3024034e-02   2.1844068e-01  -1.8321129e-01  -9.0898369e-04  -6.1696647e-04  -2.0446717e-03
  -7.6813748e-02   3.2723704e-01  -1.8249097e-01  -2.2361214e-03  -1.9125405e-03  -1.5528883e-03
  -1.7535971e-02   2.4457302e-01  -4.2000364e-01  -2.4989915e-03  -1.0980197e-03  -1.8404951e-03
  -4.2629216e-02   2.1982772e-01  -3.9974320e-01  -1.1498522e-03  -6.0114827e-04  -2.4162963e-03
  -4.3362955e-02   2.0770383e-01  -3.0852632e-01  -1.5767475e-03  -6.6124367e-04  -2.3071079e-03
  -5.6444029e-02   2.6960200e-01  -1.7957811e-01  -3.6322334e-03  -1.1321685e-03  -9.7081340e-04
  -1.1010986e-01   2.2941764e-01  -1.8702197e-01  -1.1732400e-03  -9.5790083e-04  -1.7058765e-03
  -1.4406995e-02   3.0270621e-01  -2.0207915e-01  -2.2885750e-03  -1.8090546e-03  -1.5448766e-03
  -2.3693859e-02   2.6860854e-01  -1.6393489e-01  -2.3220867e-03  -1.1074476e-03  -2.2702104e-03
  -5.6804377e-02   1.7895071e-01  -1.3177840e-01  -1.9020930e-04  -1.1560514e-03  -1.6229254e-03
  -6.0126309e-02   2.1857777e-01  -1.0324249e-01  -1.8958895e-03  -1.6911807e-03  -2.1073124e-03
  -8.4625755e-02   4.3094602e-01  -6.4675907e-02  -2.3568617e-03  -2.2529872e-03  -1.2829635e-03
  -6.7197304e-02   2.4589523e-01  -1.4885685e-01  -2.9874122e-03  -7.0340988e-04  -1.9605301e-03
  -6.2699564e-02   2.6941322e-01  -2.6169049e-01  -4.6107417e-03  -8.7194262e-04  -2.4420163e-03
  -7.5250873e-02   3.2668308e-01  -3.0100245e-01  -8.0230229e-03  -2.8143697e-03  -3.3267383e-03
  -9.9896439e-02   2.7557590e-01  -1.6704216e-01  -6.3460034e-03  -2.3648427e-03  -3.2927100e-03
  -1.0228695e-01   4.5326756e-01  -1.3304156e-01  -7.6396020e-03  -2.2414784e-03  -1.7816424e-03
  -8.3977905e-02   3.4633264e-01  -1.6794186e-01  -7.4129356e-03  -1.6638453e-03  -9.7308983e-04
  -7.8161632e-02   2.2652403e-01  -8.2308292e-02  -4.8094136e-03  -7.2245958e-04  -1.7084533e-03
  -8.6520784e-02   2.0058313e-01  -2.1025758e-02  -2.7836181e-03  -8.7570657e-04  -1.2334730e-03
  -1.3611047e-01   4.3976285e-01   1.1192288e-01  -4.4142471e-03  -1.8171841e-03  -1.0665069e-03
  -1.0595014e-01   3.4441744e-01  -6.0857256e-02  -3.6718839e-03  -1.4764051e-03  -5.0463472e-04
  -1.5376395e-01   2.7317057e-01   8.4216638e-02   2.6518852e-04  -2.0069103e-03   1.4169333e-04
  -2.1715405e-01   4.1490468e-01   7.4358003e-02  -2.6681709e-03  -1.6450679e-03   6.5552274e-04
  -2.0492990e-01   2.2261538e-01  -2.3135647e-03  -1.3296813e-04  -1.0401134e-03  -1.0208522e-04
  -1.6405451e-01   2.1796122e-01   9.0743899e-02   7.1998370e-04  -1.0750351e-03   2.1125419e-04
  -1.4618584e-01   3.2612744e-01   9.3008727e-02  -1.2752075e-03  -1.4578918e-03  -7.9882127e-04
  -1.4264377e-01   3.2038956e-01   2.9540360e-02  -1.0323776e-03  -1.3245776e-03  -8.7438760e-04
  -1.3696228e-01   2.7660643e-01   1.6816190e-02  -9.4980706e-04  -1.1513438e-03  -8.0241442e-04
  -1.3077394e-01   2.4744994e-01  -2.1936853e-02  -1.1006635e-03  -8.8970042e-04  -6.2754119e-04
  -1.2719063e-01   2.4741493e-01  -2.4953891e-02  -7.8432747e-04  -4.5798909e-04  -8.4758410e-04
  -1.1929095e-01   2.5305484e-01  -4.2420586e-02  -1.2659202e-03  -3.8359998e-04  -8.1178180e-04
  -1.1441836e-01   2.8906721e-01  -2.1105873e-02  -3.4859436e-04  -8.0128989e-04  -3.0525915e-04
  -9.9998645e-02   3.0384006e-01  -6.1110473e-02  -1.2282593e-03  -6.0553325e-04  -1.6935066e-04
  -7.8730620e-02   2.9374368e-01  -1.6218312e-01  -1.4784468e-03  -4.3329532e-04  -6.7928519e-04
  -7.1302612e-02   3.4025784e-01  -7.3429403e-02  -2.5878520e-03  -6.0421367e-04  -7.3726606e-04
  -4.3872974e-02   2.9763153e-01  -7.9142374e-02  -7.0739531e-04  -4.3858257e-04  -7.2982279e-04
  -2.8102073e-02   2.7350154e-01  -7.2620271e-02  -1.9696677e-03  -4.5822423e-04  -4.4347662e-04
  -6.6202932e-02   3.3527624e-01  -4.5721556e-02  -1.4744317e-03  -8.8043162e-04   3.2534839e-04
  -5.4909216e-02   3.1074905e-01  -6.2513888e-02  -2.2899247e-03  -6.8213955e-04  -1.4391847e-04
  -4.4569392e-02   2.9893837e-01  -6.4946719e-02  -1.5138960e-03  -7.5733066e-04  -2.2703381e-04
  -6.0481611e-02   3.2476003e-01  -5.1652859e-02  -1.6971634e-03  -4.6608951e-04  -3.2082901e-05
  -1.0515829e-01   4.3745921e-01   9.0504904e-02  -1.5478857e-03  -1.5639846e-03  -5.6306903e-04
  -8.2400391e-02   3.1343293e-01  -3.5679847e-02  -8.2961983e-04  -8.7594355e-04  -5.8813191e-04
  -9.4593925e-02   3.2059251e-01   5.8267254e-02  -7.5003280e-04  -1.0815007e-03  -4.0587961e-04
  -9.4210255e-02   2.7280979e-01   7.0731017e-02   1.4131202e-03  -1.3040483e-03   1.1387073e-04
  -1.0775223e-01   2.8478386e-01   5.3264018e-02  -2.2097845e-04  -1.5396137e-03  -8.0757141e-04
  -1.1436133e-01   3.1743687e-01  -5.1178165e-04  -7.2521505e-04  -1.0895641e-03  -1.3456574e-03
  -1.1296163e-01   3.3095131e-01   6.7498488e-03  -7.2938956e-04  -9.2284391e-04  -7.2914023e-04
  -9.0493568e-02   2.8520416e-01   2.6526785e-02  -8.0508084e-04  -5.7572952e-04  -2.7568067e-04
  -9.2007273e-02   2.8240571e-01  -3.3574440e-02  -4.1670571e-05  -1.7891869e-04  -4.2064111e-04
  -8.2555329e-02   3.2028630e-01  -1.7876447e-02  -1.1514411e-03  -1.1442961e-04  -7.5653900e-04
  -7.5828153e-02   3.2469462e-01  -2.6379787e-02  -1.1416053e-03  -5.0501077e-05  -4.9831739e-04
  -6.4260926e-02   3.0721901e-01  -2.7904182e-02  -1.1271318e-03  -8.1052769e-05  -7.7181678e-04
  -7.6835931e-02   3.3531029e-01  -4.3436183e-02  -8.3796662e-04   8.7187786e-05  -1.2441158e-03
  -6.1039234e-02   4.1921651e-01   3.3715325e-02  -1.8018176e-03  -3.6121146e-05  -2.2300076e-04
  -5.7965836e-02   3.3429191e-01  -6.0691911e-02  -1.3695897e-03   2.4413549e-04  -6.8709723e-04
  -7.3341472e-02   3.1193050e-01   5.3582042e-03  -7.1346036e-04   2.1407900e-04  -7.5201613e-04
  -8.7278787e-02   3.6047933e-01   7.8154633e-04  -9.9389454e-04  -4.2773657e-04  -3.5642078e-04
  -7.9253035e-02   3.6516018e-01  -5.5863158e-03  -2.0296858e-03  -4.6253064e-04  -3.4565327e-05
  -1.1638788e-01   4.6373375e-01   1.0901337e-01  -2.2559566e-03   1.1724362e-04   8.6153075e-05
  -7.8548701e-02   3.4167552e-01   4.5566893e-02  -1.8043819e-03  -1.7918008e-05  -7.3937572e-04
  -7.4902042e-02   3.0423898e-01   6.5192401e-02  -1.3367235e-03   1.8678032e-04  -6.4637856e-04
  -7.8922178e-02   3.0141615e-01   1.0233410e-01  -1.2673622e-03  -1.5874942e-04  -3.6322545e-04
  -8.0550439e-02   2.8656683e-01   1.4540722e-01  -3.6904962e-04  -3.8931146e-04  -3.8681752e-05
  -1.3731285e-01   5.1776794e-01   3.5610900e-01  -4.1305544e-03  -4.0865540e-04   9.4338230e-04
  -9.9004404e-02   3.8526623e-01   9.8217621e-02  -1.9274898e-03  -9.1107926e-04   7.4228371e-04
  -2.8690832e-02   3.7288008e-01  -1.3638067e-01  -2.8892018e-03  -1.3786849e-03  -9.8231332e-04
  -5.3517754e-02   3.5373943e-01  -3.7035966e-02  -3.3923226e-03  -6.1853768e-04  -5.1111019e-04
  -8.8394726e-02   5.0940078e-01   1.2428044e-01  -4.5637482e-03  -8.0358095e-04  -1.4612547e-04
  -6.0309008e-02   3.8064973e-01  -3.6499210e-02  -3.4339808e-03   3.6160384e-04  -1.8346892e-03
  -4.8573173e-02   3.3028301e-01   6.9800613e-03  -3.2987217e-03   3.4351015e-04  -1.9070674e-03
  -4.2849520e-02   3.6522436e-01   2.0148336e-02  -3.1697041e-03   1.8275347e-04  -1.4780982e-03
  -1.0611427e-01   4.9456734e-01   1.4496144e-01  -2.2434290e-03  -3.5901098e-04  -1.1124324e-03
  -9.0725234e-02   4.2406188e-01   9.1210757e-02  -1.5629901e-03  -7.0182966e-06   1.5325096e-04
  -7.5943979e-02   3.7470185e-01   1.5611554e-02  -1.3946293e-03  -1.4400991e-04  -7.9334550e-04
  -6.6505846e-02   3.7616416e-01  -2.2105621e-03  -1.6078687e-03  -3.9783757e-04  -1.1000960e-03
  -8.9913661e-02   4.4007465e-01   5.9901662e-02  -3.9626774e-05  -3.2915065e-04  -6.0483303e-04
  -7.0869210e-02   4.4256928e-01  -2.6620172e-02  -2.1705933e-03  -1.2985946e-04  -3.2058574e-04
  -6.2313970e-02   3.7671576e-01  -1.0678890e-01  -1.2200400e-03   7.7094783e-05  -1.3900080e-03
  -4.7702333e-02   3.6673373e-01  -1.1479942e-01  -1.5587068e-03   3.6102700e-04  -1.1146735e-03
  -2.9777563e-02   3.7034132e-01  -1.2807433e-01  -1.7122423e-03   4.7015856e-04  -1.4403424e-03
  -3.6199966e-02   4.0124907e-01  -1.3293830e-01  -1.6128703e-03   6.1061173e-04  -1.2778118e-03
  -3.1190401e-02   4.1513143e-01  -1.1750244e-01  -2.1854144e-03   7.8844803e-04  -1.5815750e-03
  -2.3850408e-02   4.0525961e-01  -1.3029172e-01  -1.8713024e-03   7.7830744e-04  -1.4629814e-03
   4.5499449e-03   5.0943256e-01  -2.6982155e-01  -4.2191942e-03   1.2122367e-03  -2.4697434e-03
   5.7695316e-03   4.9260840e-01  -2.2537045e-01  -5.9934784e-03   1.2557640e-03  -2.9512218e-03
   1.9249307e-03   5.3376566e-01  -2.2270149e-01  -7.0948786e-03   1.7250825e-03  -2.8333914e-03
  -2.1680687e-03   4.4432856e-01  -2.0973151e-01  -6.1497743e-03   1.5254980e-03  -2.2931750e-03
  -3.5428002e-02   5.4073917e-01  -8.2447113e-02  -6.7306501e-03   1.3407949e-03  -2.4161559e-03
  -2.9305536e-03   4.7514888e-01  -1.6230080e-01  -5.5589638e-03   1.4642318e-03  -1.9305312e-03
  -4.7206914e-02   5.4891178e-01  -6.4654882e-02  -2.9996341e-03   1.0951714e-03  -1.4817706e-03
  -1.9333924e-02   4.3542377e-01  -1.3189843e-01  -4.4165380e-03   1.1718080e-03  -1.3452423e-03
  -2.7112935e-02   4.1577411e-01  -2.3890898e-02  -3.1364759e-03   1.1020621e-03  -1.1394452e-03
   5.6936530e-03   5.0198580e-01  -8.1168720e-02  -3.9260541e-03   1.1212227e-03  -1.2821479e-03
   5.7787285e-03   4.9191942e-01  -1.1464239e-01  -3.6577611e-03   1.0900470e-03  -1.0748802e-03
   7.1746670e-03   4.5818481e-01  -1.1696050e-01  -4.4162931e-03   8.8934916e-04  -1.5388073e-03
  -5.5128073e-03   4.4960125e-01  -8.5562085e-02  -4.0963142e-03   9.6165196e-04  -1.5399120e-03
  -2.7786426e-02   5.3227425e-01  -2.0755828e-02  -4.1807452e-03   6.4785415e-04  -5.6920739e-04
  -2.2065580e-02   4.8604167e-01  -1.1919347e-01  -5.4442264e-03   1.5179189e-03  -1.2365590e-03
   2.4355103e-03   4.5354773e-01  -1.1479415e-01  -5.1186279e-03   1.1677781e-03  -1.2790690e-03
  -6.3302601e-03   4.7283346e-01  -5.6961973e-02  -4.2791205e-03   1.4747819e-03  -7.6081291e-04
  -5.5648089e-02   5.3358688e-01   1.3076428e-01  -2.7905741e-03   1.3054728e-03   2.2126711e-04
  -3.9227518e-02   4.7681271e-01   1.6947506e-02  -2.5551719e-03   2.2880753e-03  -2.6786911e-04
  -2.9446549e-02   4.3782614e-01   7.2759838e-02  -2.4920232e-03   2.2407571e-03  -8.3938221e-04
  -1.4757073e-02   4.4253185e-01   8.9487664e-02  -2.1815135e-04   2.4050023e-03  -6.8126052e-04
  -7.4679352e-03   4.2184706e-01   8.2895186e-02  -1.7706419e-03   2.2508517e-03  -1.2931726e-03
  -6.4356923e-03   4.3352669e-01   4.6441512e-02  -1.8266637e-03   2.3506140e-03  -9.3414823e-04
   1.5028407e-02   4.6584058e-01   5.8466349e-02  -2.1691930e-03   2.5204953e-03  -9.1654739e-04
   7.8024055e-03   4.1780352e-01   3.4692494e-02  -1.9189040e-03   2.0304905e-03  -1.1018134e-03
   6.4686066e-03   4.5267510e-01   3.4359413e-02  -2.3774455e-03   2.2399442e-03  -1.0078659e-03
   7.8078213e-03   4.6560865e-01  -1.4333543e-03  -2.2428318e-03   2.0537001e-03  -7.9479712e-04
  -2.1925532e-04   4.7684282e-01   3.9518582e-02  -2.1541378e-03   2.1671407e-03  -9.5898983e-04
   9.7201196e-03   4.6645861e-01   2.5705757e-02  -2.8166159e-03   2.2262296e-03  -7.1098364e-04
   1.4796693e-02   4.6343041e-01   6.3160573e-02  -1.8150182e-03   1.9721361e-03  -6.8728888e-04
   2.0307569e-02   4.8181886e-01   7.4392729e-02  -3.1096607e-03   1.9519051e-03  -7.5543256e-04
   7.7349848e-03   4.4695090e-01   5.3264909e-02  -1.8499817e-03   1.9728641e-03  -6.1966013e-04
   1.5942547e-02   4.7329632e-01   7.6576632e-02  -1.4236151e-03   1.9969407e-03  -8.6716646e-04
   3.0468384e-02   4.4130670e-01   3.3279225e-02  -1.6402979e-03   1.7095877e-03  -6.4603298e-04
   4.5967253e-03   4.2396078e-01   1.4690850e-02  -2.2401210e-03   1.4529877e-03  -1.3312689e-03
  -2.0743552e-02   4.8879978e-01   3.7732697e-02  -2.8244395e-03   1.8327783e-03  -7.6609319e-04
  -1.8208463e-02   4.3532531e-01   7.1231814e-02  -5.6815949e-05   1.4442631e-03  -8.8756019e-04
  -8.7358118e-03   4.5679581e-01   1.0781626e-01   9.7832017e-05   1.5619963e-03  -1.2328739e-03
   1.6505997e-02   4.7306278e-01   5.7856566e-02  -4.2909526e-04   1.9073926e-03  -1.0218479e-03
   2.4322632e-03   5.2156476e-01   2.3958044e-02  -6.3884150e-04   2.0609884e-03  -1.3751853e-03
