   0.0000000e+00   0.0000000e+00  -7.1591215e-15  -6.5868751e-17   2.9007512e-20   1.9106886e-36
  -3.2590022e-03   2.3977554e-02  -5.7555274e-03  -1.1334668e-03   2.0501729e-04  -8.7602688e-04
  -2.6084699e-03   4.0535891e-02  -3.0888411e-02  -1.1174319e-03  -2.8047605e-04  -1.2429375e-03
  -1.4673001e-02   4.2123350e-02  -5.1374104e-02  -6.3083646e-04  -5.4143726e-04  -8.8351662e-04
  -4.2607251e-02   7.5802699e-02  -5.8759024e-02  -9.9228127e-04  -1.8553620e-04  -8.2131932e-04
  -4.8399195e-02   3.1928559e-02  -6.6113827e-02  -1.2494908e-03  -9.1221610e-04  -9.1620599e-04
  -3.4518133e-02   9.6607267e-02  -3.2564112e-02  -2.4209271e-03  -1.0305353e-03  -1.0771611e-03
  -4.3828891e-02   1.4594715e-02  -4.8305402e-02  -9.9505409e-04  -1.0707638e-03  -1.0265009e-03
  -2.5594985e-02   5.5406188e-02  -1.4033901e-02  -2.3184404e-03  -1.3737697e-03  -7.6634404e-04
  -4.6465138e-02   6.7661472e-02  -1.1222876e-01  -2.0486366e-03  -1.1871003e-03  -1.0463993e-03
  -5.1023394e-02   4.6437129e-02  -2.8580538e-01  -5.5628753e-03  -1.6544122e-03   3.6405695e-04
  -4.9522613e-02   1.0158522e-01  -2.0816175e-01  -4.8847961e-03  -1.7680342e-03  -1.1911153e-04
  -5.0890461e-02   4.7800329e-02  -2.4703781e-01  -4.6277214e-03  -1.1350970e-03  -6.9087922e-04
  -3.2346328e-02   1.9034505e-01  -2.0033557e-01  -5.1547953e-03  -1.6105145e-03  -5.1921297e-04
  -5.5964491e-02   8.6633174e-02  -2.2683072e-01  -7.7681623e-03  -1.3990839e-03  -8.8498552e-04
  -3.9107500e-02   7.2276927e-02  -1.8913316e-01  -6.7711672e-03  -1.5238084e-03  -7.9085836e-04
  -3.5297191e-02   6.5029609e-02  -1.8590575e-01  -6.4932431e-03  -1.6953098e-03  -1.0281089e-03
  -3.7359194e-02   5.8134391e-02  -1.7804172e-01  -6.3777588e-03  -1.5594315e-03  -8.8495529e-04
  -3.8732408e-02   7.0946365e-02  -1.8720149e-01  -6.3517443e-03  -1.5292486e-03  -8.5692322e-04
  -4.4714188e-02   6.5141762e-02  -1.6449503e-01  -6.1756574e-03  -1.7544812e-03  -6.2411107e-04
  -5.6883535e-02   1.6748880e-01  -2.0726462e-01  -7.8641157e-03  -1.2218690e-03   5.2789751e-04
  -6.3527205e-02   1.3520668e-01  -2.3448310e-01  -7.2858400e-03  -9.3919488e-04  -4.7815584e-04
  -2.7140912e-02   7.0152555e-02  -2.2954715e-01  -5.8430245e-03  -1.0609194e-03   1.0730469e-04
  -4.8787940e-02   1.0374160e-01  -1.8934154e-01  -6.9408311e-03  -8.9749314e-04  -3.4126034e-04
  -5.8358299e-02   3.2938230e-01  -1.9655245e-01  -6.4553395e-03  -1.4354849e-03   8.0874742e-05
  -4.0749476e-02   1.5633440e-01  -2.6580905e-01  -5.4654343e-03  -9.9703168e-04  -4.3049197e-04
  -2.9078711e-02   1.0697131e-01  -2.9254867e-01  -5.9963090e-03  -1.5129846e-03  -6.7967574e-04
  -4.1947602e-02   1.2787231e-01  -2.3749498e-01  -3.5769989e-03  -1.0159552e-03  -1.9647451e-05
  -3.2687085e-02   1.7384708e-01  -1.6292782e-01  -3.6052727e-03  -9.8722029e-04   2.5459159e-04
  -4.1758247e-02   1.2852182e-01  -1.9612977e-01  -2.7502001e-03  -8.1966729e-04  -1.1725438e-04
  -4.1839059e-02   1.4404736e-01  -1.9837277e-01  -3.3101947e-03  -7.9375886e-04   2.9723749e-05
  -4.8061519e-02   1.2183307e-01  -2.2417629e-01  -2.6127464e-03  -5.6562244e-04   2.1304957e-05
  -4.4447235e-02   1.3137842e-01  -1.4975852e-01  -1.8177818e-03  -1.0747399e-03   1.4168875e-04
  -7.4743918e-02   1.5488235e-01  -1.7703209e-01  -2.2010698e-03  -8.6925229e-04   1.2680883e-03
  -3.8633733e-02   1.4732769e-01  -3.6007669e-01  -1.4576899e-03  -1.2547302e-03   4.5803594e-04
  -5.7406413e-02   1.4247103e-01  -2.4989626e-01  -2.8689647e-03  -1.0873215e-03   2.6836783e-04
  -7.2479371e-02   1.2645861e-01  -1.8776546e-01  -2.2192037e-03  -7.2113499e-04   9.3608295e-05
  -5.2490980e-02   1.1889813e-01  -2.3756383e-01  -1.4249288e-03  -4.9254108e-04  -1.2362899e-04
  -8.8058577e-02   1.4290120e-01  -1.0799100e-01  -6.1321016e-04  -1.1727475e-03   5.4724732e-04
  -3.1827027e-02   1.4602061e-01  -2.0234487e-01  -1.8339604e-03  -1.0047207e-03   3.8877435e-04
  -3.7719422e-02   9.4610303e-02  -1.7560735e-01   9.2278576e-04  -8.6418330e-04  -4.0067590e-04
  -2.5957862e-02   4.7411981e-02  -2.7487511e-01  -3.0276519e-05  -1.9658874e-03  -1.4893063e-04
  -5.7369836e-02   1.4877501e-01  -1.8035628e-01  -2.7856463e-03  -1.3993632e-03  -3.0279429e-04
  -3.8419197e-02   1.9859260e-01  -1.7206430e-01  -1.8362069e-03  -2.0909400e-03  -6.0342453e-04
  -4.0876363e-02   1.2667212e-01  -1.7162784e-01  -1.3717760e-03  -1.6525204e-03  -5.3215629e-04
  -6.3229938e-02   2.3904207e-01  -1.8478705e-01  -1.6670811e-03  -2.0640476e-03  -3.0448583e-05
  -4.6614802e-02   1.3822466e-01  -1.8636656e-01  -1.8198588e-03  -2.0266399e-03  -2.0749935e-04
  -4.0458590e-02   1.2814970e-01  -1.9396744e-01  -8.7770284e-04  -2.3379568e-03  -3.2611566e-04
  -5.4451440e-02   2.7815437e-01  -6.6755302e-02  -1.2198256e-03  -3.5551895e-03  -2.6291410e-04
  -2.8935760e-02   1.7059800e-01  -1.8231187e-01  -4.5587912e-04  -3.1426132e-03  -4.3077560e-04
  -2.2334452e-02   1.0523654e-01  -2.3463385e-01  -1.3232037e-05  -3.2138096e-03  -2.4696547e-04
  -4.5279077e-02   1.7116737e-01  -1.3678092e-01  -2.3875571e-03  -3.1877025e-03  -5.0929579e-04
  -7.7989728e-02   1.9123270e-01   3.6782050e-02  -5.3367292e-04  -3.1211747e-03  -2.7060638e-04
  -1.8602900e-02   1.5462918e-01  -1.7330886e-01  -3.3914311e-04  -2.6820954e-03  -1.2332350e-03
  -6.9447748e-03   1.3707725e-01  -1.5508265e-01   2.9926911e-04  -2.7692704e-03  -1.3218673e-03
  -4.0867372e-02   2.2051718e-01  -8.4076650e-02   5.3802921e-04  -3.4400815e-03  -1.1959057e-03
  -5.2965600e-02   2.5172590e-01  -2.5124362e-01  -1.5134822e-03  -2.3057635e-03  -1.3498936e-03
  -4.2119906e-02   1.5160065e-01  -1.9374883e-01  -1.2736942e-03  -2.2378718e-03  -1.7484650e-03
  -3.6335357e-02   1.2452769e-01  -1.7985002e-01   9.7743919e-05  -2.4925406e-03  -1.1578510e-03
  -4.4722473e-02   1.5965406e-01  -2.0222407e-01  -1.2334207e-03  -2.4615011e-03  -1.9032524e-03
  -8.5810941e-02   2.4449724e-01  -1.6029272e-01  -1.3847341e-03  -2.9522544e-03  -2.1172546e-03
  -6.9015013e-02   1.6937741e-01  -2.5829715e-01  -1.5784565e-03  -2.2478355e-03  -2.4407461e-03
  -5.3562153e-02   1.3324256e-01  -2.8011017e-01  -2.7752258e-03  -2.6220721e-03  -2.2207080e-03
  -6.7372251e-02   2.7027510e-01  -2.4954718e-01  -3.8194893e-03  -2.3907511e-03  -1.8145116e-03
  -6.7139318e-02   2.6296128e-01  -1.9589101e-01  -1.8998396e-03  -2.3548497e-03  -1.8361846e-03
  -4.4741384e-02   2.0824743e-01  -2.4683927e-01  -1.7169350e-03  -2.1573463e-03  -1.7700976e-03
  -5.6258268e-02   1.7845362e-01  -1.9121797e-01  -9.2830386e-04  -2.2797405e-03  -2.0370631e-03
  -4.6445470e-02   2.3399880e-01  -2.1081730e-01  -1.1249249e-03  -2.5208500e-03  -1.6899880e-03
  -1.6847659e-03   3.0334666e-01  -2.5820197e-01  -1.0595882e-03  -1.5975626e-03  -2.3559098e-03
  -4.7601247e-02   2.8517204e-01  -3.1340009e-01  -1.0756645e-03  -2.0513868e-03  -2.6120014e-03
  -4.8844939e-02   2.0118118e-01  -2.6655411e-01  -4.6210860e-04  -2.2409413e-03  -2.4349028e-03
  -3.2923366e-02   2.0428574e-01  -3.2618843e-01  -7.3843114e-04  -2.3425111e-03  -1.5662772e-03
  -4.2834945e-02   2.8632943e-01  -2.8786525e-01  -2.4071513e-03  -1.8607895e-03  -1.8467670e-03
  -3.6817312e-02   2.1844963e-01  -3.5655368e-01  -3.3499320e-04  -1.8316291e-03  -1.8487648e-03
  -5.0648841e-02   2.9607026e-01  -3.6675990e-01  -2.5689406e-03  -1.5949581e-03  -1.7349079e-03
  -6.4250817e-02   2.1947369e-01  -3.2211023e-01  -1.3790698e-03  -1.3917381e-03  -1.7704799e-03
  -3.4617480e-02   2.3337256e-01  -3.4463807e-01  -1.7346874e-03  -1.4111629e-03  -1.6812086e-03
  -4.7949266e-02   3.0196583e-01  -3.0064245e-01  -1.7333830e-03  -2.2336481e-03  -1.1766534e-03
  -3.6651203e-02   2.7981461e-01  -3.7178655e-01  -1.5012691e-03  -1.6223793e-03  -1.7131876e-03
  -3.4798097e-02   2.3105941e-01  -3.3816048e-01  -1.7372156e-03  -1.3829412e-03  -1.8738092e-03
  -4.6001828e-02   2.5310436e-01  -3.2030324e-01  -1.4261263e-03  -1.2850992e-03  -1.8210377e-03
  -2.2456047e-02   2.9774054e-01  -4.7905022e-01  -3.3246977e-03  -1.8674592e-03  -2.0382484e-03
  -4.0294386e-02   2.6953297e-01  -3.9836273e-01  -1.8163098e-03  -1.4434806e-03  -2.2330259e-03
  -5.1460508e-02   2.1793060e-01  -4.0104258e-01  -2.2084628e-03  -1.4147478e-03  -2.3949379e-03
  -4.4058186e-02   2.3907825e-01  -3.9340804e-01  -1.7749174e-03  -1.3444964e-03  -2.0260104e-03
  -4.3667587e-02   2.2293012e-01  -4.2336355e-01  -1.2311014e-03  -1.4297323e-03  -2.0210363e-03
  -7.7723653e-02   3.7488188e-01  -2.7488713e-01   5.2996042e-06  -1.8204776e-03  -1.2880731e-03
  -4.4102470e-02   1.9378289e-01  -4.4708998e-01   2.0803602e-03  -9.9997661e-04  -1.7041570e-03
  -7.9178822e-02   2.5516155e-01  -3.7980096e-01   1.2881193e-03  -1.5810529e-03  -2.0907538e-03
  -9.8290734e-02   3.2282277e-01  -4.1182315e-01  -1.3938798e-03  -8.2100400e-04  -2.8341882e-03
  -1.1113603e-01   2.2563856e-01  -2.9274729e-01  -1.0133468e-03  -1.8438791e-03  -1.9836410e-03
  -1.0502586e-01   3.6792626e-01  -3.9469766e-01  -2.0619577e-03  -3.6095817e-03  -2.1358092e-03
  -5.2727606e-02   2.0298900e-01  -4.4535249e-01   2.2151267e-03  -3.0862127e-03  -2.0588793e-03
  -7.5876488e-02   2.1540050e-01  -3.7363637e-01   1.9466668e-03  -2.1165648e-03  -1.8969506e-03
  -1.7393176e-03   2.9383570e-01  -4.0538022e-01   2.1856145e-04  -2.2266946e-03  -1.1052494e-03
  -1.7772440e-02   2.1101645e-01  -3.9547568e-01   1.0240360e-03  -1.4609292e-03  -1.2296430e-03
  -3.1021787e-03   2.2994447e-01  -4.6723190e-01  -2.1389647e-03  -1.4570832e-03  -1.2703665e-03
  -2.1231932e-02   2.3579557e-01  -4.0076143e-01  -4.2507629e-03  -1.2798148e-03  -1.5402938e-03
  -5.3109744e-02   3.8757725e-01  -3.2129385e-01  -2.0417721e-03  -1.9243813e-03  -6.9318367e-04
  -2.2126791e-02   2.6309028e-01  -4.4703975e-01  -8.6276715e-04  -1.2094489e-03  -9.8828011e-04
  -4.2110450e-02   3.1058877e-01  -3.4800565e-01  -4.4195084e-04  -1.6963538e-03  -8.2923218e-04
   2.0472106e-03   3.6191063e-01  -4.2775285e-01  -9.0854697e-04  -1.4352422e-03  -1.0674348e-05
  -9.3742632e-03   2.4991243e-01  -4.0433091e-01  -2.5470401e-04  -1.3306103e-03  -1.1540373e-03
   3.7919531e-03   1.5829815e-01  -4.4674717e-01   9.6718397e-04  -2.3161197e-03  -1.3753749e-03
  -3.5629235e-02   2.1946656e-01  -3.0113602e-01   5.8112133e-04  -1.5140665e-03  -9.2122490e-04
   1.4950270e-02   2.4244814e-01  -3.6878354e-01   2.2984736e-03  -1.6578829e-03  -1.5792434e-04
  -8.6219375e-03   2.0490843e-01  -3.6003400e-01   2.2092498e-03  -1.3417107e-03  -6.2876250e-04
  -1.1353331e-02   2.1739111e-01  -4.0577963e-01   1.8210082e-03  -1.2557357e-03  -1.0811672e-03
  -2.0991061e-02   2.1189531e-01  -3.9880113e-01   2.1626026e-03  -1.1427924e-03  -9.4685090e-04
  -1.8256068e-02   1.9467342e-01  -3.8324674e-01   2.2136367e-03  -1.0774289e-03  -6.8108797e-04
  -2.3149575e-02   2.0135756e-01  -3.7656120e-01   1.6428403e-03  -7.3630300e-04  -7.5939628e-04
  -1.4578993e-02   2.5672484e-01  -3.8866846e-01   1.8259072e-03  -4.0916212e-04  -8.1439974e-04
  -1.2881558e-02   2.9656930e-01  -4.3078929e-01   1.8732756e-03  -4.1964758e-04  -7.0470590e-04
  -8.1768357e-03   3.0833397e-01  -4.3395879e-01   1.8430765e-03  -4.6905391e-04  -8.8758045e-04
  -8.1181903e-03   2.7462345e-01  -4.4961260e-01   2.3094137e-03  -4.2576357e-04  -8.1426221e-04
  -3.6091486e-03   2.8668906e-01  -4.3503609e-01   2.2450382e-03  -2.2692173e-04  -7.5345436e-04
   4.0601705e-03   2.7809292e-01  -4.4568085e-01   2.0871617e-03  -2.0577355e-04  -8.8707026e-04
   3.3568949e-04   2.7865591e-01  -4.4423482e-01   2.1593134e-03  -1.1632681e-04  -1.1066345e-03
  -4.0714215e-04   2.7235320e-01  -4.3716669e-01   2.0972002e-03  -1.1061995e-04  -7.7897051e-04
  -1.5732283e-03   2.7682749e-01  -4.2361029e-01   2.1348447e-03  -1.3746728e-04  -4.8037245e-04
   5.4866078e-03   2.7955017e-01  -4.1561561e-01   2.1883064e-03   3.1904129e-04  -7.1396668e-04
   3.2874381e-02   3.8466339e-01  -4.7135456e-01   6.0194767e-04   9.7032412e-04  -6.3392258e-04
   3.9763432e-02   3.6503895e-01  -4.3368457e-01  -5.3725934e-04   7.4772625e-04  -4.5929036e-04
   3.2733024e-02   3.2731658e-01  -4.3824642e-01   2.3759212e-04   6.4614504e-04  -2.3368202e-04
   5.3602019e-02   2.5900787e-01  -5.0382234e-01   2.0999456e-03   4.4024203e-04   3.5782437e-04
  -6.7939055e-03   3.4950050e-01  -4.8635538e-01  -2.3814219e-03  -2.8943272e-03  -2.9147771e-03
   6.6593762e-03   2.9586799e-01  -4.4082436e-01  -1.2212086e-03  -1.7237924e-03  -1.8632669e-03
  -6.6071946e-03   3.7414583e-01  -3.9565605e-01  -1.1578512e-03  -1.8579862e-03  -1.2374971e-03
   5.4112738e-03   3.0753653e-01  -4.2046194e-01  -6.5908092e-04  -1.7306856e-03  -1.3140036e-03
   1.5914859e-02   3.0538109e-01  -3.4851063e-01  -6.9520500e-06  -2.3168316e-03  -9.7163427e-04
   2.2786144e-02   2.7860021e-01  -3.6631636e-01   4.8836443e-05  -2.1356338e-03  -8.7960363e-04
   1.4334753e-02   2.5730119e-01  -3.5850412e-01   6.4403854e-04  -1.6822802e-03  -8.6947227e-04
   6.9531902e-03   2.6502141e-01  -3.3828442e-01   1.7552603e-04  -1.7832607e-03  -1.0486925e-03
  -2.0710357e-02   4.7189633e-01  -3.9945316e-01  -2.0398779e-03  -2.9577089e-03  -1.3882372e-03
  -2.0720388e-02   3.1973287e-01  -3.8471225e-01  -2.8972786e-03  -2.7398278e-03  -2.5479114e-03
  -8.8071522e-03   3.1326439e-01  -3.7353263e-01  -1.4075824e-03  -3.2786619e-03  -2.3399849e-03
  -1.2341623e-02   3.6839841e-01  -3.7477253e-01  -2.1563392e-03  -3.3088934e-03  -2.5466053e-03
  -5.4227065e-03   3.4123402e-01  -4.1486051e-01  -2.2427279e-03  -3.3713930e-03  -2.7990897e-03
  -3.8477307e-03   3.1537402e-01  -3.8644753e-01  -3.7374100e-03  -4.2557485e-03  -3.2825028e-03
  -2.1929688e-02   3.4349364e-01  -3.8689589e-01  -3.7947684e-03  -3.8453453e-03  -3.7805764e-03
  -1.3100113e-02   3.5512772e-01  -3.7305060e-01  -3.9032150e-03  -3.9024513e-03  -3.6838236e-03
  -8.0805101e-03   3.6212106e-01  -3.9386859e-01  -4.0463399e-03  -3.8340509e-03  -3.8991330e-03
  -2.9632762e-03   3.7169856e-01  -4.2840950e-01  -3.8907703e-03  -3.8566973e-03  -3.6674200e-03
  -8.7914684e-03   3.6501943e-01  -4.1752045e-01  -3.4016317e-03  -3.6000095e-03  -3.2616589e-03
   9.7160451e-03   3.6963379e-01  -3.9939102e-01  -3.6245916e-03  -3.1621088e-03  -3.4595705e-03
   9.9741391e-03   4.0564164e-01  -4.0932646e-01  -4.2867042e-03  -2.4481551e-03  -2.6789938e-03
   1.2112382e-02   3.7178208e-01  -3.8650836e-01  -3.5977252e-03  -2.2759078e-03  -2.7650379e-03
   1.8542692e-02   4.1609990e-01  -3.4218169e-01  -4.1674154e-03  -2.5783098e-03  -2.0494184e-03
   1.4965215e-02   3.5816628e-01  -4.0742301e-01  -3.1174334e-03  -2.2541497e-03  -2.0405895e-03
   1.0178969e-02   3.4748291e-01  -4.2034897e-01  -2.2188751e-03  -2.2398967e-03  -1.6835482e-03
   5.7818424e-04   3.5217873e-01  -3.8410903e-01  -3.2049889e-03  -2.2620830e-03  -2.0675468e-03
   2.0166487e-03   4.0282879e-01  -3.3564624e-01  -3.3048440e-03  -2.4454919e-03  -1.8880872e-03
  -7.1767353e-03   3.7546742e-01  -3.8695344e-01  -3.6848129e-03  -2.2867318e-03  -2.5082132e-03
  -6.7419199e-03   3.7052746e-01  -3.9681430e-01  -2.8501409e-03  -2.2625291e-03  -2.5593253e-03
  -5.4386770e-03   3.3322771e-01  -3.3387664e-01  -1.4778465e-03  -2.2776870e-03  -2.0093261e-03
  -6.4824662e-03   3.2996903e-01  -3.1375690e-01  -9.0010360e-04  -2.3524790e-03  -2.0051292e-03
   1.8344618e-02   3.9658928e-01  -4.6027472e-01  -2.9422740e-03  -2.9618391e-03  -2.4663770e-03
   4.9353500e-02   3.5490195e-01  -6.6679279e-01  -3.0823489e-03  -4.3764361e-03  -1.7812114e-03
   1.0417178e-02   3.6453005e-01  -5.0080837e-01  -4.1686253e-03  -2.0870434e-03  -8.4954395e-04
   3.5152108e-03   3.7097030e-01  -4.8312432e-01  -3.4023449e-03  -2.2074974e-03  -1.4686648e-03
  -1.5629884e-02   3.7080688e-01  -4.2139556e-01  -3.0661704e-03  -2.3630203e-03  -9.2285281e-04
  -3.7056517e-02   4.9917793e-01  -4.4626323e-01  -4.6355567e-03  -2.0789143e-03  -6.8259220e-04
  -4.1062851e-02   3.8471648e-01  -4.6007163e-01  -2.8568994e-03  -1.9614436e-03  -1.4939123e-03
  -3.0117104e-02   3.2602645e-01  -4.3875379e-01  -1.5245949e-03  -2.2259762e-03  -9.7941862e-04
  -2.5257697e-02   3.2305230e-01  -4.0058849e-01  -1.3985109e-03  -2.1546835e-03  -1.0312648e-03
  -6.0494320e-03   4.4012932e-01  -4.6847897e-01  -2.0216757e-03  -3.0862787e-03  -8.7898632e-04
  -4.0247849e-02   3.3161152e-01  -4.4887321e-01  -6.6245291e-04  -2.7377533e-03  -1.1051055e-03
  -5.1617396e-02   3.2481546e-01  -4.5335407e-01  -7.8548212e-04  -3.0607879e-03  -1.7103418e-03
  -6.3266954e-02   3.4844118e-01  -3.9406750e-01  -4.8444926e-04  -3.1113656e-03  -1.3917340e-03
  -1.2407012e-01   4.3124185e-01  -4.1321981e-01   7.5384427e-04  -3.0625244e-03  -7.6450531e-04
  -1.1776759e-01   3.7849534e-01  -5.2393400e-01  -1.0211492e-03  -2.2244773e-03  -1.2487226e-03
  -6.9137285e-02   3.2926240e-01  -5.7807509e-01  -2.0511637e-03  -3.0758526e-03  -1.2454122e-03
  -8.8577320e-02   3.3766954e-01  -5.5615966e-01  -3.1788689e-03  -3.0881874e-03  -1.7310234e-03
  -8.3022410e-02   3.8459991e-01  -4.0348534e-01  -2.3939627e-03  -2.8009399e-03  -1.7591778e-03
  -4.5755319e-02   4.4524280e-01  -4.2300788e-01  -2.5808798e-03  -3.0618919e-03  -2.6368493e-04
  -7.3492575e-02   3.4018264e-01  -4.7247018e-01  -8.3021812e-04  -2.9215085e-03  -6.3743833e-04
  -1.0536424e-01   3.5341026e-01  -4.4584734e-01  -8.1304542e-04  -2.5025207e-03  -8.2582648e-04
  -8.4369910e-02   3.4465027e-01  -4.5187529e-01  -3.5006598e-04  -2.9669570e-03  -6.8060803e-04
  -6.1161513e-02   5.6312761e-01  -5.4477058e-01  -2.5479657e-03  -4.9094734e-03  -1.4069949e-03
