   1.1020427e-14   0.0000000e+00   0.0000000e+00  -3.1614512e-53   4.8148249e-35   0.0000000e+00
   1.4832121e-02  -1.1588410e-01  -1.4824981e-01   1.3976731e-03   3.1332215e-05  -3.8771983e-04
  -3.6498084e-03  -8.0882077e-02   8.3389614e-02  -3.8886604e-03   3.1668205e-04  -9.3625388e-04
  -2.3461932e-02  -9.4612091e-02   8.7797336e-02  -2.9723882e-03   9.2256297e-04  -5.0328889e-04
   2.6607184e-03  -7.3980625e-02   1.4855431e-01  -6.0187976e-03   1.0234952e-03  -5.3597923e-04
   7.9844209e-03  -6.3576969e-02   1.1606037e-01  -5.0083070e-03   1.3158897e-03  -6.2409949e-04
   1.9706903e-02  -7.4652193e-02   1.6812626e-01  -6.6913033e-03   8.9097750e-04  -6.9667310e-04
   5.8512310e-03  -6.5003794e-02   1.3204925e-01  -6.0996307e-03   8.3320995e-04  -9.6145965e-04
   8.3148129e-03  -8.5216408e-02   1.9809702e-01  -7.1841986e-03   4.8875341e-04  -8.3383068e-04
   2.4712430e-02  -6.3933587e-02   2.1124715e-01  -6.7002334e-03   2.3008289e-04  -9.4356401e-04
   5.6786781e-03  -1.1182741e-01   1.5290402e-01  -6.8864479e-03  -8.2478045e-04  -9.9354759e-04
  -5.3314536e-03  -5.3258959e-02   1.9408798e-01  -6.0523409e-03  -9.6120588e-04  -1.1258246e-03
  -1.9619524e-02  -1.3313074e-01   1.8014938e-01  -7.5645934e-03  -1.2153257e-03  -1.2833718e-03
   8.0877230e-03   5.0315833e-02   1.6455238e-01  -4.1604432e-03  -1.0490977e-03  -1.0156094e-03
   3.6969880e-02   1.4251057e-01   2.6967121e-01  -6.1714743e-03  -1.9003651e-03  -8.3949250e-04
  -3.8336890e-02  -7.5600638e-03   2.2710133e-01  -7.5171092e-03  -6.9995718e-04  -8.6433506e-04
  -8.8870929e-03   1.8807366e-02   2.7438595e-01  -8.0567529e-03  -2.4104188e-03  -1.3263345e-03
  -3.3152810e-02  -2.0665718e-03   2.2787666e-01  -7.4131907e-03  -1.9398566e-03  -1.3266367e-03
   1.4788097e-02   8.1519884e-02   2.6438250e-01  -7.4705847e-03  -3.3506189e-03  -1.5081786e-03
  -4.7575272e-02   6.4736557e-02   2.6983464e-01  -7.3321413e-03  -3.0288527e-03  -2.0419602e-03
  -6.2110893e-02   6.0884117e-02   4.2980782e-01  -8.4907828e-03  -3.7220394e-03  -2.3088840e-03
  -6.5593873e-02   8.4490308e-02   4.3706873e-01  -8.8373221e-03  -3.5552447e-03  -2.1802856e-03
  -6.0230402e-02   8.7707929e-02   4.2009725e-01  -8.8920870e-03  -3.5765240e-03  -2.1741272e-03
  -6.9865753e-02   8.4940078e-02   4.3045991e-01  -8.9775801e-03  -3.9801186e-03  -2.4314584e-03
  -7.0572373e-02   8.9541054e-02   4.8069472e-01  -9.3684674e-03  -3.7926799e-03  -2.5479892e-03
  -7.4419180e-02   6.7933692e-02   4.6071802e-01  -9.6057845e-03  -4.3862263e-03  -2.3106099e-03
  -8.3703108e-02   5.3796232e-02   4.3980306e-01  -8.7076462e-03  -3.9127903e-03  -2.7997124e-03
  -7.3635099e-02   7.7964109e-02   4.5762577e-01  -9.0996420e-03  -4.2968116e-03  -2.2339793e-03
  -6.5368923e-02   1.0279412e-01   4.6450274e-01  -9.5639886e-03  -4.6741502e-03  -2.4747575e-03
  -9.6478498e-02   7.7178311e-02   3.9745885e-01  -8.7949118e-03  -5.7418373e-03  -2.9989524e-03
  -9.8378857e-02   7.6828334e-02   4.2970131e-01  -9.0285035e-03  -4.8652678e-03  -2.8015151e-03
  -9.2897759e-02   5.6136923e-02   5.1527038e-01  -9.6574957e-03  -5.8682933e-03  -2.8514380e-03
  -1.0720777e-01   5.7595115e-02   4.2490939e-01  -8.8338530e-03  -4.9685598e-03  -2.8114912e-03
  -1.1203130e-01   6.0845099e-02   4.0785817e-01  -9.5699317e-03  -5.5746973e-03  -2.8856426e-03
  -7.9541152e-02   1.5213138e-02   3.5028100e-01  -5.9880595e-03  -5.6384453e-03  -2.5104098e-03
  -4.1622029e-02  -7.3324210e-02   1.1955238e-01  -1.1378704e-03  -6.9748238e-03  -1.5378972e-03
  -1.0056350e-01   3.7693527e-02   3.8612645e-01  -7.3113433e-03  -5.5301925e-03  -2.6322559e-03
  -9.3623853e-02   4.7171431e-02   3.4064343e-01  -6.4970254e-03  -6.1952182e-03  -2.5677038e-03
  -9.1169246e-02   3.4914605e-02   3.6634143e-01  -7.7284575e-03  -4.2812165e-03  -2.4931751e-03
  -8.0841909e-02  -2.1237884e-02   1.6887136e-01  -3.3380116e-03  -4.4772415e-03  -1.9573196e-03
  -6.0649243e-02   1.0037657e-01   4.1738301e-01  -7.9918917e-03  -4.3583454e-03  -2.9339735e-03
  -6.0718507e-02   6.4479480e-02   4.1484388e-01  -7.9117304e-03  -4.1622693e-03  -2.3020927e-03
  -6.7371181e-02   6.9501066e-02   4.5192774e-01  -8.6838638e-03  -3.7736079e-03  -1.9719975e-03
  -5.5306037e-02   7.4422360e-02   3.4140072e-01  -6.9356739e-03  -4.4060600e-03  -2.0235087e-03
  -9.4337303e-02   4.3804552e-02   4.1080008e-01  -9.4755666e-03  -4.6084267e-03  -2.6008074e-03
  -3.5362999e-02   1.9452903e-01   2.6405587e-01  -3.0021068e-03  -4.0017472e-03  -1.6045090e-03
  -6.0177443e-02   1.4616477e-01   2.6707908e-01  -4.4640918e-03  -5.5151016e-03  -1.7046962e-03
  -5.0405632e-02   6.5352634e-02   3.7556994e-01  -8.1266445e-03  -5.3348128e-03  -2.0673959e-03
  -5.8449339e-02   8.6749959e-02   3.7038284e-01  -8.0814161e-03  -5.3992918e-03  -2.0155586e-03
  -7.5783630e-02   2.0664961e-01   2.5186101e-01  -3.4973975e-03  -4.7040306e-03  -1.9851739e-03
  -3.2133371e-02   5.5420194e-01   2.2314042e-01  -2.3190167e-04  -3.4630502e-03  -1.4599422e-03
  -4.1831245e-02   3.7702730e-01   4.4986967e-01  -5.7218412e-03  -3.9590001e-03  -1.7699712e-03
  -5.1949133e-02   2.3546859e-01   2.8962759e-01  -4.4198782e-03  -4.9457104e-03  -2.0594228e-03
  -5.7774267e-02   3.7102099e-01   2.3204268e-01  -2.8889383e-03  -4.7570774e-03  -2.0845640e-03
  -7.3276895e-02   3.5831716e-01   3.0607447e-01  -5.0625008e-03  -5.3699315e-03  -2.4156640e-03
  -9.2628675e-02   3.4448041e-01   3.2272284e-01  -6.1682367e-03  -5.1535851e-03  -2.3555385e-03
  -9.0894974e-02   3.0908934e-01   3.5589567e-01  -5.9467850e-03  -4.9296477e-03  -2.0500658e-03
  -1.1995328e-01   2.3931557e-01   3.2846936e-01  -7.0621036e-03  -5.8329873e-03  -2.7219315e-03
  -1.1608126e-01   3.0015143e-01   3.2097115e-01  -6.0346103e-03  -5.7198812e-03  -2.8018443e-03
  -1.1863619e-01   2.3674860e-01   3.3444108e-01  -7.6250363e-03  -5.8096987e-03  -2.7776050e-03
  -1.3629845e-01   2.4647004e-01   3.2896792e-01  -6.5598831e-03  -5.9899698e-03  -2.7639936e-03
  -1.2782548e-01   2.3849410e-01   3.3727926e-01  -7.5331683e-03  -5.8928880e-03  -2.7816568e-03
  -1.3897005e-01   2.4478453e-01   3.4480426e-01  -7.0306613e-03  -6.0901981e-03  -2.7962490e-03
  -1.4295962e-01   2.0537985e-01   3.4389207e-01  -7.2518399e-03  -5.6178694e-03  -2.9845869e-03
  -1.3379925e-01   2.3674293e-01   3.0260533e-01  -7.1703681e-03  -5.8437808e-03  -2.6914539e-03
  -1.3865841e-01   2.4165789e-01   3.0697112e-01  -7.0785713e-03  -6.0535773e-03  -2.6653015e-03
  -1.4333117e-01   2.6311558e-01   3.3773927e-01  -7.0202794e-03  -6.0851158e-03  -3.1965381e-03
  -1.3918657e-01   2.7029219e-01   3.4314023e-01  -7.8602682e-03  -5.9939263e-03  -3.0620208e-03
  -1.2987913e-01   2.8017811e-01   3.5280744e-01  -7.6928224e-03  -6.6554154e-03  -2.9333963e-03
  -1.3594215e-01   2.7371410e-01   3.1276923e-01  -7.1177423e-03  -6.1958458e-03  -3.0225151e-03
  -1.3380146e-01   2.3669778e-01   3.3009779e-01  -6.4392367e-03  -6.6612907e-03  -2.6649533e-03
  -1.5224630e-01   2.4808584e-01   3.4186073e-01  -8.1647608e-03  -6.0437680e-03  -3.1835268e-03
  -1.4097802e-01   3.3986599e-01   5.7366240e-01  -8.4634460e-03  -6.9936769e-03  -3.5083158e-03
  -1.4212136e-01   2.4753450e-01   4.4607573e-01  -7.4208952e-03  -6.9758696e-03  -3.3208344e-03
  -1.2459233e-01   2.8821899e-01   3.1823844e-01  -7.9239352e-03  -7.1982884e-03  -3.2711891e-03
  -1.4417300e-01   2.5042450e-01   3.8871060e-01  -8.5672690e-03  -6.7026959e-03  -3.3467651e-03
  -1.3036952e-01   2.4532648e-01   3.1873542e-01  -7.2826529e-03  -7.0086936e-03  -3.2859495e-03
  -1.5301242e-01   2.5289641e-01   3.1928177e-01  -8.0266726e-03  -6.9587986e-03  -3.4226542e-03
  -1.5301611e-01   2.4923761e-01   3.8484550e-01  -8.3416352e-03  -6.6579144e-03  -3.5782596e-03
  -1.4926363e-01   2.6609273e-01   3.2612241e-01  -8.3502676e-03  -7.5017015e-03  -3.3550944e-03
  -1.6572971e-01   2.7327895e-01   3.4384670e-01  -7.7831529e-03  -6.9205147e-03  -3.5865931e-03
  -1.5982750e-01   2.4624573e-01   3.2034734e-01  -8.4377304e-03  -7.6557010e-03  -3.7810624e-03
  -1.6021813e-01   2.5547124e-01   3.2043413e-01  -7.4546352e-03  -6.9719407e-03  -3.5753858e-03
  -1.5937961e-01   2.2269119e-01   3.2239563e-01  -7.8698998e-03  -7.4495929e-03  -3.5103077e-03
  -1.5983712e-01   2.7055313e-01   3.1496779e-01  -8.0479232e-03  -7.2377518e-03  -3.5768457e-03
  -1.5147187e-01   2.6300081e-01   3.4127734e-01  -8.7898301e-03  -7.4963875e-03  -3.4722644e-03
  -1.1045652e-01   5.6366759e-01   3.7494732e-01  -6.7913038e-03  -6.5512908e-03  -3.3728732e-03
  -9.8738145e-02   5.1893188e-01   3.0239202e-01  -6.2299962e-03  -7.0103951e-03  -2.9809431e-03
  -1.5805951e-01   2.8139675e-01   2.8611662e-01  -7.6668181e-03  -7.4393367e-03  -3.5797723e-03
  -1.6108852e-01   2.4412370e-01   2.8007438e-01  -7.3108698e-03  -7.5024102e-03  -3.5652298e-03
  -1.4933513e-01   2.6504598e-01   2.8928583e-01  -8.3625502e-03  -7.0423590e-03  -3.3793742e-03
  -1.3741920e-01   2.9967529e-01   2.9542818e-01  -8.0394407e-03  -7.4912081e-03  -3.4116375e-03
  -1.6095841e-01   2.9586223e-01   2.7820387e-01  -8.0213221e-03  -7.0256689e-03  -3.7659647e-03
  -1.6503339e-01   2.7483257e-01   2.3879922e-01  -7.6716278e-03  -6.7009966e-03  -3.5081523e-03
  -1.5092144e-01   2.9895108e-01   2.9155592e-01  -8.2694954e-03  -6.6806560e-03  -3.9564628e-03
  -1.6449196e-01   2.4473325e-01   2.2522195e-01  -6.3340826e-03  -6.7656206e-03  -3.9417121e-03
  -1.3781811e-01   3.0027625e-01   2.0869361e-01  -7.1880404e-03  -7.5396149e-03  -2.9829094e-03
  -1.7000889e-01   2.6769183e-01   2.6225373e-01  -8.0677998e-03  -6.9373519e-03  -3.6613438e-03
  -9.6921566e-02   5.9246861e-01   3.1305473e-01  -8.5108702e-03  -6.5622194e-03  -2.7794713e-03
  -7.6427613e-02   7.1199382e-01   3.3544293e-01  -7.4839012e-03  -5.0095287e-03  -2.4448714e-03
  -1.2582076e-01   5.2377019e-01   2.4422700e-01  -6.0252768e-03  -8.0147263e-03  -3.9341531e-03
  -1.4937431e-01   5.2156546e-01   1.5511533e-01  -5.0044806e-03  -8.0557816e-03  -4.1435120e-03
  -1.0128754e-01   4.7214280e-01   3.0138988e-01  -5.7930431e-03  -7.0478358e-03  -3.1388616e-03
  -1.5311259e-01   4.6114566e-01   3.0530686e-01  -7.0163569e-03  -8.9030576e-03  -4.0354619e-03
  -1.8006079e-01   4.2963860e-01   2.6131377e-01  -5.6767311e-03  -8.5603483e-03  -4.2371134e-03
  -1.9177050e-01   4.2403598e-01   2.6973184e-01  -6.1387815e-03  -8.4189244e-03  -4.5860901e-03
  -1.8846406e-01   4.3656389e-01   2.6318110e-01  -5.7736500e-03  -8.6564570e-03  -4.4639923e-03
  -1.9655230e-01   4.0173908e-01   2.8953253e-01  -6.6923163e-03  -8.5584310e-03  -4.5843394e-03
  -1.9458509e-01   4.0311763e-01   2.4231894e-01  -6.4010067e-03  -7.9931140e-03  -4.0940260e-03
  -1.8615033e-01   4.1572241e-01   2.5953125e-01  -5.6647210e-03  -8.7329066e-03  -4.4775971e-03
  -1.9633862e-01   4.2948529e-01   2.5246553e-01  -6.1884933e-03  -8.7983112e-03  -4.4003562e-03
  -1.9957883e-01   4.3360723e-01   2.5620289e-01  -6.4287665e-03  -8.5337737e-03  -4.5979239e-03
  -1.9492976e-01   4.1370308e-01   2.2230297e-01  -5.4943260e-03  -8.6240136e-03  -4.6642889e-03
  -1.9711537e-01   4.2287132e-01   2.3869575e-01  -6.9996175e-03  -8.8369153e-03  -4.5507433e-03
  -1.9147388e-01   4.2138970e-01   2.3572324e-01  -6.3657411e-03  -8.3681216e-03  -4.5002604e-03
  -2.0394592e-01   3.8239837e-01   2.2293061e-01  -6.6282346e-03  -8.8793884e-03  -4.8019658e-03
  -1.9696121e-01   3.9963705e-01   2.2353746e-01  -6.3947087e-03  -8.5474268e-03  -4.5895499e-03
  -1.9690678e-01   3.8189094e-01   2.0728918e-01  -6.6804229e-03  -9.1312814e-03  -4.7927143e-03
  -2.0536451e-01   3.9843089e-01   2.6767835e-01  -6.4025225e-03  -8.9270942e-03  -4.5363613e-03
  -2.2088086e-01   3.5770486e-01   2.6177392e-01  -7.1706536e-03  -8.7682503e-03  -4.8742575e-03
  -2.1587360e-01   3.4199046e-01   2.0641294e-01  -5.3210752e-03  -8.7057553e-03  -4.4486283e-03
  -2.1033001e-01   3.1233484e-01   1.7957482e-01  -6.4932254e-03  -8.9911244e-03  -4.4360409e-03
  -2.2696124e-01   3.4522325e-01   2.3771843e-01  -6.6361466e-03  -8.9380503e-03  -4.6916072e-03
  -2.3411245e-01   2.9600936e-01   1.9595719e-01  -8.2605719e-03  -9.0744569e-03  -4.7714668e-03
  -2.0252103e-01   5.2945334e-01   3.6897134e-01  -3.7696766e-03  -8.3746226e-03  -4.6393780e-03
  -1.4843272e-01   6.1551493e-01   2.4914826e-01  -4.3115727e-03  -7.4879131e-03  -4.2129062e-03
  -1.8257293e-01   5.5545398e-01   2.3602647e-01  -7.5040144e-03  -7.7360643e-03  -4.1316597e-03
  -2.1008075e-01   4.2823426e-01   2.8526257e-01  -7.4009739e-03  -8.2574295e-03  -4.5343923e-03
  -2.2697412e-01   4.1867252e-01   3.3095157e-01  -8.6719839e-03  -8.2665623e-03  -4.6877008e-03
  -2.1607814e-01   3.8890387e-01   3.0433228e-01  -7.4222152e-03  -8.0469796e-03  -4.5937004e-03
  -2.1465374e-01   4.0518008e-01   2.7856518e-01  -8.1134248e-03  -8.2992723e-03  -4.5760626e-03
  -2.1283086e-01   3.9371473e-01   3.2565258e-01  -7.0381604e-03  -8.0613375e-03  -4.5152141e-03
  -2.1265324e-01   3.7524638e-01   2.5574608e-01  -8.0480183e-03  -8.4212841e-03  -4.5591999e-03
  -2.0571045e-01   3.8800626e-01   3.0145651e-01  -7.9409108e-03  -8.4335523e-03  -4.4534052e-03
  -2.1135162e-01   4.0247104e-01   2.7848356e-01  -8.2675082e-03  -8.7689989e-03  -4.7498316e-03
  -2.1737891e-01   3.8209048e-01   2.8206963e-01  -8.2058063e-03  -8.5640730e-03  -4.5154454e-03
  -2.1353430e-01   3.9587313e-01   2.3822494e-01  -7.7166500e-03  -8.4575433e-03  -4.5698775e-03
  -2.2213805e-01   3.8033372e-01   2.5919399e-01  -8.0279517e-03  -8.5644820e-03  -4.7407594e-03
  -2.0908034e-01   4.1162381e-01   2.1516746e-01  -8.0174769e-03  -8.9039215e-03  -4.2554885e-03
  -2.1362454e-01   3.9665407e-01   2.3542884e-01  -7.1846736e-03  -8.6145005e-03  -4.3472633e-03
  -2.2051255e-01   4.0326421e-01   2.5094535e-01  -8.4423983e-03  -9.0221459e-03  -4.7388949e-03
  -2.1672959e-01   4.2961996e-01   2.2481249e-01  -7.2385642e-03  -8.7344280e-03  -4.7258580e-03
  -2.0036232e-01   4.0698672e-01   1.9187729e-01  -7.6983015e-03  -8.3964991e-03  -4.5579505e-03
  -1.9033172e-01   4.2126689e-01   2.3943952e-01  -7.1852261e-03  -7.7124889e-03  -4.1822874e-03
  -1.9513190e-01   4.0472526e-01   2.3840394e-01  -7.7391448e-03  -8.2651677e-03  -4.3828412e-03
  -1.8680547e-01   4.2888727e-01   2.2267464e-01  -7.7097710e-03  -7.8692644e-03  -4.0967667e-03
  -1.9050222e-01   4.1847227e-01   2.3130025e-01  -7.6482650e-03  -7.7770563e-03  -4.2164108e-03
  -1.9186395e-01   4.3259170e-01   2.4362323e-01  -7.9340122e-03  -8.1494002e-03  -4.1683501e-03
  -2.0484983e-01   4.4622970e-01   2.3536034e-01  -7.9602715e-03  -7.4645727e-03  -4.3224619e-03
  -1.8630787e-01   4.5082299e-01   2.5019580e-01  -7.8791456e-03  -7.9203488e-03  -4.0655842e-03
  -1.8648049e-01   4.8159689e-01   2.2790332e-01  -7.7473829e-03  -7.2308754e-03  -4.2370338e-03
  -1.8610946e-01   4.3867903e-01   2.2670806e-01  -6.2709561e-03  -7.8354339e-03  -3.8463152e-03
  -1.6198602e-01   4.4077097e-01   2.4886499e-01  -4.7070632e-03  -8.9040490e-03  -3.8281145e-03
  -1.8155747e-01   4.7866505e-01   3.9563257e-01  -8.7338488e-03  -7.7533150e-03  -3.9972292e-03
  -1.7699630e-01   4.7324189e-01   3.5556737e-01  -7.7294442e-03  -8.4463311e-03  -4.1348092e-03
  -1.9249634e-01   4.8631189e-01   4.3023510e-01  -8.7806317e-03  -7.7711056e-03  -4.2418932e-03
  -1.7858704e-01   4.9796505e-01   4.0193047e-01  -8.6554791e-03  -8.3205148e-03  -4.1232710e-03
  -1.8434085e-01   4.9584698e-01   4.1515022e-01  -8.8484785e-03  -8.0007597e-03  -4.2637339e-03
  -1.8661411e-01   4.8362761e-01   4.1846847e-01  -9.2703201e-03  -8.4604835e-03  -4.2904724e-03
  -1.9659723e-01   4.9872490e-01   4.2254305e-01  -9.5121341e-03  -8.0106641e-03  -4.3500082e-03
  -1.9534380e-01   4.8559041e-01   4.0518141e-01  -8.8193073e-03  -8.0779042e-03  -4.4152985e-03
  -1.8613962e-01   4.8612861e-01   4.5102152e-01  -9.2952919e-03  -8.5178922e-03  -4.4147930e-03
  -1.9664726e-01   4.8930268e-01   4.4705655e-01  -9.3278682e-03  -8.3673122e-03  -4.3692716e-03
  -1.9576989e-01   5.0181444e-01   4.4173520e-01  -9.6919810e-03  -8.5397568e-03  -4.3291841e-03
  -2.0048267e-01   5.1593295e-01   4.3919733e-01  -9.0072470e-03  -8.4012516e-03  -4.4779134e-03
  -1.9505570e-01   4.9719021e-01   4.5940329e-01  -9.8986695e-03  -8.1882175e-03  -4.2559410e-03
  -1.9652591e-01   5.2087722e-01   4.3534250e-01  -9.2529339e-03  -7.8768422e-03  -4.1629733e-03
  -1.9625113e-01   4.9641941e-01   4.5061447e-01  -9.6834997e-03  -8.3239577e-03  -4.2994415e-03
  -1.9898582e-01   5.0838704e-01   4.0563669e-01  -8.7165600e-03  -8.0631495e-03  -4.2267950e-03
  -1.9884347e-01   4.9450909e-01   4.5448690e-01  -9.5629600e-03  -8.3568495e-03  -4.4731125e-03
  -1.9772305e-01   5.0694734e-01   3.8387824e-01  -8.6282097e-03  -7.9927832e-03  -4.1261961e-03
  -2.2328248e-01   4.4245650e-01   5.3074202e-01  -1.0046259e-02  -8.2923846e-03  -4.3904128e-03
  -2.1009303e-01   4.8837992e-01   5.2110780e-01  -1.0535641e-02  -8.3273878e-03  -4.5590310e-03
  -1.7106054e-01   5.6195538e-01   3.8894170e-01  -8.1980015e-03  -8.1244007e-03  -3.8121426e-03
  -2.0118149e-01   4.9206329e-01   4.5725911e-01  -9.5444428e-03  -8.7053570e-03  -4.3742568e-03
  -2.1036521e-01   4.2972932e-01   4.3197560e-01  -9.3100204e-03  -8.5548135e-03  -4.2773686e-03
  -1.7345922e-01   5.5547468e-01   4.4747152e-01  -7.9550455e-03  -7.9785767e-03  -4.0105649e-03
  -1.8123934e-01   5.9719574e-01   4.9272882e-01  -8.7472936e-03  -7.8989111e-03  -4.1365101e-03
  -2.0952967e-01   4.2214366e-01   4.7252948e-01  -9.9926207e-03  -8.7140107e-03  -4.3957055e-03
