   0.0000000e+00   0.0000000e+00  -1.3077613e-14  -6.7271648e-17   1.0156454e-18   6.8324142e-35
   1.0499730e-02   4.4191473e-02   2.4923591e-02  -6.7509217e-04  -2.0270384e-04   9.0988618e-05
   3.5596665e-02   1.9501518e-02   9.8878240e-02  -5.6124657e-04  -2.7740664e-04  -1.5217017e-04
   4.2182761e-02  -3.3261182e-03   1.6033631e-01  -6.4248837e-04  -2.8949391e-04   1.9887818e-05
   5.4260816e-02   3.0787091e-02   1.1639125e-01  -1.5965767e-04  -3.6025751e-04   8.1199679e-05
   4.2619812e-02   2.6468860e-02   9.2488532e-02   6.1775883e-04   8.2394495e-05   7.3446508e-05
   3.8685729e-02   5.4642605e-02   1.2814691e-01  -4.2156010e-04   4.0256069e-05   3.3121564e-06
   5.2869332e-02  -3.9588439e-03   1.0651251e-01   1.5493978e-04  -3.4200146e-04   1.1863544e-04
   5.8745812e-02   4.9296646e-02   1.0796960e-01  -8.1997753e-04  -6.1200631e-04   3.3886867e-05
   3.6839767e-02   5.2948740e-02   1.0803239e-01  -4.6676784e-04  -3.3038979e-04  -2.1246782e-04
   4.7838985e-02   4.6954126e-02   2.1179976e-01  -1.6032462e-03  -3.8692855e-04  -1.1141963e-04
   5.7274167e-02   6.7562526e-02   1.5825670e-01  -6.9269761e-04  -4.2513887e-04  -1.9398155e-04
   6.1441167e-02   3.9769207e-02   2.2285303e-01  -1.5372815e-03  -3.1746888e-04  -2.5397129e-04
   6.1610821e-02   5.1637209e-02   2.0241445e-01  -1.4275988e-03  -2.2127229e-04  -1.8150551e-04
   5.5566497e-02   9.2378634e-02   1.9180571e-01  -9.5421422e-04  -4.1644464e-04  -2.6947977e-04
   5.3781249e-02   6.5119968e-02   1.7954233e-01  -7.6577091e-04  -2.3539745e-04  -3.3492309e-04
   5.3734350e-02   5.2175791e-02   2.5144476e-01  -1.4180603e-03  -2.6954562e-04  -2.8671677e-04
   5.6930034e-02   8.5365444e-02   2.1492905e-01  -1.2468408e-03  -2.9679585e-04  -9.7940066e-05
   7.0575695e-02   8.2819808e-02   2.4218178e-01  -1.3955820e-03  -3.6071396e-04  -2.2756050e-04
   7.0445022e-02   7.9085243e-02   2.1613239e-01  -1.2355548e-03  -3.3570278e-04  -2.3059329e-04
   7.3261976e-02   1.1078216e-01   2.6312789e-01  -1.5758676e-03  -4.0810197e-04  -1.1673048e-04
   7.7663996e-02   1.0232360e-01   1.9400722e-01  -1.2701481e-03  -3.7792578e-04  -2.0155473e-04
   9.2348993e-02   8.2434090e-02   2.9545474e-01  -1.9206747e-03  -3.8321575e-04   8.0798939e-05
   8.2698415e-02   1.1885284e-01   2.1806719e-01  -1.4784546e-03  -3.8082368e-04  -1.2064417e-04
   8.4578114e-02   1.0553230e-01   2.6341277e-01  -1.2387618e-03  -6.7399642e-04   9.7234852e-05
   9.0555813e-02   9.6057318e-02   2.0947315e-01  -1.2476141e-03  -3.9701397e-04   4.4157421e-05
   1.2073784e-01   4.8911453e-02   5.6902305e-01  -2.1879086e-03  -2.4507767e-04   3.6592042e-04
   1.3740835e-01   1.4628820e-01   4.3737900e-01  -2.1602780e-03  -2.7901794e-04   5.4332023e-04
   1.1139692e-01   1.2388979e-01   2.0088771e-01  -5.2782044e-04   2.3435792e-04  -2.3653764e-04
   1.1165631e-01   1.0688023e-01   3.3470238e-01  -1.1517457e-03   2.6936133e-04  -1.3570634e-04
   1.0103794e-01   1.3139027e-01   2.6954642e-01  -1.0044576e-03   2.2272192e-04  -4.0188107e-04
   1.1131091e-01   1.5657958e-01   2.5653186e-01   9.8618760e-05  -1.2302265e-05   3.0553312e-05
   1.2483784e-01   1.5799240e-01   1.9041211e-01   8.2475848e-04   5.2674567e-04  -1.3102202e-04
   1.1335700e-01   1.5699149e-01   3.0401585e-01  -9.9417483e-04   4.9066736e-04  -3.3852892e-04
   1.2195324e-01   1.9054069e-01   2.5145399e-01   8.2113654e-05   5.6762542e-04  -3.1587755e-04
   1.1978580e-01   1.8114532e-01   2.6519356e-01   7.6001830e-04   2.0088539e-04   1.9930257e-04
   1.1633296e-01   1.7027692e-01   2.9085970e-01   6.1051376e-04   3.2008153e-04   1.7261477e-04
   1.3187867e-01   1.8394776e-01   3.0946510e-01   1.0052483e-04  -1.3843289e-04  -1.1147012e-04
   1.3309361e-01   1.7622876e-01   3.2729176e-01   6.2583633e-04   4.1235142e-04   7.5026920e-05
   1.1602522e-01   1.7329682e-01   3.6901573e-01   1.0392481e-03   8.1955120e-04  -2.3315313e-06
   1.2318662e-01   2.0995657e-01   3.5825560e-01   1.7344064e-03   7.1826199e-04   8.1616382e-05
   1.5918275e-01   1.7031625e-01   3.6965124e-01   1.6343579e-03   8.3023339e-04   3.2198221e-04
   1.5217541e-01   1.7723293e-01   2.9037177e-01   2.6878210e-03   6.6391782e-04   5.3387155e-04
   1.8072365e-01   1.7501676e-01   2.1556881e-01   2.1656925e-03   1.2455904e-04   2.6720691e-04
   1.6147476e-01   2.0762010e-01   4.6905359e-01   1.8057931e-03  -8.3039107e-05  -9.6930452e-06
   1.6763257e-01   2.0961347e-01   3.8123575e-01   1.9749964e-03   2.5971050e-04  -1.0256065e-04
   1.9133479e-01   2.0976390e-01   3.5248600e-01   1.3522876e-03   2.4678415e-04  -2.5538224e-04
   1.8182778e-01   1.8533584e-01   4.2230357e-01   1.8224762e-03   2.5890956e-04  -5.4562373e-04
   2.0222366e-01   2.4054588e-01   3.6817091e-01   1.5752405e-03   1.3186016e-05  -1.6207814e-04
   2.1160229e-01   2.2753263e-01   4.3732347e-01   1.5358405e-03   7.9348045e-04  -1.9222182e-04
   3.1987549e-01   1.6321264e-01   8.4619255e-01   1.5997281e-03   2.7575173e-03   1.1644989e-03
   2.3371046e-01  -1.5300564e-01   8.1074349e-01  -1.5932783e-03   2.8210780e-03  -2.1139061e-04
   1.3716216e-01   8.6665755e-02   4.7589725e-01  -1.6794822e-03   3.0992967e-03  -7.7602507e-05
   1.2367439e-01   1.3140149e-01   5.7844196e-01  -2.0514362e-03   3.4330413e-03  -2.1895935e-04
   1.5982019e-01   1.0359529e-01   6.7597908e-01  -2.4665826e-03   3.3249970e-03  -6.9783663e-04
   1.7910326e-01   7.7732527e-02   6.5132151e-01  -2.1304176e-03   2.7745839e-03  -5.7950011e-04
   2.0363020e-01   1.0501625e-01   6.4733491e-01  -1.8049466e-03   2.4835937e-03  -8.7754173e-04
   2.0822929e-01   1.3787159e-01   6.3659339e-01  -2.4527928e-03   2.7722850e-03  -4.2576872e-04
   2.3222536e-01   1.4037217e-01   6.6432555e-01  -2.5595606e-03   3.2581278e-03  -4.7778764e-04
   2.2172125e-01   1.3074920e-01   6.6176320e-01  -2.4360796e-03   3.2011885e-03  -3.7456320e-04
   2.4623697e-01   1.5160549e-01   6.8461055e-01  -3.3137716e-03   2.9624842e-03  -2.2008065e-04
   1.2259819e-01   1.5930568e-01   5.1015086e-01  -9.5273513e-04   1.7944194e-03  -9.3083238e-04
   1.3428200e-01   1.5625467e-01   5.7452568e-01  -5.3935309e-04   2.7495462e-03  -1.0813948e-03
   1.5551287e-01   1.8531305e-01   5.9715122e-01  -1.5410539e-03   2.5288243e-03  -7.8467915e-04
   1.5915871e-01   1.8360588e-01   5.8935889e-01  -1.6167719e-03   3.0873100e-03  -9.4457059e-04
   1.4251843e-01   1.9734258e-01   5.8843871e-01  -1.6738020e-03   2.8821580e-03  -9.4931784e-04
   1.5296462e-01   2.1456611e-01   6.1272243e-01  -1.2346483e-03   3.5273589e-03  -1.1391136e-03
   1.5419916e-01   2.0676040e-01   5.8186525e-01  -1.0876537e-03   3.1252216e-03  -1.0195683e-03
   1.6085806e-01   1.9594541e-01   6.0960967e-01  -1.6130746e-03   3.7999004e-03  -8.7508840e-04
   1.6928887e-01   2.1756565e-01   6.3492210e-01  -1.4760171e-03   3.3941018e-03  -1.0098534e-03
   1.7871711e-01   2.0809519e-01   6.0453466e-01  -1.1412892e-03   3.9671974e-03  -1.0577027e-03
   1.8884383e-01   2.0374735e-01   6.4412159e-01  -1.2874975e-03   3.5316333e-03  -9.2591060e-04
   1.8076649e-01   2.0013685e-01   6.5875339e-01  -1.8779346e-03   3.5937757e-03  -1.0930543e-03
   1.7929345e-01   2.2605110e-01   6.1793507e-01  -6.6868121e-04   3.4554922e-03  -7.1685755e-04
   1.9342636e-01   1.8060752e-01   6.6403854e-01  -1.6972880e-03   3.5241767e-03  -9.4578681e-04
   1.6641605e-01   1.8211022e-01   6.7428886e-01  -2.0865934e-03   2.7190556e-03  -8.0614360e-04
   1.6020205e-01   2.3777701e-01   6.7011096e-01  -1.4955637e-03   3.4989729e-03  -1.2842320e-03
   1.7654437e-01   1.2816021e-01   4.8757325e-01   1.4565863e-03   1.8618395e-03  -2.0083639e-03
   2.1166711e-01   2.3347391e-01   5.8511026e-01   7.0331159e-04   3.0619518e-03  -1.6585580e-03
   2.0836778e-01   2.3692663e-01   5.5230059e-01   2.0876562e-03   2.5631894e-03  -1.7049021e-03
   1.9670169e-01   2.5326331e-01   6.9796995e-01  -1.8865903e-04   4.2682111e-03  -2.5183261e-03
  -1.3898704e-01   1.0756933e-01   3.0686901e-01   7.3687097e-03  -1.5262875e-03  -1.7627168e-03
  -2.5386132e-01   2.0347269e-01  -1.6348649e-01   1.5505754e-02  -2.8567285e-03   6.7618952e-04
  -1.5616642e-01   2.3065220e-01  -2.2677915e-01   5.9525215e-03   2.0936137e-03  -5.0229155e-04
   5.6848821e-03   1.5432471e-01   2.2566635e-01   2.2402234e-04   1.8804105e-03  -1.1576998e-03
   1.2673038e-01   2.0510209e-01   7.6084726e-01  -3.7506598e-03   3.8223940e-03  -6.7118038e-04
   1.1888843e-01   2.0900553e-01   5.0468696e-01   7.3024666e-04   1.9523402e-03  -1.0014635e-03
   1.0676518e-01   2.5149172e-01   5.8837844e-01   1.2533806e-04   3.1975436e-03  -2.0212411e-03
   1.0312351e-01   2.5073509e-01   5.4168997e-01   9.2995018e-04   2.4761122e-03  -1.7428755e-03
   1.6153235e-01   2.5477008e-01   4.7150472e-01   1.9261249e-03   3.1971057e-03  -2.1355050e-03
   9.6936787e-02   2.6069752e-01   5.6209995e-01   8.3592456e-04   2.2170067e-03  -2.3067825e-03
   1.2339588e-01   2.4862309e-01   5.4888500e-01   1.8573554e-03   2.9435902e-03  -2.4250794e-03
   1.0451224e-01   2.6851064e-01   5.6832857e-01   1.3418770e-03   2.5517102e-03  -2.4720842e-03
   1.0122883e-01   2.9530615e-01   6.3626068e-01   6.8010473e-04   2.9838592e-03  -2.6722066e-03
   1.2427904e-01   2.4905363e-01   5.9060943e-01   4.7745781e-04   1.5794277e-03  -2.4736016e-03
   1.3194452e-01   2.4669177e-01   6.1022135e-01  -2.0043154e-04   1.4035919e-03  -9.0413574e-04
   2.2831522e-01   2.8247875e-01   7.5965406e-01   2.8268527e-03   2.0331090e-03  -5.2788713e-05
   2.3935119e-01   2.4099714e-01   7.7844545e-01   4.3470726e-04   2.2381820e-03  -3.4548780e-04
   1.8684047e-01   2.8792191e-01   7.9105183e-01   9.9617795e-04   1.5890504e-03  -8.6032878e-04
   2.0433483e-01   2.7379105e-01   8.5947496e-01  -4.1352180e-04   1.7037979e-03  -7.4345208e-04
   1.5632806e-01   2.8497343e-01   8.2244548e-01  -1.9239842e-04   1.5724006e-03  -1.2078158e-03
   1.9049569e-01   2.9042812e-01   8.4075148e-01   3.1746037e-04   2.1286110e-03  -1.1243007e-03
   1.8783224e-01   3.1322083e-01   7.8884219e-01   8.9324690e-04   2.9069142e-03  -1.1517951e-03
   2.1155045e-01   2.9109733e-01   8.0118022e-01   3.0834449e-04   2.6674168e-03  -1.4826717e-03
   1.7668411e-01   2.9480071e-01   7.5229789e-01   1.7383311e-03   2.5609202e-03  -1.8653837e-03
   1.7877062e-01   2.7842202e-01   9.5033668e-01  -1.0397403e-03   2.4083067e-03  -1.4764522e-03
   1.9085807e-01   2.7942305e-01   8.9873510e-01  -5.6851226e-04   2.4739576e-03  -1.3673064e-03
   2.1064339e-01   2.6159056e-01   1.0301764e+00  -1.5250625e-03   2.8104942e-03  -1.4648812e-03
   2.0790893e-01   3.0491038e-01   9.3116169e-01  -1.1072502e-03   2.4485142e-03  -1.2219077e-03
   2.0418607e-01   2.5778492e-01   1.0654323e+00  -1.6294838e-03   3.1432477e-03  -1.4599368e-03
   2.4142108e-01   3.7011453e-01   6.3666048e-01  -2.1708475e-03   2.4671012e-03  -2.3324080e-04
   3.2923644e-01   2.9265656e-01   6.9841399e-01  -3.5811434e-03   2.6623186e-03   7.2994870e-05
   3.2221324e-01   2.9902211e-01   1.3155095e+00  -3.1750371e-03   4.2677869e-03  -6.1778059e-04
   3.1636702e-01   2.5486982e-01   1.4750486e+00  -4.0690827e-03   3.9420921e-03  -3.5832067e-04
   3.6037964e-01   2.5120281e-01   1.5359532e+00  -4.1337451e-03   3.7931086e-03  -2.4735272e-04
   3.5555420e-01   2.8255004e-01   1.4453292e+00  -2.6927425e-03   3.5273184e-03  -1.2678671e-04
   3.2660372e-01   2.7018089e-01   1.5044637e+00  -3.3351778e-03   3.2828352e-03  -4.2160066e-04
   3.3847820e-01   3.0247086e-01   1.4460114e+00  -3.0339645e-03   3.3563839e-03  -2.7305843e-04
   3.3276773e-01   2.7578187e-01   1.4892283e+00  -3.1141640e-03   3.4160796e-03  -5.2250787e-04
   3.3105616e-01   2.9981082e-01   1.4865907e+00  -3.5116925e-03   3.4659749e-03  -4.6315133e-04
   3.2920809e-01   3.0435345e-01   1.4989974e+00  -2.5405777e-03   3.5567357e-03  -4.6265080e-04
   3.5394836e-01   2.9567979e-01   1.1601244e+00  -2.1283175e-03   4.0493971e-03  -7.8417986e-05
   3.5262438e-01   3.2860835e-01   1.3137679e+00  -2.3790915e-03   4.1771660e-03  -1.7509119e-04
   3.7083314e-01   2.5603660e-01   1.5192822e+00  -3.0079533e-03   4.4745191e-03  -1.0132718e-04
   3.5892458e-01   2.7638640e-01   1.5443740e+00  -3.6483898e-03   4.6693860e-03  -1.8026957e-04
   3.5989771e-01   2.8995608e-01   1.6062211e+00  -4.0424209e-03   4.1932152e-03  -6.0094258e-05
   3.6431459e-01   2.8405016e-01   1.5981686e+00  -3.3079338e-03   4.6440180e-03  -1.8831465e-04
   3.7923993e-01   2.7590207e-01   1.4216494e+00  -3.1769983e-03   4.3294282e-03   1.4789021e-04
   4.0028720e-01   3.0743139e-01   1.4291055e+00  -2.5673133e-03   4.7562960e-03   1.5583272e-04
   3.8457864e-01   2.7644895e-01   1.5116778e+00  -3.3117825e-03   4.9920684e-03  -9.0526427e-05
   3.9123604e-01   3.1074150e-01   1.5342671e+00  -3.2634118e-03   4.7627435e-03   1.7861598e-04
   3.8586618e-01   2.8108340e-01   1.5478085e+00  -3.7827134e-03   4.7941385e-03   1.6726458e-06
   3.6779582e-01   2.8471883e-01   1.5137821e+00  -2.7555031e-03   4.6422112e-03  -2.1646525e-04
   3.6231915e-01   3.3113533e-01   1.5304250e+00  -3.0494564e-03   5.0887290e-03  -2.2456902e-04
   3.6284457e-01   3.0601848e-01   1.5260021e+00  -3.0674928e-03   5.0391095e-03  -4.1257908e-04
   3.5862079e-01   3.0511981e-01   1.5797512e+00  -3.6177921e-03   4.9647407e-03  -3.4866043e-04
   3.5298107e-01   3.1516944e-01   1.5545047e+00  -3.2956288e-03   5.0798930e-03  -2.5726512e-04
   3.5578971e-01   3.3938552e-01   1.5886986e+00  -3.4872141e-03   4.9175927e-03  -1.8983743e-04
   3.5883057e-01   3.1331487e-01   1.5863687e+00  -3.4912195e-03   4.7824056e-03  -1.2890447e-04
   3.6191571e-01   3.2149626e-01   1.6459453e+00  -4.1726625e-03   4.9057254e-03   3.8894965e-05
   3.5789957e-01   3.1995870e-01   1.6145351e+00  -4.4967375e-03   4.6336793e-03   1.7344889e-05
   3.1352447e-01   3.1322828e-01   1.5410308e+00  -3.4736120e-03   4.0906015e-03  -5.0763138e-04
   3.0929076e-01   3.4580637e-01   1.5738037e+00  -3.4301442e-03   3.8049546e-03  -2.9878623e-04
   3.1182173e-01   3.5882744e-01   1.5508639e+00  -2.8070943e-03   3.8843202e-03  -5.1290152e-04
   3.1735504e-01   3.5284457e-01   1.5532211e+00  -3.5678931e-03   3.9191769e-03  -5.1992564e-04
   3.1798897e-01   3.6793348e-01   1.5604159e+00  -3.2782582e-03   4.0738916e-03  -5.6449664e-04
   3.2957364e-01   3.9977684e-01   1.5368521e+00  -2.7047553e-03   4.1737409e-03  -4.4341154e-04
   3.2104213e-01   3.6822666e-01   1.5616245e+00  -2.8437712e-03   3.9172764e-03  -4.4203304e-04
   3.2319190e-01   3.6820318e-01   1.5536071e+00  -3.0972744e-03   3.8263100e-03  -2.9024701e-04
   3.2498352e-01   3.5285150e-01   1.5666154e+00  -2.6444002e-03   3.8357713e-03  -3.1993028e-04
   3.4669996e-01   3.3618563e-01   1.5826905e+00  -3.4555167e-03   4.3346739e-03  -2.3435724e-04
   3.3596311e-01   3.6870993e-01   1.5686484e+00  -2.5512797e-03   4.0292043e-03  -3.4818127e-04
   3.3865480e-01   3.7724334e-01   1.5608395e+00  -2.3661546e-03   4.0034615e-03  -1.3799514e-04
   3.2702168e-01   3.5709697e-01   1.5976135e+00  -2.9515660e-03   4.1698240e-03  -2.2324058e-04
   3.3771474e-01   3.6093588e-01   1.5672856e+00  -3.1856886e-03   3.8005341e-03  -1.0695546e-04
   3.7555524e-01   3.6054339e-01   1.5297206e+00  -2.1546101e-03   4.2093906e-03   1.0916094e-04
   3.4727209e-01   3.5228384e-01   1.5954686e+00  -2.7275796e-03   4.3092352e-03  -3.4886421e-04
   3.5180659e-01   3.8781044e-01   1.5539958e+00  -1.9371797e-03   4.0628027e-03  -2.3804862e-04
   3.4935432e-01   3.6472115e-01   1.5708816e+00  -2.2147674e-03   4.0981010e-03  -2.0100825e-05
   3.4856353e-01   3.5571797e-01   1.6004878e+00  -2.3977726e-03   4.1504016e-03  -1.8715196e-04
   3.5436731e-01   4.0186143e-01   1.5871890e+00  -1.9620176e-03   4.0980075e-03   3.1348077e-05
   3.5249217e-01   3.7588188e-01   1.5714823e+00  -2.1106596e-03   4.1578613e-03  -1.4276172e-04
   3.5994460e-01   3.8454065e-01   1.6292941e+00  -2.5046965e-03   4.3910711e-03  -1.2609482e-04
   3.6452022e-01   4.0616406e-01   1.6063822e+00  -2.4983715e-03   4.3365102e-03  -2.2502183e-04
   3.5350137e-01   3.9631449e-01   1.5970049e+00  -2.1663440e-03   4.3478437e-03  -2.1349807e-04
   3.5188684e-01   3.9114685e-01   1.6257473e+00  -1.9107890e-03   5.0458431e-03  -3.9558532e-04
   3.3236738e-01   4.0895477e-01   1.6182359e+00  -1.7306636e-03   4.6512272e-03  -2.2407049e-04
   3.3062436e-01   4.0763993e-01   1.6689482e+00  -2.5399703e-03   4.1235368e-03  -2.6708656e-05
   3.0462703e-01   4.1098443e-01   1.5921051e+00  -1.8481394e-03   3.8462866e-03  -3.3994741e-04
   3.0293107e-01   4.1212772e-01   1.6716867e+00  -1.8189410e-03   4.0955675e-03  -3.2570346e-04
   3.2066468e-01   4.1107698e-01   1.5950521e+00  -2.0560979e-03   4.0215028e-03  -2.7039109e-04
   3.1824721e-01   4.0785886e-01   1.5569148e+00  -1.1176465e-03   4.0571645e-03  -3.4542674e-04
   3.0336358e-01   4.4004387e-01   1.6242331e+00  -1.6665115e-03   4.0222495e-03  -4.0582236e-04
   3.1626588e-01   4.2035528e-01   1.5977790e+00  -1.6171829e-03   4.1712894e-03  -3.9994564e-04
   2.9964210e-01   4.2672748e-01   1.6059490e+00  -1.2387764e-03   4.5026499e-03  -5.2296363e-04
   3.2686505e-01   4.0832901e-01   1.6094157e+00  -2.2982516e-03   4.3394453e-03  -4.2982625e-04
   3.1349673e-01   4.6012540e-01   1.5949495e+00  -1.8272786e-03   4.2521013e-03  -3.6058766e-04
   3.2636306e-01   4.4789652e-01   1.6015170e+00  -1.7020460e-03   4.2280657e-03  -2.6309309e-04
   3.1491687e-01   4.3071288e-01   1.6337265e+00  -2.5213823e-03   3.9145767e-03  -3.3408999e-04
