   0.0000000e+00   0.0000000e+00   7.1054274e-15   0.0000000e+00   0.0000000e+00   0.0000000e+00
  -1.4727938e-04   4.1244979e-02   3.4674736e-01  -3.4193720e-03   2.7970354e-04  -7.0556055e-04
   8.9288303e-03   6.6185545e-02   5.7202215e-01  -5.3288294e-03   6.2900321e-04   6.1640243e-04
  -1.4593436e-04   7.5586484e-02   6.5605386e-01  -6.8054872e-03   5.2336864e-04   3.6898006e-04
   7.9315978e-03   9.2488217e-02   7.0284112e-01  -7.0024389e-03   8.8610288e-04   3.1098525e-04
  -5.2384304e-03   8.8385612e-02   7.4873726e-01  -7.5319030e-03   4.7526566e-04   7.3611230e-05
   2.4151127e-03   6.6729894e-02   8.0262619e-01  -8.2714488e-03   6.8264874e-04  -2.1597695e-06
  -1.1468935e-02   7.7926414e-02   7.9318349e-01  -8.3292447e-03   3.8575169e-04  -3.3669330e-04
  -3.4577585e-03   4.8983036e-02   8.6506647e-01  -8.9758388e-03   4.0502549e-04  -1.4481135e-04
  -3.1717487e-03   7.6835052e-02   8.2449583e-01  -8.5403336e-03   1.5573198e-04  -3.7987845e-05
  -2.6665197e-02   8.8553932e-02   8.8318198e-01  -8.7979558e-03   5.2134722e-04  -2.8988106e-04
  -4.9012783e-03   7.1219349e-02   7.0216537e-01  -8.9009255e-03   7.5084657e-04  -7.0758909e-05
  -7.5666882e-03   9.4948091e-02   6.1215596e-01  -7.6218561e-03   7.6430973e-04  -7.1179340e-05
   1.0925174e-03   6.8652375e-02   7.5901922e-01  -8.3004252e-03   9.1079047e-04  -4.1637403e-04
   5.9928798e-03   9.7458663e-02   7.6241216e-01  -9.2224323e-03   6.6004393e-04  -2.1671832e-04
  -9.8309494e-04   8.9395037e-02   7.9745214e-01  -9.5732073e-03   4.0352817e-04  -2.5071229e-04
  -1.6471867e-03   1.0695167e-01   7.6492599e-01  -8.8188607e-03   5.3812492e-04  -2.3090508e-04
  -4.3871004e-03   1.1745947e-01   7.7279318e-01  -8.4115803e-03   5.3508685e-04  -1.4932086e-04
  -6.8775574e-03   1.2670948e-01   7.6518039e-01  -8.8084546e-03   6.8828669e-04  -4.7694430e-04
   7.4727287e-03   1.0362864e-01   7.7673755e-01  -8.3586982e-03   3.3077337e-04  -4.5693607e-04
   1.3199205e-03   1.0119818e-01   7.7358958e-01  -8.8192917e-03   3.2549384e-04  -1.1689142e-03
   5.6513889e-03   1.1201925e-01   7.6834732e-01  -8.5661404e-03   5.6272220e-04  -1.2321984e-03
   1.5581497e-02   1.1765465e-01   7.9980276e-01  -1.0193770e-02  -4.1348672e-04  -4.6559588e-04
   2.7744836e-02   9.8871363e-02   8.1119151e-01  -9.6413932e-03  -4.5483467e-04  -5.6653045e-04
   1.3454416e-02   9.5822005e-02   6.8283331e-01  -9.8636330e-03  -1.3308745e-04  -3.5687941e-04
  -4.9771866e-04   1.3386886e-01   9.2044480e-01  -9.5517290e-03  -2.7155080e-04  -4.8438227e-04
   9.4559027e-03   1.3332015e-01   1.1213102e+00  -1.0564991e-02  -2.2127354e-04  -2.6201392e-04
   1.9145707e-03   1.5465768e-01   1.1351134e+00  -1.0701071e-02  -1.1347492e-04  -3.8533850e-04
   6.7095878e-03   8.4884387e-02   1.0293898e+00  -1.0559756e-02   7.4915823e-05  -4.9598492e-04
   7.4895870e-03   1.2767691e-01   1.2944462e+00  -1.1223992e-02  -4.9015389e-04  -4.3962072e-04
   2.4413003e-02   1.3426228e-01   1.3317535e+00  -1.1108352e-02  -8.7647589e-04  -3.7538500e-04
   9.4744142e-03   1.3688213e-01   1.4359376e+00  -1.2873374e-02  -7.6274901e-04  -6.2621348e-04
   9.5540882e-03   1.4987108e-01   1.4157306e+00  -1.2398828e-02  -5.4231561e-04  -5.3336535e-04
   2.9760395e-03   1.6101258e-01   1.4144730e+00  -1.2302896e-02  -4.0962511e-04  -5.2740747e-04
   1.2117504e-02   1.4705472e-01   1.4367429e+00  -1.2520720e-02  -6.6071431e-04  -5.4881745e-04
   1.2115875e-02   1.3629347e-01   1.4659878e+00  -1.2556029e-02  -5.2075816e-04  -7.6511637e-04
   1.1137818e-02   1.5372285e-01   1.4400707e+00  -1.2105752e-02  -8.4840760e-04  -6.6230111e-04
   1.8941270e-03   1.4969565e-01   1.4719482e+00  -1.2196262e-02  -4.7723514e-04  -8.6382956e-04
   1.2622506e-02   1.7456693e-01   1.4681943e+00  -1.2361262e-02  -7.3807446e-04  -7.8857266e-04
   6.9375473e-03   1.8873261e-01   1.4759392e+00  -1.2244785e-02  -5.7641302e-04  -8.8171818e-04
  -9.7546167e-04   1.9083176e-01   1.4698297e+00  -1.3104501e-02  -5.6253526e-04  -7.6234706e-04
  -3.2726141e-03   1.8162832e-01   1.4487689e+00  -1.2791250e-02  -4.7827334e-04  -8.2703145e-04
   4.5709507e-03   1.7356316e-01   1.4809953e+00  -1.2631536e-02  -4.2412326e-04  -7.5892029e-04
   3.0431346e-03   1.4967171e-01   1.5118967e+00  -1.2976284e-02  -5.7677554e-04  -9.9315656e-04
   6.9455328e-03   1.5880306e-01   1.2830660e+00  -1.2412572e-02  -7.1429471e-04  -1.1973626e-03
  -1.4931552e-02   1.7161385e-01   1.1307509e+00  -1.1314834e-02  -8.0942202e-04  -1.5128994e-03
  -2.1289165e-03   1.8958771e-01   1.1810451e+00  -1.1292520e-02  -5.3368141e-04  -1.4288651e-03
   8.3081723e-04   2.0830227e-01   1.1859653e+00  -1.1704942e-02  -1.0000838e-03  -1.2763407e-03
  -8.1483857e-04   2.0288110e-01   1.2108959e+00  -1.2543634e-02  -9.3131025e-04  -1.2782238e-03
  -7.6970713e-03   1.9129882e-01   1.2007628e+00  -1.2569455e-02  -9.1273752e-04  -1.3363987e-03
   6.9348155e-03   1.7598943e-01   1.2157841e+00  -1.2414896e-02  -1.1334784e-03  -1.1219484e-03
  -1.2604065e-02   2.0097352e-01   1.2644268e+00  -1.3607640e-02  -1.1045458e-03  -1.3780799e-03
   7.8705042e-03   1.9668518e-01   1.2315079e+00  -1.2653385e-02  -1.4196990e-03  -1.1474589e-03
   1.5124062e-02   2.1044772e-01   1.1901923e+00  -1.2420368e-02  -1.9157038e-03  -1.0513493e-03
   1.8266839e-03   2.1124445e-01   1.2364356e+00  -1.3303335e-02  -1.4322607e-03  -1.5570531e-03
  -3.5160927e-03   1.9316481e-01   1.1772131e+00  -1.1888491e-02  -1.5895861e-03  -1.7028716e-03
   5.8544853e-03   1.8411861e-01   1.1909077e+00  -1.2262168e-02  -1.6769316e-03  -1.7433740e-03
  -1.6054174e-03   2.0760401e-01   1.2145864e+00  -1.2589112e-02  -1.7562593e-03  -1.7634036e-03
  -1.3152147e-03   1.9555102e-01   1.2427255e+00  -1.2670306e-02  -1.7608556e-03  -1.7996736e-03
  -6.4162844e-04   2.1940180e-01   1.1876460e+00  -1.2392363e-02  -1.5821554e-03  -1.5487602e-03
  -5.5197194e-03   2.2867029e-01   1.1952993e+00  -1.2329320e-02  -1.6155883e-03  -1.6870038e-03
   2.8294528e-04   2.3155649e-01   1.1987426e+00  -1.2753757e-02  -1.4345063e-03  -1.4701353e-03
  -8.2468131e-03   2.0267020e-01   1.2291402e+00  -1.2850922e-02  -1.3931106e-03  -1.7933838e-03
   4.9694447e-03   1.9553298e-01   1.2228960e+00  -1.3377634e-02  -1.6420863e-03  -1.5972931e-03
   1.0363597e-02   2.0806227e-01   1.2373175e+00  -1.2357828e-02  -1.3618952e-03  -1.2114407e-03
  -5.4667689e-03   2.3474414e-01   1.2641731e+00  -1.3144536e-02  -1.4183695e-03  -1.5585420e-03
   4.6539316e-03   2.2224077e-01   1.2951857e+00  -1.1999386e-02  -1.3070294e-03  -1.3825608e-03
  -4.1383003e-03   2.6378691e-01   9.3918705e-01  -1.3313369e-02  -1.0321109e-03  -1.3844259e-03
  -2.5616236e-02   3.0460829e-01   1.1957247e+00  -1.2505794e-02  -1.4734278e-03  -1.7260914e-03
  -2.2270346e-02   2.2039905e-01   1.3738292e+00  -1.4068303e-02  -1.0731857e-03  -1.7237701e-03
  -2.4427134e-02   2.4731569e-01   1.3678088e+00  -1.4382429e-02  -1.3757745e-03  -1.9046399e-03
  -1.2306785e-02   2.2135470e-01   1.4333618e+00  -1.4840446e-02  -1.4082883e-03  -1.7223227e-03
  -2.7751428e-02   2.6161739e-01   1.4024464e+00  -1.5134115e-02  -1.6065452e-03  -2.0562347e-03
  -1.5767924e-02   2.3981797e-01   1.4585322e+00  -1.5550817e-02  -2.2641552e-03  -2.0360320e-03
  -2.8825886e-02   2.7859347e-01   1.4185925e+00  -1.5422101e-02  -1.6976361e-03  -2.1905981e-03
  -2.2446672e-02   2.7098029e-01   1.4483028e+00  -1.5328992e-02  -1.7390347e-03  -2.0030768e-03
  -2.3300881e-02   2.7770499e-01   1.4172197e+00  -1.4732802e-02  -1.7941349e-03  -1.9709804e-03
  -1.8049747e-02   2.7411290e-01   1.4538259e+00  -1.5351196e-02  -1.7802554e-03  -1.8530946e-03
  -2.7729817e-02   2.5285626e-01   1.4610610e+00  -1.5395226e-02  -1.7031997e-03  -2.0768539e-03
  -2.5608561e-02   2.3648581e-01   1.5010495e+00  -1.6427688e-02  -1.5983936e-03  -2.1065875e-03
  -2.3763289e-02   2.5604358e-01   1.4806368e+00  -1.6092084e-02  -1.6874661e-03  -2.0419496e-03
  -2.4027810e-02   2.5052192e-01   1.5334512e+00  -1.6852984e-02  -1.5617367e-03  -1.9319732e-03
  -2.4804041e-02   2.7203826e-01   1.5154285e+00  -1.6230344e-02  -1.5961858e-03  -1.9490789e-03
  -2.1061837e-02   2.7411701e-01   1.5163163e+00  -1.5996110e-02  -1.7299576e-03  -1.9087018e-03
  -1.8826282e-02   2.9319307e-01   1.4977549e+00  -1.5621368e-02  -1.6786520e-03  -1.8174346e-03
  -1.8567994e-02   2.8433357e-01   1.4859666e+00  -1.5639726e-02  -1.6864064e-03  -1.8340739e-03
  -2.1124014e-02   2.8632748e-01   1.4410972e+00  -1.4710706e-02  -1.7372915e-03  -2.0521503e-03
  -2.6230047e-02   2.6362188e-01   1.5374213e+00  -1.6429659e-02  -1.8344012e-03  -2.0682829e-03
  -2.2825618e-02   2.7189450e-01   1.4947932e+00  -1.5871210e-02  -1.7070671e-03  -1.8849574e-03
  -2.6111345e-02   2.4982804e-01   1.6373035e+00  -1.7357398e-02  -1.5625714e-03  -2.0209907e-03
  -3.0360751e-02   2.8772034e-01   1.6376897e+00  -1.4424655e-02  -1.5929445e-03  -2.1397877e-03
  -2.7433763e-02   2.7313432e-01   1.3678610e+00  -1.2203578e-02  -1.8758966e-03  -2.3085375e-03
  -2.9303241e-02   2.6806715e-01   1.5231275e+00  -1.4329711e-02  -1.8655105e-03  -2.0954344e-03
  -1.9969685e-02   2.6150454e-01   1.5514057e+00  -1.4732880e-02  -2.1014904e-03  -2.1857529e-03
  -1.8290266e-02   2.8571177e-01   1.5616420e+00  -1.4827408e-02  -2.3575226e-03  -2.1888872e-03
  -3.2155496e-02   2.9748982e-01   1.5648025e+00  -1.5050635e-02  -2.4930811e-03  -2.3909346e-03
  -3.0337668e-02   3.1755014e-01   1.5405876e+00  -1.4193561e-02  -2.5644481e-03  -2.0329171e-03
  -2.6615661e-02   3.2405056e-01   1.5261049e+00  -1.4095709e-02  -2.4256134e-03  -2.0987233e-03
  -2.9464136e-02   2.9297849e-01   1.5716203e+00  -1.5310023e-02  -2.4039329e-03  -2.6575473e-03
  -2.5898926e-02   2.7945143e-01   1.6055774e+00  -1.5961512e-02  -2.4099189e-03  -2.2755894e-03
  -3.2330555e-02   3.0003037e-01   1.5864539e+00  -1.5688678e-02  -2.2360746e-03  -2.2803635e-03
  -2.8513791e-02   2.8773204e-01   1.6210521e+00  -1.6532755e-02  -2.2794074e-03  -2.2529517e-03
  -3.1205180e-02   3.0508471e-01   1.6036124e+00  -1.5957911e-02  -2.2448280e-03  -2.0859739e-03
  -2.6869362e-02   3.1842733e-01   1.6010899e+00  -1.5346895e-02  -2.3855520e-03  -2.0557194e-03
  -2.5424920e-02   3.1507453e-01   1.6173132e+00  -1.6173043e-02  -2.3912296e-03  -2.0474837e-03
  -2.1412591e-02   3.0319789e-01   1.5991962e+00  -1.5920641e-02  -2.3462441e-03  -2.0000608e-03
  -2.8918278e-02   2.9104883e-01   1.6548349e+00  -1.6744999e-02  -2.3773431e-03  -2.0847088e-03
  -1.9057021e-02   3.0299799e-01   1.6476729e+00  -1.6802912e-02  -2.2957300e-03  -1.9795308e-03
  -1.7708888e-02   3.0428498e-01   1.6654143e+00  -1.7006538e-02  -2.3755162e-03  -2.0693876e-03
  -2.9515494e-02   3.2132278e-01   1.7430776e+00  -1.6814933e-02  -2.3699212e-03  -2.1831247e-03
  -1.0974164e-02   3.3347684e-01   1.6474055e+00  -1.5818076e-02  -2.3526342e-03  -2.0697326e-03
  -2.0633321e-02   3.4168087e-01   1.6447257e+00  -1.6752703e-02  -2.3377862e-03  -2.0947036e-03
  -2.5618045e-02   3.2844657e-01   1.6472529e+00  -1.6311762e-02  -2.2596132e-03  -2.2386968e-03
  -1.8398810e-02   3.2560913e-01   1.6656648e+00  -1.7083891e-02  -2.2196182e-03  -2.2493476e-03
  -2.1102477e-02   3.2476543e-01   1.6818417e+00  -1.7317277e-02  -2.2316974e-03  -2.2007823e-03
  -2.5364792e-02   3.3723970e-01   1.7040301e+00  -1.7392588e-02  -2.2810636e-03  -2.2466157e-03
  -2.1417037e-02   3.5516066e-01   1.6689783e+00  -1.7315853e-02  -2.4881570e-03  -2.1598584e-03
  -1.4910561e-02   3.4913552e-01   1.6766982e+00  -1.7784315e-02  -2.3894513e-03  -2.0567678e-03
  -1.3048531e-02   3.2727273e-01   1.6449297e+00  -1.6884136e-02  -2.2437575e-03  -1.9731168e-03
  -2.0412807e-02   3.2800335e-01   1.6693624e+00  -1.7808691e-02  -2.3501727e-03  -2.1005628e-03
  -8.9165336e-03   3.3701040e-01   1.6889058e+00  -1.7457511e-02  -2.1611154e-03  -2.0850410e-03
  -6.7269883e-03   3.5834829e-01   1.6925338e+00  -1.7722595e-02  -2.3610622e-03  -1.8783876e-03
  -2.5875670e-03   3.5754309e-01   1.7266558e+00  -1.6949657e-02  -2.2423944e-03  -1.8925097e-03
  -1.0649082e-02   3.4936402e-01   1.6551426e+00  -1.6638111e-02  -2.5784725e-03  -2.1775976e-03
   1.7561413e-03   3.3524048e-01   1.6721514e+00  -1.7054385e-02  -3.1846145e-03  -1.9237764e-03
  -1.7452266e-02   3.3864838e-01   1.6679182e+00  -1.7350139e-02  -2.6636352e-03  -2.2251426e-03
  -1.2367398e-02   3.2952537e-01   1.7142074e+00  -1.7968494e-02  -2.6462464e-03  -1.9709708e-03
  -2.6937748e-02   3.7385934e-01   1.8150985e+00  -1.7402748e-02  -2.5914005e-03  -2.1884010e-03
  -1.2614647e-02   3.7600765e-01   1.6664389e+00  -1.6453517e-02  -2.4694994e-03  -1.9789545e-03
  -1.3150535e-02   3.7151239e-01   1.7213323e+00  -1.7090232e-02  -2.5692567e-03  -1.9954411e-03
  -9.3083055e-03   3.5480103e-01   1.6324673e+00  -1.6180116e-02  -2.5477346e-03  -2.0482412e-03
  -7.9410232e-03   3.4566665e-01   1.6730410e+00  -1.6374576e-02  -2.5389132e-03  -2.0363903e-03
  -3.1123144e-03   3.6703953e-01   1.6726230e+00  -1.7043931e-02  -2.3764885e-03  -2.1025258e-03
  -1.1436514e-02   3.8167041e-01   1.6818812e+00  -1.6671148e-02  -2.2793743e-03  -2.1728553e-03
   4.6531192e-03   3.8086222e-01   1.6642916e+00  -1.7422899e-02  -2.5699614e-03  -1.9687541e-03
  -1.4368930e-03   3.6667027e-01   1.6717805e+00  -1.7074843e-02  -2.2031485e-03  -2.1539881e-03
  -1.2761937e-03   3.6620817e-01   1.6877270e+00  -1.7733631e-02  -2.4538540e-03  -1.9775091e-03
  -3.4330739e-03   3.7109948e-01   1.6978976e+00  -1.7636238e-02  -2.1321518e-03  -1.8952564e-03
  -2.4866447e-03   3.8917980e-01   1.6707696e+00  -1.7044932e-02  -2.3875194e-03  -1.9613097e-03
   1.0402297e-02   4.0482437e-01   1.6800842e+00  -1.6891829e-02  -2.1223282e-03  -1.6517060e-03
  -7.9536720e-04   3.8099069e-01   1.6683290e+00  -1.7562998e-02  -2.2507252e-03  -1.9445654e-03
  -4.8812377e-03   3.5296844e-01   1.8359857e+00  -1.8293816e-02  -2.3199557e-03  -2.1227099e-03
  -2.0087330e-02   4.0333705e-01   1.9003264e+00  -1.7594384e-02  -2.2331030e-03  -2.5047200e-03
  -2.8439397e-02   4.1204034e-01   1.8979649e+00  -1.7252047e-02  -2.6219759e-03  -3.0980653e-03
  -2.4853490e-02   3.9507159e-01   1.9181342e+00  -1.7036342e-02  -2.6412179e-03  -3.1447544e-03
  -2.3205422e-02   3.7502359e-01   1.9294859e+00  -1.7504756e-02  -2.8004162e-03  -3.3364874e-03
  -1.8150535e-02   4.0659661e-01   1.9225441e+00  -1.7254559e-02  -2.8335995e-03  -3.2283118e-03
  -1.9175891e-02   3.9459605e-01   1.8693567e+00  -1.7457224e-02  -3.0443511e-03  -3.2207314e-03
  -1.9074038e-02   3.9457343e-01   1.8802393e+00  -1.6941708e-02  -3.2133303e-03  -3.0206016e-03
  -2.9517404e-02   4.1981131e-01   1.8345848e+00  -1.6217273e-02  -2.3938205e-03  -3.0652582e-03
  -2.1152166e-02   4.2768409e-01   1.8678925e+00  -1.6238473e-02  -2.5533593e-03  -3.0036605e-03
  -1.2199126e-02   4.1818845e-01   1.8329774e+00  -1.6138219e-02  -2.7149460e-03  -2.8286436e-03
  -1.6783978e-02   3.8835309e-01   1.9336295e+00  -1.6510903e-02  -2.3842531e-03  -3.0367500e-03
  -2.5110429e-02   4.1205441e-01   1.8523535e+00  -1.6173210e-02  -2.7063683e-03  -3.2797643e-03
  -2.3450802e-02   4.1534060e-01   1.8358349e+00  -1.6759241e-02  -2.7091529e-03  -2.8990364e-03
  -1.3446443e-02   4.2718462e-01   1.8266931e+00  -1.6886953e-02  -2.9652112e-03  -2.5420298e-03
  -1.0142236e-02   4.3971262e-01   1.8336690e+00  -1.6567043e-02  -2.7759342e-03  -2.5334312e-03
  -7.2403947e-03   4.4865023e-01   1.7984408e+00  -1.5983640e-02  -2.6750998e-03  -2.1967292e-03
  -1.0432246e-02   4.5777928e-01   1.8489014e+00  -1.6753383e-02  -2.5002129e-03  -2.4845445e-03
   9.8077609e-03   4.3363091e-01   1.7571562e+00  -1.5735296e-02  -2.9038404e-03  -2.4639542e-03
  -1.4868092e-03   3.9681260e-01   1.8627968e+00  -1.7135754e-02  -2.9127430e-03  -2.6924460e-03
  -1.1719709e-02   4.3632973e-01   1.9015716e+00  -1.6778956e-02  -2.8934826e-03  -2.8823412e-03
  -5.2275354e-03   4.3329708e-01   1.7622072e+00  -1.6237033e-02  -3.0478004e-03  -2.7592154e-03
   9.0459928e-04   4.3943493e-01   1.7133077e+00  -1.5182278e-02  -3.7093938e-03  -2.5151372e-03
  -1.6998749e-02   4.5844803e-01   1.6422544e+00  -1.4159948e-02  -3.0711455e-03  -2.8615653e-03
  -6.3071905e-03   4.3024790e-01   1.7044889e+00  -1.4942181e-02  -3.3305642e-03  -2.7526067e-03
   2.1053453e-03   4.2911994e-01   1.7167965e+00  -1.5475079e-02  -3.6939170e-03  -2.5182333e-03
   6.4149377e-03   4.3691129e-01   1.7110853e+00  -1.5295762e-02  -3.4906352e-03  -2.4660582e-03
  -5.3309186e-03   4.6562804e-01   1.6946123e+00  -1.5380915e-02  -3.0718172e-03  -2.4518467e-03
  -4.1383867e-03   4.6104908e-01   1.6968255e+00  -1.5806635e-02  -2.9634118e-03  -2.5320041e-03
  -7.3362716e-03   4.6312043e-01   1.7222500e+00  -1.6075456e-02  -2.9338935e-03  -2.4697699e-03
  -9.2145224e-03   4.4297603e-01   1.7365441e+00  -1.6468267e-02  -2.7733612e-03  -2.5371003e-03
  -1.2674501e-02   4.3910490e-01   1.7443401e+00  -1.7029752e-02  -2.6757560e-03  -2.5669729e-03
  -8.9715081e-03   4.4963016e-01   1.7864899e+00  -1.7627932e-02  -2.8830725e-03  -2.4069042e-03
  -1.2691718e-02   4.7696028e-01   1.8654758e+00  -1.6334242e-02  -2.5571579e-03  -2.2940303e-03
  -1.2708416e-02   4.2004071e-01   1.7605435e+00  -1.6361273e-02  -2.5257719e-03  -2.3895955e-03
  -5.6533368e-04   4.5535366e-01   1.9718360e+00  -1.7769368e-02  -2.9768083e-03  -2.2908448e-03
   7.0652090e-04   4.8791521e-01   1.8367713e+00  -1.6734004e-02  -2.9347403e-03  -2.1537251e-03
  -3.3246032e-04   4.7525504e-01   1.8736741e+00  -1.7335977e-02  -2.9972416e-03  -2.0463484e-03
