   0.0000000e+00   0.0000000e+00   0.0000000e+00   0.0000000e+00   0.0000000e+00   0.0000000e+00
  -1.0678591e-02   4.2491428e-03   1.4810548e-02  -8.4678128e-04   1.4486063e-05  -9.5235324e-05
  -1.6616188e-02   2.0600455e-02   2.2763426e-02  -8.7843570e-04  -7.1866745e-04  -1.8336351e-05
  -3.8842593e-02   1.4910163e-02   6.1423521e-02  -1.3391715e-03   2.0504180e-04   1.2999906e-05
  -2.0118168e-02   2.0186956e-02   4.5620468e-02  -1.3934462e-03  -8.1429399e-04  -8.2203241e-06
  -4.4505801e-02   4.7607259e-02   7.8236268e-02  -2.1520459e-03   3.7050491e-04  -5.1484464e-05
  -4.8811672e-02  -5.1298035e-04   3.0453545e-02  -5.0591837e-04  -4.5359538e-04  -2.1186201e-04
  -9.2899665e-03   5.5932765e-02  -1.9014860e-02   5.3805478e-05  -1.6866383e-03   6.3164480e-05
  -5.4305577e-02   2.9306375e-02   1.0971438e-01  -1.1960649e-03  -4.8010739e-04  -1.2520344e-04
  -3.5044702e-02   6.8545177e-03   1.1799680e-01  -1.1940101e-03  -1.5446298e-03  -8.2593213e-06
  -4.8198511e-02   9.1972133e-03   1.2725351e-01  -2.2796683e-03  -9.1018592e-04  -2.3161503e-04
  -2.6908345e-02   2.5118165e-02   1.2165376e-01  -3.0508858e-03  -1.5707597e-03   1.0253881e-04
  -3.0544330e-02   4.7396953e-02   1.6118556e-01  -4.2273284e-03  -1.2649385e-03   1.9751043e-04
  -3.0163290e-02   6.0517585e-02   1.8111617e-01  -4.0663625e-03  -1.7534421e-03   7.0113926e-05
  -3.6095591e-02   6.8362444e-02   1.6760318e-01  -4.0590748e-03  -1.2006288e-03   2.5670494e-04
  -4.3866820e-02   3.9735171e-02   2.1608495e-01  -4.0124111e-03  -1.6348329e-03   1.2090610e-04
  -5.0026000e-02   6.0975697e-02   1.8221235e-01  -6.3304789e-03  -1.4723921e-03  -1.0234450e-05
  -4.6734148e-02   1.5848166e-01   3.6597825e-01  -2.1722895e-03  -1.3995634e-03  -9.9364801e-05
  -1.8360555e-02   3.3401792e-02   4.3020724e-01  -3.3195678e-03  -1.1024388e-03  -1.3959365e-04
   5.7844995e-03   9.6631460e-02   3.2577948e-01  -4.6084072e-03  -1.8137275e-03  -7.9630207e-05
  -5.6215000e-03   8.5747366e-02   3.6063846e-01  -4.6162033e-03  -2.1913483e-03  -7.6567437e-05
   8.2918401e-03   9.4790984e-02   3.4350237e-01  -4.5901311e-03  -2.3517187e-03  -7.3979719e-05
   9.5788613e-03   5.9113970e-02   3.1571659e-01  -4.9410194e-03  -2.8450240e-03  -5.8781279e-05
   1.7243523e-02   1.5965221e-01   2.5993824e-01  -2.9739282e-03  -1.7325242e-03  -2.5873747e-04
   8.0531344e-02   4.4937730e-01   3.4064736e-01  -3.7056998e-03  -1.6749429e-03  -3.4122108e-05
   1.2546780e-01   4.7680225e-01   3.3674374e-01  -4.4433035e-03  -2.4063120e-03   6.4314605e-04
   1.2395542e-01   5.8417104e-01   4.1606582e-01  -4.0729001e-03  -2.2670198e-03   5.1555405e-04
   1.0994625e-01   4.8319322e-01   3.8007602e-01  -4.0257869e-03  -3.1824640e-03   8.3239963e-04
   7.5321636e-02   4.5067849e-01   4.0467508e-01  -4.2602618e-03  -2.9639111e-03   4.5812227e-04
   8.8535326e-02   3.4777439e-01   3.4384943e-01  -4.2478032e-03  -3.2613630e-03   7.3458449e-04
   7.1489285e-02   1.8501383e-01   3.9894596e-01  -5.1547136e-03  -3.2547184e-03   4.5521687e-04
   8.6260282e-02   3.3023044e-01   1.4611071e-01  -6.7907282e-03  -4.5187552e-03   9.0319182e-04
   1.2293123e-01   3.0592478e-01  -1.3255091e-01  -4.4071489e-03  -5.9072685e-03   6.7077066e-04
   7.0235465e-02   2.6388136e-01   1.3762186e-01  -7.5514311e-03  -5.9635372e-03  -5.8863281e-05
   8.1042919e-02   2.4397208e-01  -1.6275904e-01  -3.9326483e-03  -4.3444440e-03   1.0960397e-03
   4.4861852e-02   2.4483876e-01  -2.7751884e-02  -7.2001577e-03  -3.2552256e-03   4.6438563e-04
   4.7348162e-02   3.1129677e-01  -2.1187787e-02  -3.4404188e-03  -3.3862373e-03   4.7855092e-04
   1.0405818e-01   3.0928146e-01  -9.0597980e-02  -2.4551553e-03  -2.8610124e-03   6.3577801e-04
   1.4715514e-01   2.9871006e-01  -6.7259101e-02  -6.7971103e-03  -3.0079427e-03   1.4113810e-03
   1.1498435e-01   3.2854140e-01  -1.3967398e-01  -7.8087706e-03  -2.7767691e-03   1.2279090e-03
   9.7025293e-02   2.2485563e-01  -6.8441908e-02  -6.3897405e-03  -8.8532795e-04   1.6129752e-03
   8.3111722e-02   2.3400812e-01  -1.4948615e-01  -5.7112633e-03   3.7690943e-04   1.3067950e-03
   1.0750630e-01   2.3287673e-01  -9.0919973e-02  -6.6017181e-03   9.7953297e-04   1.2125859e-03
   9.9169148e-02   2.2108468e-01  -2.3514027e-01  -4.8232657e-03   8.2860976e-04   1.6151955e-03
   1.1569661e-01   2.0220502e-01  -1.4278632e-01  -4.7539870e-03   8.2049941e-04   1.7753591e-03
   1.2055320e-01   1.9889897e-01  -1.9537958e-01  -4.7860662e-03   7.3166902e-04   1.6371107e-03
   1.1541161e-01   2.4531377e-01  -1.9830673e-01  -6.2078968e-03   7.3405555e-04   1.8591563e-03
   1.3707261e-01   3.0460046e-01  -1.5161551e-01  -5.0891838e-03  -1.2854800e-04   1.8703646e-03
   1.1246571e-01   2.5590867e-01  -9.8953217e-02  -6.3155629e-03  -2.6560747e-05   1.4680891e-03
   1.4230228e-01   3.1239717e-01  -1.2742564e-01  -4.5162870e-03  -5.2679167e-04   1.2428163e-03
   1.4870094e-01   3.6606820e-01  -1.9318696e-01  -6.2762280e-03  -4.9296967e-04   1.8353004e-03
   1.3557676e-01   3.3846284e-01  -1.7502796e-01  -5.5795741e-03  -1.2069835e-04   1.8726715e-03
   1.3945695e-01   3.5766287e-01  -2.1301083e-01  -6.5416473e-03  -1.4188630e-03   1.6574797e-03
   1.2263200e-01   3.4692557e-01  -1.6595630e-01  -5.6558581e-03  -8.1219585e-04   1.6051785e-03
   1.0685919e-01   2.9604904e-01  -2.3639634e-01  -5.7914455e-03  -7.4555302e-04   1.8731758e-03
   1.5030721e-01   4.8566116e-01  -2.1454507e-01  -3.8352877e-03  -5.1556653e-04   1.9932423e-03
   2.0772719e-01   7.6805633e-01  -2.5010387e-01  -2.7121971e-03  -5.3891555e-04   2.2684866e-03
   1.8035786e-01   6.7323672e-01  -1.3506295e-01  -4.3639247e-03  -2.7692987e-04   2.3560397e-03
   1.9205509e-01   8.0339664e-01  -1.8049350e-01  -3.8611826e-03  -2.9840242e-04   2.4362312e-03
   1.8702077e-01   7.3348248e-01  -8.8270255e-02  -3.8226896e-03  -3.3543111e-04   2.5784595e-03
   2.0409960e-01   7.5458318e-01  -1.3633488e-01  -4.6433837e-03  -1.0603424e-03   2.0720835e-03
   1.7796647e-01   7.3310780e-01  -1.2579439e-01  -4.3168883e-03  -9.3177715e-04   2.1355117e-03
   1.5604986e-01   6.7942915e-01  -1.2923458e-01  -4.7053515e-03  -1.9794068e-03   2.0724047e-03
   1.0881220e-01   6.2020624e-01  -1.3149402e-01  -4.7952682e-03  -1.9566706e-03   1.9862951e-03
   1.1204218e-01   5.7201227e-01  -1.1278469e-01  -5.6455995e-03  -2.8405081e-03   2.0139022e-03
   9.8315981e-02   5.7889035e-01  -1.0931396e-01  -5.3362288e-03  -2.9454581e-03   1.6843581e-03
   9.1411116e-02   5.5093320e-01  -9.7301279e-02  -5.5128430e-03  -3.0303277e-03   1.6283617e-03
   7.8275170e-02   4.9325192e-01  -1.0593363e-01  -5.1720588e-03  -2.8991029e-03   1.4971718e-03
   7.7031491e-02   4.3455981e-01  -9.5898400e-02  -6.0952505e-03  -3.9652318e-03   1.2827550e-03
   1.1048264e-01   5.4366309e-01  -2.4396268e-02  -3.6449501e-03  -4.1491725e-03   9.5714927e-04
   1.1533301e-01   6.6623308e-01  -4.5818742e-02  -4.5359837e-03  -3.7938262e-03   1.1661601e-03
   1.0622116e-01   4.8099191e-01  -2.4130997e-02  -3.9852393e-03  -4.3421368e-03   1.4388104e-03
   7.6029787e-02   4.8747487e-01  -8.8382702e-02  -4.7908511e-03  -3.7042746e-03   9.9914256e-04
   5.4171696e-02   4.2263386e-01  -1.7294909e-03  -5.8492772e-03  -3.8995220e-03   1.0176091e-03
   1.1635034e-01   6.0004696e-01  -1.0434497e-01  -4.5746232e-03  -4.0146869e-03   1.1740485e-03
   1.2340378e-01   6.5927137e-01  -3.2150956e-02  -3.4862290e-03  -3.7119139e-03   1.3497153e-03
   1.3209141e-01   4.9062444e-01  -2.7240863e-01  -2.7292990e-03  -4.0508078e-03   2.3464433e-03
   5.7907415e-02   6.1721623e-01  -8.0726396e-02  -6.8452119e-03  -2.8924178e-03   1.3626098e-03
   6.5685539e-02   5.5589347e-01  -1.6266575e-01  -7.1731012e-03  -3.3710092e-03   1.5115196e-03
   6.5508122e-02   5.8689181e-01  -9.2585498e-03  -8.6566084e-03  -3.4185161e-03   1.3157366e-03
   9.3030745e-02   5.4567163e-01  -6.5644340e-02  -7.7571587e-03  -4.4858948e-03   1.2006809e-03
   6.6033822e-02   5.5906651e-01  -8.7497314e-02  -6.5242622e-03  -3.5126714e-03   1.2130195e-03
   7.8297973e-02   4.4630055e-01  -1.0337195e-01  -6.1389060e-03  -4.0364367e-03   1.3752578e-03
   5.1187068e-02   4.7649880e-01  -2.6919234e-02  -7.3120650e-03  -3.6661901e-03   9.3232277e-04
   6.9803099e-02   4.3153997e-01  -8.2693528e-02  -7.4975436e-03  -4.2086041e-03   1.2513787e-03
   5.6626149e-02   4.7102339e-01   1.3706456e-01  -6.6093595e-03  -3.6377152e-03   2.3285783e-04
   1.0720466e-01   5.3655503e-01   3.0121420e-01  -6.6268145e-03  -4.1003408e-03   6.5137256e-04
   9.0926989e-02   4.5186718e-01   2.4940461e-01  -7.5796107e-03  -4.0213041e-03   1.0511513e-03
   1.3014371e-01   7.1085184e-01   2.7184508e-01  -5.8292991e-03  -2.3938109e-03   8.9396563e-04
   1.3566034e-01   7.4669085e-01   2.5953355e-01  -5.3350682e-03  -2.4939711e-03   1.4146000e-03
   1.0731315e-01   6.4432627e-01   2.8613131e-01  -7.0961788e-03  -3.1017394e-03   1.4819072e-03
   7.8529469e-02   6.0943536e-01   2.7161056e-01  -6.8295234e-03  -3.0591571e-03   1.4375184e-03
   1.1550729e-01   5.6088394e-01   1.5429300e-01  -7.1357932e-03  -3.2428383e-03   1.6252678e-03
   1.1991701e-01   5.8591354e-01   1.7320205e-01  -6.5065927e-03  -3.5635658e-03   1.5503012e-03
   1.0623876e-01   5.4640291e-01   1.5989486e-01  -6.7071273e-03  -3.7056471e-03   1.5014837e-03
   1.0092984e-01   5.2404330e-01   1.9804509e-01  -6.2139526e-03  -3.4241327e-03   1.3521338e-03
   8.1145495e-02   5.1962341e-01   1.7238613e-01  -7.0953918e-03  -2.8367980e-03   1.5029716e-03
   7.8185847e-02   5.5959335e-01   1.6299909e-01  -6.9583549e-03  -3.0200866e-03   1.0572397e-03
   1.2175889e-01   5.2247789e-01   9.4080361e-02  -6.5951056e-03  -3.6751351e-03   1.3071959e-03
   9.4703107e-02   4.9662288e-01   1.1749688e-01  -6.6687854e-03  -4.1310778e-03   9.8518169e-04
   1.0919219e-01   5.0589692e-01   2.1065274e-01  -8.9941357e-03  -4.5438878e-03   1.2433357e-03
   8.6183490e-02   5.2636249e-01   1.7371976e-01  -6.8847594e-03  -4.2480747e-03   1.0177434e-03
   9.7264133e-02   4.6952147e-01   2.0930609e-01  -7.3179214e-03  -4.4265239e-03   1.2897397e-03
   7.0618288e-02   4.8416824e-01   2.8676518e-01  -6.7966621e-03  -4.0112393e-03   1.1706973e-03
   1.5553945e-01   8.1927458e-01   2.7978543e-01  -7.2842527e-03  -2.5525798e-03   1.6652382e-03
   1.7400317e-01   8.1347294e-01   2.3242430e-01  -3.9164649e-03  -2.8016322e-03   1.9038017e-03
   2.6155187e-01   6.5392206e-01  -2.0062699e-02  -6.6320965e-03  -4.2375114e-03   2.4000213e-03
   1.8487810e-01   5.5326696e-01   1.8529891e-01  -1.4563695e-02  -5.6216210e-03   1.6967282e-03
   1.6540948e-01   5.6429893e-01   2.3090718e-01  -1.2246005e-02  -5.7282436e-03   1.3602304e-03
   1.2397278e-01   6.0026233e-01   2.5704043e-01  -1.2635708e-02  -4.9672615e-03   1.1380733e-03
   1.6919028e-01   6.2949238e-01   2.1848336e-01  -1.1644655e-02  -5.4119732e-03   1.7767467e-03
   1.2544744e-01   6.2970976e-01   2.0268336e-01  -1.1618222e-02  -4.9300293e-03   1.2877339e-03
   1.5432900e-01   5.3834853e-01   1.7951136e-01  -1.0547672e-02  -5.1591859e-03   1.8834861e-03
   1.2551791e-01   5.6779754e-01   3.0459658e-01  -1.2742962e-02  -5.5267362e-03   8.6173804e-04
   1.8200175e-01   6.2485561e-01   1.1586112e-01  -8.9010223e-03  -5.5017235e-03   1.6072464e-03
   6.6510054e-02   6.1071699e-01   2.3976741e-01  -1.0740979e-02  -5.1603334e-03  -2.2277475e-04
   3.3981834e-01   6.3338867e-01   1.2113513e-01  -8.2995106e-03  -6.9479670e-03   5.2651892e-03
   6.3051389e-01   4.0621211e-01  -1.2919774e-01  -3.1622301e-03  -4.2578469e-03   1.3982055e-02
   3.8379185e-01   5.3764209e-01   8.5950289e-02  -6.6094919e-03  -9.5569344e-04   8.2462992e-03
   4.2930362e-01   4.4778289e-01   1.0132624e-01  -5.2821260e-03  -1.4741700e-03   9.1967671e-03
   3.9714506e-01   5.0930004e-01   9.0956691e-02  -7.3514301e-03  -1.3173050e-03   8.1110861e-03
   4.1649795e-01   4.4226957e-01   1.8216163e-01  -7.3401854e-03  -2.0122420e-03   8.5778174e-03
   3.8945900e-01   5.0996217e-01   1.2930312e-01  -8.5365418e-03  -1.8830830e-03   6.8750486e-03
   3.8066262e-01   4.6991828e-01   2.5807231e-01  -8.6210054e-03  -2.0799144e-03   7.6446024e-03
   3.8941474e-01   7.9482358e-01   1.5312790e-01  -6.4369137e-03  -8.3923179e-04   6.9274973e-03
   3.7174993e-01   9.4402780e-01   3.8857440e-01  -2.4009788e-03  -1.6612658e-03   7.2192446e-03
   3.0826368e-01   8.9976261e-01   5.0127811e-01  -4.4799684e-03  -5.7335502e-04   6.6334395e-03
   3.0640932e-01   9.6771083e-01   4.2587014e-01  -5.3282568e-03  -5.0637439e-05   7.1569406e-03
   2.7984674e-01   9.0414354e-01   4.5596184e-01  -4.7770416e-03  -6.2610618e-05   6.1639278e-03
   2.7927706e-01   8.9881079e-01   3.9106948e-01  -5.7110579e-03   4.3927719e-04   6.5629255e-03
   2.8715963e-01   7.6384627e-01   3.9905741e-01  -6.1578386e-03   8.0893214e-04   6.5795253e-03
   2.9505607e-01   7.4223442e-01   2.8592660e-01  -4.8313240e-03   4.5727852e-04   7.0453224e-03
   2.7974518e-01   5.7825672e-01   4.8369883e-01  -9.0270341e-03  -4.9708024e-04   6.2998160e-03
   2.8250456e-01   7.4228787e-01   3.2878196e-01  -8.4500118e-03  -5.6301482e-04   6.4035686e-03
   2.5016111e-01   6.8744388e-01   2.8961287e-01  -7.2530326e-03   2.2098146e-04   6.0539935e-03
   2.3705069e-01   5.7061471e-01   4.1055429e-01  -6.6069216e-03  -2.1142425e-04   6.8376170e-03
   2.0849047e-01   5.4669464e-01   3.6970447e-01  -8.3630006e-03  -1.5971922e-03   5.3133049e-03
   2.3621990e-01   6.5907357e-01   2.7635534e-01  -7.9388364e-03  -8.3697700e-04   5.9796472e-03
   2.4920615e-01   9.6801594e-01   2.9550422e-01  -7.2746538e-03  -5.6389097e-04   5.4630078e-03
   2.3289830e-01   1.1814275e+00   2.7519504e-01  -7.5520025e-04   2.7748348e-03   7.9790874e-03
   2.0358429e-01   9.2954526e-01   2.5970678e-01  -4.6678478e-03   4.9454265e-03   7.4241813e-03
   2.6010325e-01   9.5159055e-01   3.4575371e-01  -7.3639585e-03   3.7071912e-03   6.5518989e-03
   2.1902678e-01   9.3439279e-01   3.4019443e-01  -6.3574009e-03   3.6639195e-03   6.7395482e-03
   2.2387262e-01   5.4599998e-01   2.4495657e-01  -6.7943060e-03   2.5721358e-03   6.5072828e-03
   1.8474336e-01   8.3779947e-01   3.5992645e-01  -7.9339322e-03   3.8282876e-03   6.1004429e-03
   2.0584988e-01   7.2158457e-01   3.0006665e-01  -7.5571273e-03   3.3776515e-03   6.5034366e-03
   1.7581693e-01   7.4869922e-01   3.3154645e-01  -7.9115962e-03   3.7892932e-03   6.3644807e-03
   1.9521097e-01   7.2923778e-01   2.9370517e-01  -8.8467468e-03   3.5669425e-03   6.6118147e-03
   1.7762884e-01   7.1271139e-01   2.7383786e-01  -8.0133587e-03   4.0834986e-03   6.2096083e-03
   1.7732429e-01   6.6395664e-01   3.0388221e-01  -8.5001393e-03   3.6266635e-03   6.5281013e-03
   1.6273575e-01   6.5439245e-01   3.6845757e-01  -8.3993710e-03   3.6428585e-03   6.1988168e-03
   1.9820811e-01   6.3060637e-01   2.3001143e-01  -8.9563839e-03   3.0886675e-03   6.3250180e-03
   1.7138387e-01   6.6472597e-01   3.3424062e-01  -9.8686712e-03   2.5336231e-03   6.0295323e-03
   1.7497074e-01   6.5237946e-01   2.8744922e-01  -9.1764151e-03   2.3931651e-03   6.2210355e-03
   1.4093492e-01   6.3409553e-01   3.4900653e-01  -8.9495320e-03   3.0307695e-03   5.8848588e-03
   1.6759852e-01   6.5131303e-01   3.7817830e-01  -8.4518833e-03   2.3125028e-03   5.5404976e-03
   1.8952683e-01   7.5815844e-01   3.4147474e-01  -8.5467089e-03   2.8074823e-03   6.5212889e-03
   1.7144663e-01   7.1695245e-01   3.3431364e-01  -8.3922112e-03   2.7406652e-03   6.1803517e-03
   1.3723406e-01   7.3954765e-01   3.3655416e-01  -8.9351008e-03   2.6436844e-03   6.1163530e-03
   1.1585699e-01   6.6303403e-01   3.0932895e-01  -8.5409435e-03   2.5660680e-03   5.8424732e-03
   1.0679788e-01   6.8523419e-01   3.0736580e-01  -8.8376492e-03   2.0758317e-03   5.7917401e-03
   1.2856218e-01   6.4693283e-01   4.1490375e-01  -9.6914418e-03   1.6600957e-03   5.7427069e-03
   1.3196286e-01   6.4822183e-01   3.8505161e-01  -9.2395302e-03   2.2665267e-03   5.7395610e-03
   1.4672341e-01   6.2145065e-01   4.1925596e-01  -8.1404819e-03   1.2955971e-03   5.5720481e-03
   1.5566941e-01   7.9046371e-01   4.1021547e-01  -3.2108984e-03  -1.5750573e-05   4.7384415e-03
   1.7416561e-01   9.5702850e-01   5.8942089e-01  -4.2244043e-03   7.6972944e-04   4.8798872e-03
   1.6601478e-01   7.6272478e-01   5.7539982e-01  -5.4389915e-03   1.7588438e-03   4.9597913e-03
   1.4134425e-01   6.7011606e-01   4.6097095e-01  -6.2550835e-03   1.1310818e-03   4.9492959e-03
   1.4269625e-01   5.9443594e-01   5.4046631e-01  -7.0520715e-03   6.6897642e-04   4.9462329e-03
   1.4444841e-01   6.1146917e-01   5.2279135e-01  -8.0653548e-03   4.6930612e-04   4.8273275e-03
   1.3265602e-01   5.9431351e-01   4.8622033e-01  -7.9061927e-03   1.0098819e-03   5.0003484e-03
   1.6305656e-01   6.2854989e-01   4.0246761e-01  -7.1113947e-03   1.7895008e-05   4.9849377e-03
   1.7793096e-01   6.2579175e-01   5.0223869e-01  -7.5117625e-03  -6.3825179e-04   4.7798490e-03
   1.7271124e-01   6.6016625e-01   5.0340406e-01  -8.6152735e-03  -1.2370947e-03   4.5611732e-03
   1.5550860e-01   6.3987511e-01   4.8353490e-01  -7.9562435e-03  -8.6233699e-04   4.5793453e-03
   1.3418718e-01   7.4918024e-01   4.4823776e-01  -6.4690215e-03   1.6825049e-04   4.2790679e-03
   1.7338712e-01   9.5607068e-01   5.3644348e-01  -5.9111592e-03   3.8370951e-04   4.4927338e-03
   1.5814459e-01   7.2121200e-01   4.9102469e-01  -6.8052190e-03   5.5849263e-04   4.7621740e-03
   1.5502166e-01   6.7160738e-01   5.0062792e-01  -7.1094883e-03  -8.1378107e-04   4.0713410e-03
