   0.0000000e+00   0.0000000e+00   0.0000000e+00   0.0000000e+00   0.0000000e+00   0.0000000e+00
   7.7905569e-03  -1.9928051e-02  -1.9947954e-01   2.1286356e-03  -9.6497171e-04   9.1385515e-04
   9.2200523e-03   3.6676923e-02  -9.6841476e-02   8.1372350e-04  -1.2223851e-03   9.1550125e-04
   2.9972559e-02   9.3746715e-02  -5.3486010e-02  -1.3157043e-03  -9.9872742e-04   1.3469900e-03
   2.1550500e-02   8.3325743e-03  -6.8338774e-02   1.5111603e-05  -7.8822490e-04   1.0973170e-03
   4.1858086e-02   1.1433505e-01   1.5028495e-02  -1.6947227e-03  -3.0044039e-04   1.3894420e-03
   5.2895041e-02   1.7558360e-01  -2.6915440e-02  -3.1641037e-03  -4.8515167e-04   1.6341225e-03
   6.6433489e-02   1.4767528e-01  -6.3541840e-02  -2.6744634e-03   4.1678658e-04   1.7207355e-03
   6.6716037e-02   1.4870250e-01  -1.2046689e-01  -2.3723513e-03  -7.8063569e-04   2.3834734e-03
   4.3117313e-02   1.2591312e-01  -5.2581035e-02  -2.2880842e-03  -6.2240785e-05   1.9894417e-03
   8.1257252e-02   1.3784382e-01  -2.8546425e-02  -1.6999912e-03  -3.8139427e-04   2.2491190e-03
   6.1121125e-02   8.0468072e-02  -5.2312213e-02  -1.5643762e-03  -1.2450948e-03   1.7657767e-03
   5.9604989e-02   1.0395212e-01  -4.0196177e-02  -1.5635733e-03  -6.1777141e-04   1.7670376e-03
   5.0391350e-02   8.6157533e-02  -3.8247922e-02  -1.3393159e-03  -1.1727902e-03   1.6831583e-03
   5.8981059e-02   9.7798232e-02  -2.6405502e-02  -9.7250539e-04  -2.5266221e-04   1.8003160e-03
   5.7964794e-02   9.2939596e-02  -5.8174635e-02  -3.7196027e-04  -1.1208870e-03   1.9619004e-03
   6.8260335e-02   9.9330366e-02  -8.5635808e-02  -7.6389508e-04  -1.4243031e-03   2.2568382e-03
   6.2010792e-02   1.4290963e-01  -1.8542407e-01  -5.2591108e-04  -2.0592093e-03   2.8847314e-03
   5.1134099e-02   1.0394772e-01  -3.9429129e-02  -2.2182201e-04  -1.3800797e-03   2.2059083e-03
   4.3596175e-02   1.2540615e-01  -6.6384352e-02   4.5225827e-04  -2.4650661e-03   2.4584685e-03
   2.3076167e-02   1.3139399e-01  -6.5008360e-02  -6.4052822e-04  -1.8377268e-03   2.1932687e-03
   2.6759011e-02   1.4667097e-01  -3.9701135e-02  -1.3008126e-03  -2.0382235e-03   2.3771430e-03
   2.7609333e-02   1.5960776e-01  -4.6188938e-03  -1.7690149e-04  -2.2027188e-03   1.9725067e-03
   2.1221301e-02   1.5993535e-01  -5.3720201e-02  -8.2503275e-05  -2.5834772e-03   2.3476079e-03
  -4.2967948e-03   1.6041347e-01  -6.1802121e-02  -1.2530141e-04  -2.5944266e-03   1.8891623e-03
   8.9063272e-03   1.3214076e-01  -8.7693207e-03  -5.3573779e-04  -2.3464739e-03   2.1668235e-03
  -1.3626508e-02   1.3046886e-01  -5.1802312e-02  -9.8071487e-04  -2.5910759e-03   1.9687781e-03
   2.7487478e-02   1.5557382e-01   2.4137161e-02  -2.7675123e-04  -2.2574191e-03   2.1655974e-03
   5.6529619e-03   1.6527254e-01  -6.8046964e-02   7.0798281e-04  -3.5196441e-03   2.1659868e-03
  -1.0349046e-02   1.5327652e-01  -2.1632294e-02  -7.5176023e-04  -2.9674675e-03   2.0963471e-03
  -2.1655223e-02   1.4792629e-01  -5.8299592e-02  -3.0041753e-04  -2.9658761e-03   1.8634616e-03
  -1.9839487e-02   1.2807147e-01   5.2447079e-02  -5.6610132e-04  -3.1271047e-03   2.3285529e-03
   5.0298923e-02   1.3563509e-01   1.6141808e-01  -7.0836680e-04  -4.0672645e-03   2.1756030e-03
  -2.1059345e-02   1.6786450e-01   7.3281547e-02  -1.0718089e-03  -2.4073992e-03   1.3940331e-03
   8.5149795e-03   1.7857085e-01   1.8702478e-02   5.8064984e-06  -3.3461752e-03   2.1294049e-03
   2.4703277e-04   1.9098866e-01  -5.0997021e-03  -1.1362015e-04  -3.6190311e-03   1.8605585e-03
  -1.9436344e-03   2.1058176e-01   3.2215304e-02  -2.3233995e-03  -3.1143326e-03   2.0948564e-03
  -3.5019631e-02   1.7683578e-01  -2.6939891e-02  -9.4163158e-04  -3.1660726e-03   1.1089014e-03
  -4.0784924e-03   1.8472888e-01   9.6331159e-03  -1.4493347e-03  -2.5212000e-03   2.2194174e-03
   7.5161908e-04   2.0363790e-01  -6.4618242e-02  -8.9137612e-04  -2.9785986e-03   2.4609844e-03
  -1.6715736e-02   1.9280390e-01  -2.1231494e-02  -1.0477837e-03  -2.9909669e-03   1.7499574e-03
  -3.6805310e-02   1.8000646e-01  -9.0178226e-02  -1.3721676e-04  -3.8027110e-03   1.3829723e-03
  -3.4332448e-02   1.6310263e-01   3.3558614e-02  -5.6165735e-05  -2.8309106e-03   1.9685397e-03
  -3.5551760e-03   1.9261765e-01  -4.6272669e-02   4.7812463e-04  -3.4884509e-03   2.2228043e-03
  -6.4311132e-02   2.4346310e-01  -7.3581929e-02  -7.5041523e-04  -3.8805227e-03   1.8172436e-03
  -6.2325257e-02   2.5282130e-01  -8.3250814e-02   4.8141133e-04  -4.3749008e-03   2.0593572e-03
  -4.3647101e-02   2.4450371e-01   3.0766232e-02   3.7529628e-04  -3.8111870e-03   1.8248357e-03
  -4.9672794e-02   2.4523699e-01  -4.7151748e-02   1.1319120e-03  -3.7514302e-03   1.9050942e-03
  -5.0381426e-02   2.7205535e-01  -9.1140454e-02   1.1282664e-03  -4.6954068e-03   2.4822581e-03
   5.9184723e-02   2.5851252e-01  -3.3149255e-02   3.0229286e-03  -4.4616085e-03   3.0236107e-03
  -7.6521731e-03   2.2704668e-01  -1.2494420e-02   1.2279414e-03  -3.9152468e-03   2.1121833e-03
  -4.0773835e-02   2.5458703e-01  -2.4452961e-02   7.3900353e-04  -4.4270631e-03   2.3925070e-03
  -3.7247060e-02   2.5758154e-01  -1.4637330e-02   4.0107224e-04  -4.5753937e-03   2.1117029e-03
  -2.3254129e-02   2.4307491e-01   5.2990805e-02  -8.1066677e-04  -3.5955198e-03   2.2312626e-03
  -3.4878992e-02   2.4331593e-01  -5.7800382e-03   3.8631747e-04  -3.9491695e-03   2.2071475e-03
  -4.7448101e-02   2.1198748e-01   2.6901681e-03   7.3580343e-04  -4.5572426e-03   2.3182446e-03
   1.9116956e-02   2.2179287e-01   1.7565410e-01  -2.5480501e-03  -3.4552118e-03   1.2637304e-03
   2.6826702e-03   2.5325490e-01   4.8426471e-02  -1.4793589e-03  -3.6859082e-03   1.5519862e-03
  -6.1259170e-03   2.6398906e-01   3.9091819e-02   3.2017138e-05  -4.9937730e-03   2.4145970e-03
  -5.7203537e-03   2.6731761e-01   6.3217228e-03   1.1402621e-04  -4.7543751e-03   1.7446118e-03
   2.6096909e-02   2.7027103e-01  -1.3290967e-02   7.2036264e-04  -5.6837433e-03   2.8506820e-03
   4.5670178e-03   2.7995008e-01   7.3091644e-02  -7.5200038e-04  -5.5981412e-03   2.2355021e-03
   1.5916695e-02   2.8943952e-01   1.9303633e-02  -4.1122266e-04  -5.2214595e-03   2.7622305e-03
  -9.0217725e-03   2.8426560e-01   5.0281703e-02  -4.3300302e-04  -5.3615106e-03   1.9650565e-03
  -4.1772404e-03   2.9382512e-01  -1.0624793e-01   1.6200570e-03  -5.4136809e-03   2.1346062e-03
  -9.7871427e-03   2.8590015e-01  -7.4396713e-02   2.3950473e-03  -5.8407305e-03   1.7564386e-03
  -5.4784789e-03   2.6507892e-01  -1.1303939e-01   3.3487365e-03  -5.2161864e-03   2.5280218e-03
   1.8805990e-02   2.6181333e-01  -3.7592139e-01   6.0254567e-03  -5.9052998e-03   2.2354559e-03
   1.6992798e-02   2.5662515e-01  -1.3205359e-01   4.5369198e-03  -5.0921043e-03   1.9920033e-03
  -1.5759142e-02   2.8127289e-01  -1.6900541e-01   3.0342857e-03  -5.4390398e-03   1.8072660e-03
   1.1505136e-02   2.1322350e-01   8.6733880e-02   4.0392884e-03  -5.2830789e-03   2.2930707e-03
  -2.9382765e-02   2.1737339e-01   3.6939840e-02   6.2459998e-03  -4.7749568e-03   8.1186486e-04
  -4.4987159e-02   3.1863165e-01  -1.7122005e-01   5.3096960e-03  -4.9259315e-03   9.7250720e-04
  -4.0030134e-02   2.8034371e-01  -1.9518231e-01   5.0496717e-03  -5.7020471e-03   1.1939935e-03
  -7.5066935e-02   2.6323984e-01  -1.7757994e-01   4.4351783e-03  -5.6979606e-03   1.2095475e-03
  -8.0866055e-02   2.0518910e-01  -8.6598101e-02   3.3369270e-03  -5.2542894e-03  -2.7563706e-04
  -5.7853923e-02   1.8059792e-01  -2.0220210e-01   4.4740260e-03  -6.4746186e-03   6.8246694e-04
  -7.9306459e-03   2.3732995e-01  -1.7043545e-01   2.5385893e-03  -4.5425119e-03   1.4312620e-03
  -7.0475898e-02   2.4647958e-01  -1.8675457e-01   2.8117218e-03  -5.7184528e-03   6.5686368e-04
  -6.2704290e-02   2.4473072e-01  -1.5731922e-01   2.9240000e-03  -6.1893950e-03   1.6542459e-03
  -6.8230081e-02   2.7669539e-01  -1.7136520e-01   3.1152057e-03  -6.7210525e-03   1.9203442e-03
  -1.2627551e-01   3.3959045e-01  -2.2289338e-01   2.0233191e-03  -7.2335779e-03   7.0633477e-04
  -9.9261103e-02   3.3994886e-01  -1.3278814e-01   5.1596638e-04  -4.8775229e-03   5.5417019e-04
  -1.0537583e-01   2.2494176e-01  -2.5242557e-02   1.8159206e-03  -5.3514767e-03   6.7553117e-04
  -8.9081668e-02   4.4394127e-01  -2.7946231e-01   9.4658746e-04  -4.9451114e-03   2.2916371e-03
  -9.2652541e-02   3.6643328e-01  -1.8811514e-01   2.6109440e-03  -4.8585050e-03   2.0128129e-03
  -9.5072681e-02   3.0534262e-01  -1.6476509e-01   1.8072629e-03  -3.6674887e-03   1.0661027e-03
  -8.0878927e-02   3.0449411e-01  -1.4164436e-01   3.8442739e-03  -4.0540387e-03   1.0806549e-03
  -8.9707696e-02   3.1560029e-01  -2.8353107e-01   5.2708492e-03  -4.4783591e-03   1.2171497e-03
  -9.3361431e-02   3.5151872e-01  -2.4533725e-01   4.4271538e-03  -5.0196206e-03   1.0132168e-03
  -8.8757010e-02   3.4253225e-01  -1.6408655e-01   2.0568911e-03  -4.5806073e-03   5.5495351e-04
  -9.6235910e-02   3.5232699e-01  -2.2354143e-01   3.0818696e-03  -5.4300584e-03   4.0810183e-04
  -9.2921531e-02   3.4529853e-01  -1.9572444e-01   2.7287148e-03  -4.4152041e-03  -1.8223911e-04
  -5.3969451e-02   3.6456489e-01  -2.1850065e-01   2.5685367e-03  -4.9778402e-03   8.7736646e-04
  -9.3801240e-02   3.4916391e-01  -1.7690674e-01   3.1301863e-03  -4.3627573e-03   1.3397320e-04
  -9.2121936e-02   3.7432319e-01  -1.8971411e-01   2.8686075e-03  -5.1265560e-03   4.5255366e-04
  -8.7044266e-02   3.3860941e-01  -1.7540633e-01   3.1919499e-03  -4.5864365e-03   2.3878779e-04
  -8.0952882e-02   3.6754900e-01  -1.8194201e-01   2.0003801e-03  -4.9566431e-03   7.8698721e-04
  -8.9043061e-02   3.4844618e-01  -1.6252652e-01   1.8712136e-03  -4.5526934e-03   2.7167699e-04
  -8.4495520e-02   3.5816626e-01  -1.9664349e-01   2.8666971e-03  -4.7447587e-03   2.7936254e-04
  -7.9135801e-02   3.7678587e-01  -1.9828371e-01   2.8808270e-03  -4.3884089e-03   1.0234920e-04
  -7.1702617e-02   3.9138329e-01  -2.0771572e-01   2.7533307e-03  -4.7959131e-03   4.0751803e-04
  -8.1842670e-02   3.6486333e-01  -1.7376290e-01   2.7765302e-03  -4.7746894e-03   1.6743716e-04
  -8.2384712e-02   3.6307168e-01  -1.9717366e-01   3.4255572e-03  -5.2114103e-03   7.4532007e-04
  -8.0840804e-02   3.6623968e-01  -1.9954347e-01   3.3131000e-03  -4.5586783e-03   1.4050584e-04
  -9.7424514e-02   4.1831118e-01  -2.2223700e-01   1.9857041e-03  -4.9423719e-03   3.4894883e-05
  -7.9812538e-02   3.9912019e-01  -2.2964118e-01   3.1383358e-03  -4.7707519e-03   3.4142045e-04
  -9.1608017e-02   3.9855101e-01  -2.1067534e-01   2.6944045e-03  -5.5730882e-03   2.9544993e-04
  -1.0949644e-01   3.7579119e-01  -2.5464011e-01   3.7698885e-03  -5.9189211e-03  -3.5970642e-04
  -1.0175298e-01   3.1172123e-01  -7.5086993e-02   3.1280475e-03  -5.8054242e-03   4.8829502e-04
   2.6092864e-02   2.7391793e-01   3.5965310e-01   4.7776669e-03  -6.1928769e-03   1.6675587e-03
  -9.1829704e-02   2.6250728e-01   1.8003828e-01   4.2681458e-03  -4.3386577e-03  -2.1490880e-04
  -9.2429149e-02   3.2723316e-01  -7.9688889e-02   5.7279395e-03  -5.2239022e-03  -3.4910646e-04
  -1.1292739e-01   3.4527550e-01  -1.2688472e-01   4.9524884e-03  -5.5345565e-03   2.1834008e-04
  -1.4445751e-01   3.8319417e-01  -3.8293433e-02   1.6387054e-03  -4.7356357e-03  -1.8013676e-04
  -1.5504593e-01   3.6118459e-01  -1.1748083e-01   2.6745730e-03  -5.7436458e-03   2.7185681e-04
  -1.6007994e-01   3.3813598e-01  -5.7492093e-02   2.4807489e-03  -5.0694747e-03  -8.2281583e-05
  -1.4923582e-01   3.5485773e-01  -1.6461259e-01   5.3442101e-03  -6.5503509e-03   1.1860906e-03
  -4.9465495e-02   3.2952867e-01  -5.6412735e-02   5.8834114e-03  -4.9861074e-03   1.3196982e-03
  -1.0155148e-01   3.8560366e-01  -8.1671919e-02   6.2373570e-03  -4.8541021e-03   1.2238843e-04
  -1.2056421e-01   3.7934899e-01  -4.3805724e-02   5.5266360e-03  -5.7023619e-03   1.0444944e-03
  -8.8809698e-03   3.7879358e-01   3.4499016e-03   7.3740978e-03  -5.2872268e-03   1.2343814e-03
  -7.3268376e-02   3.5818226e-01  -8.4677177e-03   6.2142489e-03  -5.3595865e-03   1.4769758e-03
  -1.2488473e-01   3.9448222e-01  -1.0316582e-01   5.8571068e-03  -5.2934924e-03   8.8538520e-04
  -7.2640530e-02   3.6376901e-01   9.1600597e-05   6.9968558e-03  -5.8547608e-03   1.0576484e-03
  -9.7260292e-02   3.6327769e-01  -3.8343273e-02   5.1447298e-03  -5.8165246e-03   1.0009028e-03
  -4.5332205e-02   3.0741872e-01   1.3394068e-01   6.5230942e-03  -5.7798684e-03   1.4947980e-03
  -4.0498351e-03   3.2054656e-01   9.1337489e-03   6.5351376e-03  -5.1175576e-03   1.7851807e-03
  -8.8082964e-02   4.0097354e-01  -7.5065602e-02   5.7062766e-03  -4.8961777e-03   7.5052863e-04
  -8.5639957e-02   3.9925348e-01  -5.8631008e-02   5.3286288e-03  -5.5657797e-03   1.5529311e-03
  -8.5197830e-02   3.8996157e-01  -5.5904240e-02   6.0258812e-03  -5.6233366e-03   1.4594216e-03
  -1.2691961e-01   3.8457407e-01  -1.5032652e-01   6.4890732e-03  -5.9849108e-03   1.5243488e-03
  -9.2811543e-02   3.9851096e-01  -1.3279444e-01   5.9244148e-03  -3.7016822e-03   2.7552391e-04
  -1.2250631e-01   4.2747497e-01  -2.3232950e-01   6.8046922e-03  -5.3842238e-03   6.5144891e-04
  -7.4026762e-02   3.5170606e-01   6.0882294e-02   5.7401590e-03  -5.0933557e-03   1.0746593e-03
  -5.6584028e-03   3.9078971e-01  -3.8418782e-01   9.3928129e-03  -5.4888089e-03   1.5555121e-03
  -1.7600207e-02   4.4501698e-01  -3.3216221e-01   7.8049827e-03  -3.3008823e-03   2.6680804e-04
   8.0216280e-02   3.5892946e-01  -7.8357051e-02   8.0454460e-03  -2.5772854e-03   3.8891728e-04
   4.9103929e-02   4.1738570e-01  -2.0857559e-01   8.3088741e-03  -2.8770037e-03   1.0014260e-03
  -2.0152473e-02   3.9397258e-01  -1.3143660e-01   7.2425357e-03  -3.0841476e-03   3.8590483e-04
  -6.3062386e-03   4.4824079e-01  -1.6584451e-01   8.3444909e-03  -3.2713285e-03   9.5479478e-04
  -3.4917560e-02   4.2231576e-01  -1.4375382e-01   7.9938772e-03  -4.3251036e-03   9.1915073e-04
  -1.0529411e-02   4.0905699e-01  -1.3026358e-01   6.6183248e-03  -1.0223363e-03  -3.3127546e-04
   4.1553614e-03   3.9557275e-01  -9.6212698e-02   6.6689184e-03  -2.2930923e-03   3.1663204e-04
   2.7791541e-02   3.8277697e-01  -1.1449516e-01   8.0448232e-03  -2.5289872e-03   5.0068715e-04
   2.4309938e-02   3.9553527e-01  -1.0475599e-01   7.9933475e-03  -2.1944516e-03   1.0324587e-04
  -4.6650287e-02   4.5448420e-01  -1.8511964e-01   7.6828490e-03  -3.0152228e-03   7.9551282e-05
   1.6439669e-01   3.7033153e-01   1.9813740e-01   1.0534243e-02  -1.7391595e-03   5.6320057e-04
   1.0120417e-01   3.4657243e-01   1.4749407e-01   8.7760824e-03  -1.9558053e-03   6.2119626e-04
  -4.9771626e-02   4.4523179e-01  -1.2123182e-01   9.2940080e-03  -4.3893622e-03   2.0778722e-04
  -4.0013569e-02   3.3869802e-01  -1.8045260e-01   1.1565556e-02  -4.2699037e-03   7.3962316e-04
  -8.8756656e-02   4.5436176e-01  -2.3478136e-01   9.6363079e-03  -4.3760267e-03   6.3943742e-04
  -4.3071236e-02   3.7858857e-01  -1.7590897e-02   9.5821616e-03  -3.9644628e-03   3.7844565e-04
  -1.1042547e-03   4.2564180e-01  -1.1082249e-01   9.2819294e-03  -3.9769782e-03   7.1501920e-04
  -1.4759527e-02   4.6591889e-01  -1.6928282e-01   9.2507723e-03  -5.0996070e-03   1.0082308e-03
  -2.1862548e-02   4.6015994e-01  -8.1081018e-02   8.6792628e-03  -4.5138303e-03   4.5805570e-04
  -3.5212052e-02   4.3672417e-01  -7.7605362e-02   8.8178079e-03  -5.2263009e-03   6.7984104e-04
  -4.9819078e-02   4.8615619e-01  -1.3653398e-01   8.0985752e-03  -4.5331481e-03   5.3142564e-04
   4.7440162e-04   4.7188505e-01   2.1327483e-02   8.2586566e-03  -4.6446252e-03   1.4504214e-03
   2.0078227e-02   4.9825700e-01   4.7093184e-02   8.4894288e-03  -4.5835385e-03   1.9438458e-03
   3.1024846e-03   5.2634242e-01   6.9237586e-02   7.4612173e-03  -5.4687857e-03   1.7612078e-03
   2.5789430e-02   4.3261765e-01   4.9648342e-02   8.4441737e-03  -3.0551867e-03   1.0520413e-03
  -2.0542272e-02   4.7043344e-01   1.1477628e-01   8.2143165e-03  -3.7857129e-03   8.7731914e-04
  -7.1652548e-02   4.6992287e-01   5.1507537e-02   6.6874780e-03  -4.5737820e-03   1.0088158e-03
   3.4741727e-02   4.5210818e-01   4.8496579e-01   5.8742434e-03  -3.6176397e-03   5.9067047e-04
  -8.8170683e-02   4.4561054e-01   1.0005638e-01   7.4567092e-03  -4.0968296e-03   7.8011848e-04
  -1.3932161e-01   4.7412788e-01   5.0220471e-02   6.8954721e-03  -5.3487854e-03   5.0722166e-04
  -7.5391074e-02   4.5775604e-01   1.5548593e-01   7.7381874e-03  -4.9156437e-03   3.0745607e-04
  -8.0686853e-02   3.7678529e-01   3.3519368e-01   6.6226312e-03  -4.6844815e-03   6.7740428e-04
  -1.3230912e-01   5.2204830e-01   3.8983838e-02   5.4607660e-03  -5.8811992e-03   9.4160522e-04
  -9.4706514e-02   4.5893755e-01   2.2790713e-01   6.3956151e-03  -5.9547431e-03   1.3289523e-03
  -9.0441459e-02   5.1123142e-01   1.4343296e-01   6.1849435e-03  -5.0064244e-03   7.3937440e-04
   8.8907881e-02   2.5418150e-01   9.3144407e-01   3.6435014e-03  -3.9400165e-03   1.7580149e-03
   1.4498906e-01   3.2749743e-01   7.3900004e-01   2.0828727e-03  -4.6072618e-03   2.2392588e-03
   2.5032793e-02   4.7779532e-01   2.8137741e-01   4.8858162e-03  -4.4977606e-03   2.2754846e-03
   8.6986159e-03   4.1058161e-01   5.2215702e-01   4.2751565e-03  -5.3963913e-03   1.8094557e-03
  -1.9435184e-02   4.3604168e-01   4.6684228e-01   4.3654365e-03  -5.1252573e-03   1.7989508e-03
   3.5635589e-02   4.2415664e-01   5.0240737e-01   4.5577851e-03  -5.2684307e-03   2.0672356e-03
  -1.7863472e-02   4.8051222e-01   4.0399429e-01   2.6254643e-03  -5.3360257e-03   1.8928281e-03
