   1.1240725e-14   0.0000000e+00   0.0000000e+00   2.4970066e-51  -9.6296497e-35  -1.5407440e-33
  -7.9425615e-03  -3.2327897e-02   1.5884141e-02  -4.5105550e-04  -3.8326066e-05  -4.1840938e-05
   1.5127180e-02  -6.7291912e-03  -5.0497893e-03   1.0356994e-04   2.3415854e-04   1.9723086e-04
  -5.7899386e-04   1.8697254e-02  -7.4864514e-02  -3.6824924e-04   3.6900097e-04   1.4247382e-04
   6.7462891e-03   3.9268489e-02  -2.8662641e-02  -1.3722586e-04   1.1641085e-04   1.6180103e-04
   1.7377427e-02   5.0530670e-02  -6.4740610e-02   6.5037590e-04   3.0649874e-04   5.3558916e-04
   4.1773119e-03   7.5534245e-02  -1.7903876e-01   1.0773685e-03   7.2901938e-04   1.6076607e-04
  -1.4295389e-03   8.6333236e-02  -1.1831451e-01   7.5566250e-04   6.3427255e-04   2.5334401e-04
   4.8862271e-03   6.6828142e-02  -1.7031748e-01   2.6424537e-03   7.9239610e-04   2.3356601e-05
   3.4032409e-02   6.5978954e-02  -7.1753004e-02   9.5745699e-04   1.2770423e-03  -2.3037858e-05
  -3.6986436e-02   1.2679122e-01  -1.9854900e-01   1.9229495e-03   1.4223213e-04  -4.8023574e-04
  -1.7078384e-02   1.6178482e-01  -3.8424129e-01   2.2774177e-03  -2.8064488e-04  -5.3247273e-04
  -2.1305514e-03   9.6541299e-02  -2.1138777e-01  -2.1063860e-04   9.3222580e-04  -1.9187137e-04
   4.8230314e-03   1.6536239e-01  -1.0386833e-01   7.6415630e-04   4.0235995e-04  -1.4310352e-03
   2.9629318e-02   9.2791596e-02  -3.4977554e-01   1.9413617e-03   1.3549033e-03  -1.6927382e-03
   4.8960339e-02   1.4155595e-01  -3.4617313e-01   1.6210417e-03   8.2650153e-04  -1.4358568e-03
   5.4270141e-02   1.1889538e-01  -3.7121584e-01   1.6360893e-03   1.3559682e-03  -1.4626288e-03
   6.2207159e-02   1.2842652e-01  -3.7269984e-01   1.0594499e-03   1.3523266e-03  -1.3448886e-03
   4.7360429e-02   1.0891789e-01  -4.2769186e-01   1.9967510e-03   1.4603089e-03  -1.1432596e-03
   4.0149112e-02   1.7110459e-01  -4.7762439e-01   1.4952273e-03   1.3715657e-03  -1.4105639e-03
   2.1453402e-02   1.3229772e-01  -4.4084749e-01  -4.1434730e-04   1.6137194e-03  -1.4307551e-03
   2.4185605e-02   1.5630824e-01  -5.0478264e-01   5.9711873e-04   1.6672071e-03  -1.5004273e-03
   1.1965866e-02   1.7093615e-01  -4.9316033e-01   8.3103490e-05   1.4835844e-03  -1.5828381e-03
   1.7038991e-03   2.0898788e-01  -5.2882117e-01  -8.9345659e-04   1.2475434e-03  -1.5614827e-03
   8.0030757e-03   1.6866963e-01  -4.7693097e-01  -6.6156918e-04   1.7221819e-03  -1.5959097e-03
   2.2627763e-02   1.9584156e-01  -5.1595867e-01  -5.2450031e-04   1.9356091e-03  -1.5205412e-03
   4.0094763e-03   1.5217819e-01  -4.9311883e-01  -8.4413916e-04   1.8868631e-03  -1.8459062e-03
   2.5976613e-02   1.9798281e-01  -5.1038482e-01  -2.7477910e-04   1.6684229e-03  -1.5602732e-03
  -1.0157224e-02   1.9078545e-01  -5.2363771e-01  -2.0585173e-04   1.7840810e-03  -2.0015762e-03
   2.4012551e-02   1.9152885e-01  -4.7099636e-01  -6.1038482e-04   1.6369083e-03  -1.3139246e-03
  -1.3094728e-02   1.8234512e-01  -4.9241551e-01  -7.6656794e-04   1.8149075e-03  -1.7825810e-03
   2.2144010e-02   1.9371301e-01  -5.5662143e-01   6.4838185e-04   1.3955653e-03  -1.8716198e-03
   2.4497390e-02   1.7590638e-01  -4.1533494e-01  -1.7713531e-04   2.1938567e-03  -1.6703769e-03
   1.4311957e-02   2.0151103e-01  -3.1434415e-01  -1.0724086e-03   1.0385668e-03  -1.4026477e-03
   5.1983153e-02   1.9143064e-01  -4.2804182e-01  -8.4755078e-04   1.2482790e-03  -7.9149903e-04
   3.9158318e-02   2.4459023e-01  -4.0528742e-01   2.9508685e-04   1.7930766e-03  -1.2342254e-03
  -5.9105889e-03   1.9627817e-01  -4.1469229e-01   9.8852914e-04   1.8958178e-03  -1.6563532e-03
   5.8879440e-03   2.2279796e-01  -4.5057556e-01   4.1488169e-04   1.9644254e-03  -1.4030591e-03
  -1.6514325e-02   2.0352743e-01  -4.6238142e-01  -3.4460282e-05   2.2095715e-03  -1.9493294e-03
  -4.2279394e-02   2.3756013e-01  -5.2500698e-01   2.5524968e-04   2.6026069e-03  -2.0126417e-03
  -6.7285435e-02   2.3384223e-01  -5.5788769e-01   2.7464296e-04   2.5803638e-03  -2.4493821e-03
  -4.5325837e-02   2.2930935e-01  -5.8262605e-01   1.1619863e-03   2.7813610e-03  -2.0253203e-03
  -5.2495261e-02   2.5694428e-01  -5.7559065e-01   4.1475467e-04   2.5476273e-03  -2.2380738e-03
  -4.1707285e-02   2.6022607e-01  -5.7899995e-01   8.8767115e-04   2.7900807e-03  -2.0013699e-03
  -7.7979891e-02   2.8885768e-01  -5.9676623e-01  -6.1267590e-04   2.6716176e-03  -2.2535552e-03
  -9.4042176e-02   2.2820037e-01  -6.6035196e-01   1.5091787e-03   3.0273333e-03  -2.5939515e-03
  -1.0425284e-01   2.8072791e-01  -6.8970864e-01   8.0057032e-04   2.9975210e-03  -2.6358593e-03
  -8.5885083e-02   2.5079355e-01  -5.7724299e-01   7.5420088e-04   1.9354025e-03  -2.6799386e-03
  -1.0538266e-01   2.5744311e-01  -6.0969792e-01   1.7478215e-03   2.3907875e-03  -2.5462758e-03
  -1.0171295e-01   3.0027373e-01  -6.3866720e-01   1.5246825e-03   2.5633284e-03  -2.6308105e-03
  -1.0556801e-01   2.5932675e-01  -6.3074786e-01   1.6601131e-03   1.9427023e-03  -2.7432529e-03
  -9.5979095e-02   3.1239185e-01  -6.7199113e-01   1.5470303e-03   2.4695910e-03  -2.5401542e-03
  -1.0074294e-01   2.6222998e-01  -6.2818255e-01   9.6895902e-04   2.1235882e-03  -2.7560191e-03
  -1.1428233e-01   3.0999549e-01  -7.1600328e-01   2.6629637e-03   3.1758006e-03  -2.5841321e-03
  -1.1032509e-01   2.8072079e-01  -6.5662132e-01   1.7752484e-03   2.2615377e-03  -2.6236090e-03
  -1.0988500e-01   2.8289403e-01  -6.4006111e-01   1.7418628e-03   2.5507000e-03  -2.9283149e-03
  -1.0315857e-01   2.8128391e-01  -6.6991490e-01   1.1026651e-03   2.0970008e-03  -2.6539183e-03
  -1.3280710e-01   3.0244290e-01  -6.9392647e-01   1.9297359e-03   2.3500306e-03  -3.2068282e-03
  -1.2499071e-01   3.1469256e-01  -6.6189840e-01   8.1930381e-04   1.7776177e-03  -3.0511482e-03
  -1.3104807e-01   2.8978921e-01  -6.8722414e-01   1.6513047e-03   1.9330476e-03  -3.2166941e-03
  -1.1600685e-01   3.4705489e-01  -6.7929335e-01   1.5284017e-03   1.7266004e-03  -2.9133265e-03
  -1.4540575e-01   2.9423175e-01  -6.7699591e-01   1.2055432e-03   1.7335387e-03  -3.3288638e-03
  -1.2195534e-01   3.6196801e-01  -7.0310944e-01   1.7185974e-03   1.8689629e-03  -3.1789276e-03
  -1.2706032e-01   3.0298847e-01  -7.1868158e-01   2.1311577e-03   1.8829531e-03  -3.0635306e-03
  -1.2434297e-01   3.5165563e-01  -7.4212499e-01   2.5429889e-03   2.3409894e-03  -3.0900836e-03
  -1.2757338e-01   3.3872332e-01  -7.3378173e-01   2.4306852e-03   1.7357165e-03  -3.3839304e-03
  -1.4010062e-01   3.6059649e-01  -7.4915459e-01   2.6749859e-03   1.8894588e-03  -3.1876615e-03
  -1.4961185e-01   3.7474837e-01  -7.7437270e-01   2.5240163e-03   1.4027140e-03  -3.5465326e-03
  -1.5479962e-01   3.8218553e-01  -7.5692115e-01   3.3261168e-03   1.7070794e-03  -3.4048124e-03
  -1.0256829e-01   3.6030819e-01  -7.3227048e-01   1.2612613e-03   1.7125721e-03  -2.6951080e-03
  -9.1335841e-02   4.6762006e-01  -3.7075204e-01   1.3517878e-03  -1.1097619e-04  -2.8600139e-03
  -7.3554059e-02   3.9354426e-01  -2.3165725e-01   1.1612609e-03  -7.6698054e-04  -2.5828079e-03
  -7.0526745e-02   3.2794448e-01  -4.5705388e-01   2.4934973e-03  -6.7132793e-04  -2.5188102e-03
  -8.6240503e-02   2.8638604e-01  -3.9405642e-01   1.5988422e-03  -3.9734409e-04  -2.7616024e-03
  -9.6008641e-02   2.7910616e-01  -4.5680471e-01   2.3528451e-03  -1.3695361e-04  -2.7876042e-03
  -8.5253877e-02   2.8348215e-01  -4.1363433e-01   1.8443826e-03  -1.5967552e-05  -2.6213638e-03
  -6.8901132e-02   2.8694114e-01  -5.2058117e-01   2.8887575e-03   6.6933275e-04  -2.3716577e-03
  -7.5960257e-02   3.2654417e-01  -5.2729895e-01   2.4107305e-03   5.3129214e-04  -2.7937937e-03
  -6.9661795e-02   3.3716501e-01  -5.5504363e-01   3.2601079e-03   3.0317112e-04  -2.6638951e-03
  -6.9282533e-02   3.2968339e-01  -5.8397431e-01   3.8966266e-03   2.6012108e-04  -2.7267911e-03
  -8.4290703e-02   2.8219600e-01  -6.9633207e-01   3.6110601e-03  -7.8200903e-04  -2.7730462e-03
  -9.6407878e-02   3.7798075e-01  -6.6009337e-01   4.2252776e-03  -7.7519378e-04  -2.7849545e-03
  -8.9779927e-02   3.6659972e-01  -6.7914478e-01   4.8517444e-03  -7.4557800e-04  -2.9433991e-03
  -8.0655068e-02   3.6992028e-01  -6.2938460e-01   3.5421524e-03  -9.5759831e-04  -2.4631533e-03
  -7.1560243e-02   3.8928576e-01  -6.5692463e-01   3.6682130e-03  -1.4485249e-03  -2.2855372e-03
  -4.0906849e-02   4.0418355e-01  -6.5345195e-01   3.2376963e-03  -1.6993443e-03  -2.4786143e-03
  -5.0770001e-02   3.8301009e-01  -6.6233609e-01   4.1835733e-03  -1.7413391e-03  -2.5828122e-03
  -3.0735209e-02   4.3324776e-01  -7.2083868e-01   4.2250537e-03  -1.6181245e-03  -3.0888715e-03
  -3.4277933e-03   3.6719531e-01  -6.5257494e-01   3.5802320e-03  -2.2107368e-03  -2.5952446e-03
  -3.1072498e-03   4.2397063e-01  -7.3442448e-01   5.0870149e-03  -2.4324153e-03  -2.2913997e-03
  -3.5431029e-03   3.8954024e-01  -7.7292766e-01   6.1365504e-03  -3.1237055e-03  -2.6378877e-03
  -1.9037182e-03   4.4090736e-01  -8.4921417e-01   6.8268905e-03  -2.4578882e-03  -2.1398564e-03
  -2.1813077e-02   4.2315267e-01  -8.1251979e-01   4.9786889e-03  -2.4750962e-03  -2.1132895e-03
  -4.2048318e-02   4.2793664e-01  -7.9114009e-01   4.8327611e-03  -1.9344546e-03  -2.3355213e-03
  -4.4414274e-02   4.5150814e-01  -7.8726920e-01   5.1675294e-03  -2.1941899e-03  -2.4242870e-03
  -3.8597703e-02   4.2530280e-01  -7.9654415e-01   5.2625459e-03  -2.5056625e-03  -2.1596586e-03
  -3.8659389e-02   4.2996096e-01  -8.0748916e-01   5.5079864e-03  -2.3976948e-03  -2.3584720e-03
  -4.3804948e-02   4.5377444e-01  -8.2403169e-01   5.4175072e-03  -2.2574931e-03  -2.0866388e-03
  -7.2908033e-02   4.4567346e-01  -8.7011453e-01   5.6673722e-03  -2.3225884e-03  -2.4565635e-03
  -5.0136003e-02   4.5593684e-01  -8.0967312e-01   4.2113458e-03  -2.4028251e-03  -2.0437860e-03
  -7.3350033e-02   4.7125527e-01  -8.4932735e-01   4.8356087e-03  -2.6062106e-03  -2.4750333e-03
  -7.9527814e-02   4.6580349e-01  -7.8698586e-01   3.7706434e-03  -2.2651651e-03  -2.5061532e-03
  -7.3932043e-02   4.7937501e-01  -8.4751190e-01   4.2287374e-03  -2.1910798e-03  -2.5161638e-03
  -6.4631750e-02   4.7181544e-01  -7.8330480e-01   3.7035847e-03  -2.4528207e-03  -2.3576799e-03
  -6.3556428e-02   5.0028532e-01  -8.6018127e-01   4.0873111e-03  -2.5689803e-03  -2.3835447e-03
  -7.3633142e-02   5.2076661e-01  -8.0424465e-01   3.7862285e-03  -3.1590772e-03  -2.4639847e-03
  -5.8275931e-02   4.8140295e-01  -8.2018875e-01   2.4846271e-03  -3.5861622e-03  -2.1083360e-03
  -5.5640444e-02   4.8942790e-01  -7.9137241e-01   3.4119121e-03  -3.2901719e-03  -1.9810388e-03
  -7.2544366e-02   4.8894837e-01  -9.0768868e-01   3.2318334e-03  -2.9410899e-03  -2.2424137e-03
  -7.3252606e-02   6.0678960e-01  -5.1352817e-01   6.3513121e-03  -3.8239237e-03  -2.3291757e-03
  -5.7067340e-02   5.0627636e-01  -4.6894292e-01   6.2581404e-03  -5.2304203e-03  -1.7549848e-03
  -4.0667675e-02   4.8272281e-01  -7.1449110e-01   5.6118026e-03  -4.6491325e-03  -1.7836029e-03
  -5.5445742e-02   4.6934708e-01  -7.0021581e-01   5.4859084e-03  -4.2395311e-03  -1.9167734e-03
  -6.7397114e-02   4.5786882e-01  -7.2984875e-01   4.2729337e-03  -3.7798426e-03  -2.2563813e-03
  -8.5510847e-02   4.2940175e-01  -6.8463084e-01   4.5599861e-03  -3.9448359e-03  -1.9882193e-03
  -8.7861758e-02   4.8106993e-01  -7.5368873e-01   4.6974566e-03  -3.6962590e-03  -2.2993648e-03
  -7.4814094e-02   4.7938942e-01  -7.1431108e-01   4.0931278e-03  -4.8103908e-03  -1.9072612e-03
  -6.8315511e-02   4.9234290e-01  -7.5210302e-01   3.6919104e-03  -4.2779614e-03  -2.2549454e-03
  -7.7654428e-02   5.1391658e-01  -7.5390863e-01   4.1080376e-03  -4.8403852e-03  -2.4892383e-03
  -7.9713712e-02   5.1753653e-01  -7.7935764e-01   4.0226981e-03  -4.6143437e-03  -2.2766329e-03
  -7.2379305e-02   5.2888031e-01  -7.4204997e-01   3.2821600e-03  -4.9952162e-03  -2.2425342e-03
  -7.7389287e-02   5.0910674e-01  -7.4064214e-01   2.8983669e-03  -4.4461093e-03  -2.1986688e-03
  -7.2228221e-02   5.6105813e-01  -7.3934981e-01   2.7300425e-03  -4.9316166e-03  -2.3784105e-03
  -9.0210211e-02   5.3633150e-01  -7.8243627e-01   3.7714708e-03  -4.6889747e-03  -2.5980855e-03
  -7.3131453e-02   5.5155585e-01  -7.6009726e-01   3.3113208e-03  -4.8758965e-03  -2.2490868e-03
  -8.5978420e-02   5.3471845e-01  -7.9811931e-01   3.5301081e-03  -4.6203303e-03  -2.6961356e-03
  -8.1148595e-02   5.6325891e-01  -8.0485271e-01   3.3575272e-03  -4.9099616e-03  -2.3485294e-03
  -1.1113517e-01   5.6586727e-01  -8.4151355e-01   3.6405416e-03  -4.1879018e-03  -3.0553716e-03
  -9.3333510e-02   5.6343770e-01  -7.8318075e-01   3.7754493e-03  -4.5259922e-03  -2.5284444e-03
  -1.0802471e-01   5.5422749e-01  -8.1658109e-01   2.2972928e-03  -3.9821012e-03  -2.8162118e-03
  -1.0136089e-01   6.4526570e-01  -6.6880065e-01   6.3715181e-03  -6.2008897e-03  -2.1115466e-03
  -9.0109617e-02   5.9317961e-01  -7.9567515e-01   8.3755425e-03  -7.0565831e-03  -1.3155779e-03
  -9.7555820e-02   6.0150498e-01  -8.8315680e-01   6.0260828e-03  -5.9602789e-03  -2.1946787e-03
  -1.4539362e-01   5.4337745e-01  -8.4421419e-01   6.7623442e-03  -5.4413383e-03  -2.3063929e-03
  -1.3268294e-01   5.5979246e-01  -8.7497691e-01   6.7373406e-03  -4.9581645e-03  -2.2141755e-03
  -1.4108855e-01   5.7261193e-01  -8.4886480e-01   6.2707141e-03  -5.8375947e-03  -2.5893169e-03
  -1.3614892e-01   5.7869147e-01  -8.8390886e-01   6.5180999e-03  -5.9817008e-03  -2.6308438e-03
  -1.3527691e-01   6.2114080e-01  -8.6583001e-01   5.7859943e-03  -6.1582485e-03  -2.3536939e-03
  -1.4467950e-01   6.1374777e-01  -9.0192123e-01   7.2481277e-03  -5.7750836e-03  -2.4139563e-03
  -1.4822824e-01   6.2886931e-01  -8.7764763e-01   6.0115858e-03  -6.0989990e-03  -2.7036733e-03
  -1.3993294e-01   6.0947445e-01  -8.7255454e-01   5.9453220e-03  -6.2565395e-03  -2.5596544e-03
  -1.5826662e-01   6.2947486e-01  -8.7214421e-01   6.1479193e-03  -6.4891930e-03  -2.6805923e-03
  -1.7869582e-01   6.1288798e-01  -8.3844472e-01   5.1579858e-03  -6.7111141e-03  -2.7376302e-03
  -1.4804007e-01   6.0064895e-01  -8.5419656e-01   4.9349925e-03  -6.4707710e-03  -2.2552227e-03
  -1.5595043e-01   6.2381122e-01  -8.5683563e-01   4.4160355e-03  -6.4877904e-03  -2.5038476e-03
  -1.5841063e-01   6.3289913e-01  -8.7505036e-01   4.9074152e-03  -6.5495871e-03  -2.3766657e-03
  -1.6578909e-01   6.3316517e-01  -8.4446478e-01   3.9196018e-03  -6.5141397e-03  -2.7032723e-03
  -1.6014969e-01   6.2514068e-01  -8.8855223e-01   5.4779589e-03  -6.4683633e-03  -2.7500409e-03
  -1.4865423e-01   6.5743874e-01  -8.8231344e-01   3.8354767e-03  -6.6057700e-03  -2.6899956e-03
  -1.4117330e-01   6.0981225e-01  -8.7722285e-01   4.2139827e-03  -6.6214275e-03  -2.4732690e-03
  -1.3882138e-01   6.6610509e-01  -8.4038120e-01   3.1270920e-03  -6.8057196e-03  -2.6101168e-03
  -1.4818474e-01   6.2916095e-01  -8.5311767e-01   3.7441770e-03  -6.9550428e-03  -2.7219143e-03
  -1.2624448e-01   6.6656644e-01  -8.1660002e-01   2.6522790e-03  -6.8547968e-03  -2.3880773e-03
  -1.3477804e-01   6.4424551e-01  -9.0672797e-01   3.5022155e-03  -7.1070277e-03  -2.6613290e-03
  -1.2725612e-01   6.0689596e-01  -8.8397602e-01   2.8910779e-03  -6.6831240e-03  -2.4004108e-03
  -1.2753781e-01   6.3773877e-01  -8.5536534e-01   3.1928374e-03  -5.8167158e-03  -2.3626922e-03
  -1.2129052e-01   6.7909821e-01  -8.7989369e-01   2.9969160e-03  -5.5281430e-03  -2.1692803e-03
  -1.4280436e-01   6.5192828e-01  -8.5263415e-01   3.2494668e-03  -5.6534882e-03  -2.5665283e-03
  -1.3437184e-01   6.8790142e-01  -8.5831422e-01   2.7793266e-03  -5.5381559e-03  -2.3410849e-03
  -1.3818706e-01   6.7036610e-01  -8.5290955e-01   1.8492845e-03  -5.5777694e-03  -2.5498542e-03
  -1.3132654e-01   6.8909835e-01  -8.6234308e-01   2.6915728e-03  -5.1998030e-03  -2.3834721e-03
  -1.2735780e-01   6.9329794e-01  -8.7168670e-01   2.5926930e-03  -5.9189273e-03  -2.6097234e-03
  -1.3591249e-01   6.9936115e-01  -8.7507160e-01   2.5475933e-03  -6.2299679e-03  -2.5127726e-03
  -1.1972708e-01   6.4527811e-01  -8.4688884e-01   6.8858167e-04  -6.4268851e-03  -2.2198677e-03
  -1.2236390e-01   6.9684985e-01  -8.6337205e-01   1.1159903e-03  -6.5078885e-03  -2.2843842e-03
  -1.2174716e-01   6.6795675e-01  -8.4798796e-01   1.1190109e-03  -7.0255046e-03  -2.3179153e-03
  -1.1560796e-01   6.8685268e-01  -8.6614402e-01   1.4083533e-03  -7.4038249e-03  -2.3366244e-03
  -1.0683300e-01   7.0073280e-01  -9.0612068e-01   2.4278969e-03  -7.4137767e-03  -2.2426213e-03
  -1.1311195e-01   7.1418689e-01  -8.9620538e-01   1.9666881e-03  -7.4954046e-03  -2.5255005e-03
  -1.1809101e-01   6.9463704e-01  -9.2858811e-01   3.1288310e-03  -7.3996429e-03  -2.5878531e-03
  -1.1823329e-01   6.9924456e-01  -9.2320815e-01   3.5911210e-03  -7.5631926e-03  -2.4845507e-03
  -1.1234841e-01   7.1093511e-01  -8.9990134e-01   2.4210303e-03  -8.5249748e-03  -2.4205310e-03
  -1.1191552e-01   7.1652174e-01  -9.6457098e-01   3.4432537e-03  -8.1059592e-03  -2.3254365e-03
  -7.0872641e-02   7.0480433e-01  -7.6821396e-01   2.4093802e-03  -9.2972863e-03  -1.8507376e-03
  -3.3235912e-02   8.4114577e-01  -4.1610889e-01   1.7570547e-02  -1.3729281e-02  -1.3509050e-04
  -1.7054074e-02   7.2942424e-01  -5.8052426e-01   1.5362652e-02  -1.3721806e-02  -4.7182920e-04
  -2.3083335e-02   7.2797348e-01  -5.9173602e-01   1.4604488e-02  -1.3091525e-02  -5.2553762e-04
  -4.7134531e-02   7.2528648e-01  -6.5052855e-01   1.3553696e-02  -1.3057712e-02  -7.2789525e-04
  -6.7698092e-02   7.0855914e-01  -6.6631131e-01   1.1931989e-02  -1.2548485e-02  -9.9785134e-04
