   0.0000000e+00   0.0000000e+00   0.0000000e+00   0.0000000e+00   0.0000000e+00   0.0000000e+00
   3.4603185e-03  -8.3625409e-03  -9.4165713e-03  -5.2407994e-04  -2.2027597e-04  -4.4275551e-06
   5.0525581e-02   1.7734039e-02  -9.1557977e-03  -1.2095426e-03   6.3336947e-05   1.3910673e-03
   4.4677831e-02   3.5783785e-02  -1.4619131e-02  -8.6363725e-04   2.2759153e-04   9.2190140e-04
   5.0181226e-02   1.9328521e-02  -2.7468632e-02  -3.3078181e-04   2.2759719e-05   1.0007913e-03
   6.0993963e-02   2.1836102e-02  -4.2609845e-02  -1.9611676e-04   9.8799141e-05   1.2709611e-03
   7.3570672e-02   2.1482869e-02  -1.9258161e-02  -6.5462887e-04  -1.1652507e-04   1.5643438e-03
   8.0563683e-02   4.0677750e-02  -2.1294138e-02  -1.0198413e-03   2.0461694e-04   1.8686297e-03
   7.4990678e-02   6.1336536e-02   4.0648691e-02  -1.1010578e-03   3.6023299e-04   1.8469633e-03
   8.3580526e-02   3.7330448e-02   2.5612074e-02  -6.0576027e-04   1.6081283e-04   2.0058832e-03
   8.3070979e-02   5.8067968e-02   4.0354676e-02  -7.6674728e-04   6.7746490e-05   2.0851434e-03
   1.0470626e-01   3.3017068e-02   2.6991580e-02  -5.1879825e-04   3.1967027e-04   2.2893954e-03
   1.1219219e-01   6.4910744e-02   7.9414030e-03  -2.5760970e-04  -2.0635605e-04   2.5832578e-03
   1.0581279e-01   4.9049861e-02   1.6270355e-02  -4.2590567e-04  -2.8864870e-04   2.3839061e-03
   1.1233946e-01   5.6077094e-02   2.2340047e-02  -1.1693939e-04  -3.7836776e-04   2.6424636e-03
   1.1221821e-01   5.9929345e-02  -1.9738277e-02   2.7716606e-06  -3.8470272e-04   2.6818182e-03
   1.1760018e-01   1.6014438e-01   1.3064892e-01   6.9227869e-04  -8.7787993e-04   2.9644465e-03
   1.2482715e-01   9.1442209e-02   7.9358919e-02   2.0100149e-03  -7.6256668e-04   3.0535436e-03
   1.2151330e-01   6.3595545e-02   5.5174631e-02   1.5714931e-03  -5.3716934e-04   3.1028100e-03
   1.4649411e-01   9.0865868e-02   6.9056784e-02   1.6742954e-03  -7.3111596e-04   3.7101073e-03
   1.3683262e-01   8.6193614e-02   1.1688389e-01   1.8545482e-03  -2.2855863e-04   3.1577255e-03
   1.5394132e-01   4.2300864e-02   1.2238742e-01   1.4514485e-03  -3.9126054e-04   3.5728985e-03
   1.3841849e-01   4.8913139e-02   8.9870063e-02   1.2643677e-03  -2.5828907e-04   3.2033782e-03
   1.3032849e-01   7.5440520e-02   1.2517419e-01   7.1339703e-04  -2.2017402e-04   3.1572969e-03
   1.3711338e-01   7.8721847e-02   5.6327966e-02   1.0457275e-03  -3.5524921e-04   3.2607082e-03
   1.2765979e-01   7.7871333e-02   3.9843583e-02   1.2297636e-03  -5.0638446e-04   3.1658532e-03
   1.2911344e-01   7.4390554e-02   2.7716871e-02   1.0353730e-03  -2.3919255e-04   3.0726480e-03
   1.3872737e-01   8.5072354e-02   1.6568462e-02   1.1045860e-03  -5.1905514e-04   3.3488330e-03
   1.4064354e-01   9.2948918e-02   3.9113432e-02   8.0306710e-04  -6.1187995e-04   3.2883738e-03
   1.4818422e-01   9.9829429e-02   4.3346241e-02   9.8166959e-04  -7.5795552e-04   3.4658086e-03
   1.4951281e-01   9.6958677e-02   3.2866567e-02   1.1167525e-03  -6.1892868e-04   3.4474361e-03
   1.6250638e-01   1.0824453e-01   4.1199623e-02   1.4868460e-03  -1.0066314e-03   3.7410633e-03
   1.6827824e-01   1.0255574e-01   3.3578867e-02   1.7736493e-03  -1.2125662e-03   3.8596522e-03
   1.4162229e-01   9.2018921e-02   4.7931719e-02   8.1466802e-04  -9.7448194e-04   3.2585281e-03
   1.4203421e-01   9.2893593e-02   4.5146212e-02   6.5140226e-04  -1.0587487e-03   3.2944569e-03
   1.5109057e-01   1.0188784e-01   1.8897714e-02   1.5230580e-03  -9.7881298e-04   3.4718291e-03
   1.5354026e-01   1.1789903e-01   2.0146744e-02   1.5135864e-03  -8.7502831e-04   3.5990035e-03
   1.5276788e-01   1.0883592e-01   3.1937594e-02   1.6839484e-03  -9.3377650e-04   3.6486809e-03
   1.6160015e-01   1.1308619e-01   3.7596925e-02   1.8040292e-03  -1.1809752e-03   3.7703332e-03
   1.6281242e-01   1.1435839e-01   5.0587530e-02   1.6947782e-03  -1.2131310e-03   3.6879137e-03
   1.6509620e-01   1.1662896e-01   2.3422888e-02   1.8570120e-03  -1.2911989e-03   3.7895593e-03
   1.5758459e-01   1.1871101e-01   3.3011669e-02   1.6288279e-03  -1.2789857e-03   3.6702679e-03
   1.6069547e-01   1.2198364e-01   1.7151501e-02   1.6361470e-03  -1.2298131e-03   3.7200838e-03
   1.7397267e-01   1.4507038e-01  -4.6868274e-03   1.7133971e-03  -1.1823468e-03   4.0079696e-03
   1.6248363e-01   1.4882959e-01   1.1731359e-03   1.4475055e-03  -1.0229011e-03   3.6884463e-03
   1.7345228e-01   1.4940923e-01   9.4765101e-03   1.7278969e-03  -1.0951452e-03   4.0241391e-03
   1.6542025e-01   1.4142681e-01   1.9647443e-02   1.5561602e-03  -9.5796573e-04   3.8725011e-03
   1.6835196e-01   1.5200667e-01   2.0090702e-02   1.8197689e-03  -1.0486640e-03   4.0296632e-03
   1.5646203e-01   1.3280171e-01   3.5823624e-02   1.0862083e-03  -9.9520566e-04   3.6639928e-03
   1.4529604e-01   1.5011818e-01   4.1189751e-02   8.2685087e-04  -1.0329495e-03   3.5090367e-03
   1.8252446e-01   1.3263262e-01  -5.0635401e-03   1.4698758e-03  -1.3101684e-03   4.2408644e-03
   1.6279560e-01   1.2776461e-01   1.7299019e-02   1.1031058e-03  -1.2392087e-03   3.8341551e-03
   1.7134395e-01   1.3040407e-01  -1.2437250e-02   1.4367026e-03  -1.3274822e-03   4.0801079e-03
   1.6606456e-01   1.4843675e-01  -1.3529535e-02   1.4297117e-03  -9.6591014e-04   3.7287018e-03
   1.7800955e-01   1.6397641e-01   2.0149248e-03   1.4591804e-03  -8.8914487e-04   3.9802284e-03
   1.8370550e-01   1.6479287e-01   2.9996364e-02   1.3996221e-03  -5.9010229e-04   4.0753136e-03
   1.9237255e-01   1.5789687e-01   1.8090373e-02   1.7343492e-03  -5.9935677e-04   4.3730574e-03
   1.9808394e-01   1.6431717e-01  -2.7872730e-03   2.0881421e-03  -6.4969910e-04   4.4081612e-03
   1.9863175e-01   1.6680156e-01   3.0413809e-02   1.5297107e-03  -8.8316059e-04   4.5037628e-03
   1.9508459e-01   1.7153979e-01   2.7001488e-02   1.6352422e-03  -1.0398610e-03   4.4679367e-03
   1.9594982e-01   1.6330174e-01   1.5695727e-02   1.0184655e-03  -1.3167174e-03   4.7294927e-03
   1.7309105e-01   1.8673197e-01  -1.6138199e-02   1.3255475e-03  -8.8696779e-04   4.1834472e-03
   1.6881531e-01   1.7122740e-01   1.1834445e-02   1.4187021e-03  -1.3149824e-03   4.0154275e-03
   1.7203260e-01   1.7431629e-01   3.3263408e-02   1.2012780e-03  -1.4169139e-03   4.1576592e-03
   1.7050022e-01   1.7714181e-01   5.6949343e-02   9.6596056e-04  -9.8773704e-04   4.1573508e-03
   1.6078497e-01   1.7914966e-01   3.4464145e-02   1.3223306e-03  -9.4183710e-04   3.9313915e-03
   1.7867187e-01   1.9774334e-01   1.4202832e-02   1.6095542e-03  -1.0944346e-03   4.3980951e-03
   1.7560778e-01   1.7734190e-01   4.5918545e-02   1.1707061e-03  -1.1358280e-03   4.4446680e-03
   1.6978562e-01   1.6658880e-01   2.3000539e-02   1.6427243e-03  -6.6635320e-04   4.2167480e-03
   1.8140523e-01   1.6264923e-01   5.4756896e-02   1.2573807e-03  -7.8926347e-04   4.3667121e-03
   2.1253740e-01   1.4835325e-01   8.9755033e-02   6.9604016e-04  -1.3534039e-04   5.3763915e-03
   2.0285717e-01   1.7777610e-01   6.7720622e-02   1.0387582e-03  -9.2251279e-04   5.3784895e-03
   1.9424247e-01   1.7528206e-01   5.1847200e-02   1.4739557e-03  -8.1166744e-04   5.1256805e-03
   2.2110007e-01   2.0879758e-01   1.3395591e-02   1.9876865e-03  -1.0661768e-03   5.8609104e-03
   2.2613549e-01   2.0300995e-01  -2.3543373e-02   3.8419229e-03  -1.2009425e-03   6.2035605e-03
   2.1523937e-01   1.8684536e-01  -1.4653832e-02   3.5349110e-03  -1.1476691e-03   5.9255950e-03
   2.2249731e-01   1.6981133e-01  -2.4829044e-03   3.1374978e-03  -1.4725644e-03   5.8723552e-03
   2.3946344e-01   1.6276253e-01   2.9265989e-02   2.9056764e-03  -1.2542227e-03   6.2722944e-03
   2.6253777e-01   1.8674347e-01   1.0898465e-02   2.8777777e-03  -1.2748070e-03   6.8073885e-03
   2.4938832e-01   1.7974575e-01   2.2579907e-02   2.7198409e-03  -1.4523221e-03   6.5765663e-03
   2.1526519e-01   1.9034029e-01   2.8471113e-02   1.9805864e-03  -1.3978472e-03   6.0813332e-03
   2.4438495e-01   1.7494500e-01   1.9544244e-02   2.6885794e-03  -1.3720701e-03   6.5375366e-03
   2.4994506e-01   1.8612757e-01   1.1402957e-02   2.8134530e-03  -1.3038607e-03   6.5189807e-03
   2.5929743e-01   1.8670202e-01  -7.9111526e-03   2.8531425e-03  -1.4602532e-03   6.6695309e-03
   2.5483284e-01   2.0438057e-01  -2.7981130e-02   2.9652187e-03  -1.5018843e-03   6.5050130e-03
   2.5730685e-01   2.0385157e-01  -1.6679031e-02   2.7973438e-03  -1.9101125e-03   6.6138931e-03
   2.4592799e-01   2.2128806e-01  -2.2978254e-02   2.7689347e-03  -2.1235346e-03   6.3806022e-03
   2.4210411e-01   1.9113601e-01  -1.4796289e-02   2.2603977e-03  -1.7306552e-03   6.2006688e-03
   2.5966522e-01   1.9294791e-01  -1.5563854e-02   2.4994934e-03  -1.7902290e-03   6.6827266e-03
   2.3787454e-01   1.8931668e-01   6.6022106e-03   2.3305867e-03  -1.7581792e-03   6.2452987e-03
   2.1143611e-01   1.5869054e-01   1.2645804e-02   1.9684952e-03  -1.6649613e-03   5.7688212e-03
   2.4917582e-01   1.9374908e-01   3.2595354e-03   2.9532286e-03  -1.6497342e-03   6.5814371e-03
   2.4723801e-01   2.0963479e-01  -1.3722328e-02   3.0375814e-03  -1.4177028e-03   6.7044614e-03
   2.5080296e-01   2.5349798e-01  -2.1210586e-02   2.8673569e-03  -1.2361139e-03   6.8648543e-03
   2.6488404e-01   2.3284297e-01   1.3724802e-02   2.7329447e-03  -1.3598003e-03   7.0275085e-03
   2.6431542e-01   2.4427712e-01   2.9314887e-02   2.4576641e-03  -1.4636046e-03   7.0710897e-03
   2.7674635e-01   2.4835673e-01   2.4555134e-02   2.4428227e-03  -1.6308000e-03   7.3248784e-03
   2.7286173e-01   2.6157344e-01   1.9044557e-02   2.0322847e-03  -1.4420719e-03   7.1156811e-03
   2.6680820e-01   2.8671791e-01   1.0687240e-02   2.2056688e-03  -1.1359739e-03   7.0511068e-03
   2.8021898e-01   2.8143533e-01   7.6241842e-02   1.4804335e-03  -1.0144461e-03   7.2176861e-03
   2.7834483e-01   2.3914132e-01   6.0432462e-02   1.8359754e-03  -9.2682656e-04   7.4054092e-03
   2.9194629e-01   2.4130419e-01   1.1895873e-01   1.7892085e-03  -9.3465381e-04   7.7004494e-03
   3.1900235e-01   2.4046377e-01   1.4536210e-01   1.5016312e-03  -1.3046877e-03   8.1734222e-03
   3.1754854e-01   2.3503308e-01   1.7156912e-01   1.3821821e-03  -1.3885083e-03   8.0889401e-03
   2.9000029e-01   2.0518838e-01   1.9546780e-01   4.6377753e-04  -1.2304283e-03   7.7732897e-03
   2.9721616e-01   2.5907807e-01   1.6247208e-01   1.0660714e-03  -1.6015613e-03   8.3543088e-03
   3.1491526e-01   2.6916126e-01   2.0652617e-01   1.0130162e-03  -1.2510455e-03   8.6581847e-03
   3.3164615e-01   2.4809962e-01   2.1339779e-01   1.6894867e-03  -1.2447406e-03   8.5712849e-03
   3.3847345e-01   2.6794913e-01   1.7455428e-01   1.6085496e-03  -1.4418109e-03   8.8691769e-03
   3.3874177e-01   2.5445085e-01   2.1182810e-01   1.6539500e-03  -1.3361823e-03   9.0350282e-03
   3.4267027e-01   3.1723683e-01   1.5892972e-01   1.7746385e-03  -1.1477798e-03   9.1278269e-03
   3.6048732e-01   2.6254986e-01   1.5035800e-01   2.5991288e-03  -1.7178971e-03   9.5548895e-03
   3.2720175e-01   2.6353070e-01   1.4411313e-01   2.1646554e-03  -1.9981981e-03   8.8575389e-03
   3.2171703e-01   2.5752244e-01   1.6677112e-01   1.6978187e-03  -2.0548552e-03   8.7604263e-03
   3.1889578e-01   2.5771329e-01   1.0965433e-01   2.4902604e-03  -1.6626542e-03   8.5356226e-03
   3.2208914e-01   2.7640333e-01   1.2831801e-01   2.8229597e-03  -2.1419110e-03   8.5538386e-03
   3.4759726e-01   2.8324115e-01   8.7905751e-02   3.3888988e-03  -2.0636465e-03   8.9016656e-03
   3.2094564e-01   3.0216857e-01   1.4231856e-01   2.3550502e-03  -2.1369154e-03   8.5714870e-03
   3.2943689e-01   3.0069480e-01   1.0714682e-01   2.9685256e-03  -2.1163660e-03   8.7239551e-03
   3.2509730e-01   2.8859095e-01   1.8139539e-01   2.0756648e-03  -2.4948499e-03   8.7614711e-03
   3.3868434e-01   2.7594476e-01   1.9430174e-01   1.7526918e-03  -2.1908253e-03   8.9753978e-03
   3.3893367e-01   2.9490982e-01   2.7071526e-01   1.1375368e-03  -1.8373096e-03   8.9860587e-03
   3.1985857e-01   3.4358558e-01   3.0671871e-01   1.4476543e-03  -1.7567409e-03   8.9192603e-03
   3.5618831e-01   2.8886468e-01   1.6634457e-01   3.8183497e-03  -2.1217917e-03   9.3793928e-03
   3.4996113e-01   3.1101686e-01   9.8899193e-02   3.5271746e-03  -2.2979426e-03   9.2390933e-03
   3.7346040e-01   2.7286503e-01   1.0544001e-01   4.6673430e-03  -2.3816167e-03   9.3207139e-03
   3.6444560e-01   2.7165022e-01   1.3442338e-01   3.4110651e-03  -2.2465888e-03   9.0918795e-03
   3.6899811e-01   2.9526088e-01   2.0390449e-01   4.3135964e-03  -2.1660160e-03   9.0441271e-03
   3.6732817e-01   2.8537094e-01   1.3222764e-01   4.6225398e-03  -2.4432736e-03   9.0785458e-03
   3.7794532e-01   2.9089444e-01   1.1104924e-01   4.2673723e-03  -2.5972448e-03   9.2796732e-03
   3.9976628e-01   3.2074321e-01   9.2207164e-02   4.5118774e-03  -2.1641226e-03   9.6851598e-03
   4.2192834e-01   2.8937033e-01   1.1364952e-01   4.8639731e-03  -2.2924984e-03   1.0062127e-02
   3.9785209e-01   2.8056967e-01   1.5538755e-01   4.3887254e-03  -2.2202549e-03   9.5554509e-03
   3.9746529e-01   2.7105435e-01   1.4372519e-01   4.2078243e-03  -2.6187887e-03   9.6851245e-03
   3.7974241e-01   2.8779001e-01   1.1743306e-01   4.2088392e-03  -1.8560602e-03   9.3853442e-03
   3.6677125e-01   3.1765794e-01   1.2166039e-01   3.9958260e-03  -2.3720772e-03   9.2866013e-03
   3.7344399e-01   2.8967628e-01   1.3600295e-01   3.4363292e-03  -2.3694224e-03   9.2351940e-03
   3.6461662e-01   3.1479811e-01   1.3344678e-01   3.6608792e-03  -2.4115344e-03   9.3579686e-03
   3.8140424e-01   3.3803313e-01   1.1341227e-01   4.1974667e-03  -1.9952423e-03   9.5532728e-03
   3.7927414e-01   3.2926786e-01   1.4136620e-01   4.0512535e-03  -2.4995208e-03   9.3727906e-03
   3.7526241e-01   2.7512596e-01   8.5497547e-02   4.2872772e-03  -2.2636930e-03   9.5169859e-03
   3.6451080e-01   2.9940237e-01   1.3540716e-01   3.7074836e-03  -1.9660329e-03   9.3223402e-03
   3.8049544e-01   2.7341216e-01   7.7632269e-02   4.4408309e-03  -1.7950643e-03   9.4470392e-03
   3.8400104e-01   3.8398156e-01   2.2740872e-01   4.1547771e-03  -2.4270652e-03   9.5849233e-03
   3.8722740e-01   3.0704042e-01   1.8182443e-01   5.0881435e-03  -2.5414998e-03   9.9945915e-03
   3.8288169e-01   2.9297500e-01   1.7017686e-01   4.1287122e-03  -2.3007913e-03   9.7372348e-03
   4.1184019e-01   2.7311790e-01   1.0586694e-02   7.8021837e-03  -1.5635421e-03   1.1423867e-02
   4.3494973e-01   2.9910087e-01   2.2420806e-02   8.9765421e-03  -2.2438275e-03   1.2619603e-02
   4.0027050e-01   2.8135560e-01   1.1562592e-01   7.7503153e-03  -1.9018733e-03   1.1135511e-02
   4.0748991e-01   2.5635259e-01   1.3610175e-01   7.5860937e-03  -2.1784809e-03   1.1597442e-02
   4.3651172e-01   2.4271788e-01   1.8832294e-01   7.1937005e-03  -1.9150620e-03   1.1996470e-02
   4.4424573e-01   3.7372769e-01   2.7255536e-01   6.6925883e-03  -3.1892583e-03   1.2341111e-02
   4.6569054e-01   3.1522302e-01   7.6704280e-02   1.1414105e-02  -5.8158706e-03   1.1643934e-02
   5.3082760e-01   2.6431586e-01   6.5386012e-02   9.4084551e-03  -3.4719047e-03   1.3962984e-02
   5.1736719e-01   2.9985007e-01   1.3536242e-01   8.4034514e-03  -3.8507426e-03   1.4137006e-02
   5.3344950e-01   2.7719638e-01   3.8185408e-01   5.1389539e-03  -4.2223803e-03   1.4955379e-02
   5.1522046e-01   2.8208452e-01   4.2971506e-01   5.1974012e-03  -5.3137096e-03   1.4525075e-02
   4.5850015e-01   2.6769401e-01   4.4857898e-01   5.2288944e-03  -5.5666059e-03   1.3389702e-02
   4.7099709e-01   3.3440488e-01   3.8672950e-01   4.9958324e-03  -5.2363266e-03   1.3750017e-02
   4.5481519e-01   3.1054195e-01   3.7782073e-01   5.3987313e-03  -5.3602875e-03   1.3528524e-02
   4.3963431e-01   3.3172132e-01   2.7913244e-01   5.3615959e-03  -5.2214481e-03   1.3311572e-02
   4.5949859e-01   3.6974686e-01   2.8419729e-01   6.0115598e-03  -5.2743328e-03   1.3539442e-02
   4.2411409e-01   3.5667871e-01   2.6553421e-01   5.0047827e-03  -5.6361325e-03   1.3126213e-02
   4.4987626e-01   3.6044419e-01   4.5655040e-01   4.5950817e-03  -6.0862021e-03   1.4009390e-02
   3.9527046e-01   4.4352461e-01   4.5085842e-01   3.0490758e-03  -4.9856044e-03   1.2235504e-02
   4.4995844e-01   4.7091885e-01   3.5970141e-01   2.1123381e-03  -3.7232520e-03   1.2550871e-02
   4.8549847e-01   3.9004058e-01   3.7984333e-01   4.1833631e-03  -5.3125973e-03   1.4327343e-02
   4.3142403e-01   4.6306056e-01   4.3435872e-01   3.0872899e-03  -5.1361295e-03   1.3202850e-02
   4.5228472e-01   5.2026815e-01   4.1014464e-01   6.0304088e-03  -7.4345119e-03   1.3934363e-02
   4.9805888e-01   3.9537394e-01   2.8555423e-01   8.0960579e-03  -9.1658765e-03   1.4064011e-02
   5.2532662e-01   3.9092165e-01   2.9657802e-01   5.6424204e-03  -7.3128457e-03   1.5271759e-02
   4.7938232e-01   3.7099387e-01   2.2782811e-01   6.0746778e-03  -7.6460517e-03   1.4267106e-02
   5.2269942e-01   3.9577658e-01   3.3680439e-01   3.2325370e-03  -5.3069993e-03   1.4484605e-02
   5.0639151e-01   4.2337519e-01   3.6078588e-01   3.2882333e-03  -3.5313400e-03   1.4064264e-02
   5.1828509e-01   3.9740773e-01   2.8689482e-01   4.4044236e-03  -4.7019174e-03   1.4437582e-02
   4.8678315e-01   4.0954707e-01   3.8754431e-01   1.5462823e-03  -4.3028075e-03   1.3395022e-02
   4.7308080e-01   4.1746803e-01   3.5818791e-01   2.2473295e-03  -5.4431729e-03   1.2954847e-02
   5.0820399e-01   4.3872330e-01   4.2500288e-01   2.4251242e-03  -5.6731707e-03   1.4014254e-02
   5.1507898e-01   4.1449814e-01   3.3553124e-01   1.5152133e-03  -5.9117126e-03   1.4298164e-02
