   0.0000000e+00   0.0000000e+00  -2.1611479e-14  -6.1843538e-17  -2.3171814e-18  -1.4330270e-34
  -3.6693814e-03  -9.1290067e-04   2.4858872e-02   9.0555970e-05   1.6960991e-04  -1.1280726e-04
   3.5124349e-04   1.7499751e-02   6.5904793e-03  -1.3282060e-04   9.5770206e-04  -1.7166516e-04
  -3.7979937e-03   8.2610431e-03   1.1237055e-02  -1.9981254e-04   8.1720465e-04   1.7402769e-04
   9.7720357e-03  -2.4347130e-02   1.4587110e-02   1.0750941e-03   1.2815188e-03   9.0173984e-05
   1.6305629e-02   6.4244758e-03   1.2194483e-01  -6.3032615e-04   1.7797911e-03  -8.6949655e-05
   2.0688053e-02   2.7364830e-02   9.0324990e-02  -7.4289629e-04   1.0793612e-03   1.1507772e-04
  -9.2736959e-03   2.8152498e-02   1.0625349e-01  -9.2952363e-04   1.1703346e-03  -4.6727323e-04
  -3.2090052e-03   1.3600366e-02   1.4145999e-01  -1.6283594e-03   7.0149237e-04  -5.0775018e-05
  -2.2123137e-02  -4.0358328e-03   9.7752442e-02  -1.6413381e-04  -3.7447615e-04  -1.8968082e-04
  -2.5333513e-02   4.0328702e-02   6.9321829e-02  -1.4395989e-03   3.8105353e-04  -3.7733290e-04
  -1.6963855e-02   5.0742153e-02   1.8243213e-01  -5.1179841e-03  -2.1888092e-04   1.8944616e-04
  -3.0418732e-02   1.9957195e-02   1.7352610e-01  -3.1228148e-03   1.9747732e-04  -3.1953864e-04
  -1.8401128e-02   5.3659482e-02   1.9729920e-01  -4.6633658e-03  -2.1271932e-06   1.0415682e-05
   1.7832530e-02   4.5934917e-02   3.1524425e-01  -4.5743760e-03  -1.3466074e-03   3.1939303e-04
  -1.8880139e-02   1.5462222e-02   3.6084795e-01  -3.4451969e-03  -9.4569008e-04   4.5470156e-05
  -2.9859570e-02   1.9539624e-02   2.9222916e-01  -3.3732282e-03  -3.4328098e-04  -5.7199818e-04
  -3.4141977e-02   1.6471929e-02   3.2598988e-01  -2.9596746e-03  -5.6703397e-04  -1.3465964e-04
  -3.3944624e-02   1.8430546e-02   3.0925256e-01  -3.4037747e-03  -3.9364105e-04  -1.3842935e-04
  -2.4009535e-02   3.0755547e-02   3.2473385e-01  -3.3651779e-03  -2.5437226e-04  -1.7632333e-04
  -3.0158777e-02   2.7450629e-02   2.9288536e-01  -3.2191441e-03  -2.4389652e-04  -2.1897984e-04
  -1.8910846e-02   3.4945812e-02   3.0458422e-01  -2.9434550e-03  -4.9285984e-05   1.6044384e-05
  -2.0939470e-02   3.9857721e-02   3.0082591e-01  -3.0256006e-03  -3.8417714e-04   9.2581072e-05
  -2.7819028e-02   4.3429162e-02   2.8472392e-01  -2.2445805e-03   2.1208035e-04  -7.8288070e-05
  -3.2171568e-02   7.2713966e-02   2.8310506e-01  -3.0587475e-03  -3.7683402e-04   6.6090974e-06
  -3.4556730e-02   3.4819617e-02   3.3826862e-01  -3.6410791e-03  -1.9296848e-04  -5.7446685e-05
  -2.8066908e-02   8.1408320e-02   2.9776658e-01  -3.2242206e-03  -2.9187833e-04  -7.4276934e-05
  -2.1556665e-02   8.4769174e-02   3.2723580e-01  -3.2487002e-03  -5.8970799e-04   2.9860342e-04
  -8.6509691e-03   7.7844856e-02   3.5049646e-01  -4.6402829e-03  -1.1826890e-03   4.7694664e-04
  -3.0046587e-02   5.5056077e-02   4.1780113e-01  -5.1908047e-03  -2.0803761e-03   1.0485261e-04
  -6.6743353e-02   5.4352379e-02   3.5351888e-01  -2.6694253e-03  -1.9825012e-03  -2.7077396e-04
  -6.8297682e-02   4.1090389e-02   4.3193364e-01  -2.9197063e-03  -1.9914615e-03  -2.1904284e-04
  -7.4009815e-02   5.1758031e-02   4.0819514e-01  -3.3810527e-03  -1.9891503e-03  -3.4384803e-04
  -8.5280568e-02   2.6043614e-02   4.4840348e-01  -3.6427311e-03  -1.4845989e-03  -4.7892925e-04
  -8.0414865e-02   4.8537311e-02   4.0716466e-01  -2.8536328e-03  -2.2014044e-03  -4.2202698e-04
  -8.7306396e-02   5.5581380e-02   4.0264552e-01  -3.4259479e-03  -1.4951403e-03  -5.5324663e-04
  -8.2524997e-02   5.1957287e-02   4.2660205e-01  -2.8021621e-03  -1.5097552e-03  -6.8071757e-04
  -5.5542422e-02   6.6249716e-02   4.0710122e-01  -3.0686431e-03  -1.6500718e-03  -1.7710792e-04
  -3.7796242e-02   4.6915217e-02   4.6041462e-01  -3.9568679e-03  -2.3736400e-03   1.3714602e-04
  -5.7311751e-02   6.8177583e-02   4.3536334e-01  -3.1642382e-03  -2.4762656e-03   2.2808871e-04
  -5.5431007e-02   9.2105967e-02   4.3387453e-01  -4.8365365e-03  -2.2125529e-03  -1.1754768e-04
  -6.6172017e-02   1.0225765e-01   5.0486068e-01  -5.8914868e-03  -2.3239995e-03  -3.6177661e-04
  -5.6150494e-02   1.2063110e-01   3.8584986e-01  -3.6514724e-03  -2.1934948e-03   3.5310980e-04
  -6.4948187e-02   1.5148956e-01   4.1248302e-01  -4.7762011e-03  -2.6023922e-03  -2.2060461e-04
  -6.1395114e-02   1.0381997e-01   4.1177871e-01  -3.5463562e-03  -2.5792696e-03   1.0062290e-04
  -6.5979657e-02   1.3016830e-01   4.1825744e-01  -3.9243856e-03  -2.4532149e-03  -3.4761428e-04
  -6.3898681e-02   1.2016559e-01   4.0995364e-01  -3.2397383e-03  -2.4501181e-03   2.1088422e-04
  -7.3061839e-02   1.0647113e-01   4.2201068e-01  -4.0384995e-03  -2.6724988e-03  -1.5766199e-04
  -8.2330414e-02   1.1606750e-01   3.8884387e-01  -2.6568311e-03  -2.9612599e-03   1.1259026e-04
  -9.8811763e-02   9.4215988e-02   4.4345306e-01  -4.1069663e-03  -2.4170261e-03  -6.5821359e-04
  -7.4824928e-02   8.6800546e-02   4.6367801e-01  -2.8104252e-03  -2.3205603e-03   4.1986514e-05
  -8.6695269e-02   7.7226600e-02   4.6209764e-01  -2.9663189e-03  -2.3383443e-03  -1.1254649e-04
   8.9183545e-03   1.1593837e-01   5.5606756e-01  -4.5910407e-03  -2.0943996e-03   1.9636283e-04
  -3.7785892e-02   7.0702451e-02   5.3645940e-01  -2.1026358e-03  -2.4870133e-03  -2.1375010e-04
  -5.4180269e-02   1.3396007e-01   5.3841978e-01  -2.4390212e-03  -2.4385193e-03   2.2411831e-05
  -7.4304214e-02   1.2488859e-01   4.7616657e-01  -2.6004860e-03  -2.7419261e-03  -1.6761401e-04
  -9.3420318e-02   1.1312814e-01   5.5373919e-01  -4.5386197e-03  -2.3350254e-03  -3.4892125e-04
  -9.4734977e-02   7.9317105e-02   5.4181454e-01  -3.7381698e-03  -2.9099525e-03  -3.4765610e-04
  -1.1222947e-01   8.2875743e-02   5.7258302e-01  -4.7044362e-03  -3.1704532e-03  -1.0056984e-03
  -8.6230283e-02   1.2101760e-01   5.8249901e-01  -3.5572579e-03  -3.3256983e-03  -3.6608196e-04
  -8.7570350e-02   1.2077823e-01   5.0364605e-01  -3.7144091e-03  -3.4236473e-03  -1.5331567e-04
  -8.0193210e-02   1.2024266e-01   6.5617924e-01  -5.9315678e-03  -3.4660289e-03  -1.8097432e-05
  -5.9961367e-02   1.3042018e-01   6.3621656e-01  -7.0854605e-03  -3.6685587e-03   4.4597135e-05
  -7.4087302e-02   8.1417430e-02   7.1150580e-01  -8.0317767e-03  -3.5337165e-03   3.7518594e-05
  -8.9013558e-02   1.2408044e-01   5.0499716e-01  -4.6445302e-03  -3.9757465e-03  -4.5955466e-04
  -8.5012204e-02   1.4035117e-01   5.3011719e-01  -5.3778378e-03  -4.1888051e-03  -2.2445625e-04
  -1.0126445e-01   1.4563406e-01   5.6771834e-01  -6.6196257e-03  -4.2859783e-03  -1.5777441e-04
  -7.9994629e-02   9.8401298e-02   5.9889660e-01  -5.0431856e-03  -4.3717723e-03   3.3509622e-05
  -8.6663326e-02   1.0695469e-01   6.2343708e-01  -5.6359710e-03  -4.3179726e-03  -8.3878377e-05
  -9.6295930e-02   8.7913815e-02   7.3228598e-01  -6.6164153e-03  -4.4313535e-03  -5.5294195e-04
  -7.2879436e-02   1.1331273e-01   7.1564512e-01  -6.1968433e-03  -3.8392241e-03  -1.7605318e-05
  -7.6457127e-02   1.2709190e-01   6.9968101e-01  -6.4744966e-03  -3.9829142e-03  -2.4327217e-05
  -1.0578480e-01   1.5769319e-01   6.6330119e-01  -8.7529850e-03  -3.3322226e-03  -1.3299285e-04
   6.0195363e-02   1.6488216e-01   9.6247780e-01  -7.1432922e-03  -3.7132667e-03   9.2937851e-04
  -4.9052297e-03   9.5667446e-02   8.0371256e-01  -5.9592100e-03  -2.7181489e-03   2.7125352e-04
  -5.4073334e-02   1.4290679e-01   7.1433159e-01  -6.9961153e-03  -3.8020500e-03  -7.3185104e-04
  -9.0998690e-02   9.7775532e-02   8.1574091e-01  -7.8796742e-03  -3.6874558e-03  -2.2908739e-04
  -1.0608295e-01   8.0347174e-02   7.7446489e-01  -7.7073810e-03  -4.5720717e-03  -7.9745348e-04
  -1.0618218e-01   8.6751017e-02   7.9792680e-01  -8.0116911e-03  -4.8246943e-03  -4.3351182e-04
  -4.6126975e-02   4.4197534e-02   8.6213332e-01  -9.6509928e-03  -4.0487454e-03   2.1250077e-04
  -8.7868145e-02   1.0462729e-01   7.2346079e-01  -9.1107973e-03  -4.7517223e-03  -4.9138611e-04
   1.7446961e-02   1.2249914e-02   1.1376367e+00  -9.4277440e-03  -4.0399479e-03   4.4302785e-04
  -2.0975636e-02   1.4705077e-02   1.0346428e+00  -1.0429075e-02  -3.6511403e-03  -3.2763045e-04
  -1.0924798e-01   1.0723516e-01   8.0825884e-01  -9.7354571e-03  -4.3395370e-03  -7.8462267e-04
  -1.0621445e-01   4.3013105e-02   9.2347099e-01  -9.4636321e-03  -4.8629915e-03  -9.3305196e-04
  -1.2948952e-01   6.0925209e-02   9.0170111e-01  -9.6977034e-03  -4.5457195e-03  -9.6641035e-04
  -1.1129507e-01   2.3530383e-02   9.3747312e-01  -9.7999486e-03  -4.6946914e-03  -6.9187336e-04
  -1.1186607e-01   5.2993347e-02   8.5410218e-01  -9.3153045e-03  -4.6927302e-03  -6.0372894e-04
  -1.1127109e-01   6.1626318e-02   8.4348990e-01  -1.0250814e-02  -4.9757504e-03  -7.2781976e-04
  -1.2043711e-01   7.4070747e-02   8.3244602e-01  -1.2141157e-02  -5.4069335e-03  -4.4138944e-04
  -9.7923912e-02   8.3979246e-02   8.5925518e-01  -1.0790847e-02  -5.9564946e-03   1.2927539e-06
  -7.9079053e-02   9.2468023e-02   8.4523090e-01  -9.4331682e-03  -5.1388666e-03  -1.4055411e-04
  -6.0073463e-02   1.1429931e-01   8.2333093e-01  -8.2516981e-03  -4.8890221e-03  -6.2945610e-05
  -6.0565484e-02   1.1092096e-01   8.0998052e-01  -7.5119939e-03  -5.3379985e-03  -5.0555207e-05
  -4.9812016e-02   8.6382958e-02   7.8452053e-01  -5.7704095e-03  -5.4083159e-03   4.4963577e-04
  -8.1253372e-02   1.5173819e-01   6.2739556e-01  -5.4987428e-03  -5.9016259e-03  -2.4441297e-04
  -8.4102569e-02   1.6730167e-01   7.2310953e-01  -5.2718626e-03  -6.3041812e-03   6.1404809e-05
  -1.0203784e-01   1.3388504e-01   6.7298038e-01  -5.3949273e-03  -6.8422949e-03  -5.3244048e-04
  -6.7133848e-02   1.4652372e-01   6.7761716e-01  -7.2921716e-03  -5.8740530e-03   3.6947631e-04
  -1.0082378e-01   1.4076828e-01   7.1755843e-01  -7.2962905e-03  -6.7677858e-03  -2.1628738e-04
  -9.0712450e-02   1.2753481e-01   7.2661964e-01  -7.4492295e-03  -6.5720342e-03  -1.9918122e-04
  -1.1495260e-01   1.1972120e-01   8.2781888e-01  -8.8008035e-03  -5.5405812e-03  -1.5151046e-03
  -1.5259254e-01   6.3216009e-02   9.1870293e-01  -9.5727564e-03  -2.5693327e-03  -3.8948990e-03
  -6.8401076e-02   9.1089389e-02   9.2089415e-01  -8.3012485e-03  -2.2229622e-03  -2.7072645e-03
  -1.0586352e-02   7.2056069e-02   9.4909588e-01  -6.7148926e-03  -3.4179350e-03  -1.1475209e-03
  -4.6576872e-02   1.3609768e-01   8.8540182e-01  -8.2369545e-03  -4.3500381e-03  -1.4049004e-03
  -7.7269297e-02   8.4159889e-02   1.0281048e+00  -9.6144924e-03  -4.0432848e-03  -1.3272684e-03
  -9.2063117e-03   8.9499747e-02   1.0069181e+00  -8.9424666e-03  -4.4525500e-03   4.7529395e-05
  -1.1389780e-01   1.1234279e-01   6.2312375e-01  -8.3260100e-03  -3.1849823e-03  -7.3577112e-04
  -7.3919482e-02   2.4708892e-01   5.6728438e-01  -9.3579526e-03  -3.5720840e-03  -5.0026468e-04
  -7.5193783e-02   1.8791674e-01   2.2138021e-01  -5.4106022e-03  -4.1597329e-03  -1.1075695e-03
  -1.0139549e-01   2.0076309e-01   2.4624743e-01  -6.6011653e-03  -4.7729443e-03  -8.6995310e-04
  -9.7719892e-02   1.8636426e-01   2.9992752e-01  -6.2015696e-03  -5.0195529e-03  -1.3315325e-03
  -1.0713058e-01   1.9863341e-01   2.6494611e-01  -5.8554118e-03  -4.7317030e-03  -1.3946813e-03
  -1.1461013e-01   1.7963268e-01   2.8155097e-01  -5.5467331e-03  -5.2776905e-03  -1.8237458e-03
  -1.2081339e-01   1.8547928e-01   2.9931054e-01  -6.3546499e-03  -5.1995185e-03  -1.1318184e-03
  -1.3672123e-01   1.6573015e-01   3.0483507e-01  -6.6576390e-03  -5.1794687e-03  -1.5480372e-03
  -1.4832928e-01   1.7902443e-01   3.2529854e-01  -7.8303980e-03  -5.4392619e-03  -1.4365331e-03
  -1.4723953e-01   1.7674702e-01   2.7633446e-01  -5.0207419e-03  -6.5641990e-03  -1.1760600e-03
  -1.5592222e-01   2.1059513e-01   2.9734953e-01  -6.3830579e-03  -5.6106923e-03  -1.4917478e-03
  -1.6261324e-01   2.0089842e-01   2.9898732e-01  -5.0688531e-03  -6.3964321e-03  -1.3028867e-03
  -1.9545172e-01   1.7602290e-01   2.9526557e-01  -5.8748644e-03  -6.3084940e-03  -1.9550113e-03
  -1.3900296e-01   1.7863877e-01   4.0990868e-01  -5.4602470e-03  -5.6903514e-03  -1.4500805e-03
  -1.5520222e-01   2.2561076e-01   2.9547598e-01  -5.3373808e-03  -5.8958394e-03  -1.4266637e-03
  -1.4265096e-01   2.0260508e-01   4.1878952e-01  -6.3358554e-03  -6.2452289e-03  -1.4611472e-03
  -1.4772579e-01   1.9506760e-01   3.9765636e-01  -6.7351579e-03  -6.1597197e-03  -1.2803590e-03
  -1.5430435e-01   1.9744743e-01   4.1025603e-01  -7.0349396e-03  -6.2413306e-03  -1.4674485e-03
  -1.6688099e-01   2.0550936e-01   3.3749971e-01  -6.3605517e-03  -6.8730316e-03  -1.3474371e-03
  -1.3883455e-01   1.9397749e-01   3.5642908e-01  -5.5716860e-03  -6.5142265e-03  -1.3554910e-03
  -1.1310974e-01   1.3810737e-01   2.8772126e-01  -3.1541245e-03  -6.2719341e-03  -8.0938808e-04
  -1.3305144e-01   1.9027324e-01   3.3221443e-01  -5.2607696e-03  -6.0035029e-03  -1.1821630e-03
  -1.2584403e-01   1.7553934e-01   3.7947277e-01  -6.3058617e-03  -6.0358597e-03  -1.1334251e-03
  -1.3588191e-01   1.6907457e-01   3.6982398e-01  -5.4504513e-03  -5.9312603e-03  -1.4455482e-03
  -1.2487043e-01   1.7899116e-01   3.4816900e-01  -4.6225186e-03  -6.4031334e-03  -1.1650139e-03
  -1.4845013e-01   2.0940691e-01   3.5928706e-01  -6.3126986e-03  -6.2224023e-03  -1.2621998e-03
  -1.3629700e-01   2.2518121e-01   3.7113147e-01  -6.0155367e-03  -7.0724408e-03  -6.2778497e-04
  -1.8203631e-01   2.0653907e-01   3.5059055e-01  -5.1635213e-03  -7.5262943e-03  -1.0018135e-03
  -1.8091841e-01   2.1056967e-01   3.8923929e-01  -5.8541028e-03  -7.1368227e-03  -1.3762451e-03
  -1.7924694e-01   2.1967810e-01   3.5643866e-01  -4.8381469e-03  -7.0424473e-03  -1.3730506e-03
  -1.8638482e-01   2.0855343e-01   4.1374111e-01  -6.4015628e-03  -7.2747442e-03  -1.2289056e-03
  -1.9528837e-01   2.2470831e-01   4.0385799e-01  -6.4280918e-03  -7.0719326e-03  -1.5626553e-03
  -1.8854095e-01   2.2198349e-01   4.4803183e-01  -6.6771702e-03  -7.6279758e-03  -1.0673387e-03
  -1.9663144e-01   2.4772263e-01   3.9608049e-01  -5.9771139e-03  -7.6073829e-03  -1.2748056e-03
  -1.9934497e-01   2.4236970e-01   3.9508741e-01  -5.9273172e-03  -7.1886133e-03  -1.5224246e-03
  -2.0428590e-01   2.3338673e-01   4.1271484e-01  -5.6040979e-03  -7.4431219e-03  -1.4118878e-03
  -1.7292351e-01   2.1295606e-01   4.4868571e-01  -4.7351138e-03  -7.3018966e-03  -1.2234359e-03
  -1.9302318e-01   2.1988417e-01   4.8739595e-01  -6.9989645e-03  -7.1464219e-03  -1.9124939e-03
  -1.9498652e-01   2.2934879e-01   4.8667701e-01  -6.0920338e-03  -6.8356367e-03  -1.7018780e-03
  -2.1174586e-01   2.4346864e-01   5.0631546e-01  -7.4391165e-03  -6.6678901e-03  -2.4514114e-03
  -1.6546407e-01   2.2070489e-01   5.6159443e-01  -6.5525333e-03  -6.4870967e-03  -1.6299791e-03
  -1.9319058e-01   2.6853316e-01   4.8414431e-01  -7.3939351e-03  -7.6040512e-03  -1.5738137e-03
  -1.7007449e-01   1.9740613e-01   6.9360975e-01  -8.9581288e-03  -6.6144213e-03  -1.3810867e-03
  -6.6481351e-02   1.8008873e-01   6.9858761e-01  -8.9054407e-03  -6.9612395e-03  -2.5855334e-04
  -1.1836745e-01   2.4648836e-01   6.5509634e-01  -9.4330504e-03  -6.3773821e-03  -1.0030718e-03
  -1.5490900e-01   2.1614238e-01   6.6220954e-01  -8.0416963e-03  -7.5117803e-03  -1.2024860e-03
  -1.5047831e-01   1.8286581e-01   4.8413997e-01  -5.8017822e-03  -7.1548360e-03  -1.5082008e-03
  -1.5899346e-01   2.5219215e-01   5.7764032e-01  -8.5237844e-03  -6.9712302e-03  -1.4110388e-03
  -1.6545848e-01   2.3273462e-01   5.5371646e-01  -7.8647643e-03  -7.1067440e-03  -1.5092130e-03
  -1.5851821e-01   2.1135563e-01   5.7856830e-01  -8.1371636e-03  -6.9675000e-03  -1.6574550e-03
  -1.5200047e-01   1.9232164e-01   6.1443227e-01  -6.5410151e-03  -6.9831702e-03  -1.5866981e-03
  -8.9036342e-02   1.9151159e-01   6.8314305e-01  -7.0987640e-03  -6.2481110e-03  -8.2769432e-04
  -1.3634041e-01   2.7110610e-01   5.4641177e-01  -7.5582518e-03  -6.6895080e-03  -1.4735638e-03
  -1.4800202e-01   2.0953394e-01   7.1915460e-01  -9.0787796e-03  -6.4769359e-03  -1.2851170e-03
  -7.8718712e-02   1.8719137e-01   8.4992244e-01  -8.6419496e-03  -6.3061025e-03  -9.1350642e-04
  -5.8433822e-02   1.6611074e-01   9.7993829e-01  -1.1436710e-02  -5.7038389e-03  -9.0661836e-04
  -7.8357836e-02   1.8538557e-01   1.0270270e+00  -1.2781182e-02  -6.7829343e-03  -8.9232166e-04
  -7.2724572e-02   1.9713548e-01   1.1018976e+00  -1.2180008e-02  -6.7296210e-03  -1.0256240e-03
  -1.0595117e-01   1.9251245e-01   9.0078897e-01  -1.0702625e-02  -6.9674212e-03  -1.2642554e-03
  -8.6856422e-02   1.9007050e-01   8.7850165e-01  -1.0398616e-02  -7.2636041e-03  -1.0136316e-03
  -8.7437206e-02   1.7395011e-01   9.0645463e-01  -1.0258536e-02  -6.8692413e-03  -1.0833439e-03
  -9.5812096e-02   1.9808722e-01   8.7916626e-01  -1.0345464e-02  -7.1340655e-03  -1.1065131e-03
  -1.2160070e-01   1.8861624e-01   8.8871965e-01  -1.0172614e-02  -6.8718569e-03  -1.5189099e-03
  -9.1538170e-02   2.4311275e-01   8.2570541e-01  -1.1491513e-02  -7.3802283e-03  -1.4852442e-03
  -7.7470973e-02   1.8185771e-01   9.1604485e-01  -1.1038155e-02  -6.2131138e-03  -1.5202214e-03
  -7.1640628e-02   2.0792148e-01   9.4380637e-01  -1.0388500e-02  -7.3339629e-03  -1.2883414e-03
  -6.8884492e-02   2.4115525e-01   8.6928962e-01  -1.0792234e-02  -6.9158771e-03  -7.8203325e-04
   2.1653414e-02   2.2577516e-01   1.0087637e+00  -1.1060927e-02  -6.8592870e-03  -6.6402505e-04
  -2.9555069e-02   2.1037880e-01   9.8555548e-01  -1.0480220e-02  -6.4898322e-03  -7.2732656e-04
  -9.9041215e-02   2.8258302e-01   8.9833882e-01  -1.0350723e-02  -6.8987279e-03  -1.4043777e-03
