   0.0000000e+00   0.0000000e+00   0.0000000e+00   0.0000000e+00   0.0000000e+00   0.0000000e+00
   1.3919510e-03   9.1747169e-03  -6.4907022e-02   1.1138315e-03  -3.9782470e-04  -4.3973763e-05
  -4.6421685e-02   1.5840319e-02   2.8243855e-03   7.8073217e-04  -2.5744513e-04  -3.5314705e-04
  -4.6118410e-02   3.2670088e-02   7.2324156e-03   1.1880483e-03  -1.0322339e-04  -6.0170755e-04
  -5.3071187e-02   1.2647308e-02   2.2239921e-02   3.7209986e-04  -1.3733236e-04  -6.7606552e-04
  -5.5416426e-02   1.9583857e-02   7.0418300e-02   2.1686134e-04  -1.7481409e-04  -3.6327869e-04
  -2.5230877e-02   5.8396072e-02   7.9285133e-02  -1.6784042e-04  -3.8674923e-04  -2.0788879e-04
  -4.6238859e-02   6.9282917e-02   1.5086406e-01  -7.4309714e-04  -7.2380583e-04  -4.4289249e-04
  -1.0550338e-02   4.1223690e-02   1.1420290e-01   1.1415054e-04   2.9886850e-04  -4.8945605e-04
   1.7309562e-02   6.2035595e-02   7.3555989e-02   4.2170976e-04   2.4399969e-04  -3.9695884e-04
  -1.0076516e-01   6.5568137e-02   9.2446855e-02   1.0654010e-03   2.4738066e-05  -1.6542739e-03
  -4.6877990e-02   5.0475671e-02   1.4372798e-01  -8.7145780e-05  -4.1030461e-06  -8.8572676e-04
  -4.1379949e-02   7.3605796e-02   1.1761422e-01   7.6088496e-06   1.3693238e-04  -8.4253960e-04
  -4.2415058e-02   6.7638164e-02   1.1424563e-01  -5.2529654e-04  -1.9005603e-04  -8.2019350e-04
  -5.6563792e-02   6.3844061e-02   1.5526072e-01  -3.5920114e-04   3.4762245e-04  -9.4339106e-04
  -4.2765776e-02   1.1479878e-01   9.2129026e-02   2.8741431e-04   2.9859407e-04  -4.3057713e-04
  -5.0945403e-02   8.3581627e-02   1.2276852e-01   1.1561681e-04   4.3821268e-05  -7.8433913e-04
  -4.6089869e-02   7.3581412e-02   1.6103698e-01  -7.2516663e-04   9.1299402e-06  -5.0669278e-04
  -6.2392876e-02   1.0307532e-01   1.4591741e-01   1.5884894e-04   1.2046072e-04  -6.0897653e-04
  -5.1892861e-02   9.9240739e-02   1.3165036e-01  -2.9779952e-05   2.5028228e-04  -6.7178563e-04
  -5.2176878e-02   7.9957322e-02   1.6749661e-01  -1.4912068e-04   4.5529427e-04  -5.8130248e-04
  -3.6591024e-02   5.5716939e-02   2.1797210e-01  -1.3510188e-03   6.1018281e-04  -6.0014557e-04
  -2.9767192e-02   1.0118380e-01   1.5455807e-01  -1.0697985e-03   4.3684986e-04  -4.6290532e-04
  -2.2404712e-02   1.1828652e-01   1.5577328e-01   2.7592068e-04   3.8749009e-04  -4.8088678e-04
  -5.3598033e-02   9.1859992e-02   1.6706262e-01  -1.5362511e-04  -2.9654598e-04  -7.4691992e-04
  -4.3063403e-02   8.2147543e-02   2.0975921e-01  -9.1345048e-04  -3.9642102e-05  -4.5290019e-04
  -4.6345748e-02   1.1987924e-01   1.8325699e-01  -7.0084424e-04  -1.6091945e-04  -4.1029134e-04
  -4.9407553e-02   1.0044335e-01   1.8834048e-01  -4.5915655e-04  -4.5123441e-04  -1.3451159e-04
  -5.3422158e-02   8.5757663e-02   2.1399980e-01  -1.1517498e-03  -4.6531022e-04  -4.6324156e-04
  -6.1050139e-02   1.0635490e-01   2.2388466e-01  -1.4303267e-03  -1.2148475e-04  -4.4950727e-04
  -6.2135004e-02   1.5398145e-01   1.7799135e-01  -6.7793897e-04   7.9919253e-05  -4.4145689e-04
  -5.1937019e-02   1.1610163e-01   1.6072149e-01  -2.3482022e-04   2.6505303e-04  -9.4797989e-04
  -7.1354334e-02   1.2858537e-01   2.0447830e-01  -3.1938359e-04   1.7922426e-04  -6.4031455e-04
  -5.1770261e-02   1.5688116e-01   1.7210844e-01  -1.4903350e-04  -6.5461402e-05  -5.8100440e-04
  -5.8831979e-02   1.1957143e-01   1.9231075e-01  -4.6948939e-04   2.4664412e-04  -6.0072608e-04
  -4.4420583e-02   1.0412359e-01   2.0128377e-01  -7.2034059e-04   4.9983863e-04  -7.1517754e-04
  -5.7446106e-02   1.1668374e-01   2.1762270e-01  -8.3247039e-04   6.0436542e-04  -5.9561613e-04
  -3.2682693e-02   1.4077706e-01   2.2542422e-01  -1.5670986e-03   2.8786099e-04  -4.1484251e-04
  -4.4429979e-02   1.4388836e-01   1.9331813e-01  -1.4804449e-03   4.6060417e-04  -8.0256708e-04
  -9.9594827e-02   9.7321586e-02   1.2453279e-01  -2.0514860e-04  -4.5693438e-04  -6.8571957e-04
  -1.0099976e-01   1.3633654e-01   1.5028658e-01   6.4687986e-04  -1.1963113e-03   2.9194127e-04
  -7.2267047e-02   7.6496847e-02   1.1548385e-01   6.7656477e-04  -1.3693847e-03   9.1558966e-04
  -7.3206756e-02   1.3848725e-01   5.0565578e-02  -2.6176903e-04  -1.2244814e-03  -3.3931398e-04
  -6.5108450e-02   1.2097757e-01   1.2415972e-01  -5.2198840e-04  -1.2972907e-04  -8.6930997e-04
  -3.9625096e-02   1.1670213e-01   1.5589441e-01  -1.7226266e-04  -6.9934320e-05  -4.4832703e-04
  -4.3349833e-02   1.2901562e-01   1.6190579e-01  -1.1469759e-03  -5.1397821e-05  -7.0811938e-04
  -5.2259197e-02   1.2478551e-01   1.2776600e-01  -5.8983757e-04  -3.7021121e-04  -6.6424815e-04
  -6.3955735e-02   1.2043699e-01   1.3329960e-01  -6.7055078e-04   4.2364112e-04  -8.0357665e-04
  -5.8886238e-02   1.1873677e-01   1.2871047e-01  -8.0114574e-04   3.3034737e-04  -8.5802684e-04
  -4.4031295e-02   1.4225197e-01   1.8694221e-01  -2.0032576e-03   8.4448534e-04  -8.8995384e-04
  -3.3085497e-02   1.4119790e-01   1.1765914e-01  -9.8035222e-04   6.9843545e-04  -7.9033211e-04
  -4.4601890e-02   1.2869432e-01   2.1325284e-01  -2.1685990e-03   1.0860220e-03  -9.3467465e-04
  -4.5855000e-02   1.4153549e-01   1.2868015e-01  -1.0842550e-03   7.5891014e-04  -9.9883667e-04
  -4.5211642e-02   1.2687459e-01   1.9012491e-01  -1.2698150e-03   6.9240186e-04  -7.5787931e-04
  -2.6025777e-02   1.6742827e-01   1.5487432e-01  -2.1557346e-03   7.4563814e-04  -6.7261638e-04
   6.1066892e-03   1.3402283e-01   1.2449247e-01  -8.7297424e-04   1.2033395e-03  -6.5723399e-04
  -1.0634572e-02   1.7771318e-01   1.5938511e-01  -8.5147547e-04   7.7367454e-04  -5.7123536e-04
  -4.2390111e-02   1.7361295e-01   1.2354663e-01  -1.8652925e-04   1.1215060e-03  -9.0509045e-04
  -5.2586885e-02   1.5850843e-01   1.1674295e-01  -5.2844043e-04   4.7583595e-04  -7.9023022e-04
  -5.0345446e-02   1.5702692e-01   1.7285375e-01  -1.6780841e-03  -7.7207182e-04  -3.5905549e-04
  -6.0212745e-02   1.6272088e-01   1.3889802e-01  -1.8613729e-03  -6.9076822e-04  -4.5494050e-04
  -6.1885612e-02   1.7769689e-01   1.5550266e-01  -1.2800248e-03  -7.5701039e-04  -4.2921637e-04
  -5.4632353e-02   1.7332087e-01   1.6514424e-01  -1.4675575e-03  -7.6000400e-04  -2.5043481e-04
  -5.9118215e-02   1.5566806e-01   2.0672419e-01  -2.5956621e-03  -7.7442848e-04  -3.5802136e-04
  -3.7731684e-02   1.4544104e-01   1.6506957e-01  -2.2029763e-03  -8.3023169e-04  -4.0825066e-04
  -3.5852951e-02   1.8826886e-01   2.4682022e-01  -2.1848614e-03  -3.0781796e-04  -1.5992274e-04
  -4.8309123e-02   1.7222210e-01   2.2588666e-01  -2.3742711e-03  -4.0777867e-04  -3.8061501e-04
  -5.5153809e-02   1.7271386e-01   1.9938677e-01  -2.5539517e-03  -4.7506284e-04  -3.7532981e-04
  -7.7212129e-02   2.1324631e-01   2.1162141e-01  -1.4212264e-03  -3.4145416e-04  -3.8351063e-04
  -5.4182153e-02   1.4395135e-01   1.8459746e-01  -2.1807864e-03  -6.9579435e-04  -3.5014022e-04
  -3.3883511e-02   1.8025641e-01   1.2075816e-01  -1.5069039e-03  -9.8050736e-04  -8.2581383e-05
  -4.2988755e-02   1.9862642e-01   1.5154225e-01  -1.8421309e-03  -3.3507032e-04  -3.4701003e-04
  -2.4930944e-02   1.8132433e-01   1.3441043e-01  -1.3780262e-03  -4.1136980e-04  -1.7924348e-04
  -2.2305107e-02   1.8195867e-01   2.8804400e-01  -3.9176123e-03  -6.3731697e-05  -1.0996773e-04
  -3.1056313e-02   2.0400357e-01   1.9460987e-01  -2.5875820e-03  -2.0679978e-04  -1.0443608e-04
  -5.2985835e-02   2.1143011e-01   2.2544903e-01  -3.9364002e-03  -2.2518217e-04  -2.6959546e-04
  -3.6095225e-02   2.3192761e-01   9.3401347e-02  -7.2422515e-04  -4.9019125e-04   6.4970476e-05
  -4.6937430e-02   1.7633941e-01   2.2247097e-01  -2.3070063e-03  -3.5622259e-04  -6.0152178e-05
  -4.3276833e-02   2.1017232e-01   1.8514422e-01  -2.6597913e-03  -6.1583014e-04  -1.8715451e-04
  -6.8378364e-02   2.2750585e-01   2.6887030e-01  -9.7224984e-04   1.3783974e-04  -4.2352198e-04
  -1.2036078e-01   2.1058385e-01   2.6570338e-01  -3.0367373e-03  -5.3473527e-04  -8.5673268e-04
  -9.3949406e-02   2.1718163e-01   2.2957193e-01  -3.1723599e-03   9.6532877e-05  -6.7554787e-04
  -9.0542749e-02   2.1077933e-01   2.5118049e-01  -2.9607037e-03  -1.3171344e-03  -2.5757147e-04
  -5.9869040e-02   2.0778372e-01   3.2006092e-01  -4.1224287e-03  -2.6652368e-04  -3.9964916e-05
  -7.1395252e-02   1.9210072e-01   2.0317138e-01  -3.2732899e-03  -1.1355124e-03   1.0882897e-04
  -3.1442093e-02   2.2183407e-01   2.1880836e-01  -3.0388538e-03  -2.1293074e-04   8.2015049e-05
  -8.2076206e-02   2.1938784e-01   2.5980107e-01  -3.5084444e-03  -1.4353811e-03  -2.8790622e-04
  -5.5811615e-02   2.3128236e-01   2.5931009e-01  -3.0987329e-03   1.1278113e-03   3.2903787e-04
  -5.6415093e-02   1.0708143e-01  -3.2395003e-02   9.3522496e-04  -4.1117888e-03   5.0631213e-04
  -3.0991242e-01   1.1053279e-01  -3.3382576e-01   6.5445009e-03  -9.4611789e-03   8.4609327e-04
  -3.3957829e-01   1.4018242e-01  -2.9652975e-01   5.1224207e-04  -4.2363634e-03  -5.2973248e-04
  -2.3016224e-01   1.4817701e-01  -4.0726144e-01  -1.6332230e-03  -5.8637434e-03  -5.2068231e-04
  -1.4382828e-01   1.1755106e-01  -1.2076144e-01  -2.4859710e-03  -3.1648783e-03  -6.0611901e-04
  -8.0404404e-02   1.0326924e-01  -3.9849218e-02  -3.3457123e-03  -3.7643795e-03  -2.0285626e-04
  -1.4286998e-01   1.7266642e-01   1.5351007e-03  -4.2700679e-03  -3.1774384e-03  -3.2161936e-04
  -1.4178713e-01   1.3815752e-01   9.1330478e-02  -4.8815442e-03  -3.0406462e-03  -2.9304162e-04
  -1.0181186e-01   1.8449567e-01   8.9830308e-02  -5.3391175e-03  -1.4647324e-03  -4.6059123e-04
  -1.5588254e-01   1.6903235e-01   1.4005208e-01  -5.4953875e-03  -3.3892615e-03  -2.7888831e-04
  -1.3960902e-01   1.7505110e-01   1.8400764e-01  -7.5379108e-03  -2.5896209e-03  -2.1296171e-04
  -9.4822924e-02   1.6166338e-01   1.4033930e-01  -6.1446140e-03  -2.6942546e-03  -1.6273443e-05
  -1.2278878e-01   2.2497256e-01   1.0240140e-01  -5.2159924e-03  -2.1413896e-03   6.2244794e-05
  -1.6397895e-01   2.0193228e-01   1.0361643e-01  -5.3858857e-03  -2.9999060e-03  -1.5974197e-04
  -1.4932864e-01   1.8492283e-01   1.6845041e-01  -6.2487830e-03  -3.1511270e-03   1.3296427e-04
  -1.5328533e-01   2.2771471e-01   1.3649950e-01  -6.6748013e-03  -3.5096121e-03   1.6564963e-04
  -1.5723510e-01   2.5549805e-01   1.0207546e-01  -5.2933874e-03  -2.1683872e-03   1.8379098e-04
  -1.6552466e-01   2.1890860e-01   1.0307589e-01  -5.3329835e-03  -2.2416789e-03  -1.6235589e-04
  -1.6229626e-01   2.0427590e-01   1.8611752e-01  -6.5721387e-03  -2.2655010e-03  -1.5470168e-04
  -1.5799807e-01   2.4028081e-01   1.3663618e-01  -6.5874789e-03  -2.5971894e-03  -2.8800893e-05
  -1.5627271e-01   1.9291542e-01   1.0172360e-01  -6.4981683e-03  -2.7878474e-03  -3.0354148e-04
  -1.3104653e-01   2.1520765e-01   1.5034452e-01  -5.2631450e-03  -2.5519453e-03  -7.1204895e-05
  -1.2171031e-01   2.1603846e-01   1.2222329e-01  -5.2554016e-03  -2.6931233e-03  -1.5538662e-04
  -1.0110381e-01   2.1949033e-01   1.4304089e-01  -5.4988014e-03  -2.2233877e-03  -1.4155380e-04
  -1.0299495e-01   2.4714737e-01   1.3600607e-01  -5.7568737e-03  -2.8279543e-03   6.4205380e-05
  -1.2321739e-01   2.2976585e-01   6.7636009e-02  -3.8937377e-03  -1.9628019e-03  -2.7343197e-05
  -1.2942377e-01   2.1939838e-01  -2.6637915e-01  -1.3410504e-03  -2.4758773e-03   2.6517831e-04
  -1.1658230e-01   2.3551869e-01  -4.1263355e-01  -1.9827231e-03  -3.3494602e-03  -6.7585907e-05
  -1.0725981e-01   2.1602535e-01   3.3627609e-02  -4.5556878e-03  -2.4559499e-03  -5.7381865e-05
  -1.1969363e-01   2.5297095e-01   1.9834438e-01  -4.8067624e-03  -3.1378878e-03   1.8857691e-04
  -8.2456373e-02   2.7698274e-01   2.6267723e-01  -6.7884756e-03  -2.4603530e-03   4.5119888e-04
  -4.9355422e-02   2.5975681e-01   2.4708365e-01  -6.2498271e-03  -2.3934396e-03   3.8965537e-04
  -9.2196768e-02   2.6323173e-01   3.1729582e-01  -6.6976902e-03  -2.5537055e-03   4.4715438e-04
  -8.5977447e-02   2.6306783e-01   2.7618485e-01  -5.9732835e-03  -2.6178630e-03   3.5508509e-04
  -7.4414532e-02   2.4287966e-01   3.6984473e-01  -7.6505238e-03  -1.9991477e-03   3.3061404e-04
  -9.1824540e-02   2.7169250e-01   2.8021330e-01  -7.1981895e-03  -2.3733015e-03   5.9584767e-04
  -8.8719402e-02   3.0116001e-01   2.9101573e-01  -7.0067563e-03  -2.3294543e-03   6.8337743e-04
  -9.3305016e-02   2.7854983e-01   2.9741593e-01  -7.2672318e-03  -2.4773475e-03   7.3759856e-04
  -6.2548867e-02   2.5245071e-01   2.3721389e-01  -7.5746362e-03  -2.1937420e-03   3.5471898e-04
  -6.5933119e-02   2.9555461e-01   1.5360682e-01  -5.0448489e-03  -2.0597824e-03   6.2364715e-04
  -9.7496591e-02   2.9839472e-01   1.8594879e-01  -5.7349810e-03  -2.1757253e-03   4.4758228e-04
  -9.9395871e-02   2.4403613e-01   3.4919313e-01  -8.4680206e-03  -3.2981944e-03   5.0982858e-04
  -9.4933852e-02   2.6767054e-01   2.8252878e-01  -7.6865281e-03  -3.0583694e-03   7.6245076e-04
  -7.3148105e-02   2.6571407e-01   2.7606805e-01  -8.0969770e-03  -2.8703866e-03   7.9318463e-04
  -9.0490372e-02   3.1167150e-01   3.5191672e-01  -1.0005005e-02  -2.7907070e-03   7.5804273e-04
  -8.1105406e-02   3.1564930e-01   2.8292146e-01  -7.8220171e-03  -2.9748561e-03   8.6548261e-04
  -8.2296342e-02   2.9318565e-01   3.4549683e-01  -8.8902606e-03  -2.6390823e-03   5.0033645e-04
  -9.8280203e-02   3.1982658e-01   2.9047569e-01  -7.6943048e-03  -3.2793529e-03   8.1722598e-04
  -9.9237382e-02   2.8422992e-01   3.5129445e-01  -8.1380766e-03  -2.7652128e-03   3.8230398e-04
  -8.3412741e-02   2.9362064e-01   3.6961161e-01  -9.1975548e-03  -3.1447173e-03   8.6064284e-04
  -1.0285957e-01   3.2416839e-01   3.0050044e-01  -7.7241167e-03  -2.7578644e-03   8.0229949e-04
  -7.8978634e-02   2.9828443e-01   2.0091364e-01  -6.8538759e-03  -2.9733681e-03   7.7322402e-04
  -9.4383224e-02   3.0122058e-01   2.7959719e-01  -7.0378041e-03  -2.6949619e-03   4.6745440e-04
  -1.3341610e-01   2.9713904e-01   3.1708949e-01  -7.4534587e-03  -3.4813448e-03   4.3868103e-04
  -1.4977511e-01   2.9890324e-01   3.3625360e-01  -7.5608299e-03  -3.8068503e-03   6.3359212e-04
  -1.3069136e-01   2.9753710e-01   3.2963767e-01  -8.2896120e-03  -3.5307057e-03   6.9558975e-04
  -1.3481359e-01   2.9925044e-01   3.1931781e-01  -7.4196072e-03  -3.1279048e-03   4.3824239e-04
  -1.3673853e-01   3.3864461e-01   3.6941829e-01  -9.1515894e-03  -3.0310352e-03   7.9209290e-04
  -1.2926254e-01   3.3470234e-01   2.4696487e-01  -6.9503295e-03  -2.9715822e-03   6.3068935e-04
  -1.4247427e-01   3.3823542e-01   2.5947271e-01  -6.9997836e-03  -2.9770261e-03   2.7608535e-04
  -1.4521714e-01   3.1414443e-01   3.3668285e-01  -7.3058348e-03  -3.0031375e-03   6.7108784e-04
  -1.1283689e-01   2.8586970e-01   3.2588081e-01  -6.6063090e-03  -2.7060364e-03   6.1236375e-04
  -1.5506545e-01   2.9408424e-01   3.9463903e-01  -9.3137282e-03  -2.9953334e-03   2.3197202e-05
  -1.3034715e-01   3.3184699e-01   2.5534476e-01  -5.5548596e-03  -3.3388299e-03   6.3887140e-04
  -2.2739698e-01   3.0219896e-01   3.6155228e-01  -3.5258315e-03  -3.2785876e-03  -3.2132078e-04
  -2.1647214e-01   2.2579387e-01   3.6621595e-01  -7.0018993e-03  -5.0348124e-03  -6.7190872e-04
  -2.0509335e-01   3.2453510e-01   2.7328784e-01  -6.4677389e-03  -4.1882045e-03  -2.9631874e-04
  -1.5392746e-01   2.9439648e-01   3.5280286e-01  -7.1871171e-03  -4.0251835e-03  -4.0049037e-04
  -1.2724506e-01   3.0039099e-01   6.6351219e-01  -6.8205154e-03  -2.5753960e-03   7.6973148e-05
  -1.0056156e-01   1.4586497e-01   7.1519851e-01  -7.7979809e-03  -3.0041943e-03  -6.3183947e-04
  -2.7329757e-01   9.7660533e-02  -3.5716129e-01   5.5516047e-03  -7.5581297e-03   9.7423879e-04
  -5.3214041e-01   2.0969945e-01  -1.7250176e-01   8.6462318e-04  -2.9017397e-03  -5.9351620e-04
  -4.0037208e-01   9.7669865e-02   1.8378019e-01  -6.4066442e-03  -4.8236628e-03   5.2871365e-04
  -3.9778932e-01   1.2378869e-01  -9.8103268e-02  -5.7232859e-03  -5.8615705e-03   4.0271022e-04
  -1.8182977e-01   1.4965357e-01  -4.8240128e-02  -7.4587915e-03  -3.3619375e-03  -2.9111889e-04
  -1.2540718e-01   1.5911133e-01   3.7950379e-02  -7.6385024e-03  -1.6986709e-03  -3.2154096e-04
  -8.8106041e-02   1.9857491e-01   8.7382752e-02  -9.2185071e-03  -1.5873146e-03   4.8238437e-04
  -1.2065425e-01   1.8902856e-01   5.2984157e-02  -8.2536865e-03  -2.0462719e-03  -2.3585165e-04
  -1.2882312e-01   2.2669792e-01   9.8763027e-02  -9.3341778e-03  -2.1872487e-03  -9.5658981e-05
  -1.4229701e-01   2.1748461e-01   9.1645655e-02  -9.4109482e-03  -2.2771269e-03  -2.3133327e-04
  -1.1796799e-01   2.2363920e-01   1.3154426e-01  -1.0111434e-02  -2.3975727e-03   7.5176657e-05
  -1.1872684e-01   2.5918275e-01   1.2166592e-01  -9.6780936e-03  -2.5611875e-03   2.2265665e-04
  -1.2027787e-01   2.7377875e-01   1.2290446e-01  -1.0141582e-02  -2.6191689e-03   1.6821484e-05
  -1.1916854e-01   2.8202429e-01   1.4481898e-01  -9.5367001e-03  -2.3286307e-03   4.6733526e-05
  -8.0888951e-02   2.5769061e-01   1.7685996e-01  -9.4169135e-03  -2.3678699e-03   2.9740835e-04
  -7.9876287e-02   2.4355271e-01   1.8486310e-01  -9.8146118e-03  -2.5855779e-03   2.5996024e-04
  -7.9149407e-02   2.6690337e-01   1.5787302e-01  -9.6199931e-03  -2.3196805e-03   2.6841024e-04
  -7.4329619e-02   2.8271294e-01   1.6749045e-01  -9.2756538e-03  -2.4665370e-03   4.6221837e-04
  -5.8748035e-02   2.6788646e-01   1.8379573e-01  -9.9300327e-03  -3.0152305e-03   5.1311355e-04
  -6.7230095e-02   2.9046721e-01   1.8338514e-01  -9.1624651e-03  -2.9190133e-03   5.8457629e-04
  -6.1577960e-02   2.5063182e-01   2.2714391e-01  -9.7047324e-03  -2.8372248e-03   4.9174945e-04
