   0.0000000e+00   0.0000000e+00   7.1054274e-15   0.0000000e+00   0.0000000e+00   0.0000000e+00
   9.3366243e-03   2.3261566e-02   7.4691090e-03  -2.8900592e-04  -6.6723411e-05   1.4013345e-04
   1.9291885e-03   1.8178923e-02   8.4669411e-03  -3.6707945e-04   1.9625655e-05   1.3636582e-04
  -8.1608669e-03   2.7835949e-02   2.9549178e-02  -7.0367025e-04   1.0462849e-04  -4.1091147e-06
   9.2696172e-03   4.7202819e-02   2.5857044e-02  -8.0198644e-04  -4.7170639e-05   2.2561072e-04
  -1.0344233e-02   5.0884466e-02   5.1391036e-02  -8.9798028e-04  -1.5426447e-04  -9.4161340e-06
  -8.9934766e-03   8.1443451e-02   8.8039755e-02  -1.5236821e-03   1.0736392e-04  -1.6850044e-04
   6.2085403e-03   6.4889457e-02   6.4163022e-02  -1.1446409e-03  -1.6162419e-04   2.6135275e-04
   9.8699448e-03   8.3705613e-02   6.1954637e-02  -9.6499156e-04  -3.5670479e-04   3.3627597e-04
   3.1486555e-03   6.1721976e-02   8.7871529e-02  -1.7554735e-03   4.0550302e-05   3.4246390e-06
   1.1771837e-02   7.9933943e-02   5.1251112e-02  -6.4725931e-04  -2.2535486e-04   2.8272659e-04
  -6.9956022e-03   4.4148607e-02   9.1207119e-02  -2.0439276e-03   9.6064122e-05   1.2800266e-04
  -7.1830049e-03   7.2355861e-02   7.0784414e-02  -1.1373942e-03  -2.3313182e-04   1.4156224e-04
  -1.4509290e-03   6.1219771e-02   6.7999826e-02  -1.4181618e-03  -9.7205072e-05   2.0818761e-04
  -1.3476868e-02   6.4705278e-02   8.5485985e-02  -1.7584220e-03  -3.2369492e-05   1.0826970e-04
  -1.3074527e-02   9.5755580e-02   6.7982452e-02  -1.9016509e-03  -3.2584250e-05   1.0721181e-04
  -2.8060620e-02   9.3202210e-02   6.7973330e-02  -1.7897813e-03   9.5186119e-05  -1.3997861e-05
  -2.1067733e-02   9.8326292e-02   7.3430557e-02  -1.6375882e-03   6.9210666e-05   3.8391345e-06
  -1.9054435e-02   9.1598891e-02   7.4128687e-02  -1.8285616e-03   1.7496005e-05   1.7760938e-04
  -2.5834732e-02   1.2051842e-01   7.0286231e-02  -1.3085322e-03   1.5578926e-04   1.0369470e-05
  -1.2692450e-02   1.0093248e-01   8.4236940e-02  -1.9358070e-03   2.0510445e-04   2.4008223e-04
  -1.9131668e-02   1.0008737e-01   9.7786528e-02  -2.0706744e-03   3.4466902e-04   1.1082686e-04
  -6.4073067e-03   9.3161806e-02   7.4381744e-02  -1.5068620e-03  -4.0859473e-05   3.2754882e-04
  -4.3797845e-03   1.1667069e-01   5.4479087e-02  -8.7968418e-04  -2.2066530e-04   4.7761361e-04
  -1.9969340e-02   8.7112503e-02   9.7334423e-02  -2.2813587e-03   2.3481204e-04   5.6191117e-05
  -2.1614518e-02   9.7366034e-02   1.3110654e-01  -2.5544782e-03   1.7640184e-04   1.4612303e-04
  -3.2747142e-02   1.1750298e-01   1.3213775e-01  -2.8674459e-03  -1.1985989e-04   1.0657914e-04
  -3.0901337e-02   1.3874506e-01   1.6199585e-01  -2.9441913e-03  -5.3676991e-04   1.1282852e-04
  -4.3787499e-02   1.3894409e-01   1.9226776e-01  -3.5975931e-03  -4.8625480e-05  -3.4355389e-06
  -5.4325930e-02   1.2410331e-01   1.8625049e-01  -3.1412892e-03  -3.0569309e-04  -1.5559844e-04
  -3.9088112e-02   1.5133110e-01   1.6345083e-01  -3.1757078e-03  -4.3592519e-04   1.2768907e-04
  -5.3737776e-02   1.2295358e-01   1.8698082e-01  -3.2358171e-03  -1.2877696e-04  -1.5091450e-04
  -3.7693517e-02   1.5126230e-01   1.5994554e-01  -2.4858106e-03  -4.3378135e-04  -6.4946333e-06
  -4.9961463e-02   1.0522981e-01   2.0307428e-01  -3.6548527e-03  -3.4731446e-04  -7.5268118e-05
  -4.7270391e-02   1.2363133e-01   2.2120247e-01  -3.3973451e-03  -5.7505357e-04   4.0926458e-05
  -5.6950848e-02   1.4621176e-01   1.6637699e-01  -2.9571991e-03  -3.6806504e-04  -2.3445770e-04
  -5.0692490e-02   1.5036668e-01   1.9370204e-01  -3.4084294e-03  -7.2822347e-04   1.6545336e-04
  -5.4202905e-02   1.7471989e-01   2.0526370e-01  -3.1376622e-03  -6.8400618e-04   1.1267705e-04
  -6.4484939e-02   1.3023567e-01   2.3246070e-01  -4.2643028e-03  -4.1519948e-04  -1.7153085e-04
  -6.5201697e-02   1.5922910e-01   2.4280868e-01  -3.7922510e-03  -4.1117417e-04  -1.9130040e-04
  -6.3839586e-02   1.7186136e-01   2.1535461e-01  -3.9152581e-03  -2.1818085e-04  -1.0659928e-04
  -6.3649792e-02   1.6043312e-01   2.3146790e-01  -4.0523782e-03  -3.8747332e-04  -1.3734572e-04
  -5.9221452e-02   1.5416075e-01   2.0207321e-01  -3.9214156e-03  -2.2987355e-04  -1.0440644e-04
  -6.4219585e-02   1.5223259e-01   2.1687995e-01  -4.2885507e-03  -3.5861742e-04  -9.8029799e-05
  -5.8862638e-02   1.7755073e-01   1.8370968e-01  -3.4718763e-03  -2.7211064e-04  -1.1318404e-04
  -5.7364470e-02   1.6145193e-01   2.4091698e-01  -4.1309579e-03  -1.5382529e-04   1.2053178e-04
  -4.7130062e-02   1.6401732e-01   2.3343627e-01  -3.7854960e-03  -4.4127842e-04   7.9272263e-05
  -4.7908683e-02   1.6813688e-01   2.3292613e-01  -4.0481601e-03  -2.0049398e-04   1.5409059e-04
  -4.7439891e-02   1.6426538e-01   2.6261558e-01  -4.1916654e-03  -4.2398854e-04   6.2416820e-05
  -6.4910954e-02   1.6587987e-01   2.4908432e-01  -4.3254418e-03  -2.3343419e-04  -1.8306893e-04
  -6.1305095e-02   1.7831934e-01   2.6182445e-01  -4.2644948e-03  -5.6965647e-04  -9.0979187e-05
  -6.4554253e-02   1.7719432e-01   2.5887157e-01  -4.4247060e-03  -3.1675141e-04  -1.5394169e-04
  -6.8101229e-02   1.7029245e-01   2.9597339e-01  -4.8959154e-03  -2.0190345e-04  -1.3451806e-04
  -6.9201719e-02   1.7774847e-01   2.9721644e-01  -5.0943526e-03   1.8343056e-05  -5.2983211e-05
  -7.6617593e-02   1.8628053e-01   3.2547032e-01  -4.7839383e-03  -4.4016823e-05  -1.2821085e-05
  -7.9070291e-02   1.7438025e-01   2.4467533e-01  -2.4264744e-03   2.8040318e-04  -9.1361017e-04
  -8.3547661e-02   1.5405106e-01   3.4575053e-01  -4.3448220e-03   5.7183987e-04  -9.0321125e-04
  -6.5249172e-02   1.8454094e-01   3.1793930e-01  -4.5539688e-03   6.9934534e-04  -5.0440125e-04
  -6.2906828e-02   1.6609736e-01   3.4480698e-01  -5.3798261e-03   9.2960296e-04  -3.0777794e-04
  -7.0581743e-02   1.7405965e-01   3.5159586e-01  -5.3095049e-03   8.5400453e-04  -3.8147899e-04
  -7.3479476e-02   2.0358126e-01   3.3026151e-01  -5.6083102e-03   9.9698753e-04  -4.2565066e-04
  -7.6081915e-02   2.0741216e-01   3.6062007e-01  -5.5793312e-03   1.0892662e-03  -4.1650931e-04
  -7.1966541e-02   1.9822391e-01   3.0878510e-01  -5.0695724e-03   1.0179905e-03  -3.6924439e-04
  -7.7678663e-02   2.0669105e-01   3.3917726e-01  -5.2530071e-03   9.5086459e-04  -1.7524559e-04
  -8.3299032e-02   2.0929565e-01   3.2002977e-01  -5.2912371e-03   1.2882676e-03  -3.1372967e-04
  -9.2833346e-02   2.0266465e-01   3.7236712e-01  -5.8775329e-03   1.2326264e-03  -2.7404794e-04
  -9.5117267e-02   2.0848970e-01   3.4492935e-01  -5.7632247e-03   1.5585559e-03  -6.3512944e-04
  -8.3750537e-02   2.1541139e-01   3.1031865e-01  -5.0123953e-03   9.4364288e-04  -2.2677638e-04
  -9.1616702e-02   2.3777894e-01   3.2775363e-01  -5.3017870e-03   1.2891722e-03  -3.5515571e-04
  -1.0900334e-01   2.1058084e-01   3.7501680e-01  -5.7646717e-03   1.4476923e-03  -5.3403620e-04
  -1.0724694e-01   1.8982432e-01   3.7707377e-01  -6.2528578e-03   1.8208766e-03  -6.5352717e-04
  -1.1372106e-01   2.0016451e-01   4.1146557e-01  -6.3477378e-03   1.6610780e-03  -5.8314046e-04
  -1.0829613e-01   1.7726997e-01   4.2112862e-01  -6.7938919e-03   1.7789379e-03  -7.4181743e-04
  -1.0766471e-01   1.8800673e-01   4.2562670e-01  -6.4373035e-03   1.5152733e-03  -5.8616336e-04
  -9.1072400e-02   2.0052235e-01   3.7238803e-01  -6.1957496e-03   1.2832284e-03  -4.4245872e-04
  -1.2754336e-01   2.0546848e-01   3.7687456e-01  -6.4918033e-03   1.5211361e-03  -9.6727455e-04
  -1.3829981e-01   2.1829713e-01   3.8481016e-01  -6.0289452e-03   1.3834220e-03  -1.1048488e-03
  -1.3199463e-01   2.2172015e-01   3.7982173e-01  -6.5000310e-03   1.2157814e-03  -8.7512849e-04
  -1.3734012e-01   2.2193939e-01   3.8860911e-01  -6.1405204e-03   1.4614848e-03  -1.0353355e-03
  -1.3690716e-01   1.9289298e-01   3.9867418e-01  -6.8977024e-03   1.5716409e-03  -1.1038073e-03
  -1.4342909e-01   2.2917022e-01   3.8726551e-01  -6.9090811e-03   1.8100767e-03  -1.0937012e-03
  -1.4745330e-01   2.0885400e-01   4.1931286e-01  -6.9784705e-03   1.7770254e-03  -1.1461745e-03
  -1.4447269e-01   2.3213661e-01   3.9868144e-01  -6.3009282e-03   1.6453384e-03  -1.1974314e-03
  -1.5625483e-01   2.1077076e-01   3.9049222e-01  -7.1128795e-03   1.7998812e-03  -1.4068359e-03
  -1.3351041e-01   2.1287800e-01   4.2991857e-01  -6.6674075e-03   1.7588656e-03  -1.0917386e-03
  -1.3143804e-01   2.4568927e-01   3.6480074e-01  -6.2401767e-03   1.9444216e-03  -1.0303843e-03
  -1.2853553e-01   2.4636618e-01   3.8546781e-01  -6.2742137e-03   1.5547853e-03  -1.0053384e-03
  -1.2323124e-01   2.4754172e-01   3.2319334e-01  -5.5207172e-03   1.6568649e-03  -1.0858839e-03
  -1.3838863e-01   1.9998579e-01   3.8603847e-01  -6.5430702e-03   1.6311410e-03  -1.3119240e-03
  -1.1508852e-01   2.2666615e-01   2.8406442e-01  -5.1780341e-03   1.7483058e-03  -1.0736010e-03
  -1.2454289e-01   2.1304133e-01   2.2851006e-01  -3.6354881e-03   1.5132184e-03  -1.3924157e-03
  -1.3920354e-01   2.4185813e-01   2.5348337e-01  -4.1455549e-03   1.5771802e-03  -1.9302048e-03
  -1.2322660e-01   1.9586297e-01   2.4425560e-01  -4.0431644e-03   1.5034251e-03  -1.5250858e-03
  -1.2074001e-01   1.9586326e-01   2.4971955e-01  -4.2234438e-03   1.6174359e-03  -1.5835864e-03
  -1.3133513e-01   2.0111723e-01   2.3350088e-01  -3.6796571e-03   1.1397653e-03  -1.8774221e-03
  -1.3442937e-01   2.2552826e-01   2.0109356e-01  -3.9483239e-03   9.8604802e-04  -1.7324482e-03
  -1.4060443e-01   2.3319367e-01   2.0243613e-01  -3.5524547e-03   7.4382783e-04  -1.8284338e-03
  -1.4500999e-01   2.2223018e-01   2.1925519e-01  -3.7575741e-03   1.1381388e-03  -1.9015453e-03
  -1.3555359e-01   2.1728613e-01   2.2109374e-01  -3.8042659e-03   8.6656971e-04  -1.7931711e-03
  -1.2825938e-01   2.6617670e-01   1.9246462e-01  -3.2827358e-03   7.4879566e-04  -1.6944472e-03
  -1.5631100e-01   2.3637267e-01   2.3572765e-01  -4.4868778e-03   9.5616947e-04  -2.1764929e-03
  -1.4705772e-01   2.2000176e-01   2.2037904e-01  -3.9612754e-03   8.5260785e-04  -2.1027484e-03
  -1.4297373e-01   2.3489772e-01   2.1052132e-01  -4.2314896e-03   1.0723987e-03  -2.0000893e-03
  -1.4068987e-01   2.3868674e-01   2.4620865e-01  -4.4707624e-03   9.1374764e-04  -2.1344908e-03
  -1.2852981e-01   2.2611298e-01   1.8127651e-01  -3.5769364e-03   6.2370102e-04  -1.8842710e-03
  -1.3519770e-01   2.1881243e-01   2.3455498e-01  -4.3023677e-03   6.3966424e-04  -2.0048021e-03
  -1.6398193e-01   2.3586591e-01   2.3814715e-01  -4.3457055e-03   7.8460229e-04  -2.3822661e-03
  -1.6831299e-01   2.3523716e-01   2.1350017e-01  -4.1952839e-03   7.2873282e-04  -2.5253761e-03
  -1.7433131e-01   2.1376507e-01   2.5111586e-01  -4.4273861e-03   2.1707742e-04  -2.5963099e-03
  -1.6525562e-01   2.4348508e-01   2.2116976e-01  -3.9901611e-03   9.4817950e-05  -2.4315466e-03
  -1.8280244e-01   2.3940255e-01   2.0878054e-01  -4.4620043e-03   5.7272577e-04  -2.7518539e-03
  -1.8365800e-01   2.5620698e-01   2.1278992e-01  -4.1849276e-03   1.6318162e-04  -2.6616235e-03
  -1.9280555e-01   2.5574090e-01   2.2314345e-01  -4.8076185e-03   4.4205652e-04  -2.8737804e-03
  -2.0843136e-01   2.4538607e-01   2.3835022e-01  -4.7006385e-03   3.0430604e-04  -2.8212703e-03
  -2.0606239e-01   2.5896960e-01   2.4917347e-01  -4.4100960e-03   3.4542381e-04  -2.8028663e-03
  -2.0444761e-01   2.3597729e-01   2.3919228e-01  -4.3516101e-03   1.0224250e-04  -2.7922023e-03
  -2.1976213e-01   2.4879516e-01   2.0494874e-01  -3.9820457e-03  -1.7666347e-04  -3.0176352e-03
  -2.3218862e-01   2.4267066e-01   2.7189691e-01  -4.4445406e-03  -2.1059206e-04  -3.1446927e-03
  -2.3557955e-01   2.5893326e-01   2.6630804e-01  -4.8266101e-03   5.2913881e-05  -3.1426396e-03
  -2.3686791e-01   2.5684800e-01   2.7229776e-01  -4.9073533e-03  -3.3098418e-05  -3.0876048e-03
  -2.3996562e-01   2.3630802e-01   2.1586801e-01  -4.3496446e-03  -2.2408769e-04  -3.3902875e-03
  -2.7868638e-01   2.0893408e-01   3.1463912e-01  -5.3183677e-03  -6.2274433e-04  -3.9302499e-03
  -2.8478081e-01   2.5630632e-01   2.5977660e-01  -5.2136489e-03  -1.0475165e-03  -4.0265856e-03
  -2.9266479e-01   2.3330331e-01   2.8148457e-01  -5.1135203e-03  -1.1775796e-03  -4.0838236e-03
  -2.6126793e-01   2.8234120e-01   2.1369637e-01  -3.9036350e-03  -1.2768621e-03  -3.6161976e-03
  -2.7443525e-01   2.1211264e-01   2.7816209e-01  -5.4185411e-03  -1.1323636e-03  -3.7637060e-03
  -2.7622617e-01   2.5251250e-01   2.3370736e-01  -4.5827448e-03  -1.3494124e-03  -3.8226374e-03
  -2.8618477e-01   2.4026217e-01   2.3212757e-01  -4.7251627e-03  -1.4114318e-03  -3.9806802e-03
  -2.9567804e-01   2.8402798e-01   2.2276251e-01  -4.9443944e-03  -1.4139179e-03  -4.1438465e-03
  -3.0657709e-01   2.5214504e-01   2.0284287e-01  -5.1513514e-03  -1.1031194e-03  -4.4377028e-03
  -3.0564555e-01   2.6818815e-01   2.3709094e-01  -5.0982263e-03  -1.3688981e-03  -4.3864375e-03
  -3.0240612e-01   2.6217123e-01   2.0538773e-01  -4.7842356e-03  -1.2322138e-03  -4.4809348e-03
  -2.9597822e-01   2.4240033e-01   2.1203835e-01  -4.9059583e-03  -1.0907129e-03  -4.2901619e-03
  -2.7800312e-01   2.5999941e-01   1.4465185e-01  -3.8299137e-03  -1.3007860e-03  -4.0214326e-03
  -2.8536978e-01   2.7083315e-01   1.6638277e-01  -4.0473416e-03  -1.0331708e-03  -4.0840548e-03
  -2.8580499e-01   2.4229638e-01   1.5219206e-01  -4.3502531e-03  -8.2003923e-04  -4.3022368e-03
  -3.0572392e-01   2.6629018e-01   2.4161628e-01  -5.2424927e-03  -8.2326926e-04  -4.5147228e-03
  -2.9650084e-01   2.4077630e-01   2.4749923e-01  -4.9836948e-03  -6.7601391e-04  -4.4554839e-03
  -3.0520545e-01   2.1979448e-01   2.6192790e-01  -4.5982618e-03  -9.6828560e-04  -4.5229152e-03
  -2.8657286e-01   2.3283273e-01   2.5830507e-01  -5.0852049e-03  -4.6645681e-04  -4.3361302e-03
  -3.0524720e-01   2.3175583e-01   2.6684214e-01  -4.7338030e-03  -6.4352560e-04  -4.5171182e-03
  -2.9863608e-01   2.8523250e-01   2.2963530e-01  -4.2537285e-03  -5.7048445e-04  -4.4507013e-03
  -3.0388436e-01   2.5954084e-01   2.2634087e-01  -4.8518616e-03  -5.2351849e-04  -4.6654090e-03
  -3.1635640e-01   2.6919313e-01   2.5379721e-01  -5.0806837e-03  -5.6216172e-04  -4.7006604e-03
  -3.0613951e-01   2.8616644e-01   2.3378555e-01  -4.7791681e-03  -3.3838757e-04  -4.5214899e-03
  -3.1963008e-01   2.8095134e-01   2.5065660e-01  -5.0052741e-03  -2.9337825e-04  -4.7490614e-03
  -3.0916948e-01   2.6621607e-01   2.0644195e-01  -4.6144892e-03  -3.0823293e-04  -4.6696435e-03
  -3.1748726e-01   2.5139054e-01   2.4124287e-01  -4.8950014e-03  -5.5971244e-04  -4.8606176e-03
  -3.1283524e-01   2.5068342e-01   2.7293074e-01  -5.1016413e-03  -8.2570802e-04  -4.8234326e-03
  -3.0488257e-01   2.5653504e-01   2.1777437e-01  -4.1881365e-03  -1.0879053e-03  -4.6451462e-03
  -3.0724381e-01   2.7246755e-01   2.4168791e-01  -4.3746139e-03  -9.7803143e-04  -4.5854359e-03
  -3.1087091e-01   2.8108419e-01   2.0117195e-01  -4.0633812e-03  -1.1869203e-03  -4.5724614e-03
  -3.0968165e-01   3.0442957e-01   2.2436247e-01  -4.2300883e-03  -1.1541067e-03  -4.2304028e-03
  -3.2494876e-01   2.7150508e-01   2.5829607e-01  -4.7770986e-03  -4.4500916e-04  -4.5638124e-03
  -3.1393245e-01   2.5118740e-01   2.9710023e-01  -4.7976057e-03  -6.0226139e-04  -4.4649957e-03
  -3.0803629e-01   2.4358464e-01   2.1894606e-01  -4.4102259e-03  -8.4366903e-04  -4.4739794e-03
  -3.1402012e-01   2.6423242e-01   2.1514237e-01  -3.8886020e-03  -1.0246257e-03  -4.3976633e-03
  -3.1731350e-01   2.6855234e-01   2.6874341e-01  -4.9388890e-03  -6.5742886e-04  -4.5652015e-03
  -3.1350994e-01   2.9846500e-01   2.5096308e-01  -4.3541046e-03  -9.7685824e-04  -4.3225938e-03
  -3.0534077e-01   2.6935137e-01   2.3075298e-01  -4.6929828e-03  -5.2143555e-04  -4.6844534e-03
  -3.2647142e-01   2.7261468e-01   2.6303924e-01  -4.3598051e-03  -9.4861014e-04  -4.7649266e-03
  -2.9812363e-01   3.0045319e-01   2.0336223e-01  -3.6331098e-03  -1.2045349e-03  -4.2959610e-03
  -3.2625206e-01   2.8676469e-01   2.2885036e-01  -4.5785481e-03  -1.1123496e-03  -4.8043689e-03
  -3.1223162e-01   3.3367561e-01   2.0931035e-01  -3.6566621e-03  -1.0158522e-03  -4.4852119e-03
  -3.2766697e-01   3.0524846e-01   2.4133585e-01  -4.5195298e-03  -6.6586715e-04  -4.4568858e-03
  -3.0626486e-01   3.2341199e-01   1.9767042e-01  -3.6611576e-03  -7.3395791e-04  -4.1490746e-03
  -3.0651957e-01   2.9570321e-01   1.9674621e-01  -4.0738316e-03  -4.4356944e-04  -4.3551945e-03
  -3.0096715e-01   3.0202232e-01   1.6646658e-01  -3.3702795e-03  -7.3444975e-04  -4.1055997e-03
  -3.1556219e-01   2.7842741e-01   1.9149862e-01  -4.2692242e-03  -4.5960983e-04  -4.6175645e-03
  -3.0084070e-01   2.7180512e-01   1.8271979e-01  -3.8701792e-03  -5.5877639e-04  -4.3999744e-03
  -3.2627427e-01   2.5575023e-01   2.1363494e-01  -4.6102797e-03  -8.4943096e-04  -4.7509900e-03
  -3.0675310e-01   2.5481288e-01   1.8628752e-01  -3.5595393e-03  -7.5077290e-04  -4.3190273e-03
  -2.9982484e-01   2.9799430e-01   1.5054581e-01  -3.6453971e-03  -2.5435620e-04  -4.0903839e-03
  -3.1333739e-01   2.9822563e-01   1.7376831e-01  -3.5806298e-03  -6.9886366e-04  -4.4417582e-03
  -3.0564606e-01   2.5723419e-01   1.7694370e-01  -3.3573621e-03  -1.1857625e-03  -4.3672707e-03
  -3.2448304e-01   2.8980591e-01   1.8049043e-01  -3.8543790e-03  -1.9454689e-03  -4.5690146e-03
  -3.0461308e-01   2.7555052e-01   1.5399800e-01  -3.3232305e-03  -1.9902563e-03  -4.1349661e-03
  -3.2093295e-01   2.9192035e-01   1.6562915e-01  -3.5990072e-03  -2.3184955e-03  -4.3712369e-03
  -3.2086046e-01   3.1974086e-01   1.2510474e-01  -2.7442246e-03  -2.7581893e-03  -4.2466210e-03
