   0.0000000e+00  -1.1953341e-14   0.0000000e+00   0.0000000e+00   0.0000000e+00   0.0000000e+00
  -3.6027008e-03   2.0408711e-02  -6.3200561e-02   2.2441156e-04  -2.8532735e-04   2.5473831e-05
   4.3236833e-03   3.3461105e-02  -3.7606516e-02  -3.4398743e-04   8.5872216e-05  -1.2990764e-05
  -1.9296738e-03   1.1413477e-02  -5.3852396e-02   8.1727486e-04  -3.3473116e-06   1.7726493e-04
  -3.3343283e-02   7.7856793e-02  -7.3728410e-02   7.6291661e-05   2.3542592e-05  -3.6417358e-04
  -2.3246639e-02   1.4525579e-01   4.4456448e-02   6.4844165e-04   1.1932259e-04  -2.9116580e-04
  -1.9742745e-02   4.6307055e-02  -6.2889424e-04   4.5797971e-04   7.6711233e-04  -2.6809885e-04
  -8.2762495e-03   5.6395724e-02  -7.0527067e-02   1.6451099e-03   3.1706014e-04   1.6048581e-04
  -1.4000017e-02   5.4553561e-02  -2.4220760e-01   4.2531664e-03   9.6898462e-04  -1.4016152e-04
  -2.6582296e-02   7.4653164e-02  -9.8380646e-02   1.6901003e-03   1.0091320e-03   2.0962793e-04
  -3.9945980e-02   1.0200846e-01  -1.0044286e-01   2.3734503e-03   1.3481504e-03  -3.1050201e-04
  -3.7466900e-02   8.2421535e-02  -4.0122150e-02   1.1293442e-03   1.0571052e-03  -8.0785896e-05
  -5.0194510e-02   1.2981338e-01  -1.2158857e-01   3.1681752e-03   1.0310280e-03  -3.6367270e-04
  -6.8836899e-02   1.3642085e-01  -1.5908151e-01   2.0546055e-03   1.2905305e-03  -7.7873949e-04
  -3.5139057e-02   1.2035264e-01  -1.3437806e-01   2.6503544e-03   6.1587119e-04  -4.2643601e-05
  -4.1704081e-02   1.4420726e-01  -1.4854575e-01   3.2076093e-03   7.1429206e-04  -4.4009520e-05
  -4.7193902e-02   1.1862833e-01  -6.4865581e-02   7.2528974e-04   1.1978680e-03  -1.1231630e-04
  -6.7056477e-02   1.4161616e-01  -1.0579043e-01   1.1736435e-03   1.3366026e-03  -4.1182205e-04
  -4.8624139e-02   1.3935632e-01  -8.2587631e-02   2.0571644e-03   8.3098316e-04  -1.4290999e-04
  -3.7656907e-02   1.5356465e-01  -1.3809041e-01   2.4756681e-03   9.8288169e-04  -2.0292756e-04
  -5.2221554e-02   1.5606951e-01  -1.0600296e-01   1.8843262e-03   9.8779901e-04  -3.7212581e-04
  -3.9853332e-02   2.2153159e-01  -1.9043324e-01   3.2527816e-03   1.6480316e-03  -4.2367224e-04
  -2.3266514e-02   1.5350210e-01  -1.5669969e-01   1.2937436e-03   1.1490443e-03   1.3132031e-04
  -6.4368734e-02   2.1401912e-01  -1.9695324e-01   3.4483285e-03   1.3639531e-03  -5.1035450e-04
  -7.0394202e-02   2.1053382e-01  -1.9716465e-01   2.1295927e-03   1.7421630e-03  -6.7614406e-04
  -5.0416071e-02   2.0751832e-01  -2.1607881e-01   2.1101317e-03   1.3300309e-03  -9.9561019e-05
  -6.9123867e-02   2.2316187e-01  -1.8767674e-01   1.4125024e-03   1.7546067e-03  -5.2790517e-04
  -4.6558748e-02   2.0250571e-01  -2.2230584e-01   3.1841244e-03   1.3948367e-03  -9.4520382e-05
  -4.9820135e-02   2.5788819e-01  -2.6705316e-01   3.4658111e-03   1.9542968e-03  -4.7290261e-04
  -5.8682711e-02   2.1423802e-01  -1.3880237e-01   9.3787775e-04   1.9521926e-03  -1.9470410e-04
  -4.4861302e-02   2.0069548e-01  -1.2722272e-01   1.2430752e-03   2.1910062e-03  -2.1505504e-04
  -7.1065218e-02   2.2938500e-01  -1.1474490e-01   8.9843315e-04   1.9976041e-03  -2.5842734e-04
  -6.7248048e-02   2.3558131e-01  -1.2492503e-01   1.2922060e-03   2.1800551e-03  -4.6836049e-04
  -7.0014081e-02   2.4282874e-01  -9.3859268e-02   6.7698605e-04   2.1928539e-03  -1.4721659e-04
  -7.5366048e-02   2.2392430e-01  -2.3052643e-01   2.3327133e-03   2.6290130e-03  -6.2864726e-04
  -8.5834483e-02   2.4953687e-01  -1.6202525e-01   7.8426082e-04   2.7475001e-03  -4.8638533e-04
  -8.5834215e-02   2.4623361e-01  -1.6657011e-01   2.7282842e-03   2.9971172e-03  -5.3900707e-04
  -9.2737586e-02   3.0481513e-01  -1.9836702e-01   2.2849859e-03   3.1190879e-03  -4.7414683e-04
  -9.5315726e-02   2.8541004e-01  -1.5696947e-01   1.3193833e-03   2.9136666e-03  -6.5715807e-04
  -5.5134194e-02   2.5881656e-01  -1.7360469e-01   2.2124837e-03   2.3492167e-03  -1.5280453e-04
  -5.4409479e-02   2.7040120e-01  -2.0244403e-01   1.7565607e-03   2.0474314e-03   6.1073121e-05
  -8.8351775e-02   2.7413039e-01  -1.4742952e-01   1.7363637e-03   2.9031816e-03  -5.1900881e-04
  -6.4531827e-02   2.9098549e-01  -1.6732044e-01   1.7935310e-03   2.7535930e-03  -2.5709625e-04
  -9.5997524e-02   3.0879259e-01  -1.5957501e-01   5.5494366e-04   2.5551839e-03  -5.9771330e-04
  -8.6675111e-02   2.9219176e-01  -2.0327656e-01   2.3236349e-03   2.6731209e-03  -6.8283821e-04
  -8.3880955e-02   2.9819181e-01  -2.6110962e-01   2.5276827e-03   2.3895498e-03  -4.4039635e-04
  -2.6237062e-02   3.1570806e-01  -2.0602153e-01   2.1685887e-03   2.5567643e-03   9.8086198e-05
   7.0765298e-03   2.6946930e-01  -2.7339558e-01   3.0327418e-03   1.8146499e-03   2.8384573e-04
  -5.2054228e-02   3.0946697e-01  -2.7515105e-01   2.7363104e-03   2.1825784e-03  -3.0797851e-04
  -4.3182176e-02   3.1456318e-01  -2.9174703e-01   2.4398599e-03   2.3704798e-03  -3.3856543e-04
  -4.1349775e-02   3.2188434e-01  -2.6008638e-01   2.7813148e-03   3.2051918e-03  -4.9033627e-04
  -5.5707085e-02   3.2282307e-01  -3.0656619e-01   3.2405370e-03   3.3531585e-03  -7.0665312e-04
  -3.5006532e-02   3.4692356e-01  -1.8359732e-01   1.7496070e-03   3.0167618e-03  -1.7197938e-05
  -7.0793908e-02   3.9880920e-01  -2.2664507e-01   2.2154518e-03   3.4158334e-03  -9.4762272e-04
  -4.1279202e-02   3.0996545e-01  -3.1979752e-01   1.9180031e-03   3.1983802e-03  -3.9361232e-04
  -9.4183358e-02   3.6274598e-01  -3.0818403e-01   1.7589620e-03   4.0122152e-03  -1.3400128e-03
  -4.6379632e-02   3.3677331e-01  -2.9120314e-01   2.4323480e-03   3.5973559e-03  -5.8048820e-04
  -2.6263538e-02   3.4221928e-01  -2.2016763e-01   1.5904822e-03   3.4552489e-03  -2.6046917e-05
  -8.5513530e-02   3.6482596e-01  -3.1542036e-01   3.5128146e-03   3.9595390e-03  -5.0382399e-04
  -7.5725668e-02   3.7145588e-01  -3.0099569e-01   2.7548979e-03   3.8950034e-03  -5.4826101e-04
  -7.2330529e-02   3.5410466e-01  -2.8096626e-01   2.4333608e-03   3.7158142e-03  -4.7482628e-04
  -6.6744305e-02   3.7880050e-01  -2.8581225e-01   1.9205704e-03   3.8194331e-03  -5.5165191e-04
  -9.2042080e-02   4.1607878e-01  -3.5855658e-01   3.2735854e-03   3.9726147e-03  -8.7732995e-04
  -9.8824947e-02   4.3826752e-01  -4.1384826e-01   3.6554275e-03   4.2195883e-03  -1.1687479e-03
  -6.7968210e-02   3.8476046e-01  -3.3983333e-01   2.1646177e-03   4.1259036e-03  -6.0510457e-04
  -6.2764933e-02   3.9483588e-01  -3.5414732e-01   2.4190459e-03   4.4085371e-03  -7.4903353e-04
  -8.2767690e-02   4.2343846e-01  -3.8712836e-01   3.0608670e-03   4.4213690e-03  -1.1381325e-03
  -9.8320692e-02   5.0234445e-01  -4.1354654e-01   3.5626384e-03   4.3126251e-03  -1.0497619e-03
  -6.9299452e-02   4.2416030e-01  -3.5702374e-01   1.7428179e-03   4.3201645e-03  -7.0583124e-04
  -6.1097981e-02   4.2307207e-01  -4.0842497e-01   3.1316766e-03   4.3700438e-03  -8.2190480e-04
  -3.8639682e-02   3.9051222e-01  -3.6618035e-01   2.3772214e-03   4.2399548e-03  -4.0187850e-04
  -6.4202181e-02   4.7008716e-01  -4.3670405e-01   3.2790990e-03   4.5561398e-03  -1.1449079e-03
  -5.7722308e-02   4.7550693e-01  -4.4855555e-01   3.5223379e-03   4.2912324e-03  -8.4352485e-04
  -7.3825654e-02   4.5440998e-01  -3.4497952e-01   2.1618517e-03   4.7498185e-03  -9.2127675e-04
  -5.9317615e-02   4.5401899e-01  -3.9416344e-01   2.7660929e-03   4.3737596e-03  -6.8465788e-04
  -8.0419493e-02   4.7747959e-01  -4.7650147e-01   3.2915018e-03   4.2812412e-03  -1.0401016e-03
  -8.6096267e-02   4.5934568e-01  -4.2717192e-01   3.3184763e-03   4.5385046e-03  -9.1525619e-04
  -1.0327672e-01   4.8975810e-01  -4.2634760e-01   3.4696205e-03   5.1079660e-03  -1.3465311e-03
  -7.3790053e-02   4.7103110e-01  -4.2423494e-01   2.5115433e-03   4.0902378e-03  -8.4443808e-04
  -1.1155498e-01   4.9164279e-01  -6.9855658e-01   7.0710968e-03   4.8923030e-03  -1.7250435e-03
  -8.0749671e-02   4.8352612e-01  -6.3271377e-01   5.4146512e-03   4.5976186e-03  -1.1325729e-03
  -7.8994542e-02   5.0904619e-01  -5.9323041e-01   5.6097954e-03   4.2795320e-03  -1.1539576e-03
  -7.7714543e-02   5.2644590e-01  -5.8545946e-01   5.4272772e-03   4.2409587e-03  -1.1602207e-03
  -8.0763005e-02   4.9038150e-01  -4.9656941e-01   3.6639003e-03   4.6291930e-03  -1.1723406e-03
  -7.6887240e-02   4.9489086e-01  -5.0966701e-01   3.6819970e-03   4.8216678e-03  -1.1328322e-03
  -8.0705030e-02   5.1824396e-01  -5.3580520e-01   4.4976328e-03   4.8496223e-03  -1.1827556e-03
  -8.1939514e-02   5.1745418e-01  -5.2874523e-01   4.1290805e-03   4.8049391e-03  -1.2454889e-03
  -6.5892605e-02   4.8798068e-01  -4.4311353e-01   3.0621859e-03   4.9097733e-03  -1.0788542e-03
  -6.5855354e-02   5.1985289e-01  -5.0057213e-01   3.7589750e-03   4.7631829e-03  -1.0037747e-03
  -6.7325518e-02   5.1573824e-01  -4.8405068e-01   3.0834348e-03   4.7073691e-03  -1.0068624e-03
  -6.4220942e-02   5.5301858e-01  -5.2445736e-01   4.1147736e-03   4.7717178e-03  -1.0587136e-03
  -6.0707432e-02   5.6204270e-01  -4.8064466e-01   3.2534609e-03   4.8152459e-03  -1.1002842e-03
  -5.6674285e-02   5.4311222e-01  -4.7885034e-01   4.1490248e-03   5.4346091e-03  -1.1545977e-03
  -6.4316623e-02   5.6132313e-01  -4.8344845e-01   3.5992921e-03   5.3032255e-03  -1.3002899e-03
  -6.1747887e-02   5.2659872e-01  -4.4099978e-01   3.0535660e-03   5.3495011e-03  -1.1564715e-03
  -6.6757361e-02   5.7121596e-01  -4.9618838e-01   4.5906008e-03   5.5168157e-03  -1.3726054e-03
  -5.5807600e-02   5.7361512e-01  -5.7277326e-01   5.2617872e-03   5.5795770e-03  -1.5643684e-03
  -5.6820872e-02   5.3208014e-01  -4.8386850e-01   3.4604940e-03   5.3984508e-03  -1.2898946e-03
  -3.0527834e-02   5.6146516e-01  -4.7833025e-01   4.0905073e-03   5.3133400e-03  -8.7269362e-04
  -3.2506181e-02   5.3718464e-01  -4.5206889e-01   3.5243969e-03   5.2188319e-03  -7.4296123e-04
  -5.3293393e-02   5.7240317e-01  -4.7084531e-01   3.9425230e-03   5.8785135e-03  -1.3226196e-03
  -4.9055672e-02   5.5253772e-01  -4.2932512e-01   3.0102152e-03   5.3928946e-03  -1.1480386e-03
  -6.2997620e-02   5.5873728e-01  -4.5635642e-01   3.9435288e-03   5.9974313e-03  -1.5139393e-03
  -7.2775243e-02   5.9718593e-01  -4.1151195e-01   3.4059474e-03   5.5859212e-03  -1.2136393e-03
  -5.7981336e-02   5.8111764e-01  -4.2889772e-01   3.4468552e-03   5.5678130e-03  -1.2701494e-03
  -4.3924243e-02   5.7182154e-01  -4.1042419e-01   2.8232050e-03   5.6858987e-03  -1.2444573e-03
  -6.2601239e-02   5.7727596e-01  -4.0776104e-01   3.3351898e-03   5.9329266e-03  -1.5331631e-03
  -2.4123450e-02   5.7510517e-01  -3.9152129e-01   3.1822963e-03   5.6373816e-03  -7.9177822e-04
  -2.7155154e-02   5.8980459e-01  -4.5087018e-01   3.5187869e-03   5.5421185e-03  -9.1257631e-04
  -4.9304302e-02   6.0246544e-01  -4.2893624e-01   3.5338817e-03   5.8514184e-03  -1.4115547e-03
  -5.4934716e-02   5.7397053e-01  -4.1431141e-01   3.0187871e-03   5.8800272e-03  -1.3866131e-03
  -6.7962031e-02   5.7366398e-01  -4.3829695e-01   2.9539667e-03   6.0250704e-03  -1.6393644e-03
  -5.2231820e-02   6.0434799e-01  -4.2455299e-01   3.6051109e-03   6.0418988e-03  -1.2954008e-03
  -6.0694378e-02   5.8674352e-01  -4.0365534e-01   2.5578355e-03   5.8605789e-03  -1.3822374e-03
  -2.2240752e-02   6.0490234e-01  -4.3265688e-01   4.0669069e-03   5.2433738e-03  -8.2419892e-04
  -3.1862809e-02   5.7721743e-01  -4.7340297e-01   3.2672568e-03   5.0679059e-03  -7.2495672e-04
  -4.5178361e-02   6.2567970e-01  -4.5470653e-01   4.2729472e-03   5.9374441e-03  -1.2831777e-03
  -4.9210553e-02   6.0006906e-01  -4.0134404e-01   3.2977450e-03   6.0314513e-03  -1.1229467e-03
  -4.9784690e-02   6.3121084e-01  -4.7529329e-01   4.6603518e-03   5.7736347e-03  -1.3003105e-03
  -3.7935278e-02   6.1759028e-01  -5.0687399e-01   4.5403498e-03   5.6122462e-03  -1.0404258e-03
  -1.6411319e-02   6.0957453e-01  -3.9526214e-01   3.2873418e-03   5.6381260e-03  -5.9948834e-04
  -6.0251655e-02   6.3753660e-01  -4.0686241e-01   3.0907752e-03   5.8597122e-03  -1.2766562e-03
  -3.3846807e-02   6.1286107e-01  -4.3729850e-01   3.8466967e-03   5.6727043e-03  -9.4551816e-04
  -2.9024037e-02   6.5087985e-01  -4.9011080e-01   4.2569552e-03   5.8236704e-03  -1.1404299e-03
  -1.2944154e-02   6.6334211e-01  -4.6218654e-01   3.5460193e-03   6.1240621e-03  -1.0443120e-03
  -9.2198321e-03   6.3592305e-01  -4.5304538e-01   3.7903029e-03   6.0459244e-03  -7.9628077e-04
   1.4965487e-03   6.3443143e-01  -6.3717206e-01   5.9740919e-03   5.8450015e-03  -6.2883752e-04
   5.2020922e-03   6.7352047e-01  -5.9101331e-01   5.2742314e-03   6.0000115e-03  -6.3919078e-04
   1.1273891e-02   6.4966075e-01  -4.5493241e-01   4.1357877e-03   6.0793831e-03  -4.6985047e-04
   1.2239308e-04   6.3907933e-01  -4.1875750e-01   3.2465601e-03   6.2695545e-03  -6.4509140e-04
  -1.2983842e-03   6.3253966e-01  -5.0656609e-01   4.9679171e-03   6.2159849e-03  -6.0966665e-04
   3.4486648e-03   6.3960994e-01  -5.5698407e-01   5.3837717e-03   5.7935621e-03  -4.5826573e-04
  -1.0733523e-02   6.8434444e-01  -5.3183632e-01   5.1630092e-03   6.4159723e-03  -8.3106090e-04
  -2.1745559e-02   6.9172086e-01  -5.1049945e-01   5.0123289e-03   6.3086593e-03  -9.5248451e-04
  -3.8087390e-03   6.5470463e-01  -4.4021301e-01   3.9411039e-03   6.5995473e-03  -7.7037394e-04
  -8.2580863e-03   6.8138308e-01  -4.8586625e-01   4.5351620e-03   6.7282477e-03  -9.1160297e-04
   2.9343909e-03   6.8147130e-01  -4.5732314e-01   4.1476710e-03   6.4278404e-03  -7.4527356e-04
  -1.1366186e-02   6.8180658e-01  -4.7807424e-01   4.5783852e-03   7.1591076e-03  -9.8665483e-04
   2.4157869e-02   6.9650197e-01  -4.5401995e-01   3.6675650e-03   6.1897502e-03  -5.0133995e-04
   2.1150295e-02   6.6284001e-01  -5.6735066e-01   4.6423984e-03   6.2851736e-03  -4.0720397e-04
   1.7117855e-03   6.8966643e-01  -5.2420895e-01   4.0519574e-03   6.6333891e-03  -8.2677496e-04
   6.8564452e-03   7.0371505e-01  -5.5555994e-01   4.4492814e-03   6.6293560e-03  -5.3381335e-04
   1.3933422e-02   7.0227763e-01  -4.7899088e-01   4.1282469e-03   6.7713668e-03  -5.9669880e-04
   2.0343010e-02   6.8044473e-01  -4.9390301e-01   4.5036103e-03   6.8083167e-03  -4.6450758e-04
  -2.1350199e-02   7.3984294e-01  -5.9660652e-01   5.6839277e-03   7.1030964e-03  -1.2547728e-03
  -4.2748753e-02   7.5281154e-01  -6.3920376e-01   5.4625025e-03   6.9075502e-03  -1.4318783e-03
   1.1179531e-02   6.8674647e-01  -4.5856209e-01   3.7497714e-03   6.6447468e-03  -3.8868548e-04
  -1.4624962e-02   7.0547992e-01  -5.4670857e-01   3.9621159e-03   6.8049908e-03  -8.9409690e-04
  -6.4477994e-03   7.2407752e-01  -4.9595991e-01   3.4052727e-03   6.9504656e-03  -7.6849585e-04
   1.5326310e-02   7.4420947e-01  -5.2656772e-01   4.9162399e-03   7.3432193e-03  -9.4977163e-04
   2.6144049e-02   7.3379285e-01  -5.7544110e-01   4.5652153e-03   7.0876072e-03  -2.0189855e-04
   4.1418182e-02   6.8732131e-01  -5.3967356e-01   4.4114780e-03   7.4186827e-03  -4.6734952e-05
   2.5451117e-02   7.8526109e-01  -4.2471291e-01   4.2511394e-03   7.7143786e-03  -7.4910210e-05
   2.7421620e-02   7.4696269e-01  -4.9176363e-01   4.3701335e-03   7.5998440e-03  -4.9328093e-04
   1.4126894e-02   7.0999432e-01  -5.5464101e-01   4.1456678e-03   7.7245174e-03  -5.5843145e-04
   2.4862015e-02   7.3719223e-01  -4.7453855e-01   3.8291243e-03   7.3849815e-03  -3.6045396e-04
  -9.6393059e-04   8.0183776e-01  -4.9387723e-01   4.1113887e-03   7.7032790e-03  -6.4855167e-04
   2.1224114e-02   7.8807643e-01  -4.2755295e-01   3.1382385e-03   7.8047211e-03  -5.9101837e-04
   5.4042458e-02   7.7773513e-01  -4.8164942e-01   1.8323438e-03   6.8895373e-03   1.2403266e-04
   5.0315734e-02   7.5152928e-01  -6.4108464e-01   3.9971172e-03   7.4361004e-03  -9.0910029e-05
   5.8163452e-02   7.4382237e-01  -4.9711855e-01   3.4038367e-03   7.5793859e-03  -1.0670113e-04
   6.1855791e-02   7.2181335e-01  -4.6809302e-01   2.6728145e-03   7.2343685e-03   9.7208701e-06
   7.6250480e-02   7.5312370e-01  -5.1388598e-01   3.2950196e-03   7.6660090e-03  -7.1573101e-05
   5.8462388e-02   7.4395837e-01  -5.2306237e-01   2.9725984e-03   7.6672320e-03  -3.1842165e-04
   7.6792267e-02   7.2500457e-01  -4.7122680e-01   3.0559117e-03   7.8895125e-03   8.6058711e-05
   8.0345796e-02   7.4524456e-01  -4.9527183e-01   3.0755765e-03   7.8084791e-03   3.1337184e-05
   7.3511687e-02   7.5685160e-01  -5.1578465e-01   3.2984561e-03   8.0804285e-03  -7.1336965e-05
   5.1766255e-02   7.8514383e-01  -5.7811221e-01   3.9729894e-03   8.3992095e-03  -3.6396766e-04
   8.3604486e-02   7.5252154e-01  -5.0059565e-01   2.0114503e-03   7.6336226e-03   1.0401659e-04
   7.6860898e-02   7.4189624e-01  -5.2570732e-01   3.6182215e-03   8.1673385e-03  -2.4258984e-04
   5.9543392e-02   7.6978111e-01  -5.5090940e-01   3.1663881e-03   8.0567091e-03  -3.6208901e-04
   8.1248130e-02   7.8218466e-01  -5.1732871e-01   3.0682878e-03   7.4884300e-03  -1.6039208e-04
   7.0502778e-02   7.2732627e-01  -6.4643759e-01   4.2984891e-03   6.9663150e-03  -1.9736677e-04
   6.5750454e-02   7.7266662e-01  -5.9968144e-01   3.8898708e-03   7.4336677e-03  -4.5338288e-04
   7.9709941e-02   7.6894683e-01  -5.6544895e-01   3.2395208e-03   7.2802886e-03  -3.9135940e-05
   8.5581350e-02   7.9012179e-01  -5.6677337e-01   4.3486853e-03   7.4834288e-03  -1.1798960e-04
   6.9510503e-02   7.9512372e-01  -6.5129550e-01   4.3602024e-03   7.3648507e-03  -3.0698427e-04
   9.4621533e-02   7.8989753e-01  -5.9374206e-01   4.1320780e-03   7.4815007e-03   5.8167484e-06
   7.1227286e-02   7.7161616e-01  -5.4737354e-01   2.9846158e-03   7.5101336e-03  -2.4001623e-04
