   0.0000000e+00   0.0000000e+00  -5.9642811e-15  -6.5403378e-17  -1.1446527e-17  -7.4864153e-34
  -2.4778582e-02  -1.5945392e-02   8.9551730e-03   1.2746670e-05   1.9078093e-05  -6.2034059e-04
  -4.2827121e-02  -1.7008892e-02   2.4766910e-02  -5.8912163e-05   1.7879409e-04  -8.1122703e-04
  -7.3062400e-02  -2.8389191e-02   1.8772790e-02   6.2369026e-05   4.6213856e-04  -1.3116095e-03
  -7.8783314e-02  -8.1937415e-03   1.1689513e-02   2.0126521e-04   4.3015496e-04  -1.3100101e-03
  -8.2728688e-02  -4.5562000e-03  -3.2759464e-03   5.8939902e-04   7.0366616e-04  -1.5431016e-03
  -1.0543221e-01  -3.1989804e-02   6.2279754e-05   9.2207389e-04   1.1108406e-03  -1.7114414e-03
  -8.6002289e-02  -2.7214033e-02   4.0106595e-02  -2.9744654e-04   8.2263571e-04  -1.0925924e-03
  -9.0389820e-02  -2.7845569e-02   2.6067910e-02   2.0111301e-04   1.0732042e-03  -1.2892276e-03
  -8.8002999e-02  -2.2652442e-02   2.7023224e-02   2.1310210e-04   6.3796162e-04  -1.2474046e-03
  -9.8981548e-02  -1.5013992e-02   4.3585339e-02   2.1602600e-04   7.4558842e-04  -1.6353144e-03
  -1.0358773e-01   1.0815217e-02   3.9145772e-02   1.9553051e-04   9.5341214e-04  -1.5692231e-03
  -1.0738747e-01   7.6185919e-03   4.1419914e-02   2.9916260e-04   1.2658346e-03  -1.7050103e-03
  -1.0999056e-01  -7.0213382e-03   3.3877712e-02   3.7637945e-04   1.1753191e-03  -1.4977058e-03
  -1.1164700e-01   7.3155807e-03   3.5518179e-02   5.1001349e-04   1.3041293e-03  -1.6700923e-03
  -1.2307965e-01   9.4709498e-04   2.6217019e-02   8.5220390e-04   1.3511914e-03  -1.6168426e-03
  -1.1613222e-01  -4.5420176e-04   3.2326065e-02   9.1393525e-04   1.2363707e-03  -1.2962194e-03
  -1.1892183e-01  -1.4071976e-02   5.1483891e-02   8.5416707e-04   1.1190089e-03  -1.3577497e-03
  -1.3784624e-01  -4.2269430e-04   3.0282832e-02   1.8636376e-03   1.2295390e-03  -1.4791306e-03
  -1.4769702e-01  -7.4762871e-03   7.1010689e-02   1.6353950e-03   1.7249648e-03  -1.6903394e-03
  -1.2930752e-01   4.6166420e-03   7.1994945e-02   1.5962253e-03   1.6530185e-03  -1.3569852e-03
  -1.1751585e-01   1.0423003e-03   7.6965690e-02   1.4475978e-03   1.9512340e-03  -1.3070966e-03
  -1.3822668e-01  -1.2547380e-03   5.4634297e-02   1.5972019e-03   2.0202539e-03  -1.4638497e-03
  -1.5047647e-01  -6.7948787e-03   5.2281699e-02   1.7074466e-03   1.8729757e-03  -1.4041280e-03
  -1.5956276e-01  -1.1459480e-02   7.0417721e-02   1.7603268e-03   1.9673856e-03  -1.4124311e-03
  -1.5104837e-01  -1.7843296e-02   1.1370267e-01   1.5846430e-03   1.8542489e-03  -1.1312358e-03
  -1.6778421e-01  -4.5857474e-03   9.9481470e-02   2.7124764e-03   1.8897892e-03  -1.6468672e-03
  -1.7355491e-01  -5.4018363e-03   8.1012872e-02   2.6809432e-03   1.8977242e-03  -1.5594996e-03
  -1.8011119e-01  -1.8554955e-04   1.0083192e-01   2.2315180e-03   2.1416720e-03  -1.5502628e-03
  -1.9209596e-01   1.0372497e-02   1.0220858e-01   2.0410232e-03   2.4789124e-03  -1.9145349e-03
  -1.8617140e-01   7.8393877e-03   6.3275414e-02   3.1013266e-03   2.4334707e-03  -1.7375408e-03
  -1.8996586e-01   7.7728639e-03   4.3420704e-02   3.3495435e-03   2.4711907e-03  -1.8154682e-03
  -1.7476948e-01  -1.8979190e-02   1.0910563e-01   1.9547760e-03   2.1568573e-03  -1.2439826e-03
  -1.8679438e-01   1.2939036e-02   6.8326579e-02   3.5945829e-03   2.1988696e-03  -1.6037622e-03
  -2.0357881e-01   7.7291612e-02   8.3426718e-02   4.2623508e-03   2.8553878e-03  -1.4605212e-03
  -1.9559537e-01   8.5729114e-02   9.4275656e-02   3.4602528e-03   2.8271882e-03  -1.6687721e-03
  -2.1544341e-01   9.2584038e-02   1.1478607e-01   3.0751585e-03   3.2233167e-03  -1.9913889e-03
  -2.1506993e-01   8.1247823e-02   7.1813133e-02   3.7773718e-03   3.1998224e-03  -1.9833438e-03
  -2.1355026e-01   7.2633040e-02   8.1440871e-02   3.9619230e-03   3.1423365e-03  -1.9963957e-03
  -2.2160538e-01   4.8536467e-02   1.2483158e-01   3.2141417e-03   3.1471972e-03  -1.7410089e-03
  -2.1623315e-01   5.6037143e-02   1.5453113e-01   3.1896578e-03   3.2217608e-03  -2.0696949e-03
  -2.2791964e-01   5.7994215e-02   1.4796451e-01   3.1251618e-03   3.3091085e-03  -2.0306932e-03
  -2.2702980e-01   6.4623110e-02   1.2522269e-01   3.5012268e-03   3.4023833e-03  -2.0465068e-03
  -2.2100179e-01   5.6121982e-02   1.1150943e-01   3.4426582e-03   3.3812274e-03  -1.7810955e-03
  -2.2483841e-01   3.7072491e-02   1.2095121e-01   3.3848866e-03   3.6580059e-03  -1.8584504e-03
  -2.2582897e-01   2.8162089e-02   1.1150506e-01   3.1088045e-03   3.6487997e-03  -1.8500565e-03
  -2.2790939e-01   3.7048371e-02   1.3757202e-01   3.0970168e-03   3.4225424e-03  -1.9247250e-03
  -1.9132899e-01   5.4385411e-02   1.5952398e-01   2.6409602e-03   3.1750717e-03  -1.7621400e-03
  -2.3416506e-01   4.5223830e-02   1.0684161e-01   3.6725649e-03   3.8432971e-03  -2.1258904e-03
  -2.1305014e-01   5.2138520e-02   9.9269993e-02   3.0489554e-03   3.3193176e-03  -1.7905631e-03
  -2.4085159e-01   1.5259344e-02   1.0598103e-01   4.1516994e-03   3.4042815e-03  -2.0131002e-03
  -2.1408466e-01   7.1925913e-02   1.1582578e-01   2.4085003e-03   3.7217654e-03  -2.5986991e-03
  -1.8686406e-01   6.8958810e-02   1.0150590e-01   1.4454635e-03   2.6957144e-03  -2.9440266e-03
  -2.3783664e-01   4.2935084e-02   1.4317601e-01   1.6086394e-03   3.4383738e-03  -3.2271583e-03
  -2.1605339e-01   4.8588193e-02   1.1438543e-01   2.1450382e-03   3.2890934e-03  -2.8423657e-03
  -2.3440399e-01   6.0146732e-02   1.2705251e-01   2.2633208e-03   3.3871029e-03  -3.2878396e-03
  -2.1704971e-01   4.9343462e-02   1.0893962e-01   2.6099619e-03   3.4058473e-03  -2.7718696e-03
  -2.0487060e-01   1.9914200e-02   9.6288739e-02   3.5425994e-03   3.1164260e-03  -2.0839636e-03
  -2.3783400e-01   3.4955259e-02   1.5210908e-01   2.4859818e-03   3.6520027e-03  -2.7327603e-03
  -2.3296070e-01   3.1941212e-02   1.6116432e-01   2.0270901e-03   3.5961221e-03  -2.5892546e-03
  -2.4599321e-01   5.2681994e-02   1.4322332e-01   2.7565401e-03   3.4992770e-03  -3.0142895e-03
  -2.4602682e-01   4.5116232e-02   1.2894040e-01   2.9943434e-03   3.7544680e-03  -2.9832098e-03
  -2.5008607e-01   5.3508532e-02   1.2808111e-01   2.7998062e-03   3.7898216e-03  -2.9039282e-03
  -2.3569739e-01   4.8456009e-02   1.2991954e-01   2.5210988e-03   3.6838251e-03  -2.9057770e-03
  -2.3596888e-01   6.1644194e-02   1.3151338e-01   2.7760261e-03   3.8928940e-03  -2.9089881e-03
  -2.4605133e-01   6.6573415e-02   9.2978332e-02   2.8632066e-03   3.8693875e-03  -3.0017401e-03
  -2.3432721e-01   6.9128714e-02   1.0887443e-01   3.1738945e-03   3.5720879e-03  -2.4500464e-03
  -2.1099770e-01   1.8344810e-01   2.3838953e-01   3.0260497e-03   3.3180143e-03  -2.3683007e-03
  -2.6635475e-01   1.3413864e-01   1.9708201e-01   2.2333834e-03   4.2687982e-03  -3.1906307e-03
  -2.5003567e-01   1.5854415e-01   1.7881343e-01   2.7161865e-03   3.9172027e-03  -2.7835177e-03
  -2.6998328e-01   1.3540576e-01   1.7561500e-01   3.3771634e-03   4.1653351e-03  -3.3106988e-03
  -2.6290996e-01   1.3255760e-01   1.8499077e-01   3.8923459e-03   4.0065477e-03  -3.0325353e-03
  -2.4669252e-01   1.0952184e-01   2.4134004e-01   2.6432826e-03   4.1542946e-03  -2.4858835e-03
  -2.4653178e-01   1.2507982e-01   2.1651265e-01   3.1142070e-03   4.0919994e-03  -2.8992055e-03
  -2.5178730e-01   1.2612494e-01   2.3624048e-01   2.4100552e-03   4.0494400e-03  -3.0082612e-03
  -2.7408071e-01   1.4698930e-01   2.0106265e-01   3.4479810e-03   4.1984345e-03  -3.6037341e-03
  -2.9214883e-01   1.2910454e-01   1.6376459e-01   3.8072065e-03   4.4993010e-03  -3.7689187e-03
  -2.5567343e-01   1.4603819e-01   1.9394755e-01   2.6670218e-03   4.0090047e-03  -3.0977048e-03
  -2.8365075e-01   1.0674137e-01   1.8411108e-01   3.3346542e-03   4.2118956e-03  -3.4209590e-03
  -2.8294622e-01   1.2115226e-01   1.6030173e-01   3.6301426e-03   4.2989313e-03  -3.6022115e-03
  -2.8119574e-01   1.0767483e-01   1.9405824e-01   2.1281535e-03   4.1583245e-03  -3.2043635e-03
  -2.7587611e-01   1.2805573e-01   1.8885389e-01   2.6896941e-03   4.0601418e-03  -3.0274099e-03
  -2.8508573e-01   1.1542964e-01   2.0892547e-01   2.1363642e-03   4.2371348e-03  -3.1476242e-03
  -2.8525675e-01   1.2458864e-01   1.6422835e-01   3.1029267e-03   4.0334706e-03  -3.5170978e-03
  -2.9212488e-01   1.1546600e-01   2.1691292e-01   1.8618501e-03   4.2796800e-03  -3.4729730e-03
  -2.9821956e-01   1.4768752e-01   1.7642240e-01   3.3089274e-03   4.0584605e-03  -4.0651522e-03
  -3.2113505e-01   1.2219552e-01   2.0915487e-01   2.6357849e-03   4.7042872e-03  -4.2956066e-03
  -2.3935692e-01   2.0780712e-01   1.8238416e-01   4.5763384e-04   4.3212477e-03  -3.4152314e-03
  -2.4321256e-01   2.1267035e-01   1.8149642e-01  -6.2996897e-04   3.5323258e-03  -4.4053683e-03
  -2.7357892e-01   1.6596807e-01   1.5747360e-01   2.4063360e-03   3.8746487e-03  -3.8455707e-03
  -2.6417455e-01   1.7194793e-01   1.3624798e-01   2.1226683e-03   4.1863154e-03  -4.1591274e-03
  -3.0666782e-01   9.6679167e-02   2.1322195e-01   3.1270011e-04   4.8899288e-03  -4.6917018e-03
  -2.7265573e-01   1.1666998e-01   2.1466877e-01   6.4479527e-04   4.8017465e-03  -4.2366592e-03
  -3.0731602e-01   1.1643313e-01   2.4895420e-01   6.8445374e-04   5.1861778e-03  -4.7518582e-03
  -2.9164050e-01   1.3133809e-01   2.1068509e-01   9.1915660e-04   4.9318266e-03  -4.4010556e-03
  -3.1173364e-01   9.3002933e-02   2.3577192e-01   1.0411661e-03   5.1071166e-03  -4.2653783e-03
  -2.8032155e-01   1.2598963e-01   2.0937044e-01   3.2848564e-04   5.3214672e-03  -4.5444956e-03
  -3.1383004e-01   1.1933235e-01   2.5885883e-01  -1.7312232e-04   5.7738145e-03  -4.8494170e-03
  -3.1220470e-01   1.1433465e-01   2.9775126e-01  -4.0269951e-04   5.3415442e-03  -4.4821001e-03
  -3.2653636e-01   1.2698915e-01   2.9749925e-01  -7.3052168e-05   5.3867546e-03  -4.7211939e-03
  -3.1381448e-01   1.4044898e-01   3.0947929e-01  -1.7116034e-04   5.5992213e-03  -4.5331596e-03
  -3.3550718e-01   1.3187266e-01   2.9834577e-01   3.0068480e-05   5.7886695e-03  -5.0867337e-03
  -3.1847923e-01   1.2635508e-01   2.9196712e-01   9.1463528e-05   5.3492884e-03  -4.8087530e-03
  -3.2284642e-01   1.0710055e-01   3.3807429e-01  -5.8498033e-05   5.7650261e-03  -4.4596448e-03
  -3.1267062e-01   1.0971886e-01   3.6558421e-01  -2.1919682e-04   5.5383185e-03  -4.0161621e-03
  -3.1444799e-01   1.1179501e-01   3.5213806e-01  -8.2065267e-05   5.5706769e-03  -4.1146759e-03
  -3.2289271e-01   1.1538012e-01   3.2235372e-01   2.0944656e-04   5.3808513e-03  -4.2207402e-03
  -3.2790194e-01   1.1543243e-01   3.3530523e-01   2.7321700e-05   5.7346795e-03  -4.3876117e-03
  -3.2434173e-01   1.3620790e-01   3.3484730e-01   3.9947694e-04   5.7792744e-03  -4.5505741e-03
  -3.1985133e-01   1.4413526e-01   3.2225191e-01   1.8952046e-04   5.7368062e-03  -4.4950681e-03
  -3.2782946e-01   1.2485229e-01   3.1200685e-01   4.3036647e-04   5.8441666e-03  -4.1629942e-03
  -3.2854485e-01   1.1570534e-01   3.2643712e-01   3.5398551e-04   5.8343843e-03  -4.4176074e-03
  -3.3463431e-01   1.2936389e-01   3.4825541e-01  -4.8261749e-05   5.5846384e-03  -4.1662714e-03
  -2.7541296e-01   2.3213001e-01   4.6660179e-01   2.0037852e-04   5.4416064e-03  -4.8989534e-03
  -2.9719976e-01   1.1971291e-01   3.5784274e-01   7.1979487e-04   6.1277128e-03  -3.6849015e-03
  -3.3663770e-01   1.3795740e-01   3.4447300e-01   9.4034207e-04   6.0548002e-03  -4.3148205e-03
  -3.2662438e-01   1.2869685e-01   3.5887159e-01   1.1508662e-03   6.0408675e-03  -4.0548803e-03
  -3.4652703e-01   1.0688991e-01   4.3531703e-01   5.3536127e-04   6.2453150e-03  -4.3767353e-03
  -3.3533387e-01   1.0809905e-01   4.2257950e-01   7.5274047e-04   6.1254720e-03  -4.3195279e-03
  -3.4615903e-01   1.0034781e-01   4.2076283e-01   3.7353534e-04   6.4275739e-03  -4.2999546e-03
  -3.3638029e-01   1.1266605e-01   4.2431933e-01   1.1766784e-04   6.1724839e-03  -4.0494824e-03
  -3.4903471e-01   1.2682398e-01   3.5293622e-01   1.2387654e-03   6.3105704e-03  -4.7001567e-03
  -3.4680408e-01   1.2507980e-01   3.3927991e-01   1.0606903e-03   6.2088352e-03  -4.7901860e-03
  -3.3023523e-01   1.1662029e-01   3.6704324e-01   4.3696460e-04   6.1046972e-03  -4.0593618e-03
  -3.3122074e-01   1.3420757e-01   3.5731711e-01   1.0177081e-03   5.8238799e-03  -4.4339510e-03
  -3.5524079e-01   1.2852079e-01   3.5936725e-01   4.9663527e-04   6.4248153e-03  -4.8318124e-03
  -3.4114185e-01   1.5128291e-01   3.2920533e-01   1.0581401e-03   6.2372214e-03  -4.3753638e-03
  -3.4321188e-01   2.0503726e-01   3.7150777e-01   1.2389581e-03   6.2385210e-03  -3.9929447e-03
  -3.3897384e-01   1.7832075e-01   3.8604724e-01   8.4727952e-04   6.0793333e-03  -3.9322580e-03
  -3.5903514e-01   1.8567282e-01   3.6786586e-01   1.3509808e-03   6.3627284e-03  -4.4437223e-03
  -3.6038110e-01   1.7572315e-01   3.6871118e-01   1.2082719e-03   6.1897966e-03  -4.4453595e-03
  -3.4671584e-01   1.8791108e-01   3.8882802e-01   7.2695240e-04   6.4250964e-03  -4.6069758e-03
  -3.5656358e-01   1.9076004e-01   3.7834004e-01   3.5954629e-04   6.4936492e-03  -4.7127033e-03
  -3.5498360e-01   1.8587738e-01   3.6793864e-01   9.4194109e-04   6.5525290e-03  -4.6466774e-03
  -3.5674654e-01   1.8315728e-01   3.9472510e-01   4.8093659e-04   6.5302004e-03  -4.5448799e-03
  -3.4246066e-01   1.8746797e-01   3.4292309e-01   1.5821890e-03   6.7879955e-03  -4.4335571e-03
  -3.5025627e-01   1.6660061e-01   3.4694418e-01   1.6874133e-03   6.6834070e-03  -4.3787540e-03
  -3.5732208e-01   1.5460231e-01   3.8046445e-01   9.8958676e-04   7.1034809e-03  -4.6561593e-03
  -3.5122100e-01   1.4691859e-01   3.6524045e-01   1.1652763e-03   6.8866591e-03  -4.4354065e-03
  -3.5893632e-01   1.4123023e-01   3.7529337e-01   9.6517625e-04   6.7764203e-03  -4.3912057e-03
  -3.5825215e-01   1.5188229e-01   4.0818154e-01   9.6893586e-04   6.5713601e-03  -4.2725167e-03
  -3.8239309e-01   1.5813129e-01   3.6974115e-01   1.4350758e-03   6.9561647e-03  -4.9553678e-03
  -3.7510545e-01   1.5501814e-01   3.7327380e-01   1.3592300e-03   6.9256497e-03  -4.9497546e-03
  -3.7155115e-01   1.6309182e-01   4.0807254e-01   8.4632172e-04   7.3801357e-03  -4.7118528e-03
  -3.6377072e-01   1.6063320e-01   3.8947838e-01   1.2228207e-03   7.1197268e-03  -4.7124234e-03
  -3.6657455e-01   1.5728942e-01   3.5462958e-01   2.0995823e-03   7.3426542e-03  -4.7208683e-03
  -3.6059734e-01   1.6020886e-01   4.0132706e-01   9.0637117e-04   7.7783444e-03  -4.6212590e-03
  -3.4457436e-01   1.6685027e-01   4.3624390e-01   4.2557249e-05   7.5407522e-03  -4.0667853e-03
  -3.7299253e-01   1.6940471e-01   4.1865035e-01   3.9209556e-04   7.8249413e-03  -4.8207547e-03
  -3.6504507e-01   1.6832740e-01   3.9998626e-01   5.8902587e-04   8.0046245e-03  -4.5824722e-03
  -3.4775580e-01   1.7393395e-01   4.4337183e-01   2.9359703e-04   7.7250820e-03  -4.2430839e-03
  -3.4925417e-01   1.6521180e-01   5.1572156e-01  -1.5680438e-03   7.9262335e-03  -4.1921405e-03
  -3.5290303e-01   1.7952209e-01   5.2230279e-01  -1.4815134e-03   8.0924894e-03  -4.2390385e-03
  -3.5736417e-01   1.9882949e-01   5.4189621e-01  -1.6692170e-03   8.2237557e-03  -4.4239349e-03
  -3.6904776e-01   1.8343349e-01   5.6374575e-01  -1.5635422e-03   8.4297049e-03  -4.6724717e-03
  -3.6087536e-01   1.9337167e-01   5.6735629e-01  -1.5449244e-03   8.2969245e-03  -4.3188080e-03
  -3.5739000e-01   2.0046402e-01   5.6813741e-01  -1.9885665e-03   8.3491628e-03  -4.4781741e-03
  -3.7668558e-01   2.0187727e-01   5.3786990e-01  -9.3832789e-04   8.4984323e-03  -5.0049112e-03
  -3.7528646e-01   2.0993208e-01   5.3936267e-01  -7.5830351e-04   9.0761342e-03  -5.0532038e-03
  -3.6900929e-01   2.0867919e-01   5.5537040e-01  -1.3737316e-03   8.7585195e-03  -4.7242554e-03
  -3.7571217e-01   2.2170519e-01   5.3351184e-01  -9.6805454e-04   8.6594548e-03  -4.8933809e-03
  -3.6502584e-01   2.0582092e-01   5.5838528e-01  -1.6722451e-03   8.9454552e-03  -4.3828434e-03
  -3.6514713e-01   1.9437910e-01   5.1559594e-01  -6.7651360e-04   8.7176476e-03  -4.3263305e-03
  -3.6792219e-01   1.8326057e-01   5.3153036e-01  -1.1252862e-03   8.3006334e-03  -4.2784442e-03
  -3.7819910e-01   1.9053678e-01   5.5995020e-01  -1.6978352e-03   8.7779141e-03  -4.3129398e-03
  -3.8329506e-01   1.8852938e-01   5.5007117e-01  -9.3719653e-04   8.7423767e-03  -4.8036212e-03
  -3.8556526e-01   2.0643314e-01   5.2854580e-01  -2.3348228e-04   8.8328816e-03  -4.8141488e-03
  -3.6101437e-01   2.0959146e-01   5.7273981e-01  -1.5607254e-03   8.7753059e-03  -4.1651946e-03
  -3.9851328e-01   1.9156421e-01   5.3390554e-01  -8.1899915e-04   9.1099900e-03  -4.8821872e-03
  -3.7707041e-01   2.0299590e-01   5.1969969e-01  -6.1332222e-04   8.7602660e-03  -4.5483990e-03
  -3.6788011e-01   1.9027880e-01   5.2576707e-01  -4.5483175e-04   8.4946947e-03  -3.9716367e-03
  -3.9049621e-01   1.9554706e-01   5.8602008e-01  -1.7712550e-03   8.6279759e-03  -4.6194008e-03
  -3.9087648e-01   2.0123814e-01   5.5126543e-01  -9.0305222e-04   8.4788476e-03  -4.6913133e-03
  -3.8442766e-01   2.0748679e-01   5.5723574e-01  -1.4548177e-03   8.7004148e-03  -4.7369641e-03
  -3.8849235e-01   2.0134350e-01   5.1702720e-01  -6.8855946e-04   8.6243490e-03  -4.5349730e-03
  -3.9607445e-01   2.1400609e-01   5.3594730e-01  -8.4957138e-04   8.8479898e-03  -4.7583728e-03
  -3.8821853e-01   2.0579977e-01   5.4748687e-01  -1.0572541e-03   8.5581010e-03  -4.5027114e-03
  -3.9739189e-01   1.9551515e-01   5.7117624e-01  -1.3394488e-03   8.4037312e-03  -4.6439507e-03
  -4.2021787e-01   2.0593581e-01   5.6935645e-01  -1.2701235e-03   8.6846118e-03  -5.0949770e-03
