   1.0958008e-14   0.0000000e+00   0.0000000e+00  -6.7025474e-54   1.9259299e-34   0.0000000e+00
  -1.3048960e-02   3.5955945e-02   4.0223992e-02  -6.2528209e-04   1.5207474e-05  -8.4513928e-05
  -5.3222464e-02   2.8280316e-02   1.0088731e-02  -3.6966589e-04   6.2045517e-05  -5.4181908e-04
  -1.8717097e-02   3.9668736e-02   1.8477545e-02  -6.2399831e-04  -1.5455757e-04   9.5455047e-06
  -3.4275558e-02   3.3523563e-02   4.2160834e-03  -5.9089659e-04  -2.8071351e-04  -1.6026333e-04
  -4.2052179e-02   4.7975488e-02  -6.3276533e-03  -6.3375024e-04  -1.3606423e-05  -2.0879828e-04
  -4.3732960e-02   3.1193262e-02   1.6811359e-02  -1.0565588e-03  -1.1461016e-04  -2.6695024e-04
  -5.3837143e-02   3.9390759e-02   3.3014894e-02  -7.8420473e-04  -2.3564652e-05  -5.2273994e-04
  -2.0236162e-02  -6.2188987e-03   1.1095810e-01  -6.3389646e-04  -5.2630283e-04   2.9676302e-05
  -1.5705261e-02   6.1421959e-02   6.6529404e-02  -8.8967634e-05  -8.8227298e-04   4.1936776e-04
  -4.1820647e-03   5.2370142e-02  -4.9997307e-02   1.0123508e-03  -4.7518579e-04   5.6044214e-04
  -5.9214105e-02   6.4510989e-02   9.5741266e-02   8.7707205e-05  -8.0544313e-04  -4.9784613e-05
  -6.1074574e-02   7.9489260e-02   1.8865562e-01  -1.5296311e-04  -1.4751716e-03  -1.8753226e-05
  -6.6799783e-02   8.5738896e-02   1.2068903e-01  -9.2751033e-04  -1.4129823e-03   7.0228426e-04
  -3.2842109e-02   3.9716932e-02   1.9282951e-01  -8.0967354e-04  -1.9799696e-03   6.4989012e-04
  -4.5823356e-02   6.7116114e-02   1.7883201e-01  -1.3124479e-03  -1.3444538e-03   2.4254597e-04
   1.3310697e-02   2.3847110e-02   3.7146793e-01  -1.2665330e-03  -9.3016009e-04   1.5757090e-03
  -1.0255311e-02   4.1694551e-02   1.2586685e-01  -8.6437722e-04  -1.2155425e-03   1.6716584e-03
  -1.1822354e-02   7.6782438e-02  -8.4535891e-02   2.0929088e-03  -2.5701392e-03   6.5790051e-04
   7.5541477e-03   3.8599282e-02   2.5066382e-02   2.3997614e-03  -2.3758842e-03   1.0666140e-03
  -2.4469935e-03   6.7799554e-02   1.8556903e-02   2.3895590e-03  -2.4583056e-03   9.0500784e-04
  -3.1809974e-02   1.1188447e-01  -9.1088229e-03   2.4199903e-03  -2.6486266e-03   8.5952824e-04
  -1.9382121e-02   5.2663300e-02   9.2872626e-02   2.1723498e-03  -2.1167962e-03   9.5215843e-04
  -5.6817458e-02   8.7790295e-02   4.5256900e-02   8.8590738e-04  -2.5718177e-03   7.0116869e-04
   1.1622531e-01  -4.6471559e-02   5.3644806e-01   1.7791616e-03  -1.6423327e-03   2.0773410e-03
   9.7983030e-02  -7.6527630e-02   5.6143216e-01   1.5981225e-03  -1.9317789e-03   2.3111919e-03
   9.4846865e-03   1.2880692e-02   4.3667291e-01  -3.6819873e-05  -2.6418283e-03   1.6349159e-03
   2.2556836e-02  -3.0004990e-02   4.5585900e-01   1.4382981e-03  -2.3822517e-03   1.5762712e-03
  -8.2511386e-02   1.8825689e-03   2.8287091e-01   1.9696621e-03  -2.3715213e-03   6.7383405e-04
  -3.9949688e-02   7.6426935e-03   4.2864892e-01   8.3327219e-04  -2.6426397e-03   1.9583600e-03
  -5.7206265e-02   1.4130735e-02   4.1928963e-01   3.5452138e-04  -2.8639425e-03   1.2503619e-03
  -2.5749621e-03   3.6495790e-02   2.0095001e-01   1.7118060e-03  -2.2974087e-03   1.8511196e-03
  -2.2700533e-02   9.5418089e-02   2.1135786e-01   3.7855908e-04  -2.1620449e-03   1.3514501e-03
  -4.3986421e-02   1.1497188e-01   2.1539857e-01   4.8252169e-04  -3.8103222e-03   1.6231706e-03
  -6.3161382e-02   7.1167955e-02   3.6749750e-01  -6.3125213e-04  -3.4158828e-03   1.3244064e-03
  -2.5770671e-02   1.3874026e-01   2.3809802e-01   6.1304519e-04  -3.5213938e-03   1.6777860e-03
  -5.6573506e-02   6.9534823e-02   2.3888202e-01   1.0031560e-03  -3.3913057e-03   2.2843015e-03
   2.5117749e-01   1.1592512e-01   3.3873645e-01   1.2132517e-04  -7.5704791e-04   2.8879699e-03
   9.7073444e-02   9.9116566e-02   1.8933566e-01   5.8447659e-04   1.2332809e-04   1.0654815e-03
   3.1533853e-02   3.8917860e-02   3.6416247e-01   2.0919745e-03  -5.0162044e-04   3.2636433e-04
   2.1877902e-02   1.0019905e-01   4.4849123e-02   4.0709019e-03  -1.7281490e-03   4.1816283e-04
  -1.5217009e-02   5.5300337e-02   2.4537222e-01   1.9323355e-03  -2.2398982e-03   1.2272508e-03
   5.6457467e-02   7.2797906e-02   2.2535437e-01   1.2922856e-03  -1.1538049e-03   6.2263593e-04
   1.6390068e-02  -5.9424410e-02   4.4365758e-01   2.0134574e-03  -1.0234146e-03   9.8147897e-04
   1.3576730e-02   2.7478655e-02   4.4536837e-01  -1.0999516e-03  -1.9021195e-03   1.0650653e-03
   9.1816327e-02   3.6907926e-02   5.4964935e-01  -3.0293564e-03  -1.6127721e-04   1.1779334e-03
   8.3637397e-02   6.8668504e-02   4.1905458e-01  -1.1947611e-03  -1.6428792e-03   1.2127345e-03
   5.4049514e-02   6.5384920e-02   5.7223748e-01  -3.2264952e-03  -1.0707512e-03   1.0234579e-03
   6.4515924e-02   1.0258796e-01   4.1073280e-01  -1.2079451e-03  -1.1161172e-03   8.4061754e-04
   5.3364191e-02   7.4682972e-02   5.7647016e-01  -3.2002451e-03  -1.5903543e-03   1.5781325e-03
   1.4354051e-01   9.2551636e-02   4.1650727e-01  -1.8012961e-03  -2.8241364e-03   1.4760786e-03
   6.2403728e-02   1.3342277e-01   3.3829837e-01  -1.1954247e-03  -1.3982816e-03   8.8033666e-04
   3.3794267e-02   1.0459276e-01   3.6321113e-01  -9.8314414e-04  -1.3443304e-03   9.0934103e-04
   3.2689941e-02   1.1021109e-01   3.0406780e-01  -2.9244427e-04  -2.3521090e-03   9.2246733e-04
   1.6790566e-02   1.2483358e-01   2.5766775e-01   3.0508731e-04  -1.9555458e-03   5.6425515e-04
   3.1963899e-02   4.5834652e-02   4.6888011e-01  -6.3191146e-04  -2.0278943e-03   1.1027124e-03
   1.0479670e-01  -1.4611778e-02   5.0740171e-01   7.6229636e-04  -6.2959281e-04   9.1256979e-04
   7.0654631e-02   8.7748566e-02   3.0372846e-01   9.6357777e-04  -2.9349506e-03   6.6159376e-04
   6.9623895e-02   7.2090212e-02   5.0621192e-01  -1.6853835e-04  -1.8578488e-03   5.3128589e-04
   1.3729564e-01   1.4061341e-01   4.7172917e-01  -5.7093428e-06  -2.1914206e-03   1.8002982e-03
   2.3822317e-01  -1.6450305e-01   8.8134028e-01  -2.4577273e-03  -1.9580355e-03   2.6596513e-03
   1.6707857e-01  -1.1288659e-01   1.0918489e+00  -3.4404704e-03   4.6213508e-05   2.0195483e-03
   6.6925016e-02  -2.2350446e-02   1.1761800e+00  -3.8509919e-03  -1.7129371e-04   1.5719613e-03
   7.2913113e-02  -2.5777756e-02   1.3019553e+00  -4.2995126e-03   3.1452338e-04   1.9665249e-03
   2.6553253e-02  -2.1728525e-02   9.5158477e-01  -1.5649052e-03   7.4632651e-04   1.6323295e-03
   7.3775138e-02  -5.5395402e-02   1.3648120e+00  -3.7812052e-03  -6.5019046e-04   3.0751659e-03
   2.5645631e-01  -4.0487629e-01   2.2327995e+00  -1.0841549e-02  -6.9580288e-04   4.9350326e-03
  -7.2520075e-02  -8.0872619e-01   2.3095283e+00  -7.7973205e-03  -3.2102593e-03   5.0791260e-03
  -5.9001586e-02  -4.4502587e-01   1.9008560e+00  -6.2686387e-03  -1.0040276e-03   4.1047850e-03
  -5.5524463e-02  -5.5809489e-01   2.4733889e+00  -1.0347895e-02   3.4875189e-04   3.2876114e-03
  -9.8473871e-02  -2.3665309e-01   1.2595327e+00  -8.3628889e-03  -5.1787600e-04   2.7110932e-03
  -1.3464064e-01  -1.5774829e-01   9.6174903e-01  -7.7725057e-03  -1.0435350e-03   1.7158238e-03
  -1.4699855e-01  -2.0582870e-01   1.2669705e+00  -9.1813425e-03  -7.7485221e-04   1.2719302e-03
  -1.3874201e-01  -1.4096800e-01   9.0263477e-01  -5.5102729e-03  -1.2351814e-03   8.7921555e-04
  -1.5346058e-01  -9.5335608e-02   8.7850200e-01  -5.5122380e-03  -2.9092086e-03   1.8253265e-03
  -1.3819848e-01  -8.3052794e-02   9.6139938e-01  -5.5657601e-03  -1.8809599e-03   1.4765801e-03
  -3.9079321e-02  -1.4898964e-01   1.2725776e+00  -5.1785260e-03  -2.6336087e-03   2.9153082e-03
  -1.0075838e-01  -1.0301580e-01   1.2214118e+00  -6.0249250e-03  -3.0294054e-03   2.3495941e-03
  -9.6623316e-02  -1.1380515e-01   1.2747726e+00  -5.8458374e-03  -2.9743477e-03   2.6512369e-03
  -1.3956239e-01  -4.7585016e-02   1.1203089e+00  -6.6318017e-03  -2.7139478e-03   1.7342212e-03
  -6.3145582e-02  -1.5476250e-01   1.4553121e+00  -7.2371399e-03  -2.1129970e-03   2.0247625e-03
   6.0837617e-02  -1.8158629e-01   1.5430883e+00  -6.8723953e-03  -2.1032365e-03   2.8866328e-03
  -3.8356467e-02  -1.7854852e-01   1.8324409e+00  -1.1566683e-02  -9.9480912e-04   2.1569879e-03
   7.8277809e-03  -2.0918151e-01   2.0352867e+00  -1.1370751e-02  -5.8535890e-04   3.9056255e-03
  -1.3266546e-02  -3.8989390e-01   2.5099087e+00  -1.3573685e-02  -2.2029634e-04   5.4502493e-03
  -1.1650966e-01   1.1251575e-02   1.1388093e+00  -1.0028775e-02  -1.1138786e-03   4.0429043e-03
  -1.7076772e-01  -6.4227201e-02   5.5716888e-01  -2.9880816e-03  -2.7666931e-03   2.0990815e-03
  -1.4183897e-01  -3.0574104e-01   1.8511330e+00  -5.4643103e-03  -3.1224724e-03   2.1672455e-03
  -9.3022754e-02  -2.4583680e-01   1.4877612e+00  -1.5330792e-03  -3.5715220e-03   2.8427392e-03
  -2.3497957e-02  -2.6554772e-01   1.8984245e+00  -2.3483198e-03  -3.1121929e-03   3.0757245e-03
  -1.5081128e-01  -7.0690448e-01   1.0770583e+00   5.7902482e-03  -4.5127064e-03   4.4059327e-03
  -2.3892010e-01  -2.6707437e-01   9.2182490e-01   7.8304198e-03  -2.9929826e-03   2.2136869e-03
  -1.8722389e-01  -1.8405392e-01   1.3260719e+00   5.4047066e-03  -2.2914041e-03   1.9940172e-03
  -1.6564365e-01  -2.3062209e-01   1.3488922e+00   3.6100975e-03  -3.4723286e-03   2.7740824e-03
  -1.8675257e-01  -1.6595035e-01   1.4146889e+00   2.2353402e-03  -3.0465201e-03   1.6649352e-03
  -3.4900067e-02  -2.6278245e-01   1.8690292e+00  -6.1763011e-05  -3.4007300e-03   3.8972820e-03
  -3.0084244e-02  -4.1941159e-01   2.8603637e+00  -6.7256049e-03  -1.4324334e-03   4.2375391e-03
  -1.2551845e-01  -2.0076553e-01   1.9548902e+00  -1.8612686e-03  -2.7420263e-03   3.2236077e-03
  -1.5049565e-01  -5.6693330e-02   1.5826440e+00  -6.7915959e-04  -3.7188263e-03   2.4326399e-03
  -1.4825416e-01  -6.4744393e-02   1.7232803e+00  -1.2091644e-03  -4.3739913e-03   2.0749068e-03
  -3.0105287e-02  -1.5043197e-01   1.8417855e+00  -2.4593847e-03  -2.6133774e-03   2.3433843e-03
   7.0156270e-02  -3.6786028e-01   2.7335444e+00  -4.4296204e-03   2.3716381e-04   2.8870529e-03
  -4.6981983e-02  -3.1008361e-01   2.8317404e+00  -8.7847607e-03   1.5585467e-03   3.5100211e-03
  -3.0289353e-02  -1.4222924e-01   2.2467564e+00  -3.8024957e-03   4.1966669e-04   3.7489913e-03
  -1.1395971e-01  -2.5614934e-01   1.2930448e+00   2.3821159e-03   1.7098778e-05   2.3048270e-03
  -2.4246902e-01  -6.0430865e-01   2.8559896e-01   3.0399290e-02  -5.8036415e-03   3.0874821e-03
  -1.6611245e-01   2.4425468e-01   1.0514666e+00   2.3981878e-02  -5.9802754e-03   3.0973323e-03
  -1.4638482e-01   1.8199140e-01   1.3211639e+00   1.9498133e-02  -5.4299569e-03   3.1515339e-03
  -1.2509111e-01   2.2513199e-01   1.4209632e+00   1.7903259e-02  -5.8322477e-03   4.2314277e-03
  -2.1681925e-02   4.7623292e-03   1.7881555e+00   1.7702964e-02  -3.6090685e-03   3.9107858e-03
  -4.4809702e-02   1.3235345e-01   1.9742195e+00   1.5135308e-02  -3.6958397e-03   3.7503658e-03
  -9.3350695e-02   1.1328948e-01   1.8146425e+00   1.6676858e-02  -6.2464708e-03   3.4337285e-03
  -2.6498066e-02   2.1079321e-01   1.8286506e+00   1.2866411e-02  -3.3796911e-03   3.7738275e-03
   8.0312660e-02   1.2389880e-01   2.4143305e+00   8.6946675e-03  -4.1181767e-04   4.5069040e-03
   1.1421872e-01   7.2997088e-02   2.5299929e+00   8.5901836e-03  -8.1963490e-04   4.7452109e-03
   2.2284175e-01   1.0862669e-02   2.8355263e+00   1.0650550e-02  -1.7374424e-03   4.2412090e-03
   9.1669764e-02   6.1667040e-02   2.4774043e+00   9.6566928e-03  -2.1133083e-03   3.5202626e-03
   4.8650073e-02   1.8198022e-01   2.2410087e+00   1.1068340e-02  -3.9706350e-03   2.8241942e-03
   2.1965596e-02   1.3158063e-01   2.4046980e+00   9.4115786e-03  -4.0686034e-03   2.8035535e-03
   1.0223892e-01   1.4880382e-01   2.3304143e+00   9.2920241e-03  -1.8191219e-03   2.8743781e-03
   1.2668382e-01   3.0845141e-02   3.1172107e+00   5.9009967e-03  -1.2008599e-03   3.8360288e-03
   1.6553468e-01   2.3842278e-02   3.5105897e+00   3.3784357e-03  -7.3463892e-04   3.7486867e-03
   4.9262986e-02   2.1249164e-01   1.8930090e+00   7.0864589e-03  -1.3338250e-03   3.4093985e-03
   5.4748424e-02   2.4394686e-01   1.8116114e+00   8.2877525e-03  -2.1420352e-03   2.2145768e-03
   1.2674470e-03   1.5908073e-01   1.8657703e+00   1.2526557e-02  -3.2473910e-03   2.6327304e-03
   3.6235338e-02   1.6823324e-01   2.0829573e+00   1.0744867e-02  -3.3053811e-03   3.1096073e-03
   5.9489104e-02   1.8876283e-01   2.0021575e+00   1.3658640e-02  -4.6246629e-03   3.5799552e-03
   4.8918088e-03   2.3948757e-01   1.9233327e+00   1.0800524e-02  -4.1857404e-03   2.8432929e-03
   2.8745038e-02   2.1848480e-01   2.0595337e+00   1.1280136e-02  -3.5755586e-03   3.3220011e-03
   5.0680698e-02   2.3869435e-01   2.0391696e+00   1.0893347e-02  -3.5401026e-03   3.2562777e-03
   2.8397104e-02   2.6534671e-01   2.0190493e+00   1.0312205e-02  -4.2657481e-03   3.4583336e-03
   4.5988355e-02   2.3013527e-01   2.0823525e+00   9.0455070e-03  -3.9317187e-03   3.3790539e-03
   7.9968171e-02   1.9327925e-01   2.3137553e+00   7.9603002e-03  -4.0191156e-03   4.1614946e-03
   9.9141584e-02   7.1881049e-02   3.1930548e+00   4.6610474e-03  -1.5027396e-03   4.6820002e-03
   1.0608166e-02   1.8470772e-01   2.5243315e+00   7.5176749e-03  -1.6122806e-03   5.3219175e-03
   1.5131495e-02   3.2203043e-01   2.4678589e+00   4.8153398e-03  -3.2244419e-03   5.6443164e-03
  -5.3893388e-02   2.2319427e-01   2.2646155e+00   1.0900977e-02  -4.9244658e-03   5.2005306e-03
  -4.0887507e-02   2.7003605e-01   2.1377223e+00   8.5055234e-03  -1.8154087e-03   3.6127975e-03
   2.9818633e-02   2.2149213e-01   2.3674141e+00   9.8174515e-03   1.8046386e-05   2.8910526e-03
   1.0735295e-02   3.0549197e-01   2.1813952e+00   7.8716970e-03  -2.1155475e-03   3.6897835e-03
   1.7428038e-01   1.6336024e-01   2.5109100e+00   1.0653920e-02  -1.0120232e-03   4.2368831e-03
   1.1832157e-01   3.4533180e-03   2.1862972e+00   1.1841885e-02  -1.9801392e-03   4.1421679e-03
  -1.6547403e-01  -9.2045400e-02   1.1906096e+00   3.5469157e-02  -9.0768123e-03   6.5115875e-03
  -1.6004851e-01   4.4223120e-01   9.7679623e-01   3.6164870e-02  -3.0298239e-03   5.3548520e-03
  -5.4708576e-02   4.8971694e-01   1.2354339e+00   2.3847592e-02  -1.8701815e-03   4.0214366e-03
  -8.6409631e-02   3.4934225e-01   1.5063726e+00   2.5573353e-02  -2.9797444e-03   4.2895528e-03
  -6.5167652e-02   3.8571069e-01   1.4048787e+00   2.2137753e-02  -2.6882971e-03   4.0102508e-03
  -8.0958363e-03   3.0463122e-01   1.6096277e+00   2.3512157e-02  -2.4699586e-03   4.6600349e-03
  -3.5296026e-02   3.7612266e-01   1.5096689e+00   1.9798607e-02  -2.7646937e-03   4.0457672e-03
  -1.9681685e-02   2.7360049e-01   1.8776310e+00   2.2550692e-02  -2.6230568e-03   4.1028519e-03
  -6.5412078e-02   4.5626277e-01   1.1027845e+00   2.0601819e-02  -2.4174210e-03   4.2639227e-03
  -4.4274872e-02   5.0564305e-01   1.3432924e+00   1.9934009e-02  -2.0498798e-03   4.7190930e-03
  -2.7382614e-02   3.3704851e-01   1.5125173e+00   2.0992520e-02  -4.2339443e-03   3.7865074e-03
  -4.4163120e-02   4.2938142e-01   1.4852979e+00   2.0029581e-02  -4.3144431e-03   4.5898222e-03
  -4.8711360e-02   4.5232972e-01   1.4261805e+00   1.9664179e-02  -4.9853751e-03   4.0723699e-03
  -5.6880755e-02   4.0452653e-01   1.6236388e+00   1.8255418e-02  -4.4036065e-03   4.5964706e-03
  -4.8123150e-02   5.2719031e-01   1.8480641e+00   1.4881767e-02  -4.6904764e-03   4.7469586e-03
  -8.6440060e-02   5.2368103e-01   1.6729104e+00   1.7170924e-02  -5.1015867e-03   3.5990099e-03
  -1.0633850e-01   4.4525423e-01   2.0699684e+00   1.8724228e-02  -5.3848495e-03   3.8888512e-03
  -2.0234211e-01   4.7202365e-01   2.0955562e+00   1.5476944e-02  -7.4851670e-03   5.0830741e-03
  -1.1116660e-01   5.1669876e-01   1.5580620e+00   1.5955205e-02  -4.7146176e-03   5.4788552e-03
  -8.4039383e-02   4.6143490e-01   1.4041918e+00   1.8912735e-02  -5.9451533e-03   5.3741924e-03
  -5.1656908e-02   4.3371322e-01   1.7011947e+00   1.8820962e-02  -4.8616146e-03   4.8880924e-03
  -5.3541286e-02   4.3469901e-01   1.6239263e+00   1.9338175e-02  -5.7967993e-03   5.1853022e-03
  -7.9085106e-03   4.4573420e-01   1.8390332e+00   1.8455091e-02  -4.9131909e-03   5.0293618e-03
  -1.2211782e-02   4.4815258e-01   1.8022351e+00   2.0319030e-02  -4.7943996e-03   4.6209043e-03
   3.0075274e-03   4.5122136e-01   1.8035681e+00   1.7899430e-02  -2.6800793e-03   3.5103872e-03
   9.2499449e-02   3.9619512e-01   1.9582921e+00   1.9458894e-02  -1.3027619e-03   3.6632791e-03
   4.3623275e-02   4.2275835e-01   1.9624363e+00   1.9554695e-02  -3.1649493e-03   4.4023057e-03
  -4.3272231e-03   4.7260814e-01   1.8288576e+00   1.8261637e-02  -4.1210935e-03   3.8307361e-03
  -3.5543454e-02   4.7850699e-01   1.8999850e+00   1.7291764e-02  -4.7739902e-03   3.9574620e-03
   4.3853810e-03   4.4924790e-01   2.0889005e+00   1.6122641e-02  -3.8397725e-03   3.7458282e-03
  -1.5232789e-02   4.2811274e-01   2.0914310e+00   1.6481793e-02  -4.3697990e-03   3.7511497e-03
   6.4469795e-03   4.2012704e-01   2.1690158e+00   1.7366552e-02  -3.8711723e-03   3.6273965e-03
   5.5026338e-03   4.6344954e-01   2.0601627e+00   1.7047399e-02  -4.0036077e-03   3.7744831e-03
   2.2159893e-02   4.7743451e-01   2.1204669e+00   1.6048981e-02  -3.6389088e-03   3.4893721e-03
   2.3481972e-02   4.7970598e-01   2.1485285e+00   1.6361032e-02  -4.2621092e-03   3.8134600e-03
   1.2651142e-01   4.2980134e-01   2.3382047e+00   1.4902275e-02  -2.8057088e-03   3.6578252e-03
   7.7482071e-02   3.8205979e-01   2.1127605e+00   1.8512081e-02  -3.0348785e-03   3.7494510e-03
