   0.0000000e+00   0.0000000e+00   9.8277021e-16  -6.5530797e-17   2.1262039e-18   1.3933184e-34
  -7.7821401e-03  -1.6470689e-03   4.4367488e-03   6.6566853e-04   1.3675419e-04  -1.1007278e-04
  -8.6638430e-03   2.4126889e-02  -3.5331051e-02   1.0730413e-03   3.4841226e-04  -1.7786693e-04
   1.5380079e-02   1.2383662e-02   3.8438837e-02   1.1341062e-03   1.5387597e-03   8.9271899e-05
   1.8590538e-02   2.8142295e-02   3.2864282e-03   1.0205557e-03   1.7474426e-03  -2.4686828e-05
   1.9041538e-04   1.6699177e-02   1.7186988e-02   1.1982026e-03   1.7630859e-03  -7.1906571e-05
   1.2192021e-02   4.8135238e-02   6.8157032e-02   1.7398109e-04   1.7585625e-03   2.1783774e-06
  -1.5081771e-02   2.8650693e-02   5.8813189e-02   4.8451608e-04   1.6482877e-03  -3.2423877e-04
   1.6206605e-02   3.7483011e-02   1.1000507e-01   8.4477583e-05   1.8813770e-03   4.0429987e-05
   1.8757809e-02   3.0550076e-02   4.1489489e-02   5.3498761e-04   1.5543803e-03   9.3754651e-06
   5.6962721e-02   3.6349442e-02   5.1310488e-02   4.4529896e-04   1.5156866e-03   8.1363723e-04
   7.8688261e-02   5.4897390e-02   3.3671733e-02   6.3941178e-04   1.2068166e-03   1.0088067e-03
   1.3456503e-01   5.8946911e-02   1.9828188e-02   3.0253927e-04   1.4416021e-03   2.2627571e-03
   1.4121430e-01   3.4827867e-02  -7.6697853e-02   1.6824519e-03   1.5064950e-03   2.5076189e-03
   1.5905758e-01   6.6237166e-02  -6.4671682e-02   1.7267502e-03   1.5782663e-03   2.5147859e-03
   1.5387342e-01  -1.7204204e-03  -8.3028316e-04   9.1849029e-04   1.0151896e-03   2.7977868e-03
   1.2707332e-01   6.5425423e-02  -3.9085362e-02   1.0979269e-03   9.7504462e-04   2.0217616e-03
   1.2507529e-01   6.2654257e-02   3.3252401e-02   9.0575445e-04   1.9231038e-03   2.1688143e-03
   1.4061822e-01   1.0850471e-01   1.1796987e-03   3.3470433e-04   1.0434904e-03   2.1624897e-03
   1.6185835e-01   6.9407759e-02   2.5188732e-02   8.6428187e-04   1.8769976e-03   2.4709671e-03
   1.7663522e-01   9.9486759e-02  -4.0627673e-02   8.4549767e-04   9.5226015e-04   2.8471662e-03
   1.9033268e-01   7.4526206e-02  -8.6568680e-03   5.1256969e-04   8.9278805e-04   3.2209623e-03
   1.3641092e-01   1.2719383e-01  -6.3653092e-02   7.7201793e-04   3.3834398e-04   2.6002843e-03
   1.1636718e-01   9.5054533e-02   4.1290469e-03  -4.2440555e-04   1.2058879e-03   2.5238159e-03
   1.0558664e-01   1.5376785e-01   2.0553389e-02  -1.5945536e-03   9.5124628e-04   2.2051966e-03
   1.3722979e-01   1.1847964e-01   1.9015235e-02  -8.0584281e-04   9.9777975e-04   2.5894375e-03
   1.3483401e-01   1.2511846e-01   4.4692534e-02  -1.1562209e-03   1.7289342e-03   3.0361559e-03
   1.2399433e-01   1.3439689e-01   6.2578203e-02  -6.8935254e-04   2.2052280e-03   2.6098109e-03
   1.3567483e-01   1.3009612e-01   2.9481315e-02  -9.9702491e-04   1.5177821e-03   2.9616894e-03
   1.5672243e-01   1.1979054e-01   1.1464390e-01  -1.4534698e-03   1.3899986e-03   2.9943238e-03
   1.2574516e-01   1.3701084e-01   8.4556683e-02  -1.2152013e-03   1.1899076e-03   2.6468211e-03
   1.4060237e-01   1.4033112e-01   1.2825587e-01  -1.7314848e-03   1.6946977e-03   2.9142358e-03
   1.6156601e-01   2.8402349e-01   1.0242623e-01  -1.6563651e-03   1.1669959e-03   3.4809620e-03
   2.1127276e-01   1.8256022e-01   1.4486701e-01  -1.4229269e-03   1.6561548e-03   4.1668144e-03
   1.8113376e-01   2.6691430e-01   3.0249086e-02  -5.2765731e-04   1.2161777e-03   3.7664734e-03
   1.6010323e-01   1.8300651e-01  -1.1433203e-02  -8.4554846e-04   2.2604289e-03   3.5959226e-03
   1.6215845e-01   9.2828027e-02   8.4671007e-02  -8.6940889e-04   2.5992184e-03   3.9127190e-03
   1.9376658e-01   1.7175604e-01   3.0130009e-02  -1.0298899e-03   2.1401376e-03   4.4818519e-03
   1.9451163e-01   1.4788004e-01   1.0910755e-01  -1.3014443e-03   2.4491387e-03   4.3292914e-03
   1.4370690e-01   1.7016238e-01   1.2398258e-02  -7.2364509e-04   1.9900375e-03   3.6010740e-03
   1.3691891e-01   1.3588857e-01   7.7888226e-02  -7.4251379e-04   2.7695615e-03   3.4015049e-03
   1.3094328e-01   1.9241944e-01   6.1506747e-02  -1.2416669e-03   2.2740928e-03   3.4252606e-03
   1.4312584e-01   1.5344349e-01   9.9400932e-02  -1.0544810e-03   2.7199498e-03   3.5047677e-03
   1.7837713e-01   1.8838184e-01   7.0415916e-02  -1.0854799e-03   2.3309911e-03   4.1372248e-03
   1.7491233e-01   1.9606670e-01   4.5299032e-02  -8.4348089e-04   2.1286268e-03   4.2820381e-03
   1.9280044e-01   1.8894213e-01   1.4007221e-01  -1.5317558e-03   2.5944960e-03   4.3276268e-03
   2.1569745e-01   1.5774606e-01   9.8960006e-02  -5.8956496e-04   2.3997732e-03   4.7961596e-03
   2.4328835e-01   1.9320964e-01   1.3329972e-01  -1.5372550e-03   3.1036366e-03   5.3198154e-03
   2.0957720e-01   1.7395328e-01   2.7174172e-02  -7.4155401e-04   3.0351043e-03   4.8918408e-03
   2.7429423e-01   2.7663465e-01   1.8306185e-01  -1.4704191e-03   4.3588659e-03   5.5924973e-03
   3.5325963e-01   3.6945604e-01   1.6198057e-01  -2.2354782e-03   6.1466966e-03   6.5764242e-03
   3.9836784e-01   2.8596198e-01   6.9945351e-02  -2.1959145e-03   6.0507457e-03   6.5653786e-03
   3.6890866e-01   1.7674650e-01   8.2207663e-03  -2.9758362e-03   5.4682835e-03   7.2110632e-03
   3.8284543e-01   1.8872556e-01   1.8809948e-02  -2.2248022e-03   5.4466058e-03   7.4119493e-03
   3.8293667e-01   1.6018662e-01   9.9729165e-02  -2.2536279e-03   4.7798371e-03   7.2882149e-03
   4.0298375e-01   1.6354013e-01   6.9578500e-02  -2.1779322e-03   5.3815726e-03   7.6350913e-03
   3.5896903e-01   1.6583617e-01   8.7147382e-02  -2.7990234e-03   6.0534101e-03   6.9969290e-03
   3.7620187e-01   2.0052550e-01   8.7169031e-02  -2.6426863e-03   6.0117096e-03   7.1444481e-03
   3.5102117e-01   2.1317509e-01   7.4451970e-02  -2.6830756e-03   5.8778319e-03   6.7680903e-03
   3.8571895e-01   1.9522163e-01   1.3059807e-01  -3.4510304e-03   5.8111108e-03   7.5001488e-03
   3.5476684e-01   1.8310203e-01   1.0112467e-01  -3.3049326e-03   6.1568866e-03   6.8272545e-03
   3.7689722e-01   1.8757189e-01   1.3469372e-01  -3.4082828e-03   6.2606933e-03   7.3994394e-03
   3.5153156e-01   2.0689720e-01   4.2190668e-02  -2.5922909e-03   5.7171409e-03   6.8061578e-03
   3.3257683e-01   2.2643694e-01   1.8924069e-02  -1.4344371e-03   5.0101686e-03   6.4649871e-03
   3.6910323e-01   1.5170713e-01   1.0730481e-01  -9.6701505e-04   6.4785963e-03   6.9119811e-03
   3.9119906e-01   2.1043256e-01   7.4064820e-02  -1.7563526e-03   6.0177562e-03   7.4975916e-03
   4.1460660e-01   1.7710005e-01   1.2838106e-01  -1.4065022e-03   6.9170329e-03   7.8631947e-03
   4.3506453e-01   2.4923046e-01   9.2558470e-02  -1.6969315e-03   5.9970125e-03   8.1779832e-03
   4.9145088e-01   2.1386819e-01   1.1795227e-01  -2.2606455e-03   6.2423698e-03   8.9429758e-03
   4.4325921e-01   2.0103118e-01   8.5137524e-02  -2.2141084e-03   6.4780642e-03   8.3228363e-03
   4.6415344e-01   2.3419784e-01   1.2132010e-01  -1.6780305e-03   6.7384822e-03   8.4503939e-03
   4.4386079e-01   2.3694564e-01   1.4898864e-01  -2.0381571e-03   5.8211910e-03   8.3250981e-03
   4.7733131e-01   2.3693314e-01   1.5839885e-01  -2.8957891e-03   6.6428021e-03   9.1386545e-03
   4.8576614e-01   2.4999900e-01   1.7967393e-01  -2.4725883e-03   6.7335742e-03   8.9612091e-03
   4.8573779e-01   2.3071673e-01   1.8763869e-01  -2.8648324e-03   6.7633710e-03   9.1255496e-03
   4.7422532e-01   2.2838034e-01   2.0347003e-01  -2.0875290e-03   6.3852926e-03   8.8455909e-03
   4.9177440e-01   1.7907518e-01   2.1512392e-01  -2.4468491e-03   6.6652422e-03   9.2205709e-03
   4.8870670e-01   2.0978111e-01   1.4122465e-01  -1.2688886e-03   6.2699518e-03   9.1550257e-03
   4.9638808e-01   2.2469075e-01   1.5022598e-01  -1.5051388e-03   6.6868655e-03   9.1174098e-03
   4.7751050e-01   2.0539232e-01   1.1667053e-01  -8.6688401e-04   6.9339338e-03   9.1587354e-03
   4.6552404e-01   2.7888596e-01   9.3207326e-02  -8.5858264e-04   6.7196387e-03   8.7956439e-03
   5.0029057e-01   2.4224732e-01   1.6445174e-01  -1.5901478e-03   6.9980281e-03   9.3766884e-03
   5.1935158e-01   2.1057253e-01   1.7904477e-01  -2.2342417e-03   6.1662911e-03   9.6208425e-03
   5.0391959e-01   2.8963215e-01   1.6728677e-01  -1.3296492e-03   6.7107933e-03   9.4568237e-03
   4.9060210e-01   2.7273478e-01   1.4527970e-01  -1.8435728e-03   6.2940417e-03   9.1584814e-03
   4.8741130e-01   2.5162209e-01   1.9934815e-01  -1.8519255e-03   7.0002492e-03   9.2803090e-03
   5.0455104e-01   2.7705337e-01   2.3481999e-01  -2.4378052e-03   6.9701929e-03   9.3874247e-03
   5.0252129e-01   2.5907192e-01   2.1542637e-01  -2.3366500e-03   7.0019597e-03   9.3317039e-03
   4.9570154e-01   2.6158948e-01   2.5307437e-01  -2.3921072e-03   7.4356775e-03   9.0991272e-03
   4.2115292e-01   3.5924274e-01   1.7173838e-01  -1.8911609e-03   7.7115157e-03   8.0772842e-03
   4.0188360e-01   3.7437769e-01   1.9543715e-01  -2.6777944e-03   7.9357355e-03   7.9413795e-03
   4.4976583e-01   3.0466517e-01   3.1433284e-01  -4.2265624e-03   4.0412023e-03   9.2989811e-03
   5.2253672e-01   2.7788983e-01   3.3900131e-01  -2.6263719e-03   5.0071997e-03   1.0232124e-02
   5.2689316e-01   2.8087617e-01   3.1589789e-01  -2.6537891e-03   5.1647204e-03   9.8474595e-03
   4.9019404e-01   2.9910638e-01   2.6397633e-01  -1.5513361e-03   4.9770563e-03   9.3286211e-03
   5.1373073e-01   2.9958028e-01   3.1853932e-01  -2.4645839e-03   5.2048651e-03   9.4571272e-03
   5.2999303e-01   3.1518536e-01   3.1927506e-01  -2.7018612e-03   4.4029919e-03   9.3968658e-03
   5.2933785e-01   3.1603037e-01   3.4637823e-01  -2.8940914e-03   5.0732742e-03   9.7904924e-03
   5.1247671e-01   3.3988182e-01   3.3845145e-01  -2.7549751e-03   4.7230824e-03   9.2961035e-03
   5.0733541e-01   3.4757493e-01   3.4999492e-01  -3.6971361e-03   4.9474048e-03   9.2956076e-03
   5.5638490e-01   3.3494864e-01   3.4311254e-01  -2.9289350e-03   4.8210754e-03   9.9888984e-03
   5.0756956e-01   2.8402332e-01   3.5077396e-01  -2.8440784e-03   3.8278087e-03   9.6644578e-03
   5.0140456e-01   3.4646303e-01   3.2226122e-01  -2.8606329e-03   3.9665858e-03   9.1383939e-03
   5.1814528e-01   3.0732573e-01   4.3436119e-01  -2.9934333e-03   4.3434939e-03   9.2932824e-03
   5.3815890e-01   3.5503582e-01   4.8419553e-01  -3.6647628e-03   2.8784535e-03   8.9581389e-03
   5.8011266e-01   3.1782129e-01   5.0579695e-01  -2.6268031e-03   4.1250485e-03   9.7518382e-03
   5.2718760e-01   5.9858334e-01   3.5642377e-01   1.1187771e-04   1.0855748e-03   9.1789361e-03
   6.0435178e-01   5.0421420e-01   2.1422616e-01   1.2891564e-03   5.3582381e-04   9.1125417e-03
   5.8964571e-01   3.7413692e-01   3.1439912e-01   1.5359964e-03  -2.5619875e-05   8.6422553e-03
   6.2277909e-01   2.8696138e-01   3.7862142e-01   2.1023067e-03   1.6107245e-03   9.6052452e-03
   5.4861855e-01   2.8267165e-01   3.0077645e-01   1.9059795e-03   1.2022424e-03   8.3743708e-03
   6.2554389e-01   3.2427859e-01   3.4593149e-01   2.4896970e-03   1.3022099e-03   9.5445363e-03
   6.0464265e-01   3.3417703e-01   3.5312814e-01   1.9964098e-03   9.1133308e-04   9.0131548e-03
   6.0225368e-01   3.6111953e-01   3.3944049e-01   2.3991166e-03   1.1921175e-03   8.9389211e-03
   6.3622010e-01   3.4013350e-01   4.0531243e-01   1.7784195e-03   1.5040754e-03   9.6097959e-03
   6.2444222e-01   3.4555607e-01   3.7106513e-01   2.1606471e-03   1.2182490e-03   9.3020667e-03
   6.2280064e-01   3.4810614e-01   3.5759204e-01   1.7972746e-03   1.3889702e-03   9.3161221e-03
   6.3497438e-01   3.6757383e-01   3.6270174e-01   1.5943873e-03   2.0276075e-03   9.3975832e-03
   6.2050367e-01   3.9793078e-01   3.0495923e-01   1.7229009e-03   1.7062473e-03   9.1251581e-03
   6.5103955e-01   3.5756545e-01   3.9304562e-01   1.3507598e-03   2.4719102e-03   9.6490016e-03
   6.4224005e-01   3.8080451e-01   2.5248378e-01   1.9436749e-03   2.3736476e-03   9.5885208e-03
   6.6113800e-01   3.6972582e-01   3.2663025e-01   2.1098923e-03   2.7505183e-03   9.6424234e-03
   6.3289592e-01   3.8473243e-01   1.8864876e-01   2.1475830e-03   2.0568339e-03   9.4510806e-03
   6.5732345e-01   3.7041350e-01   2.6328063e-01   2.5249008e-03   2.6609413e-03   9.4297292e-03
   6.3594170e-01   4.2144861e-01  -1.0508713e-01   1.4456634e-03   3.2419105e-03   1.0356117e-02
   6.6338983e-01   3.7297592e-01  -1.0124891e-01   1.9502684e-03   4.0202334e-03   1.0847562e-02
   6.8393415e-01   3.5260926e-01   1.4528725e-01   8.1028727e-04   3.4910484e-03   1.0442653e-02
   6.7153142e-01   3.2442878e-01   5.6292781e-02   1.9816137e-03   4.0616379e-03   1.0079334e-02
   6.9223972e-01   3.4978275e-01   7.5701220e-02   2.2418058e-03   3.0892804e-03   1.0267721e-02
   6.9476084e-01   3.9591295e-01   4.9383138e-02   1.8869184e-03   3.3471516e-03   1.0167310e-02
   6.9447141e-01   3.7817432e-01  -8.5329392e-03   2.2585534e-03   2.6594595e-03   1.0028046e-02
   7.2801052e-01   4.1123601e-01  -2.3246765e-02   2.2124457e-03   3.0402063e-03   1.0592451e-02
   6.7841881e-01   4.0852106e-01   1.3176847e-02   2.8500784e-03   2.3822573e-03   9.2457384e-03
   7.0832728e-01   3.9063762e-01  -1.1183585e-02   3.1590238e-03   3.4723625e-03   1.0229187e-02
   7.1942621e-01   3.8415267e-01  -6.1747590e-02   3.1183956e-03   2.0232382e-03   1.0063795e-02
   7.0822331e-01   3.9464084e-01  -7.3320303e-02   3.1058621e-03   1.3451618e-03   1.0122497e-02
   7.1361511e-01   3.6745327e-01  -5.3880380e-02   2.7339208e-03   2.9110177e-03   9.9907381e-03
   6.4571888e-01   3.9574907e-01  -5.2098405e-02   3.5653405e-03   1.7108711e-03   8.8453661e-03
   6.9295517e-01   3.4656006e-01  -2.7190679e-02   4.3953962e-03   2.7092114e-03   9.5629302e-03
   6.3480823e-01   3.9588065e-01  -2.5640483e-02   3.7580251e-03   1.2783774e-03   8.7868112e-03
   6.7777030e-01   3.7780836e-01   7.6817854e-02   2.1732696e-03   1.7186451e-03   9.5809294e-03
   7.0181065e-01   4.3289894e-01   2.8041063e-02   3.2809815e-03   1.7913492e-03   9.3918037e-03
   6.6986010e-01   4.0250126e-01   4.8451497e-02   2.3825412e-03   1.8908455e-03   9.3133325e-03
   7.1148631e-01   3.5351841e-01   4.3450722e-02   3.4943426e-03   2.4724668e-03   9.7204614e-03
   6.6757066e-01   4.0989402e-01   8.5436364e-02   3.0353569e-03   2.1614093e-03   8.9911616e-03
   7.0727949e-01   4.0926156e-01   1.1371378e-01   2.8178322e-03   3.0497663e-03   9.4716761e-03
   6.7662671e-01   4.1187734e-01   1.3077783e-01   2.0230848e-03  -1.2801285e-04   9.8766912e-03
   7.1145241e-01   4.0195665e-01   5.5520283e-02   2.9456687e-03   2.6145391e-03   1.0304428e-02
   7.0955469e-01   3.9361768e-01  -2.5346164e-02   3.2185291e-03   2.2997860e-03   1.0018195e-02
   7.4741060e-01   3.7186891e-01  -8.7236420e-03   3.6040396e-03   3.2334205e-03   1.0875424e-02
   7.5267174e-01   4.2106324e-01  -9.1981059e-02   1.3257393e-03   2.2836571e-03   1.0648543e-02
   7.2630411e-01   4.2390307e-01  -2.5666822e-01   3.6125097e-03   1.9862975e-03   1.0442228e-02
   7.7362647e-01   4.4866419e-01  -1.4246456e-01   1.4419127e-03   2.0982404e-03   1.1271155e-02
   7.9937523e-01   4.0692902e-01  -2.5939119e-01   3.3202975e-03   2.3527955e-03   1.1737538e-02
   7.7152754e-01   3.8237336e-01   6.5791635e-02  -2.8744196e-03   2.8710847e-04   1.1418840e-02
   6.8050736e-01   4.5743014e-01   3.2423568e-01  -6.6539227e-03  -3.2218284e-03   9.1332653e-03
   6.5638214e-01   4.6640975e-01   3.1172252e-01  -3.6804562e-03   1.3426569e-04   8.4877363e-03
   6.8732750e-01   4.3440611e-01   2.5758632e-01  -3.0184281e-03   4.9511196e-04   9.2273195e-03
   6.7061261e-01   4.5770697e-01   1.6594188e-01  -2.7429639e-03   1.3644122e-03   9.0961251e-03
   7.2551427e-01   4.4005019e-01   1.9370465e-01  -2.3891232e-03   1.5621950e-03   1.0223196e-02
   7.0976050e-01   4.3035021e-01   1.2976877e-01  -2.6115919e-03   1.1728017e-03   9.6980451e-03
   6.6849126e-01   4.1822669e-01  -4.6643237e-01   1.6683638e-02  -3.3889313e-03   1.1107432e-02
   7.2701596e-01   4.2376953e-01  -6.6301123e-01   2.2707102e-02  -4.1360277e-03   1.2196566e-02
   7.4473702e-01   4.1622840e-01  -3.3491480e-01   1.7618087e-02  -3.7633276e-03   1.1451835e-02
   6.7507501e-01   7.1303049e-01  -4.2439525e-01   1.7893666e-02  -5.6865021e-03   1.1107313e-02
   7.5754027e-01   5.3240885e-01  -3.8396649e-01   1.5562978e-02  -4.3077603e-03   1.1890379e-02
   7.3664219e-01   4.6570174e-01  -3.3082912e-01   1.6555348e-02  -3.1706124e-03   1.1555067e-02
   7.2925411e-01   4.5028239e-01  -2.6073394e-01   1.5843727e-02  -3.1332104e-03   1.1540464e-02
   7.2399542e-01   4.5217595e-01  -2.7442347e-01   1.6902299e-02  -2.4252639e-03   1.1581729e-02
   6.9284537e-01   4.6364428e-01  -2.6193562e-01   1.6351046e-02  -2.7847643e-03   1.0789245e-02
   6.4710465e-01   4.6782723e-01  -2.9507249e-01   1.6526737e-02  -3.0182547e-03   1.0210583e-02
   6.9545762e-01   5.2110736e-01  -2.5011129e-01   1.5120317e-02  -1.7214568e-03   1.0702358e-02
   6.5515055e-01   5.2143809e-01  -3.1484317e-01   1.5849860e-02  -2.3034226e-03   1.0467211e-02
   7.1791196e-01   5.3466757e-01  -1.9783634e-01   1.3980922e-02  -1.1128304e-03   1.1242633e-02
   7.1549409e-01   5.6280910e-01  -2.2433506e-01   1.4413545e-02  -7.7788895e-04   1.1327001e-02
   7.1678844e-01   5.5133719e-01  -2.6533355e-01   1.4830390e-02  -4.7630597e-04   1.1423347e-02
   7.0896349e-01   5.0823270e-01  -2.2490705e-01   1.5401520e-02   7.2730954e-04   1.1079753e-02
   7.1890673e-01   5.4872177e-01  -2.0463428e-01   1.4592516e-02   5.3864583e-04   1.1256097e-02
   7.2766324e-01   5.3708679e-01  -1.9921996e-01   1.4387771e-02   6.2415091e-04   1.1063383e-02
