   0.0000000e+00   0.0000000e+00   0.0000000e+00   0.0000000e+00   0.0000000e+00   0.0000000e+00
   1.2356416e-02  -1.2193805e-02  -3.7245911e-03  -5.3422789e-04  -3.3649125e-04  -3.1767570e-05
  -3.1288615e-02  -1.0134185e-02  -6.5066541e-02  -6.7802846e-04   5.7418709e-04  -4.1870614e-04
  -1.8599540e-02  -2.0512469e-02   2.0842957e-02  -1.1995517e-03   2.2648013e-04  -4.3147051e-04
  -6.9777070e-03  -4.0882532e-02   1.6348317e-02  -7.4411697e-04   1.2779051e-04  -2.7650487e-04
  -6.8754522e-03   4.6046708e-03   3.5454955e-02  -2.3850265e-04   4.6821189e-04  -4.2681070e-04
  -3.1896448e-02   5.2083101e-02   3.1611705e-02  -6.8656635e-04   2.9706843e-04  -4.6745923e-04
  -7.2351417e-02   7.9082388e-03   5.7955757e-02  -6.2859318e-04   1.0472689e-04  -1.0145084e-03
  -5.9574777e-02   2.4978761e-02   1.0859583e-01  -1.0877874e-03   4.5148188e-04  -1.1040423e-03
  -6.7670241e-02   4.1779364e-02   1.2546124e-01  -3.7731178e-04   3.0043777e-04  -1.1503095e-03
  -6.4176924e-02   5.5065210e-02   1.7346754e-01  -8.5751131e-04   4.1157554e-04  -1.1617947e-03
  -9.7796978e-02  -1.3430359e-02   1.1905925e-01  -6.4111503e-04   7.3927518e-05  -1.4374563e-03
  -2.0175797e-01   1.2400172e-02   8.2321084e-02   1.5941579e-04  -3.7318380e-04  -2.6064139e-03
  -1.5954013e-01   3.5226636e-02   1.4306014e-01  -4.1312428e-04   3.7120214e-04  -2.2956654e-03
  -1.4922582e-01   5.7634611e-02   1.2442926e-01   4.6203387e-04   3.4985893e-04  -2.1206480e-03
  -1.3815095e-01   5.8468082e-02   1.4417676e-01  -6.2583662e-04  -3.2719839e-05  -2.0504074e-03
  -1.4953599e-01   4.9105721e-02   1.4407102e-01   4.0866534e-05  -1.6931160e-04  -2.2227134e-03
  -1.2917966e-01   9.5364330e-02   1.9906305e-01  -7.1972773e-04  -9.5380510e-05  -2.0747339e-03
  -1.5435128e-01   7.2282803e-02   1.7937162e-01  -2.7775590e-04  -3.5361045e-04  -1.9285601e-03
  -1.9720710e-01   6.0484268e-02   1.9028620e-01  -1.0298768e-04  -3.5532383e-04  -2.5099277e-03
  -1.8322045e-01   6.0104735e-02   2.3728803e-01  -3.5901772e-04  -3.3205293e-04  -2.2379266e-03
  -2.0705516e-01   9.8726205e-02   2.0663960e-01   3.8398003e-04  -5.4798562e-04  -2.4504951e-03
  -1.9649240e-01   8.0974816e-02   2.5172235e-01  -1.8620092e-04  -5.1216824e-04  -2.4909189e-03
  -1.9500311e-01   8.0065255e-02   2.8935536e-01  -7.4472513e-04  -5.8375907e-04  -2.4605431e-03
  -1.9516765e-01   1.0014415e-01   2.9853502e-01  -5.2477096e-04  -3.5730797e-04  -2.3055679e-03
  -1.9736909e-01   1.0663169e-01   2.7437185e-01  -3.9272404e-04  -2.7422995e-04  -2.2664318e-03
  -1.9517538e-01   8.0093057e-02   2.9736464e-01  -3.3571293e-04  -1.0397132e-04  -2.4971800e-03
  -1.8318142e-01   1.0715514e-01   2.9346788e-01  -5.9374193e-04  -1.9224358e-04  -2.3811387e-03
  -1.9941804e-01   1.1743386e-01   2.9657907e-01  -1.3946857e-04  -2.3311057e-04  -2.5147250e-03
  -1.9974850e-01   1.1470515e-01   3.2325774e-01  -5.3790002e-04  -2.9641524e-04  -2.7079740e-03
  -2.0238584e-01   1.6101323e-01   2.8352808e-01   2.8049069e-04  -2.2816494e-04  -2.5646777e-03
  -1.9300212e-01   1.4633436e-01   3.0276285e-01   2.3371902e-04  -1.1830003e-04  -2.5124925e-03
  -1.9660236e-01   1.1726361e-01   3.4218933e-01  -6.5146303e-04   2.5922905e-04  -2.5720474e-03
  -1.7600685e-01   1.3991376e-01   3.4968220e-01  -9.5120067e-04  -2.1982195e-04  -2.3006504e-03
  -1.7350600e-01   1.3660794e-01   3.1084891e-01  -1.7920167e-04  -2.4627007e-04  -2.3496331e-03
  -1.9766769e-01   1.5219746e-01   3.2394047e-01  -8.7833507e-06  -2.7431997e-05  -2.9045360e-03
  -1.8143437e-01   1.7149846e-01   3.4653771e-01   4.0494263e-04  -1.0704819e-04  -2.6408697e-03
  -1.8612372e-01   1.6753421e-01   3.5524013e-01   3.1606889e-04  -2.0283312e-04  -2.9260214e-03
  -1.8262078e-01   1.6736689e-01   3.9756624e-01   1.0043902e-05  -7.8401698e-04  -2.9319059e-03
  -1.8639325e-01   2.0902233e-01   3.9764376e-01   1.3516897e-04  -5.9112656e-04  -2.7788810e-03
  -1.8335887e-01   2.0677632e-01   3.9668743e-01   1.3341629e-04  -6.6404891e-04  -2.7008929e-03
  -2.0941227e-01   1.8708197e-01   4.0517736e-01   9.5337175e-05  -6.3330676e-04  -2.9024521e-03
  -2.0061757e-01   1.7725311e-01   4.4092310e-01  -3.5582435e-04  -6.1428821e-04  -2.8927690e-03
  -2.0995083e-01   2.3047774e-01   4.1384372e-01   3.5379652e-04  -6.3789627e-04  -2.8007408e-03
  -1.9388841e-01   1.8085508e-01   4.4046274e-01   4.1368381e-05  -6.9130726e-04  -2.7282493e-03
  -2.1325998e-01   1.9289932e-01   4.4784528e-01   7.0413560e-04  -3.6904821e-04  -2.8919355e-03
  -1.9632980e-01   1.8903045e-01   4.6261165e-01   7.5706668e-04  -5.4995093e-04  -2.8664768e-03
  -2.0743770e-01   2.2714513e-01   4.0327564e-01   1.7413737e-03  -7.8581723e-04  -2.7690333e-03
  -1.7839867e-01   2.1368848e-01   4.1216320e-01   1.0527887e-03  -2.7622166e-04  -2.5236849e-03
  -1.9469066e-01   2.1355857e-01   5.0682515e-01  -5.8625702e-04  -6.4977567e-04  -2.6132572e-03
  -2.0009509e-01   2.3297880e-01   4.9206872e-01   5.7406434e-05  -4.9886747e-04  -2.7084713e-03
  -2.2276793e-01   2.6344017e-01   4.8624158e-01  -1.7716892e-04  -1.6417528e-03  -2.5002864e-03
  -2.3267614e-01   2.3233564e-01   5.0407126e-01  -3.4272957e-04  -1.8274688e-03  -2.8343173e-03
  -2.2949164e-01   2.3573274e-01   5.5977674e-01  -3.6666363e-04  -1.2154845e-03  -2.8042955e-03
  -2.2877338e-01   2.6107265e-01   5.4639001e-01  -2.7003745e-04  -1.5429071e-03  -2.8114249e-03
  -2.2792931e-01   2.4126007e-01   5.6928220e-01  -4.1255158e-04  -1.0874358e-03  -3.0638644e-03
  -2.2544769e-01   2.3328376e-01   5.9371153e-01  -5.6967578e-04  -1.1305137e-03  -2.9571470e-03
  -2.3622233e-01   2.5516302e-01   5.8538287e-01  -7.6365316e-04  -1.3194125e-03  -3.0655523e-03
  -2.6006791e-01   2.7812395e-01   5.6264104e-01  -2.6665342e-05  -1.4686217e-03  -2.9181368e-03
  -2.5684190e-01   2.7350841e-01   5.7353289e-01  -6.3119427e-05  -1.3923827e-03  -3.0572936e-03
  -2.5952903e-01   2.6126212e-01   6.0747929e-01  -3.5348619e-04  -1.4211732e-03  -3.2054520e-03
  -2.6177949e-01   2.7890321e-01   6.3282288e-01  -5.5134966e-04  -1.0853200e-03  -3.2640798e-03
  -2.3613657e-01   2.5472801e-01   5.8495729e-01  -4.1193455e-04  -1.6841172e-03  -2.7824692e-03
  -2.3224695e-01   2.8088334e-01   5.8062737e-01   1.5078497e-03  -1.5501555e-03  -2.9081562e-03
  -2.5439612e-01   2.7631285e-01   6.4018745e-01   9.0459655e-04  -1.1757357e-03  -3.4669515e-03
  -2.7106387e-01   3.1203056e-01   6.6684721e-01   4.3882191e-04  -1.8163027e-03  -3.2968841e-03
  -2.7491451e-01   2.7890026e-01   6.7974714e-01   4.5568765e-04  -1.9299457e-03  -3.5730300e-03
  -2.7094312e-01   2.8389072e-01   7.2226508e-01  -2.4085933e-05  -1.8459818e-03  -3.4648854e-03
  -2.7214973e-01   2.9800934e-01   7.1150950e-01   2.5222752e-04  -1.8237708e-03  -3.3961069e-03
  -2.6395006e-01   3.0865100e-01   7.0655511e-01   6.9212470e-04  -2.2451987e-03  -3.2055691e-03
  -2.6171548e-01   2.9920093e-01   7.2880098e-01   2.1862799e-04  -1.9256204e-03  -3.3286468e-03
  -2.6830653e-01   2.9596752e-01   7.8760871e-01  -5.0214493e-04  -1.8164767e-03  -3.3091847e-03
  -2.7399246e-01   3.3342050e-01   7.5283830e-01  -3.5756404e-04  -2.0546173e-03  -3.1909305e-03
  -2.7992243e-01   3.3930600e-01   7.7028199e-01  -2.9381426e-04  -2.3865698e-03  -3.2133611e-03
  -2.7856113e-01   3.0924647e-01   8.1269430e-01  -1.4708736e-04  -2.0170670e-03  -3.3621938e-03
  -2.6403861e-01   3.5597895e-01   8.1216222e-01  -3.7485709e-04  -2.3523078e-03  -3.1181970e-03
  -2.5290741e-01   3.2643554e-01   7.9012394e-01  -1.9127731e-04  -2.4522234e-03  -3.1309058e-03
  -2.5176847e-01   3.1699484e-01   7.9819966e-01  -2.8328980e-04  -2.2671940e-03  -3.1140616e-03
  -2.4385409e-01   3.7206373e-01   8.3035610e-01  -7.2634821e-04  -2.3081279e-03  -2.7638894e-03
  -2.4517077e-01   3.2179712e-01   8.4412586e-01  -8.4969354e-04  -2.0855974e-03  -2.8928549e-03
  -2.3920480e-01   3.2823843e-01   8.8050520e-01  -1.2772632e-03  -2.0559203e-03  -3.1407823e-03
  -2.4025614e-01   3.5167729e-01   8.3836669e-01  -5.9160693e-04  -2.0885690e-03  -2.9480814e-03
  -2.4582511e-01   3.5683660e-01   8.4554062e-01  -8.1436238e-04  -1.9627028e-03  -2.9334640e-03
  -2.3694613e-01   3.3837054e-01   8.6713099e-01  -1.3046853e-03  -2.2605684e-03  -3.0280128e-03
  -2.6809773e-01   3.4844502e-01   9.0616781e-01  -1.2034098e-03  -2.3384332e-03  -2.8409965e-03
  -2.4369217e-01   3.7962478e-01   8.9832156e-01  -1.2543141e-03  -2.4083935e-03  -2.7281642e-03
  -2.3863198e-01   3.6229982e-01   9.2746602e-01  -1.6846061e-03  -2.2541274e-03  -2.6960121e-03
  -2.4352387e-01   3.5559760e-01   9.7431383e-01  -2.9489979e-03  -2.5979182e-03  -2.7556170e-03
  -2.6249587e-01   3.6432874e-01   9.0663842e-01  -1.0547818e-03  -2.1304385e-03  -3.0063139e-03
  -2.3950953e-01   4.0050322e-01   8.9058529e-01  -1.0176294e-03  -2.3231663e-03  -2.7309565e-03
  -2.5507563e-01   4.0840119e-01   9.3628740e-01  -1.5574798e-03  -2.5800294e-03  -2.8362740e-03
  -2.5209797e-01   4.0321675e-01   9.0343804e-01  -1.2342387e-03  -2.8605644e-03  -2.8017202e-03
  -2.5399181e-01   3.7117887e-01   1.0131541e+00  -2.6945524e-03  -2.7074226e-03  -2.5488792e-03
  -2.5592717e-01   4.1693713e-01   9.1609900e-01  -2.4018136e-03  -3.1382471e-03  -2.6745620e-03
  -2.7435434e-01   3.8726176e-01   9.1390341e-01  -2.4393158e-03  -4.0967493e-03  -2.3861669e-03
  -2.8136047e-01   4.3241734e-01   9.1958746e-01  -1.7088135e-03  -3.2028063e-03  -2.5336639e-03
  -2.9390154e-01   3.8735861e-01   1.0853258e+00  -3.2139901e-03  -3.1464022e-03  -2.9960046e-03
  -3.7716968e-01   4.1276519e-01   9.8402767e-01  -2.9279001e-03  -1.7667663e-03  -3.4282440e-03
  -3.2727699e-01   3.9193224e-01   8.4073526e-01  -1.7966552e-03  -1.1012682e-03  -3.0428582e-03
  -3.0790399e-01   4.0872539e-01   9.4185833e-01  -1.8335893e-03  -1.2731434e-03  -2.7548483e-03
  -3.0447781e-01   4.0100410e-01   9.6128995e-01  -2.0741123e-03  -1.3736128e-03  -2.7093319e-03
  -3.2272326e-01   3.7646133e-01   1.0288948e+00  -2.1663250e-03  -1.3401661e-03  -2.9316725e-03
  -3.0712258e-01   3.7125466e-01   9.9020958e-01  -2.3071914e-03  -1.4125082e-03  -2.8730604e-03
  -3.2095461e-01   3.9513115e-01   9.8695955e-01  -2.6731827e-03  -1.3380019e-03  -2.9315066e-03
  -3.1467042e-01   4.2124472e-01   9.7609306e-01  -2.1287305e-03  -1.6062590e-03  -2.6150787e-03
  -3.2108429e-01   4.1782884e-01   9.7114112e-01  -2.0543221e-03  -1.9868439e-03  -2.4957898e-03
  -3.1631368e-01   3.9567392e-01   1.0108875e+00  -3.0456144e-03  -1.8771441e-03  -2.6670531e-03
  -3.1984684e-01   4.0874031e-01   1.0318307e+00  -3.1294009e-03  -1.6942846e-03  -2.6242049e-03
  -3.1588450e-01   4.3616661e-01   1.0245073e+00  -3.1593499e-03  -1.8159756e-03  -2.3961870e-03
  -3.0223733e-01   4.1276758e-01   1.0103166e+00  -3.3099888e-03  -1.9044689e-03  -2.4375240e-03
  -2.8982098e-01   4.2186686e-01   1.0320859e+00  -3.6994214e-03  -1.8908433e-03  -2.5278483e-03
  -2.8771303e-01   4.2272803e-01   1.0388579e+00  -3.5773365e-03  -2.1843005e-03  -2.4397320e-03
  -2.8857580e-01   4.4638064e-01   1.0514845e+00  -3.4850260e-03  -2.1256358e-03  -2.2271111e-03
  -2.7752348e-01   4.5417297e-01   1.0353732e+00  -3.4904243e-03  -2.3748284e-03  -2.2425344e-03
  -2.7680672e-01   4.2767557e-01   1.0540624e+00  -3.5020898e-03  -2.0325604e-03  -2.5050280e-03
  -3.0689538e-01   4.5021320e-01   1.0639673e+00  -3.2423494e-03  -2.2359512e-03  -2.6263123e-03
  -3.0431866e-01   4.6383240e-01   1.0605123e+00  -2.5938737e-03  -2.4098143e-03  -2.6433909e-03
  -2.9963252e-01   4.5655867e-01   1.0469817e+00  -2.3590233e-03  -2.5619123e-03  -2.4872443e-03
  -2.9224893e-01   4.4912327e-01   1.0867848e+00  -2.9415130e-03  -2.3785346e-03  -2.4795675e-03
  -2.9542815e-01   4.6650142e-01   1.0815062e+00  -2.7925402e-03  -2.4433362e-03  -2.4029498e-03
  -2.8633978e-01   4.7236431e-01   1.0826734e+00  -2.7107267e-03  -2.3558080e-03  -2.3719097e-03
  -2.8945054e-01   4.6343891e-01   1.0818774e+00  -2.6804243e-03  -2.3580909e-03  -2.3194781e-03
  -3.0423606e-01   4.6744518e-01   1.1186474e+00  -2.8147685e-03  -2.0827518e-03  -2.3015098e-03
  -2.9874688e-01   4.7910278e-01   1.0937719e+00  -2.5886943e-03  -2.1695434e-03  -2.2353857e-03
  -2.9653349e-01   4.7686429e-01   1.0899748e+00  -2.6616233e-03  -2.2904616e-03  -2.3492788e-03
  -3.0947463e-01   4.6739386e-01   1.0720068e+00  -1.5816033e-03  -2.2756346e-03  -2.3579093e-03
  -3.0950517e-01   4.6375493e-01   1.1512247e+00  -3.5246615e-03  -2.3885658e-03  -2.5052372e-03
  -3.0966814e-01   4.5667193e-01   1.0524572e+00  -3.5843335e-03  -3.1212789e-03  -2.4215130e-03
  -3.2993546e-01   5.3261653e-01   1.0628183e+00  -2.0648945e-03  -3.2910579e-03  -2.2301089e-03
  -3.3868218e-01   4.9539258e-01   1.0887011e+00  -2.2007079e-03  -3.1974636e-03  -2.4749473e-03
  -3.3555106e-01   4.8973596e-01   1.1527348e+00  -3.7484331e-03  -3.0361150e-03  -2.3884502e-03
  -3.3556771e-01   5.0129899e-01   1.1029367e+00  -2.4332309e-03  -3.1040531e-03  -2.4420821e-03
  -3.2104934e-01   5.3125380e-01   1.1038320e+00  -2.4667842e-03  -3.0555690e-03  -2.2354478e-03
  -3.1553077e-01   5.1986094e-01   1.1116284e+00  -2.9440085e-03  -2.7550287e-03  -2.3622838e-03
  -3.2265236e-01   5.0563226e-01   1.1588688e+00  -3.3093398e-03  -2.8402674e-03  -2.1816656e-03
  -3.2084471e-01   5.3980680e-01   1.1533236e+00  -3.9676146e-03  -3.0917418e-03  -2.1789252e-03
  -3.3063977e-01   5.2680669e-01   1.1184953e+00  -3.5317016e-03  -2.9313024e-03  -2.1438414e-03
  -3.0871585e-01   5.3655923e-01   1.1391403e+00  -3.1790712e-03  -2.8586353e-03  -2.2658273e-03
  -3.1713400e-01   5.3351971e-01   1.1806199e+00  -3.2717699e-03  -3.4996700e-03  -1.6354308e-03
  -3.1918313e-01   5.4000399e-01   1.1304207e+00  -2.1131749e-03  -3.6227289e-03  -1.5884089e-03
  -3.1738483e-01   5.2041767e-01   1.1005838e+00  -2.1772324e-03  -3.4520672e-03  -1.8650174e-03
  -3.3563970e-01   5.2243082e-01   1.2263036e+00  -4.0563176e-03  -3.5085268e-03  -1.6338607e-03
  -3.0791530e-01   5.5025995e-01   1.1876364e+00  -3.7327467e-03  -2.7657248e-03  -1.3928143e-03
  -2.8304806e-01   5.6480234e-01   1.1758497e+00  -3.9386659e-03  -3.1871024e-03  -1.3808163e-03
  -2.9513648e-01   5.4257920e-01   1.1854744e+00  -3.2015110e-03  -2.5552255e-03  -1.7290568e-03
  -4.3180426e-01   5.4140714e-01   1.2052715e+00  -2.1890788e-03  -4.8557237e-03  -9.2426948e-04
  -4.3167547e-01   5.5617881e-01   1.1164357e+00  -1.5682471e-03  -5.0718728e-03  -1.3032978e-03
  -4.1845586e-01   5.7072812e-01   1.2201448e+00  -2.7179378e-03  -3.1020204e-03  -1.8237176e-03
  -4.2377462e-01   5.6903156e-01   1.1987039e+00  -2.1019881e-03  -3.9921706e-03  -1.1194080e-03
  -4.2649607e-01   5.2266763e-01   1.1900846e+00  -2.4039144e-03  -3.6761755e-03  -2.2733709e-03
  -4.2583052e-01   5.4255196e-01   1.2331250e+00  -3.1226009e-03  -3.5929609e-03  -1.9160950e-03
  -4.2001332e-01   5.9104234e-01   1.1977327e+00  -2.2845074e-03  -3.3080580e-03  -2.5864804e-03
  -4.2629376e-01   6.3946015e-01   1.2248309e+00  -1.5784191e-03  -3.3042540e-03  -2.7438376e-03
  -3.9116727e-01   5.1057577e-01   1.2780739e+00  -2.8611307e-03  -3.8042277e-03  -1.8048786e-03
  -3.8343596e-01   5.4404608e-01   1.1939024e+00  -2.6258755e-03  -4.2628714e-03  -1.8119902e-03
  -3.9546946e-01   5.3881102e-01   1.2777772e+00  -3.1779372e-03  -4.3547500e-03  -1.9530033e-03
  -4.2408541e-01   5.4720976e-01   1.3383041e+00  -3.2419979e-03  -4.2907309e-03  -2.0001773e-03
  -4.1657544e-01   5.2031127e-01   1.3621942e+00  -3.5701034e-03  -4.4813507e-03  -1.8025746e-03
  -4.0763481e-01   5.5451550e-01   1.3811775e+00  -3.7976076e-03  -4.3851856e-03  -1.6490560e-03
  -4.0821390e-01   5.7738638e-01   1.4032951e+00  -4.1042640e-03  -4.6263210e-03  -1.2905118e-03
  -4.2223506e-01   5.5748678e-01   1.3927132e+00  -4.8739504e-03  -4.4585443e-03  -1.6764459e-03
  -4.2977389e-01   5.8465561e-01   1.4107673e+00  -5.0782569e-03  -4.5774481e-03  -1.6252715e-03
  -4.3175078e-01   6.1533609e-01   1.3997882e+00  -4.3718728e-03  -4.7435110e-03  -1.2953025e-03
  -4.1238788e-01   5.7991728e-01   1.4436780e+00  -4.9475903e-03  -4.9755965e-03  -1.5536097e-03
  -3.9806728e-01   5.8006123e-01   1.4410991e+00  -5.4910446e-03  -4.8094001e-03  -1.6769309e-03
  -4.0825693e-01   6.0466309e-01   1.4283472e+00  -4.1924483e-03  -4.9836209e-03  -1.2610001e-03
  -4.0552129e-01   6.1091872e-01   1.4333097e+00  -4.0599702e-03  -4.8244525e-03  -1.3570143e-03
  -3.9303705e-01   6.0185602e-01   1.4000365e+00  -4.2191691e-03  -4.9766031e-03  -1.2405672e-03
  -3.9113000e-01   6.0699704e-01   1.4431121e+00  -4.6585836e-03  -4.7102692e-03  -1.5433430e-03
  -4.0199555e-01   6.0606231e-01   1.4500865e+00  -4.7160680e-03  -5.0735338e-03  -1.4783112e-03
  -4.0672715e-01   6.1851507e-01   1.4599533e+00  -5.1880726e-03  -5.0331330e-03  -1.3496884e-03
  -4.0166643e-01   6.3911350e-01   1.4533574e+00  -5.2800769e-03  -5.3308510e-03  -1.2968305e-03
  -4.1500090e-01   6.2343398e-01   1.4530813e+00  -4.8439364e-03  -5.1347692e-03  -1.3585599e-03
  -3.7543759e-01   7.2491967e-01   1.6459888e+00  -5.7157646e-03  -4.6307475e-03  -6.1226190e-04
  -3.1345884e-01   7.0511324e-01   1.5152448e+00  -4.6461621e-03  -5.2765876e-03  -8.5324141e-05
  -2.7588049e-01   6.2987962e-01   1.1952779e+00  -4.7672113e-03  -5.4729976e-03  -4.0217662e-04
  -3.2271728e-01   6.5528623e-01   1.3315888e+00  -4.0199154e-03  -5.8092256e-03  -7.1461386e-04
  -3.3973277e-01   6.2223870e-01   1.3237497e+00  -4.7332233e-03  -5.7241128e-03  -1.1432842e-03
  -3.1297352e-01   6.0646254e-01   1.3111966e+00  -4.7824495e-03  -5.3820261e-03  -9.4122596e-04
