   0.0000000e+00   0.0000000e+00   0.0000000e+00   0.0000000e+00   0.0000000e+00   0.0000000e+00
  -3.5078634e-03   7.6290048e-02  -7.8628797e-03  -8.3000119e-04   5.8166785e-05  -4.3342094e-05
  -2.0894643e-02   6.0917654e-02  -8.1230285e-02   4.5753122e-05   5.9904008e-05  -5.6860860e-05
   1.0442249e-02  -9.0255294e-03   4.4389367e-02  -1.1731496e-03   1.6634406e-03   3.5267059e-04
   5.8807623e-02   3.7438944e-03  -1.4701114e-02  -1.0615938e-03   3.0541054e-03   1.0825875e-03
   6.5694202e-02  -1.6704475e-02   4.2260900e-02  -1.6582677e-03   2.9695606e-03   1.3303633e-03
   8.7195715e-02   6.4742500e-03   8.1321408e-02  -2.7935803e-03   4.5182724e-03   1.4373433e-03
   7.3962503e-02   1.1856213e-02   1.8623757e-02  -1.6479653e-03   3.1614311e-03   1.2968011e-03
   6.9991518e-02   3.1741870e-02   1.3765920e-01  -2.8947344e-03   5.1408936e-03   1.0900514e-03
   3.4563138e-02   4.0143877e-02   4.2600624e-02  -2.0842255e-03   4.1390539e-03   5.7191107e-04
   3.2206264e-02   1.1470548e-02   1.6397645e-01  -3.0943078e-03   6.0055441e-03   3.6768832e-04
   4.7505005e-02   3.7830778e-02   1.2220472e-01  -2.6486181e-03   6.3438099e-03   6.0490410e-04
   7.4980170e-02   4.8673845e-02   1.3614515e-01  -2.6863406e-03   6.2540715e-03   1.1086883e-03
   7.7460032e-02   3.9848765e-02   1.3989510e-01  -2.7710953e-03   6.9588020e-03   1.1968542e-03
   1.1757653e-01   7.9071311e-02   1.0587779e-01  -3.3449540e-03   7.1892318e-03   1.6143540e-03
   1.9132411e-01   8.6645754e-02  -1.3823156e-01  -3.7507134e-03   7.1068824e-03   3.1574589e-03
   1.7995672e-01   3.7404674e-02  -7.0195795e-02  -3.6595929e-03   6.6813796e-03   3.3502681e-03
   1.5906434e-01   5.0796357e-02  -2.3798687e-03  -4.1574352e-03   6.8304113e-03   2.5620904e-03
   1.5405738e-01   2.4188312e-02   1.5368790e-02  -3.8530460e-03   6.5361658e-03   2.5797345e-03
   1.4618209e-01   6.2081872e-02   7.0599502e-02  -4.2772791e-03   6.9779125e-03   2.5241859e-03
   1.4763906e-01   7.2379267e-02   1.5603890e-01  -5.6549188e-03   6.8386948e-03   2.5625095e-03
   1.4401149e-01   9.2672004e-02   1.2649004e-01  -5.3767807e-03   7.3820337e-03   2.3634051e-03
   1.4133524e-01   6.0111572e-02   1.0929607e-01  -5.0845406e-03   6.5047131e-03   2.4707552e-03
   1.3219118e-01   9.6109736e-02   1.3138347e-01  -5.0019711e-03   7.6390304e-03   2.2280375e-03
   9.3742223e-02   8.7494823e-02   1.4564557e-01  -5.2058705e-03   6.5999940e-03   1.6984242e-03
   1.0077875e-01   1.1126214e-01   1.9450941e-01  -4.9459157e-03   7.6171051e-03   1.1035575e-03
   1.1875620e-01   1.5254138e-01   9.5405135e-02  -4.7992519e-03   6.9182507e-03   1.7469298e-03
   1.1492306e-01   1.1903362e-01   1.7251904e-01  -5.4868221e-03   7.4806268e-03   1.8656586e-03
   9.9042860e-02   1.4732730e-01   1.7487876e-01  -5.3061239e-03   4.7408465e-03   2.0880895e-03
   1.7058741e-01   1.3901535e-01   2.4035844e-01  -6.1552395e-03   5.5819263e-03   3.4315021e-03
   1.4699054e-01   8.5101278e-02   2.7076620e-01  -6.3638795e-03   6.0475906e-03   2.6149418e-03
   1.2209060e-01   1.8677799e-01   1.4745737e-01  -5.2638555e-03   5.7547352e-03   2.1791219e-03
   1.6423728e-01   1.0796084e-01   1.7896612e-01  -5.4337331e-03   5.7081463e-03   2.9915148e-03
   1.4882718e-01   2.2296002e-01   9.3023020e-02  -5.1025668e-03   4.2480589e-03   2.8269694e-03
   1.4129011e-01   1.2221124e-01   2.0869747e-01  -6.3744667e-03   5.3750894e-03   2.5815859e-03
   1.0984848e-01   3.9195811e-01   1.9323667e-01  -4.0699121e-03   5.8535362e-03   2.7223011e-03
   5.9485978e-02   3.0131647e-01   1.8177655e-01  -4.5670869e-03   7.1515684e-03   8.7269472e-04
   3.0800963e-02   1.0346461e-01   1.3446169e-01  -4.0508045e-03   6.7356254e-03  -6.6289626e-05
   5.1011960e-02   1.1324553e-01   1.9041167e-01  -4.3042680e-03   5.7409999e-03   6.7873347e-04
   3.1663732e-02   9.9417034e-02   2.3390385e-01  -4.0620436e-03   6.6587709e-03   4.9272829e-05
  -1.4526366e-02   1.8829829e-01   3.2420021e-01  -6.2468232e-03   5.1396751e-03  -1.9995016e-04
   7.0390798e-03   1.3588351e-01   3.5651278e-01  -6.3362995e-03   5.6679611e-03  -9.5588472e-05
  -3.1723354e-03   1.8121846e-01   2.6161881e-01  -5.2094534e-03   6.3052171e-03  -4.3422424e-04
  -1.5142979e-03   1.5120695e-01   2.6519809e-01  -5.1993696e-03   6.2441096e-03  -3.1517415e-04
  -5.0057911e-03   1.6825606e-01   2.8049091e-01  -5.0671703e-03   6.3960684e-03  -4.3047401e-04
  -9.9982236e-03   1.6336570e-01   3.3988746e-01  -5.0994611e-03   6.2292492e-03  -4.6604037e-04
  -1.6632684e-02   1.9402236e-01   3.2536165e-01  -4.9149423e-03   5.8419837e-03  -6.7367543e-04
  -2.9060739e-02   1.7549630e-01   3.9107046e-01  -5.6071438e-03   5.9401706e-03  -7.3525913e-04
  -4.2005398e-02   1.7917924e-01   3.7043823e-01  -5.4407088e-03   5.7002801e-03  -9.9961321e-04
  -5.1472625e-02   2.1038835e-01   3.8612142e-01  -5.4455627e-03   5.7510401e-03  -1.2631323e-03
  -5.2377264e-02   1.7079491e-01   4.0295711e-01  -5.1858138e-03   5.6720332e-03  -1.2265202e-03
  -4.5461718e-02   2.0402720e-01   3.7397824e-01  -4.8523152e-03   4.6368321e-03  -1.0450484e-03
  -5.1825483e-02   1.9534305e-01   3.9718854e-01  -5.2990309e-03   6.0667970e-03  -1.0100705e-03
  -6.4227384e-02   2.1017554e-01   3.7692495e-01  -5.0465801e-03   5.7839002e-03  -1.5020242e-03
  -4.4040908e-02   2.2967604e-01   3.9117105e-01  -5.3467884e-03   6.0774642e-03  -1.1936770e-03
  -1.9466229e-02   2.3433742e-01   5.1460061e-01  -6.3537244e-03   6.1392958e-03  -4.7426914e-04
  -4.5111293e-02   2.2691861e-01   5.0771647e-01  -6.7084679e-03   6.7402406e-03  -9.8300322e-04
  -6.0333575e-02   2.6550493e-01   4.8583837e-01  -6.2473431e-03   6.1270688e-03  -1.0655449e-03
  -7.5305297e-02   2.4638771e-01   5.5130366e-01  -6.6467444e-03   6.4610850e-03  -1.5306324e-03
  -6.2502489e-02   2.1158951e-01   5.5505480e-01  -7.8159611e-03   7.7867400e-03  -1.6002395e-03
  -5.9718110e-02   2.4757686e-01   5.3691029e-01  -6.8156418e-03   6.8970994e-03  -1.5851910e-03
  -9.8249926e-02   2.1207326e-01   6.1320349e-01  -7.3912465e-03   6.6774521e-03  -2.1612710e-03
  -6.8252461e-02   2.8233542e-01   6.4182572e-01  -8.7334684e-03   6.6606401e-03  -1.5643532e-03
  -9.7878202e-02   2.8077128e-01   6.1078733e-01  -8.5020844e-03   7.0002710e-03  -2.1388741e-03
  -9.5070167e-02   2.7130886e-01   5.5939162e-01  -8.0131349e-03   5.8641636e-03  -1.8178228e-03
  -1.0609613e-01   2.5214321e-01   5.7187530e-01  -7.7028030e-03   6.2394829e-03  -2.2481951e-03
  -9.6335754e-02   2.8460679e-01   5.4786300e-01  -7.6002281e-03   6.5224276e-03  -1.9937408e-03
  -1.1224044e-01   2.9389398e-01   5.4982321e-01  -7.7912047e-03   6.5830539e-03  -2.0463842e-03
  -1.5510147e-01   3.1009138e-01   5.6252496e-01  -7.8354780e-03   6.0881662e-03  -2.9001881e-03
  -1.5188705e-01   2.9867522e-01   5.5956830e-01  -7.4103470e-03   6.3580794e-03  -2.7965286e-03
  -1.7634268e-01   3.1986662e-01   5.7212129e-01  -7.1263623e-03   5.4191374e-03  -3.3668571e-03
  -1.7098325e-01   3.1955968e-01   5.0358874e-01  -6.8893214e-03   6.2697479e-03  -2.9669336e-03
  -1.8222986e-01   3.0843260e-01   4.9929889e-01  -7.0214150e-03   5.9313674e-03  -3.4973413e-03
  -1.8334476e-01   3.2143186e-01   4.5804245e-01  -6.5932521e-03   5.8345374e-03  -3.5120968e-03
  -1.7549105e-01   2.9964268e-01   4.8259707e-01  -6.4478760e-03   5.2381937e-03  -3.5411098e-03
  -2.0949965e-01   3.2727329e-01   4.6414374e-01  -6.0540883e-03   5.8648138e-03  -4.0979302e-03
  -2.0373726e-01   3.3815882e-01   4.6526269e-01  -6.5698886e-03   4.0316797e-03  -4.2651626e-03
  -2.3516303e-01   3.1645565e-01   3.5113394e-01  -3.1636428e-03   8.5509258e-03  -5.9522918e-03
  -4.2568773e-01   4.0179630e-01   3.7163221e-01  -2.0633204e-05   6.0611855e-03  -9.8134042e-03
  -4.2767276e-01   3.3360564e-01   6.0830928e-01  -3.9822908e-03   4.4526393e-03  -8.4343489e-03
  -3.9148663e-01   4.3281544e-01   4.8302528e-01  -2.3389672e-03   6.9519683e-03  -8.5377140e-03
  -3.8476513e-01   3.8722597e-01   3.9053662e-01  -2.4381330e-03   5.9720423e-03  -8.2832264e-03
  -3.9770443e-01   3.2468905e-01   4.5648540e-01  -2.6726288e-03   7.2190418e-03  -8.7210138e-03
  -4.1634394e-01   3.4635677e-01   5.1596220e-01  -2.1597299e-03   6.4719435e-03  -9.0488514e-03
  -3.9946859e-01   3.5693573e-01   5.3390623e-01  -2.4564287e-03   7.0593778e-03  -8.9925735e-03
  -4.3776905e-01   3.7363756e-01   5.3455371e-01  -2.9665921e-03   6.8483503e-03  -9.5198088e-03
  -4.4037463e-01   3.9663338e-01   5.1989621e-01  -3.0694081e-03   7.2923232e-03  -9.6340324e-03
  -4.4179313e-01   3.6601004e-01   5.9714219e-01  -3.5009470e-03   6.9841590e-03  -9.8699873e-03
  -4.3890728e-01   4.3563869e-01   5.4451990e-01  -3.4909722e-03   6.9351050e-03  -9.7117548e-03
  -4.5738307e-01   4.3562172e-01   5.5363927e-01  -3.0968669e-03   6.7484198e-03  -1.0192603e-02
  -4.5072970e-01   4.3644923e-01   5.7546548e-01  -3.1652244e-03   7.5569665e-03  -1.0328885e-02
  -3.8128983e-01   4.6289213e-01   4.5065445e-01  -3.3431236e-03   6.5742400e-03  -9.0515874e-03
  -4.1390336e-01   4.1101237e-01   4.8424467e-01  -3.3751122e-03   6.6757795e-03  -9.2315924e-03
  -4.0175658e-01   4.5200460e-01   4.7451265e-01  -4.0459961e-03   6.9574891e-03  -9.1507098e-03
  -4.2322115e-01   4.3646313e-01   4.3684353e-01  -2.8466928e-03   6.6982072e-03  -9.3620391e-03
  -4.1996484e-01   4.1133401e-01   5.2771263e-01  -3.7534797e-03   7.0674139e-03  -9.2150510e-03
  -4.5649112e-01   4.3976860e-01   4.4878387e-01  -3.5501351e-03   6.0517423e-03  -9.9615501e-03
  -4.4837368e-01   4.4069228e-01   5.1808797e-01  -3.8321744e-03   7.0366096e-03  -9.6936716e-03
  -4.9595948e-01   5.3048306e-01   5.0072529e-01  -3.0024439e-03   6.5634996e-03  -9.8491831e-03
  -4.7356291e-01   4.4995291e-01   4.1564915e-01  -2.4613142e-03   7.3061067e-03  -9.8319198e-03
  -4.2521109e-01   4.7918830e-01   4.5550454e-01  -2.9753245e-03   8.8705742e-03  -9.4186563e-03
  -4.3860576e-01   4.3190611e-01   4.7633485e-01  -2.9341908e-03   8.3383933e-03  -9.6269770e-03
  -4.6165203e-01   4.4597857e-01   5.2620147e-01  -3.1193916e-03   8.7931503e-03  -1.0387594e-02
  -4.5838865e-01   4.5773176e-01   5.1098183e-01  -3.3470902e-03   8.4227175e-03  -1.0259643e-02
  -3.9337513e-01   4.6776765e-01   4.8570543e-01  -2.2707406e-03   8.4662531e-03  -9.5755731e-03
  -4.2166108e-01   4.6995571e-01   4.1992579e-01  -2.2657110e-03   8.1812197e-03  -9.9627699e-03
  -4.4526774e-01   4.4978759e-01   5.7642029e-01  -3.7472200e-03   9.3340253e-03  -1.0551137e-02
  -4.2483470e-01   4.9207025e-01   4.8185254e-01  -3.4371795e-03   9.0196328e-03  -1.0043461e-02
  -4.1689224e-01   5.6740984e-01   6.4622740e-01  -3.3077018e-03   8.4012848e-03  -9.5419064e-03
  -4.4566837e-01   7.8817596e-01   5.0803290e-01  -2.6304935e-03   8.5121114e-03  -1.0088554e-02
  -4.6521345e-01   5.6952204e-01   4.7823300e-01  -2.7213968e-03   7.3402703e-03  -1.1108738e-02
  -3.9918494e-01   4.6614806e-01   7.1822778e-01  -4.9071182e-03   7.1841074e-03  -9.8751274e-03
  -4.2504786e-01   4.9385030e-01   6.7643948e-01  -3.5147579e-03   7.3135485e-03  -9.9757545e-03
  -4.3114795e-01   4.4416375e-01   7.4094238e-01  -3.2471198e-03   7.8359202e-03  -1.0431376e-02
  -4.5572963e-01   5.2475212e-01   6.5907695e-01  -3.4445221e-03   8.5686944e-03  -1.0903395e-02
  -4.6303034e-01   5.1233924e-01   7.1375068e-01  -3.2785804e-03   8.3170857e-03  -1.1111028e-02
  -4.5896543e-01   5.3087446e-01   6.9823772e-01  -4.1054533e-03   9.2618211e-03  -1.0898860e-02
  -4.6600174e-01   5.3520601e-01   7.5046495e-01  -4.7192847e-03   8.9764725e-03  -1.0992664e-02
  -4.3384657e-01   5.5668620e-01   7.6290496e-01  -5.3412795e-03   9.2660657e-03  -1.0709598e-02
  -4.3980433e-01   5.7736921e-01   7.1500566e-01  -4.6072545e-03   8.9496005e-03  -1.0830777e-02
  -4.4416065e-01   5.2599753e-01   7.7992491e-01  -4.7446949e-03   9.5256262e-03  -1.0746066e-02
  -4.1623225e-01   5.9012109e-01   7.5681155e-01  -5.1684689e-03   9.1012474e-03  -9.9128970e-03
  -4.4488183e-01   5.4653825e-01   7.8641601e-01  -5.2159945e-03   9.7731831e-03  -1.0408350e-02
  -3.4875663e-01   5.9838774e-01   7.9929463e-01  -5.8483647e-03   9.2795561e-03  -9.1669855e-03
  -3.7156990e-01   6.0394880e-01   8.7881156e-01  -6.5047374e-03   9.2455014e-03  -9.4688463e-03
  -4.2346004e-01   5.6820556e-01   8.6451162e-01  -6.0132533e-03   9.3420973e-03  -1.0361469e-02
  -4.2872006e-01   5.7996635e-01   8.9455876e-01  -6.3966164e-03   9.8253646e-03  -1.0307014e-02
  -4.2081630e-01   5.7697485e-01   8.8180231e-01  -6.7004293e-03   9.7851590e-03  -1.0482919e-02
  -4.1511467e-01   6.1462382e-01   8.5064349e-01  -7.0192995e-03   1.0091259e-02  -1.0571493e-02
  -4.0627572e-01   5.9260675e-01   8.9475742e-01  -7.3395704e-03   1.0086563e-02  -1.0444397e-02
  -4.2315341e-01   6.2013140e-01   9.0140474e-01  -7.2582713e-03   1.0154497e-02  -1.0682158e-02
  -3.9427790e-01   6.1580428e-01   8.7366514e-01  -7.4676851e-03   9.5026177e-03  -1.0291052e-02
  -4.4835481e-01   6.3535633e-01   9.2094073e-01  -7.1039395e-03   1.0080075e-02  -1.1096043e-02
  -4.1319520e-01   6.5823371e-01   9.3068144e-01  -7.5893846e-03   9.9269896e-03  -1.0803653e-02
  -3.7306492e-01   6.8002484e-01   8.0845701e-01  -5.4554012e-03   8.6780039e-03  -9.8469950e-03
  -4.1727386e-01   6.4160499e-01   9.0111357e-01  -6.1198303e-03   9.7073369e-03  -1.0467308e-02
  -4.3423296e-01   6.1925425e-01   9.1259812e-01  -6.0961683e-03   9.7421387e-03  -1.0923675e-02
  -4.3554803e-01   6.4604346e-01   9.1370887e-01  -6.2839233e-03   9.5227086e-03  -1.1150450e-02
  -4.5162562e-01   6.4057938e-01   9.3177488e-01  -6.6424897e-03   9.7321911e-03  -1.1250563e-02
  -4.5882861e-01   6.4592022e-01   9.9629001e-01  -6.6145188e-03   9.6444578e-03  -1.1359016e-02
  -4.3679927e-01   6.6272840e-01   1.0080048e+00  -6.3614454e-03   9.8049160e-03  -1.0916002e-02
  -4.2471770e-01   6.7892793e-01   9.4890585e-01  -5.7248369e-03   9.9438443e-03  -1.0812240e-02
  -4.3065453e-01   6.7990025e-01   9.7360801e-01  -6.2034982e-03   1.0169285e-02  -1.0845422e-02
  -4.0801105e-01   6.8148760e-01   1.0213999e+00  -6.5644487e-03   9.9161179e-03  -1.0558355e-02
  -4.5143723e-01   6.8779469e-01   9.8924911e-01  -6.5720216e-03   1.0422265e-02  -1.1256547e-02
  -4.2795006e-01   7.3738725e-01   1.0828925e+00  -6.2587345e-03   9.6567047e-03  -1.0977533e-02
  -4.4821942e-01   7.4428017e-01   9.3325590e-01  -6.1657021e-03   1.0527214e-02  -1.0480709e-02
  -4.3581317e-01   7.4115853e-01   9.6241419e-01  -7.9150977e-03   1.1677143e-02  -1.0498538e-02
  -3.9839256e-01   7.6892292e-01   9.9866632e-01  -7.9852872e-03   1.1812580e-02  -9.9088546e-03
  -4.1407470e-01   7.7170225e-01   9.8512879e-01  -8.0467281e-03   1.2626819e-02  -1.0133208e-02
  -4.3251658e-01   7.8255622e-01   9.6173323e-01  -7.3364657e-03   1.2398376e-02  -1.0586835e-02
  -4.4089576e-01   7.4555483e-01   1.0019464e+00  -8.2926775e-03   1.2882686e-02  -1.0827049e-02
  -4.0337745e-01   7.8157001e-01   8.7751214e-01  -7.5974094e-03   1.2559700e-02  -9.9849901e-03
  -3.5157424e-01   7.8175445e-01   9.9323055e-01  -9.0291760e-03   1.3348085e-02  -9.1485917e-03
  -3.8938561e-01   7.9258591e-01   9.1340408e-01  -8.5436043e-03   1.2309920e-02  -9.3784034e-03
  -3.2492862e-01   7.9900617e-01   1.0037073e+00  -9.5192574e-03   1.3548335e-02  -8.7667526e-03
  -3.2785340e-01   7.5833337e-01   8.4525387e-01  -8.9080380e-03   1.2865845e-02  -8.5136141e-03
  -3.5691085e-01   7.6339161e-01   9.0539850e-01  -8.8911857e-03   1.4220725e-02  -8.9155458e-03
  -3.6636599e-01   7.6449603e-01   9.0656840e-01  -8.3743812e-03   1.3759856e-02  -9.1182093e-03
  -3.1943517e-01   7.7444730e-01   9.5940091e-01  -8.9368514e-03   1.4599981e-02  -8.3019712e-03
  -3.0927772e-01   7.6598028e-01   9.3833592e-01  -8.8632518e-03   1.4204407e-02  -8.1597625e-03
  -3.1905541e-01   8.0459482e-01   9.6191689e-01  -9.3990604e-03   1.5080286e-02  -8.3443275e-03
  -3.1995753e-01   7.9861498e-01   9.9568038e-01  -1.0383970e-02   1.4850073e-02  -7.8451823e-03
  -2.8483541e-01   8.1663987e-01   9.7030510e-01  -1.0195206e-02   1.6021823e-02  -6.9266974e-03
  -2.9889821e-01   7.9769123e-01   1.0727020e+00  -1.0156523e-02   1.4810100e-02  -7.6539195e-03
  -2.5080089e-01   8.3647234e-01   1.0353733e+00  -1.0040755e-02   1.4780626e-02  -6.4798808e-03
  -2.4540980e-01   8.1878473e-01   1.0658505e+00  -1.0033475e-02   1.5119892e-02  -6.6031702e-03
  -2.4393228e-01   8.3970256e-01   1.0168503e+00  -1.0680220e-02   1.3737710e-02  -6.5596027e-03
  -2.1422556e-01   8.3850915e-01   1.0752836e+00  -1.0611718e-02   1.4550772e-02  -6.1077016e-03
  -1.8998811e-01   8.3067554e-01   9.5723990e-01  -9.3666511e-03   1.4513091e-02  -5.6043391e-03
  -1.8103734e-01   8.4198601e-01   1.0003606e+00  -9.6001339e-03   1.4623215e-02  -5.4027365e-03
  -1.9010221e-01   8.0973308e-01   9.8512650e-01  -9.6805333e-03   1.4592423e-02  -5.6662215e-03
  -1.9852535e-01   9.7541407e-01   1.1039387e+00  -1.0681439e-02   1.4565344e-02  -5.4253430e-03
  -2.0184495e-01   9.4648409e-01   8.9011737e-01  -8.8480569e-03   1.3492342e-02  -5.5828174e-03
  -1.9064310e-01   8.1847549e-01   8.7361617e-01  -8.6045466e-03   1.4256937e-02  -5.1918839e-03
  -1.1731086e-01   8.1475828e-01   8.9253841e-01  -8.4484839e-03   1.4737618e-02  -4.0914438e-03
  -1.3906236e-01   8.1106638e-01   8.4400058e-01  -8.0206429e-03   1.4937717e-02  -4.3643124e-03
  -1.3710840e-01   8.2624158e-01   9.2814505e-01  -8.7573080e-03   1.4973416e-02  -4.2274077e-03
  -1.6311065e-01   8.3956306e-01   8.9570668e-01  -8.7918136e-03   1.5414796e-02  -4.7078217e-03
