   0.0000000e+00   0.0000000e+00   7.1054274e-15   0.0000000e+00   0.0000000e+00   0.0000000e+00
   1.4804092e-02   1.3482976e-02  -6.0763078e-02   4.8156935e-04  -2.6065324e-04  -8.1231664e-05
   2.0890951e-02   3.2085698e-02  -9.1921043e-02   9.4467129e-04  -1.7042139e-04   2.5846584e-05
   1.1731910e-02   2.6457609e-02  -5.6104614e-02   7.1448062e-04   5.1947728e-05  -4.2809206e-04
   1.0085410e-02   1.3022737e-02  -4.2202832e-02   6.7276820e-04  -5.9134642e-04  -3.1376808e-04
   5.1725671e-03   1.4887126e-02  -7.9396203e-02   7.4399738e-04  -5.1198377e-04  -4.1237562e-04
  -3.5525307e-03   5.2533423e-03  -4.1370643e-02   9.1976209e-04  -1.2567664e-03  -7.1513760e-04
   5.7412117e-03   2.4632941e-02  -3.3461913e-02   7.1707867e-04  -9.2345396e-04  -4.7895614e-04
   2.9310367e-02   1.8953014e-02  -2.2606054e-02   1.3166343e-03  -4.0338429e-04  -3.9296667e-04
   1.1312898e-02   2.6450269e-02  -8.3183007e-02   1.8669438e-03  -8.9619624e-04  -3.7121350e-04
   7.9516627e-03   4.2491217e-02   6.0515152e-03   8.5262349e-04  -5.6600931e-04  -6.9848893e-04
   2.4220978e-02   4.7295339e-02  -4.4741921e-02   1.2819516e-03  -5.8570152e-04  -3.0243195e-04
   1.7993950e-02   5.9944156e-02   1.0234767e-03   5.3768271e-04  -8.2291142e-04  -4.9376186e-04
   1.2556902e-02   6.2398240e-02   7.8866205e-03   7.0524442e-04  -1.1478327e-03  -7.2836442e-04
   9.0591443e-03   5.6152761e-02  -4.4231280e-02   1.4060006e-03  -2.6449257e-04  -4.2688795e-04
   4.0743857e-02   6.3431848e-02  -3.5484216e-02   1.4277453e-03  -8.6144937e-04  -1.2517806e-05
   8.9650921e-03   7.4564134e-02  -2.3594773e-02   7.0371509e-04  -6.1105150e-04  -4.0662849e-04
   2.4812153e-02   7.1284522e-02  -4.2746091e-02   2.2151430e-03  -3.2069275e-04  -3.4971647e-04
   2.5472867e-02   6.6519638e-02  -1.3955023e-02   9.4879019e-04  -6.0055664e-04  -3.2900372e-04
   2.6427479e-02   8.2281655e-02   2.9274081e-02   2.2345199e-04  -3.2996782e-04  -2.7576595e-04
   3.3460218e-02   9.6858091e-02   6.1878999e-02  -2.7356294e-04  -1.7626358e-04  -2.6833298e-04
   2.8939010e-02   1.0271946e-01   5.6425543e-02  -8.8781953e-04  -2.9679328e-04  -2.7996094e-04
   2.5570211e-02   9.4256692e-02   5.4302395e-02  -2.7775522e-05  -1.6457138e-04  -3.8128510e-04
   2.9156845e-02   9.9788317e-02   5.7405770e-02  -1.0793837e-03  -7.1346472e-05  -1.0745387e-04
   3.9110435e-02   1.1492575e-01   1.7131161e-01  -2.3068905e-03   9.4823088e-05  -2.9904642e-04
   7.8793963e-02   1.5409813e-01   3.7286172e-01  -2.9720811e-03  -3.7635945e-05   9.2494833e-05
   3.2333091e-02   9.9918297e-02   1.7707930e-01  -9.0904681e-04  -4.8543565e-04   1.7905046e-05
   5.9410754e-02   1.2043114e-01   1.5209664e-01  -1.2880401e-03  -3.5619128e-04   1.3988676e-04
   6.2889178e-02   1.3093627e-01   1.6142476e-01  -1.5715589e-03  -6.3469854e-04   2.6958956e-04
   8.8740790e-02   1.4051949e-01   1.3883757e-01  -1.3928892e-03  -5.4476167e-04   3.6962977e-04
   7.5694748e-02   1.2322057e-01   1.4944935e-01  -7.3863341e-04  -4.7406907e-04   3.2412985e-04
   6.8135734e-02   1.6013776e-01   1.1949840e-01  -1.3544876e-03   2.2326340e-04   1.5853616e-04
   6.9846087e-02   1.4717841e-01   1.1906305e-01  -2.8144832e-04   8.3121683e-04   2.2340459e-04
   9.1308944e-02   1.6675386e-01   1.8121185e-01  -1.2720845e-03   2.8394434e-05   4.0081880e-04
   7.5941899e-02   1.8250370e-01   2.6900090e-01  -2.1597066e-03  -2.3093465e-04   4.3575815e-04
   1.0046845e-01   1.9325910e-01   4.1978159e-01  -3.5623698e-03   2.9727787e-04   8.3445967e-04
   7.8326605e-02   1.7165608e-01   5.9024039e-01  -3.9500570e-03  -1.2418014e-04   4.1940370e-04
   7.6479450e-02   1.5902127e-01   3.2065627e-01  -2.9516127e-03  -8.5016462e-05   1.9324942e-04
   9.0935054e-02   1.7601863e-01   2.6057838e-01  -3.2233129e-03  -1.5383267e-04   4.9331854e-04
   8.8277467e-02   1.8135715e-01   3.0295668e-01  -4.2498354e-03  -1.3259312e-04   2.8833751e-04
   1.5448444e-01   1.9249339e-01   6.2882034e-01  -3.5157338e-03   1.1000400e-03   1.1150765e-03
   1.0344965e-01   1.6173468e-01   7.9325360e-01  -2.1559809e-03   4.2794680e-04   7.8926554e-04
   1.0958590e-01   2.0485647e-01   4.4053458e-01  -2.3944200e-03   1.8526285e-05   4.8307352e-04
   1.0262886e-01   2.3179613e-01   2.5912421e-01  -1.8583652e-03  -7.9064326e-05   5.5896245e-04
   1.1852489e-01   2.5331560e-01   4.9711433e-01  -2.0199037e-03   9.7096484e-05   6.5154562e-04
   1.2546873e-01   2.2484153e-01   4.9650641e-01  -3.6902892e-03  -4.2473265e-04   6.5281464e-04
   1.2991688e-01   2.2629575e-01   4.8575167e-01  -3.7080837e-03   7.3394330e-05   6.5864161e-04
   1.3154522e-01   2.2563346e-01   4.9175605e-01  -3.9471115e-03   2.9859283e-04   7.7429171e-04
   1.2586435e-01   2.1291059e-01   5.0891817e-01  -3.4528705e-03   3.0974321e-04   4.8352609e-04
   1.4305626e-01   2.3796207e-01   4.7035801e-01  -3.6482441e-03  -8.0768517e-05   8.3666743e-04
   1.4575088e-01   1.9821716e-01   5.4398418e-01  -3.1739491e-03   2.3768515e-04   8.1786438e-04
   1.3496440e-01   2.1945924e-01   5.0928883e-01  -3.7417731e-03  -1.6161640e-04   7.3580199e-04
   1.2800655e-01   2.4285019e-01   4.8096474e-01  -3.4998580e-03  -2.7724442e-04   8.1256888e-04
   1.5999122e-01   2.4605469e-01   4.0202947e-01  -4.1086717e-03  -4.6791585e-04   1.0282209e-03
   1.4073340e-01   2.3334601e-01   4.7152547e-01  -3.5388702e-03  -4.9526769e-04   8.7522180e-04
   1.5549180e-01   2.4117751e-01   4.6884701e-01  -3.5543604e-03  -1.8759329e-04   9.4243309e-04
   1.2447317e-01   2.3307405e-01   7.1366231e-01  -3.6392838e-03   2.0757679e-05   8.5976429e-04
   1.2305882e-01   2.0621215e-01   7.1955127e-01  -3.2728957e-03  -4.5081479e-04   5.8223795e-04
   1.1686932e-01   2.4101072e-01   7.1454397e-01  -4.0862623e-03  -7.4300385e-04   4.4373745e-04
   1.0794909e-01   2.2242913e-01   6.5412706e-01  -3.7033261e-03  -8.1899388e-04   3.9685350e-04
   1.0366390e-01   2.5139098e-01   7.5097562e-01  -4.8959667e-03  -7.1807400e-04   4.9366168e-04
   7.8746496e-02   2.4581558e-01   7.9444975e-01  -6.1251123e-03  -1.2809742e-03   2.3259016e-04
   8.5758811e-02   2.3479347e-01   7.7755598e-01  -6.3522249e-03  -9.1404246e-04   3.4418792e-04
   8.8513418e-02   2.6415993e-01   7.5641254e-01  -6.1816990e-03  -1.0328585e-03   2.6981821e-04
   9.2305001e-02   2.7972906e-01   6.6642440e-01  -6.0581816e-03  -1.1771085e-03   2.0595941e-04
   9.7912828e-02   3.1823519e-01   5.4778873e-01  -6.6172404e-03  -1.0911602e-03   4.3349858e-04
   7.5766679e-02   1.9486636e-01   8.0496182e-01  -5.9608467e-03  -8.2470261e-04   2.0395954e-04
   1.1772069e-01   4.9347737e-01   1.4432683e-01  -6.5090408e-03  -1.2677780e-03   3.4859753e-04
   1.8950700e-01   2.8459851e-01  -7.5796155e-01   2.0446604e-03  -2.2261235e-05   1.3779593e-03
   1.4816279e-01   1.7741814e-01  -4.1971074e-01  -2.1714597e-05  -9.8896997e-04   8.9915322e-04
   1.7552617e-01   2.2238241e-01  -5.2656003e-01   6.4190465e-04  -9.9785944e-04   8.1367767e-04
   1.5816602e-01   1.8505766e-01  -4.2539336e-01  -6.3535279e-04  -7.2367006e-04   8.0368664e-04
   1.7815041e-01   2.1319145e-01  -4.8995045e-01  -1.0435945e-03  -1.0131523e-03   9.8165936e-04
   1.6338467e-01   1.8786360e-01  -4.2079620e-01  -1.6235991e-03  -4.6032403e-04   9.6530841e-04
   2.2268661e-01   2.3129367e-01  -4.9559466e-01  -1.2129073e-03  -7.1437430e-04   1.3018019e-03
   1.9495050e-01   2.2920318e-01  -4.9007415e-01  -1.9854400e-03  -3.5926190e-04   1.2860260e-03
   2.2168204e-01   2.7876025e-01  -5.0486497e-01  -2.8437509e-03  -3.1263458e-04   1.5708822e-03
   2.0013984e-01   2.3597943e-01  -4.7400716e-01  -2.6165897e-03  -5.4605840e-04   1.4133531e-03
   2.2626645e-01   2.5325189e-01  -5.1518860e-01  -2.7820427e-03  -1.2111870e-03   1.5075637e-03
   1.9827046e-01   2.2605623e-01  -2.5817695e-01  -3.5985876e-03  -6.5599253e-04   1.2351076e-03
   1.9206527e-01   2.1251225e-01  -3.5096546e-01  -2.5610197e-03  -6.2512046e-04   1.1451212e-03
   1.8158635e-01   2.2744205e-01   1.3114669e-01  -4.6272917e-03  -8.9869853e-04   1.2753418e-03
   1.6709685e-01   2.6403816e-01   4.2695558e-01  -6.7284698e-03  -1.6254423e-03   4.9740648e-04
   1.7294795e-01   2.8166113e-01   3.8863537e-01  -6.4927094e-03  -1.1950306e-03   7.7204473e-04
   1.8008892e-01   2.9946840e-01   2.1529162e-01  -6.6083323e-03  -6.5890848e-04   1.0398024e-03
   1.7841702e-01   3.4737109e-01  -1.2449303e-02  -5.7076488e-03  -7.0106210e-04   1.3459011e-03
   1.5918869e-01   3.3513435e-01   1.3435505e-02  -5.8972615e-03  -8.0565938e-04   1.2694936e-03
   1.8345936e-01   3.1352363e-01   1.1126734e-01  -7.0756745e-03  -5.9393216e-04   1.8816761e-03
   1.9164263e-01   3.2589069e-01   1.3104562e-01  -6.1304110e-03   2.7060585e-06   1.4378918e-03
   2.0951567e-01   3.0197283e-01   5.5907354e-02  -5.3311608e-03  -5.6090780e-04   1.5396640e-03
   2.0303129e-01   3.4246001e-01  -3.9127386e-02  -4.9184493e-03  -1.0221261e-03   1.4228779e-03
   2.0969892e-01   3.6153876e-01  -2.9250509e-03  -5.8072652e-03  -1.0263404e-03   1.5003823e-03
   1.9966611e-01   3.3913820e-01   9.3116150e-02  -6.6049935e-03  -1.2382773e-03   1.4761348e-03
   1.8708479e-01   3.2653166e-01   1.9505319e-01  -7.3333506e-03  -1.5289621e-03   1.2844133e-03
   2.1439624e-01   3.4406405e-01   3.6589988e-01  -5.4263778e-03  -2.0767344e-03   1.2882866e-03
   2.1304477e-01   3.3322649e-01   2.6483862e-01  -4.8216651e-03  -2.0045644e-03   1.4872157e-03
   2.0377274e-01   3.3246209e-01   2.7924903e-01  -6.3272657e-03  -1.6163333e-03   1.2391341e-03
   1.8272853e-01   3.1762046e-01   1.9917409e-01  -5.6226299e-03  -1.6914788e-03   9.7542164e-04
   2.0119483e-01   3.4086709e-01   1.6201553e-01  -5.8902544e-03  -1.2699299e-03   1.2396812e-03
   2.0590494e-01   2.8194849e-01   3.6449348e-01  -6.2265266e-03  -1.1299575e-03   1.2376313e-03
   1.9881582e-01   3.1998945e-01   2.3354534e-01  -6.7049737e-03  -1.5907050e-03   1.4132538e-03
   2.0770826e-01   3.5270056e-01   1.3055038e-01  -6.1419847e-03  -1.6600211e-03   1.3522378e-03
   1.8737149e-01   3.5477038e-01   1.3213065e-01  -6.7314238e-03  -1.6755357e-03   1.3278041e-03
   2.0655593e-01   3.6580655e-01   1.9600237e-01  -6.3641969e-03  -1.7219742e-03   1.3142120e-03
   2.0378234e-01   3.0069813e-01   9.2125178e-02  -6.9875993e-03  -1.8451830e-03   1.6608709e-03
   2.1739508e-01   3.4517402e-01   4.8977672e-02  -6.1591189e-03  -2.2200050e-03   1.4846683e-03
   2.2175463e-01   3.0601523e-01   1.2316865e-01  -6.2223409e-03  -2.0484251e-03   1.3142176e-03
   2.3966897e-01   4.0909763e-01   4.2249321e-01  -4.9874521e-03  -2.7383541e-03   1.6583733e-03
   2.2756180e-01   4.2251933e-01   7.7249890e-01  -4.2187281e-03  -3.6450798e-03   1.1757068e-03
   1.7632222e-01   3.2659743e-01   4.6958816e-01  -3.3914073e-03  -3.2902408e-03   4.9674046e-04
   1.7884780e-01   3.6163034e-01   5.4012765e-01  -4.1925446e-03  -3.8163425e-03   5.5317286e-04
   1.9835529e-01   3.2135056e-01   4.9277299e-01  -4.3121981e-03  -3.4751078e-03   7.2571617e-04
   1.7859256e-01   3.5411447e-01   4.6962854e-01  -5.2124487e-03  -3.6498793e-03   4.6393855e-04
   1.9787903e-01   3.2300478e-01   4.1908531e-01  -4.8973899e-03  -3.6787835e-03   3.7607547e-04
   1.3238346e-01   3.4147720e-01   3.5561772e-01  -4.5640973e-03  -3.5648465e-03   2.3032214e-04
   1.7528687e-01   3.2804165e-01   4.3976745e-01  -3.8653506e-03  -3.7995169e-03   3.4425504e-04
   1.8220244e-01   3.3712742e-01   5.1849329e-01  -5.1363511e-03  -4.4636511e-03   5.9967720e-04
   2.0445156e-01   3.0648327e-01   4.9978335e-01  -3.2695767e-03  -3.9146049e-03   4.4591276e-04
   1.6375137e-01   3.4091838e-01   5.6413213e-01  -5.1345412e-03  -3.2060696e-03   4.2592670e-04
   1.8329750e-01   3.2950997e-01   4.4523765e-01  -3.1037029e-03  -3.5688703e-03   2.8284235e-04
   1.6141317e-01   3.5933301e-01   4.9015755e-01  -5.1661737e-03  -3.5452036e-03   3.6401852e-04
   1.5888928e-01   3.5155794e-01   4.9549939e-01  -4.3727277e-03  -3.6783988e-03   1.1282783e-05
   1.4925891e-01   3.4255069e-01   5.2776637e-01  -4.3935344e-03  -3.3601693e-03   7.2263643e-05
   1.5630784e-01   3.4677612e-01   5.3259297e-01  -5.2690651e-03  -3.7251814e-03   6.9184410e-05
   1.5470157e-01   3.8018162e-01   5.1399187e-01  -4.6068939e-03  -3.3280218e-03   3.2286234e-04
   1.5097616e-01   3.5910928e-01   4.9770403e-01  -5.3443742e-03  -3.5391693e-03   2.2954401e-05
   1.3884233e-01   3.9582487e-01   3.8309950e-01  -5.3217125e-03  -3.7762389e-03  -1.0891556e-06
   1.4549178e-01   3.9723426e-01   4.1901084e-01  -4.7911075e-03  -3.9340311e-03  -2.1729203e-05
   1.4952296e-01   4.6235035e-01   2.4206867e-01  -5.6702422e-03  -3.7589412e-03   1.2518808e-04
   1.7493187e-01   4.5661397e-01   1.1216432e-01  -6.8996060e-03  -3.9168197e-03   3.0636722e-04
   1.4542669e-01   3.6891951e-01   2.8741471e-01  -6.1013980e-03  -3.6653271e-03  -1.3708093e-04
   1.6502410e-01   3.7995163e-01   4.1096934e-02  -6.2246871e-03  -3.7099228e-03   6.4207595e-05
   1.7629622e-01   4.0281366e-01   9.0582091e-02  -6.8993890e-03  -3.9343899e-03   5.0372394e-04
   2.0326094e-01   4.0977807e-01   3.2155775e-02  -6.9056416e-03  -4.1568354e-03   5.5989117e-04
   1.5900690e-01   3.5643705e-01   2.3038818e-01  -6.6029254e-03  -3.7139599e-03   4.2985215e-04
   3.0508447e-01   4.9828026e-01  -3.8242506e-01  -6.2784214e-03  -4.5726661e-03   3.6342748e-04
   2.8136101e-01   4.4473860e-01  -1.0256670e+00  -4.5756348e-03  -6.7501453e-03  -5.1064666e-04
   1.7627458e-01   4.2870343e-01  -8.0653266e-01  -5.8575129e-03  -6.0749674e-03  -1.5049884e-03
   2.0972595e-01   4.4831498e-01  -7.8900705e-01  -7.1070332e-03  -6.1005938e-03  -1.1170390e-03
   2.0157368e-01   4.1952468e-01  -7.4151119e-01  -6.8770288e-03  -6.0112601e-03  -1.1264902e-03
   1.8895980e-01   4.6710536e-01  -7.5070931e-01  -7.5568635e-03  -6.3872199e-03  -1.1148065e-03
   1.5850748e-01   4.5642490e-01  -6.7450177e-01  -7.2963160e-03  -5.8356413e-03  -1.1828274e-03
   1.7444861e-01   4.7138145e-01  -7.0813349e-01  -7.9576839e-03  -6.6691237e-03  -1.2053242e-03
   1.4069056e-01   4.6583921e-01  -6.2200133e-01  -9.0978508e-03  -6.2114931e-03  -1.3109396e-03
   1.5091569e-01   4.5658402e-01  -6.7268341e-01  -8.9080848e-03  -6.2013363e-03  -1.3379874e-03
   1.3671769e-01   4.7313101e-01  -6.7205683e-01  -7.8417775e-03  -6.6581646e-03  -1.6954720e-03
   1.3707907e-01   5.0858628e-01  -7.2323197e-01  -7.9189889e-03  -6.3902351e-03  -1.4243607e-03
   1.4901639e-01   4.9399639e-01  -6.4737149e-01  -8.5609264e-03  -6.2380721e-03  -1.3143312e-03
   1.4905567e-01   4.6584995e-01  -6.2917342e-01  -9.0032904e-03  -6.2018718e-03  -1.4610931e-03
   1.4920454e-01   4.7674746e-01  -6.2712673e-01  -9.5617450e-03  -6.2024338e-03  -1.4421649e-03
   1.7159535e-01   4.6259499e-01  -5.6841318e-01  -9.8615775e-03  -6.3641130e-03  -1.4458260e-03
   1.6654342e-01   4.6549703e-01  -7.1085962e-01  -9.4772225e-03  -6.0695860e-03  -1.3175603e-03
   1.6478127e-01   4.6141115e-01  -5.5848895e-01  -1.0067205e-02  -6.1195105e-03  -1.2817771e-03
   1.9115751e-01   5.7207817e-01   2.4285944e-01  -1.2179949e-02  -5.3459794e-03   8.9570810e-05
   1.2812147e-01   4.6222728e-01  -8.2860620e-03  -8.8459521e-03  -5.1195335e-03  -8.3928338e-04
   1.3047775e-01   4.7926472e-01   1.3651340e-01  -1.0658058e-02  -5.6562211e-03  -9.3768222e-04
   1.0190467e-01   4.9130102e-01  -2.8388654e-01  -9.4215792e-03  -5.1686959e-03  -1.1818386e-03
   8.6577348e-02   4.7891178e-01  -3.7965050e-01  -9.8071854e-03  -4.9424432e-03  -1.4217412e-03
   8.0897760e-02   4.9304338e-01  -2.5649507e-01  -9.1301033e-03  -4.8675443e-03  -1.3785937e-03
   8.4659714e-02   4.6874500e-01  -2.0223588e-01  -1.0414485e-02  -5.2973328e-03  -1.2497075e-03
   5.6510420e-02   5.1291297e-01  -2.9401296e-01  -9.2440601e-03  -4.7469840e-03  -1.3909120e-03
   6.0153412e-02   6.0005784e-01  -2.4647464e-01  -1.0693033e-02  -5.0109721e-03  -1.2796724e-03
   8.2129950e-02   5.9847226e-01  -1.7418887e-02  -1.1459562e-02  -5.4324667e-03  -8.6071466e-04
   6.9459582e-02   6.7429873e-01   1.9403492e-01  -8.8610160e-03  -4.8777608e-03  -5.6118882e-04
   4.3194227e-02   5.4722765e-01  -2.5343977e-01  -8.3859351e-03  -4.4819139e-03  -1.3607854e-03
   3.6266427e-02   5.4766168e-01  -2.4686177e-01  -8.8675857e-03  -4.6487633e-03  -1.4361157e-03
   2.2421924e-02   5.5255749e-01  -2.4881239e-01  -8.5641945e-03  -4.4634333e-03  -1.6771740e-03
   2.3990821e-02   5.4595833e-01  -1.9591713e-01  -9.4378360e-03  -4.3589594e-03  -1.6720748e-03
   5.9229722e-02   6.0358516e-01  -2.0977642e-01  -8.2883983e-03  -4.5096988e-03  -1.4329215e-03
   4.4498969e-02   6.2382311e-01  -2.0214767e-01  -8.5946802e-03  -4.5589893e-03  -1.4793891e-03
   4.3644024e-02   5.8974474e-01  -2.3756111e-01  -8.6321243e-03  -4.5226614e-03  -1.5412850e-03
   6.2876493e-02   6.3086224e-01  -2.3146981e-01  -8.6179798e-03  -4.6948038e-03  -1.1895562e-03
   2.7528250e-02   5.6281989e-01  -3.1259713e-01  -8.5552007e-03  -4.3594324e-03  -1.2831980e-03
   2.7090572e-02   5.6748621e-01  -3.1094521e-01  -9.0251811e-03  -4.3767950e-03  -1.5440846e-03
   5.7569751e-02   6.0299546e-01  -3.5978016e-01  -8.3894828e-03  -4.3094511e-03  -1.4320958e-03
   6.3687121e-02   6.0744980e-01  -3.5400652e-01  -8.4324681e-03  -4.5327431e-03  -1.6566101e-03
   7.5842955e-02   6.5286457e-01  -3.2667669e-01  -8.8306284e-03  -4.5139258e-03  -1.3402014e-03
   7.2314373e-02   5.8201575e-01  -3.2978317e-01  -8.9317078e-03  -4.6104215e-03  -1.3091206e-03
   8.0662867e-02   6.6981017e-01  -3.1190334e-01  -9.4038784e-03  -4.5056274e-03  -1.3907822e-03
