   0.0000000e+00   0.0000000e+00  -7.1054274e-15   0.0000000e+00   0.0000000e+00   0.0000000e+00
  -7.0018611e-03   9.4805243e-04  -1.3721341e-03  -4.7185485e-04  -1.9365918e-05  -1.1190933e-04
   2.0031443e-02   2.7198590e-03  -4.3975438e-02   5.4457114e-05  -1.5053690e-04   3.9883925e-04
   1.0850439e-02   4.8984658e-03  -3.3183735e-02  -1.6729511e-04  -8.1602073e-05   2.2993027e-04
   1.4153760e-02   1.0746396e-02  -2.4458718e-02  -5.3812264e-04   7.3006013e-05   4.4768718e-05
   1.7773889e-02   2.1779314e-02  -4.9681502e-02  -3.4249280e-04  -2.0282458e-04   3.4942765e-04
   1.2900986e-02   2.5368235e-02  -8.7395201e-03  -1.1715766e-04   1.2381748e-04   1.7345911e-04
   2.4985751e-02   1.6808133e-02   3.0611706e-03  -4.0628411e-04   6.7890032e-04   5.0062192e-04
   4.0993579e-02   1.3505195e-02   1.1878723e-02  -3.1300099e-04   2.5282466e-04   1.0012937e-03
   4.3946174e-02   7.4248852e-03   2.8747194e-02  -5.3112784e-04   7.3696519e-05   1.1124144e-03
   2.8588594e-02   4.4831618e-03   4.5699321e-02  -6.7044321e-04   5.6814192e-04   7.9739989e-04
   3.2029898e-02   2.3782400e-03   3.2714986e-02  -6.3438266e-04   5.6233160e-04   8.3463299e-04
   4.1038828e-02   3.4432894e-02   4.5482909e-02  -4.4430959e-04   2.2087048e-04   9.5958575e-04
   4.4477262e-02  -2.5586813e-05   5.1234488e-02  -1.1446062e-03  -9.9089357e-05   9.2989513e-04
   4.6736494e-02   3.8118839e-02   2.1793034e-02  -2.6869752e-04   1.3165376e-04   1.0239222e-03
   2.5843393e-02   2.0551889e-02   9.3050004e-02  -7.8775904e-04   7.2974385e-04   8.5472040e-04
   2.9208862e-02   2.9445696e-02   3.7306688e-02  -1.6830259e-04   7.7545889e-04   9.6461451e-04
   4.5563866e-02   3.6137810e-02  -5.2571316e-03   4.7473132e-05   6.4232429e-04   1.0897995e-03
   4.1148707e-02   2.8674599e-02  -1.5693496e-04  -8.7473829e-05   4.4142923e-04   9.0713536e-04
   3.0490950e-02   3.3626752e-02   1.1620404e-02  -5.2811150e-04   1.9877327e-04   9.3036979e-04
   2.6728052e-02   1.6598805e-02   2.5766488e-02  -9.5968492e-04   9.6646187e-05   8.5477729e-04
   3.3073719e-02   3.0484778e-02  -8.2256446e-03  -7.5726469e-04  -4.3555938e-05   6.9287382e-04
   2.7851719e-02   2.8742667e-03  -1.7097916e-02  -4.6961361e-04  -2.8430155e-05   6.0841608e-04
   3.9169998e-02   2.4229776e-02   7.8703587e-03  -1.2564206e-03   3.7764561e-04   8.9450034e-04
   4.7113863e-02   1.2370754e-01   1.2629690e-01  -9.5732754e-04  -1.6889191e-04   1.2606578e-03
   2.5542885e-02   2.8342534e-02   6.0084834e-02  -3.4599741e-04  -3.8770477e-04   9.1280801e-04
   1.5382551e-02   2.8709115e-02   5.0593069e-02  -8.4583379e-04  -4.3752059e-05   1.8937074e-04
   2.5758546e-02   5.7798046e-02   5.7958455e-03   4.0261121e-04  -9.8583427e-05   4.7837399e-04
   3.0595216e-02   4.9444874e-02   7.7571827e-02  -2.3254126e-04  -2.0470125e-04   4.4619868e-04
   3.3097637e-02   2.2502108e-02   9.6657620e-02  -1.1135950e-04  -2.8141977e-04   3.0813787e-04
   2.1244085e-02   1.0453110e-02   5.4469718e-02  -4.6258690e-05  -1.7791914e-04   3.1723720e-04
   1.2895503e-02   1.2991503e-02   7.2414440e-02   8.1133241e-05  -4.4050148e-04   2.5229366e-04
   1.2251372e-02   1.7019566e-02   5.3014646e-02  -5.0792374e-04  -2.9659886e-04   2.9649933e-04
   1.2900604e-02   2.6053626e-02   2.7388421e-02  -3.7946506e-04  -3.0070080e-04   2.9764328e-04
   2.5499165e-02   2.6831686e-02   1.2987405e-02  -5.2949072e-04  -6.9567101e-04   4.5803092e-04
   2.5417033e-02   3.2835926e-02   6.3534387e-03  -3.9205038e-04  -4.4680069e-04   7.7800295e-04
   9.2337496e-03   4.9550522e-02  -6.2671014e-03  -9.3893387e-04  -1.2262394e-04   4.9218483e-04
   6.1590283e-03   6.5620843e-02   1.8868477e-02  -4.6987771e-04   1.1406736e-04   4.9689660e-04
   9.7474133e-03   5.2880930e-02   2.8558783e-02  -4.4360765e-04  -5.5372681e-05   3.0435981e-04
   1.1275867e-02   5.7984400e-02   1.5166610e-02   2.7861408e-05  -2.7932329e-04   5.9885420e-04
   2.4297908e-02   6.0586457e-02   1.1292235e-02  -1.6041378e-05  -5.2427330e-04   9.8511511e-04
   2.9946059e-03   7.7966501e-02  -8.9014379e-03   4.8744447e-04   1.3911995e-04   3.9099180e-04
   1.6063216e-02   9.8289478e-02   6.8981998e-02   3.1455178e-04   1.8004425e-04   7.4426242e-04
   3.6795208e-02   1.0047555e-01   1.2059075e-02   1.1548278e-04  -4.5889737e-04   1.2014601e-03
   3.1243141e-02   9.1138937e-02   9.5306634e-03   5.5995938e-05  -5.7137616e-04   1.1047352e-03
   1.4344018e-02   9.7510923e-02   3.9973287e-02  -5.2466198e-04  -5.5227602e-04   7.0417978e-04
   2.5893033e-02   1.0430199e-01   4.2100990e-02   6.6807907e-05  -7.1230615e-04   5.8628029e-04
   2.6880472e-02   8.5738057e-02   6.1399945e-02   5.6889991e-04  -6.8782315e-04   7.6827052e-04
   2.5673862e-02   7.8262107e-02   8.0651967e-02   1.4668508e-05  -6.7591440e-04   7.3440017e-04
   1.8406621e-02   8.1049218e-02   5.2043203e-02   9.4107775e-05  -7.1794274e-04   7.1810795e-04
   2.2767670e-02   8.1829980e-02   7.2386337e-02  -3.9467593e-04  -6.2427466e-04   7.7281863e-04
   3.8895606e-02   1.0186970e-01   6.4018589e-02  -8.6378118e-04  -5.4332148e-04   1.2365352e-03
   3.2520279e-02   1.0786500e-01   7.2941958e-02  -1.0340708e-03  -5.5130577e-04   1.4417579e-03
   4.1260510e-02   8.9704320e-02   9.4382238e-02  -1.0640055e-03  -8.7932686e-04   1.4993071e-03
   2.1129493e-02   1.0298954e-01   6.2045994e-02  -4.5892407e-04  -3.0068016e-04   1.0734336e-03
   6.1770671e-02   5.5320718e-02   8.0062232e-02  -2.0377375e-06  -3.0935609e-05   2.7629345e-03
   5.1850697e-02   9.8803305e-02   5.3593022e-02   2.6224524e-04  -4.9146538e-04   2.2196364e-03
   7.8940422e-02   7.9828519e-02   5.5883137e-02   6.6133068e-04  -2.8859454e-04   2.9442234e-03
   6.0864992e-02   1.0653668e-01   6.6885458e-02  -4.9950539e-04  -5.6288509e-04   2.3152676e-03
   6.6645839e-02   1.0213766e-01   6.1587643e-02   2.6258808e-04  -7.8550948e-04   2.4493306e-03
   7.9514073e-02   1.0549618e-01   7.5097666e-02  -2.2199073e-03  -7.7166929e-04   2.4973873e-03
   7.2670528e-02   1.3086166e-01   9.5193613e-02  -3.5999124e-03  -8.2435527e-04   2.3935821e-03
   6.7401115e-02   1.0751686e-01   1.1381928e-01  -2.6436240e-03  -1.3375983e-03   2.5216666e-03
   8.3212688e-02   1.3324731e-01   1.0392223e-01  -2.9489699e-03  -1.6423757e-03   2.8737145e-03
   1.0038812e-01   1.2149901e-01   1.0707095e-01  -2.3127684e-03  -1.3122489e-03   3.2733711e-03
   7.9125668e-02   1.2028442e-01   1.0028253e-01  -2.4227283e-03  -1.7542852e-03   2.7380929e-03
   6.7587962e-02   1.2220775e-01   1.0748318e-01  -2.2273286e-03  -1.9304319e-03   2.6794765e-03
   7.7143529e-02   1.1495542e-01   6.1345589e-02  -1.8261240e-03  -1.9574934e-03   2.7231534e-03
   8.6216240e-02   1.1319773e-01   6.5051140e-02  -1.8747298e-03  -1.7013952e-03   2.9782467e-03
   9.4498265e-02   1.2048163e-01   7.6960239e-02  -1.7360517e-03  -1.8236278e-03   3.1859093e-03
   7.6658567e-02   1.2147963e-01   9.0559800e-02  -1.1389659e-03  -1.4702675e-03   3.1718068e-03
   6.5619304e-02   1.5507335e-01   8.0467731e-02  -1.6595330e-03  -1.5577920e-03   3.1280966e-03
   7.1252133e-02   1.5917807e-01   7.4782204e-02  -1.6350439e-03  -1.1990795e-03   3.2191060e-03
   8.4947054e-02   1.5460716e-01   7.2779373e-02  -1.9320880e-03  -1.4069044e-03   3.3889617e-03
   6.8075665e-02   1.4911691e-01   1.3748800e-01  -1.3944546e-03  -6.7156756e-04   3.5134491e-03
   7.1132957e-02   1.4873171e-01   1.7807686e-01  -1.9952349e-03  -1.2512534e-04   3.9465971e-03
   8.2736242e-02   1.6241437e-01   1.2911991e-01  -2.6471892e-03  -8.2077817e-04   4.4100104e-03
   6.7272682e-02   1.5301908e-01   1.8253668e-01  -3.0111354e-03  -8.6932916e-04   4.0463708e-03
   8.9239568e-02   1.4804405e-01   1.2975745e-01  -2.0930190e-03  -1.0735271e-03   4.6128863e-03
   7.8340361e-02   1.4171248e-01   1.4197839e-01  -2.1367325e-03  -1.0552508e-03   4.4167357e-03
   8.2879715e-02   1.5100411e-01   1.4041387e-01  -2.1013379e-03  -1.2202533e-03   4.4731174e-03
   7.9759320e-02   1.6995658e-01   1.2617396e-01  -1.8553441e-03  -1.5206133e-03   4.5975220e-03
   8.6198571e-02   1.6457462e-01   1.2805116e-01  -1.9249589e-03  -1.3570819e-03   4.6132632e-03
   8.8418559e-02   1.5817767e-01   1.2207345e-01  -2.0418033e-03  -1.2105153e-03   4.8601440e-03
   8.9987558e-02   1.7412261e-01   1.2294469e-01  -1.9074077e-03  -1.4022684e-03   4.6897864e-03
   7.6255850e-02   1.6968352e-01   1.2986606e-01  -2.5049853e-03  -1.8188296e-03   4.6201411e-03
   7.9998164e-02   1.8465422e-01   1.3640386e-01  -2.4359899e-03  -1.8700089e-03   4.6551323e-03
   8.4022990e-02   1.8783144e-01   1.1058141e-01  -2.2007436e-03  -1.9758758e-03   4.7351699e-03
   7.2781828e-02   1.7451471e-01   1.5658009e-01  -2.1887465e-03  -1.6795679e-03   4.3873846e-03
   6.7148827e-02   1.7088617e-01   1.5189484e-01  -2.2089228e-03  -1.5408346e-03   4.3557087e-03
   8.4194488e-02   2.0915385e-01   1.0563708e-01  -1.6232500e-03  -1.4355035e-03   4.2883501e-03
   7.0078156e-02   1.9434683e-01   1.3189324e-01  -1.4905697e-03  -1.3287368e-03   4.4833239e-03
   7.1085811e-02   1.8898785e-01   1.6218520e-01  -2.8582095e-03  -1.6034822e-03   4.8794247e-03
   8.2378009e-02   1.9610327e-01   1.7024179e-01  -2.5158962e-03  -1.1177760e-03   4.7606959e-03
   1.0272847e-01   1.7320954e-01   1.4244843e-01  -2.7940942e-03  -2.0548180e-03   5.1543649e-03
   7.0893486e-02   2.5182027e-01   1.9756287e-01  -1.9486677e-03  -2.2826316e-03   4.6066497e-03
   6.2472733e-02   1.7715195e-01   1.0270529e-01   4.7249071e-05  -1.8287541e-03   4.6494040e-03
   6.1191604e-02   2.0330949e-01   1.1748780e-01  -8.7858978e-04  -2.2376912e-03   4.7168263e-03
   5.3494289e-02   1.8654217e-01   1.3828058e-01  -1.0723050e-03  -2.3229491e-03   4.4466200e-03
   7.0584971e-02   1.7747270e-01   1.5969614e-01  -1.4413334e-03  -1.8520856e-03   4.7333113e-03
   7.2787413e-02   1.6401859e-01   1.7747559e-01  -1.3861009e-03  -1.9351749e-03   4.7342539e-03
   7.8769726e-02   1.8425264e-01   1.6243129e-01  -1.3656726e-03  -2.0144519e-03   4.8439789e-03
   7.9780671e-02   1.7900821e-01   1.6881805e-01  -1.2597511e-03  -1.9675686e-03   4.9256577e-03
   8.1194613e-02   1.8514601e-01   1.4822447e-01  -1.8944528e-03  -2.0526878e-03   4.9109554e-03
   8.2969074e-02   2.0863454e-01   1.5195909e-01  -1.8753643e-03  -1.9540591e-03   5.0223618e-03
   7.7348134e-02   1.9989981e-01   1.7098380e-01  -2.2342173e-03  -2.0477454e-03   4.8767393e-03
   8.3776821e-02   1.8932534e-01   1.7825828e-01  -2.4185134e-03  -1.9596848e-03   5.0318910e-03
   7.4456831e-02   1.9897013e-01   1.6526858e-01  -2.2131121e-03  -2.0825209e-03   4.7703307e-03
   8.3980891e-02   1.8150185e-01   1.5727475e-01  -1.9445472e-03  -2.3988863e-03   5.0726991e-03
   8.6625677e-02   1.9743730e-01   1.4936751e-01  -1.9639860e-03  -2.4207398e-03   5.0856925e-03
   5.7525257e-02   2.4726806e-01   2.2591015e-01  -2.9037752e-03  -1.8928015e-03   4.5041137e-03
   7.8201165e-02   2.3247731e-01   1.5902462e-01  -1.9391672e-03  -2.0596382e-03   4.9406554e-03
   8.1990254e-02   2.5105051e-01   1.6657726e-01  -2.1942509e-03  -2.2117030e-03   5.2273975e-03
   8.3702631e-02   2.5365534e-01   1.7964808e-01  -1.9433616e-03  -2.0460479e-03   4.9641141e-03
   9.7280086e-02   2.4559947e-01   2.0781049e-01  -2.3087312e-03  -2.1360952e-03   5.2850221e-03
   9.7393423e-02   2.2865184e-01   2.2071687e-01  -2.2885402e-03  -2.0449584e-03   5.2354774e-03
   7.3726662e-02   2.4441629e-01   1.7004983e-01  -2.4467663e-03  -1.9855676e-03   4.6251629e-03
   9.3493653e-02   2.2289894e-01   2.1623717e-01  -2.4891787e-03  -2.0774619e-03   4.9216205e-03
   9.9301694e-02   2.2403782e-01   1.9221206e-01  -2.3194091e-03  -2.2556928e-03   5.2443547e-03
   1.1240674e-01   1.9901542e-01   1.6933940e-01  -2.2641896e-03  -2.2960342e-03   5.4757109e-03
   1.0225777e-01   2.2263483e-01   2.0492027e-01  -3.2243917e-03  -2.1774826e-03   5.3127110e-03
   1.0377636e-01   2.0875855e-01   2.0110702e-01  -3.0005782e-03  -2.2972332e-03   5.3631965e-03
   1.0563000e-01   2.1461867e-01   1.8848806e-01  -2.8613118e-03  -2.4774447e-03   5.5832011e-03
   1.1180088e-01   2.2217441e-01   1.6643179e-01  -2.2400234e-03  -2.5704273e-03   5.6120704e-03
   1.1325790e-01   2.3815513e-01   1.4562905e-01  -1.7715447e-03  -2.5135473e-03   5.5672515e-03
   1.0586368e-01   2.3967814e-01   1.7278590e-01  -2.4577785e-03  -2.4453843e-03   5.6088386e-03
   1.1167198e-01   2.3730720e-01   1.8904945e-01  -2.5052134e-03  -2.3878712e-03   5.5708635e-03
   1.1358785e-01   2.3677012e-01   2.2686676e-01  -3.5735095e-03  -2.4151797e-03   5.6294127e-03
   9.7973278e-02   2.4612292e-01   2.0558252e-01  -3.5464453e-03  -2.3587010e-03   5.3582587e-03
   1.0533666e-01   2.4688907e-01   2.1124368e-01  -2.9775769e-03  -2.3412933e-03   5.5548557e-03
   1.0372635e-01   2.7527908e-01   1.7158070e-01  -2.4156259e-03  -2.5983023e-03   5.7040282e-03
   9.9105217e-02   2.6545896e-01   2.0078452e-01  -2.6772734e-03  -2.3827214e-03   5.3691117e-03
   1.0431107e-01   2.8529007e-01   2.0381927e-01  -2.9076899e-03  -2.4398058e-03   5.6068789e-03
   1.1209247e-01   2.6358223e-01   1.5816421e-01  -2.4593710e-03  -2.5010931e-03   5.6245257e-03
   1.0500227e-01   2.5569607e-01   2.3004009e-01  -3.2211096e-03  -2.2351508e-03   5.6483290e-03
   1.3139281e-01   2.7107863e-01   2.5654999e-01  -2.6325101e-03  -1.7261834e-03   6.1643227e-03
   1.1581735e-01   2.8556289e-01   2.0829121e-01  -2.7506139e-03  -2.0187536e-03   5.8249300e-03
   1.2772228e-01   2.9669453e-01   1.8084456e-01  -2.1010191e-03  -2.0743963e-03   5.9732832e-03
   1.3891578e-01   2.7749378e-01   2.5327659e-01  -2.9060120e-03  -2.0823805e-03   6.1183915e-03
   1.4170668e-01   2.6136603e-01   2.4430898e-01  -3.0902544e-03  -2.2523117e-03   6.3205927e-03
   1.4212841e-01   2.7019206e-01   2.2067930e-01  -2.2152631e-03  -2.3392419e-03   6.4657182e-03
   1.3816582e-01   2.6861905e-01   2.3916357e-01  -2.4910339e-03  -1.5572378e-03   6.0679972e-03
   1.5679984e-01   2.7064671e-01   1.8335431e-01  -1.7315147e-03  -2.3511498e-03   6.6141476e-03
   1.3054098e-01   2.6956719e-01   2.1275845e-01  -1.9370649e-03  -2.2908782e-03   5.8874215e-03
   1.3659525e-01   2.6549597e-01   2.3195957e-01  -2.4457319e-03  -2.8389093e-03   6.1801357e-03
   1.1982454e-01   2.8659917e-01   2.8114102e-01  -2.4570490e-03  -3.3242779e-03   6.0314694e-03
   1.1408299e-01   2.7947310e-01   2.4267660e-01  -2.0943652e-03  -2.6947317e-03   5.7948109e-03
   1.2635369e-01   2.6605823e-01   2.4773358e-01  -2.6417225e-03  -2.7068076e-03   5.9454915e-03
   1.2134901e-01   2.7084685e-01   2.2323069e-01  -2.2748540e-03  -2.0533951e-03   5.7305762e-03
   1.1709507e-01   2.7488084e-01   2.5842436e-01  -2.1621925e-03  -1.5172596e-03   5.8206908e-03
   1.3292187e-01   2.8959135e-01   2.5094868e-01  -2.4819284e-03  -2.1287424e-03   6.5371944e-03
   1.2547572e-01   2.7961300e-01   2.7498272e-01  -2.2349955e-03  -2.7136263e-03   7.0222034e-03
   1.2121411e-01   2.8812630e-01   3.1321839e-01  -2.1178430e-03  -2.6543086e-03   6.7819766e-03
   1.3378258e-01   2.7736835e-01   3.3397763e-01  -2.0215571e-03  -2.8229426e-03   6.6906117e-03
   1.3062709e-01   2.8626730e-01   3.0583141e-01  -1.8342080e-03  -2.8612183e-03   6.4320465e-03
   1.3873393e-01   2.8672104e-01   3.1309496e-01  -1.9644421e-03  -2.5173028e-03   6.5950668e-03
   1.5191988e-01   2.9783209e-01   3.1949636e-01  -2.4626003e-03  -2.4238527e-03   7.0312234e-03
   1.5224664e-01   2.8666199e-01   3.5135538e-01  -3.1574298e-03  -2.3451921e-03   7.0869781e-03
   1.6048862e-01   3.1287213e-01   3.0005758e-01  -2.4043688e-03  -2.2368795e-03   7.3526425e-03
   1.6598866e-01   2.9977783e-01   3.3972661e-01  -2.6596897e-03  -1.9851131e-03   7.3587957e-03
   1.7018145e-01   2.9995343e-01   3.1177380e-01  -2.1481163e-03  -2.1848776e-03   7.4489261e-03
   1.6300130e-01   3.0399618e-01   3.2917326e-01  -2.4410289e-03  -2.0995532e-03   7.3582782e-03
   1.7530682e-01   3.1276887e-01   3.1237182e-01  -2.7336531e-03  -2.2671485e-03   7.7366512e-03
   1.6842287e-01   3.2327343e-01   3.3055796e-01  -2.9855644e-03  -2.1723588e-03   7.8321852e-03
   1.6746251e-01   3.3665801e-01   3.0686110e-01  -2.5836834e-03  -1.7343503e-03   7.5800153e-03
   1.6596797e-01   3.7356339e-01   3.3105299e-01  -2.4499875e-03  -1.5196803e-03   7.6137898e-03
   1.7491192e-01   3.3878074e-01   3.0809958e-01  -2.4353582e-03  -1.7369763e-03   7.7981705e-03
   1.8223934e-01   3.4818140e-01   2.9882877e-01  -2.5643622e-03  -1.7410801e-03   7.7351061e-03
   1.7535958e-01   3.4594653e-01   3.0556697e-01  -2.5381262e-03  -1.7317256e-03   7.5919115e-03
   1.8632208e-01   3.3260134e-01   2.7751364e-01  -2.0164281e-03  -1.9747083e-03   7.9472641e-03
   1.6247120e-01   3.1530046e-01   3.2614593e-01  -2.9836327e-03  -1.4799173e-03   7.1017569e-03
   1.5540500e-01   3.0037672e-01   3.0320564e-01  -2.7393400e-03  -1.5893122e-03   6.9554288e-03
   1.5653353e-01   2.9876037e-01   3.2519462e-01  -3.5543627e-03  -1.4729309e-03   6.9210840e-03
   1.5532117e-01   3.0174705e-01   2.9466261e-01  -3.7195779e-03  -2.0284642e-03   6.7893159e-03
   1.5290860e-01   3.1658592e-01   3.1251725e-01  -3.4654222e-03  -2.0135290e-03   6.8347522e-03
   1.5589187e-01   3.3300885e-01   2.8601607e-01  -3.4820372e-03  -1.4766865e-03   6.8005598e-03
   1.6491486e-01   3.3610980e-01   3.1694381e-01  -3.5983671e-03  -1.7779443e-03   7.1363108e-03
   1.5426268e-01   3.2798451e-01   2.9039598e-01  -3.3564037e-03  -1.5398616e-03   6.8909289e-03
   1.3697970e-01   3.3446985e-01   3.0334168e-01  -3.8785492e-03  -1.2964696e-03   6.4810382e-03
