   0.0000000e+00   0.0000000e+00   0.0000000e+00   0.0000000e+00   0.0000000e+00   0.0000000e+00
   1.5337173e-02   4.0245479e-02  -1.0574086e-02   6.9498855e-04  -4.1971776e-04   4.2828526e-05
   4.5527019e-02   4.4792140e-02   6.2489188e-02  -7.0321791e-04   7.0029754e-04  -1.6077301e-04
   2.9484841e-02   6.8008112e-02   1.0201158e-01  -4.9551458e-04   2.1376551e-04  -2.1251814e-04
   3.4946074e-02   5.8222747e-02   1.3542308e-01  -2.3499291e-03   7.7381218e-04  -2.4106747e-04
   4.6112368e-02   5.9031409e-02   1.3569124e-01  -1.4534667e-03   5.2938838e-04   3.6475443e-04
   5.4244067e-02   7.6522567e-02   1.4871173e-01  -2.1253013e-03   3.7685039e-04   2.8698149e-04
   3.1441882e-02   7.0376771e-02   1.9399150e-01  -2.6898529e-03   6.4281079e-04   9.0762716e-05
   4.0985099e-02   7.0453837e-03   1.8987948e-01  -3.3466822e-03   5.2649085e-04  -9.2773861e-05
   4.6337665e-02   2.2204134e-02   2.2204567e-01  -3.6240636e-03  -3.4391523e-04  -5.3381321e-05
   4.6498478e-02   3.4229059e-02   1.9375268e-01  -2.7620783e-03  -5.9784007e-04  -3.6267134e-04
   1.8300118e-02   3.7244954e-02   2.5350997e-01  -4.4318605e-03   2.0144909e-04  -9.3698748e-04
   3.8047257e-02   4.5532729e-02   2.4730551e-01  -4.2577162e-03  -8.3258781e-05  -6.9387526e-04
   2.9485661e-02   5.2806313e-02   2.6309893e-01  -5.0247258e-03   1.5132538e-04  -8.7315147e-04
   2.3420894e-02   3.2914133e-02   2.1342543e-01  -4.3675445e-03   2.3143306e-04  -4.0331017e-04
   1.0648547e-02   6.8954417e-02   2.4065846e-01  -4.6144057e-03  -2.4861055e-04  -1.2276063e-03
   1.1152689e-02   6.2691681e-02   2.9216996e-01  -4.5059250e-03  -8.8676755e-04  -1.3857619e-03
   5.5769425e-02   1.4360605e-02   2.6202095e-01  -4.8502301e-03  -5.6237967e-04  -1.6763661e-04
   1.8865731e-02   4.9799196e-02   3.0049603e-01  -4.9947531e-03  -7.2731381e-04  -1.1310298e-03
   2.4739494e-02   7.8180629e-02   2.9590266e-01  -4.7282893e-03  -7.5398799e-04  -1.4655787e-03
   2.3999243e-02   8.5821126e-02   3.1880999e-01  -6.4424784e-03  -4.9900998e-04  -1.7626761e-03
   2.2327358e-02   9.9248989e-02   3.3477992e-01  -5.9256156e-03  -1.3766199e-03  -1.6167094e-03
   2.3216566e-02   4.9867524e-02   3.1738835e-01  -6.0237431e-03  -9.9609690e-04  -1.2731678e-03
   3.2169346e-02   1.0835042e-01   3.2736708e-01  -5.8480540e-03  -7.8403700e-04  -1.2010412e-03
   5.9786511e-02   8.7066085e-02   3.5480834e-01  -6.6808802e-03  -4.0810095e-04  -1.0285342e-03
   5.5388944e-02   7.1379098e-02   3.7994889e-01  -7.0522729e-03  -6.8542648e-05  -1.0947215e-03
   5.8264660e-02   6.9329245e-02   3.8379694e-01  -7.4956737e-03  -1.5124283e-04  -1.0418300e-03
   5.4122576e-02   6.8353721e-02   3.7666849e-01  -8.2455974e-03   1.5734818e-04  -1.3195035e-03
   6.1744938e-02   8.4088453e-02   3.8225965e-01  -8.6776408e-03  -6.4916939e-04  -1.2373630e-03
   4.7007166e-02   8.1317571e-02   3.7575410e-01  -8.1252523e-03  -4.6782307e-04  -1.6262419e-03
   4.9722740e-02   6.1988761e-02   3.6283608e-01  -7.8097080e-03   4.3077613e-05  -1.4838808e-03
   6.4178928e-02   6.9662770e-02   3.9733298e-01  -8.4243311e-03  -2.4657291e-04  -1.3239002e-03
   4.5316092e-02   4.5269482e-02   3.3447539e-01  -8.0299508e-03   7.2178996e-04  -9.6495899e-04
   5.3887844e-02   4.6338471e-02   3.8180795e-01  -8.0008538e-03   4.0343927e-04  -1.2683732e-03
   5.2461000e-02   4.9850303e-02   4.0692883e-01  -7.9342723e-03   2.3100321e-04  -1.7481165e-03
   5.7462187e-02   2.8994226e-02   3.5580899e-01  -6.7386963e-03   2.4287967e-04  -1.6442735e-03
   5.2156432e-02   5.4160676e-02   4.0099731e-01  -7.5563044e-03  -5.5695063e-05  -1.7169947e-03
   5.7388784e-02   5.9366224e-02   4.0842644e-01  -7.7766075e-03   1.3949142e-04  -1.7439180e-03
   3.6100369e-02   5.8260014e-02   4.6073473e-01  -7.6315415e-03  -5.1574311e-04  -1.9953901e-03
   5.1847769e-02   6.7248041e-02   4.0375255e-01  -7.3421640e-03  -5.1116699e-04  -1.9980845e-03
   5.5134612e-02   4.6836801e-02   4.2072823e-01  -7.0983905e-03  -8.1531427e-04  -1.5662884e-03
   7.4225309e-02   6.8660370e-02   4.5542466e-01  -7.2132314e-03  -1.4576018e-03  -1.6771304e-03
   4.4102023e-02   2.4726532e-02   4.0889075e-01  -7.9659208e-03  -1.0468941e-03  -2.0348566e-03
   6.0851440e-02   7.0958596e-02   4.6132530e-01  -7.7669922e-03  -1.8657123e-03  -1.6064232e-03
   1.7195436e-02   8.5329768e-02   5.2645230e-01  -8.3177878e-03  -1.6899668e-03  -2.5626736e-03
  -2.4132914e-02   1.4172293e-01   4.3415800e-01  -7.0305959e-03  -1.7765423e-03  -1.7269227e-03
  -2.5029597e-02   9.0667420e-02   3.7847961e-01  -5.6683172e-03  -2.1990283e-03  -1.6900633e-03
  -2.2470292e-02   1.2151941e-01   4.8317692e-01  -6.5739409e-03  -2.2574959e-03  -2.1416220e-03
  -3.2019584e-02   1.2742627e-01   4.4780132e-01  -6.6064031e-03  -2.0705435e-03  -2.2401093e-03
  -4.7189063e-02   1.3054602e-01   4.9207214e-01  -6.7918054e-03  -2.8655615e-03  -3.1223182e-03
  -5.0731336e-02   1.3698840e-01   4.9229515e-01  -8.4367537e-03  -2.6138038e-03  -3.1031362e-03
  -5.6477493e-02   7.7851962e-02   4.8559962e-01  -9.5252772e-03  -1.8594908e-03  -2.8893762e-03
  -2.1785278e-02   6.3404712e-02   4.8020303e-01  -8.2279320e-03  -2.1749380e-03  -2.6203004e-03
  -5.5764565e-02   7.3138302e-02   4.9889262e-01  -8.1859849e-03  -1.5421422e-03  -3.5092851e-03
  -2.8736398e-02   1.0890725e-01   5.3969758e-01  -8.5652913e-03  -1.6130071e-03  -3.3317131e-03
  -1.2326411e-02   8.2899395e-02   5.1529221e-01  -9.1517425e-03  -1.0534633e-03  -2.8066734e-03
   7.2510393e-03   1.1162575e-01   5.1378439e-01  -9.2003997e-03  -1.7060111e-03  -2.6372206e-03
  -3.7327840e-02   5.7094866e-02   4.9494792e-01  -9.3760749e-03  -1.2822273e-03  -3.4675965e-03
  -3.3809075e-02   8.9678411e-02   6.0423713e-01  -1.0053061e-02  -3.1280563e-03  -2.9946354e-03
   1.0439196e-02   9.5335346e-02   5.3650580e-01  -1.1109906e-02  -1.1556570e-03  -2.1795586e-03
  -3.3757160e-02   1.0904012e-01   4.9792032e-01  -1.1307814e-02  -2.1117441e-03  -2.8829361e-03
  -4.2342856e-03   6.5552997e-02   5.0986286e-01  -1.1362949e-02  -2.2750122e-03  -2.2956622e-03
  -4.2599493e-03   4.2126694e-02   5.0875574e-01  -1.0882478e-02  -2.4280964e-03  -2.1476625e-03
  -1.9269205e-03   6.9436173e-02   5.2432267e-01  -1.0456251e-02  -2.3068275e-03  -2.6677474e-03
  -1.0033505e-02   7.6757261e-02   5.2245556e-01  -1.1028975e-02  -2.2711201e-03  -2.4322764e-03
   8.2610955e-04   6.3989382e-02   5.0605022e-01  -1.1782112e-02  -9.1923976e-04  -2.1604941e-03
  -1.4137312e-03   1.9675168e-03   4.8035935e-01  -1.1513139e-02  -6.8894443e-04  -1.6490393e-03
   5.9956857e-04   4.0732590e-02   5.3206251e-01  -1.1591074e-02  -2.2402816e-03  -1.6838338e-03
  -6.0493866e-03   3.7715305e-02   4.9412365e-01  -1.0501038e-02  -2.2939904e-03  -1.4158156e-03
  -1.4708955e-02   3.5415254e-02   5.2976259e-01  -1.0835743e-02  -2.2020046e-03  -1.6362830e-03
  -1.8218197e-03   6.8187032e-02   5.2316350e-01  -1.1294376e-02  -2.4560551e-03  -1.4894723e-03
  -1.6020528e-02   5.9684971e-02   5.9798803e-01  -1.2225109e-02  -2.3660485e-03  -1.8071279e-03
   1.9374784e-02   7.6789296e-02   5.3264142e-01  -1.1564415e-02  -2.5893391e-03  -1.0111497e-03
  -7.9495446e-03   7.7404483e-02   5.4985066e-01  -1.1418293e-02  -3.0127851e-03  -1.2820274e-03
   1.0208336e-02   8.7592231e-02   5.3646243e-01  -1.0870505e-02  -2.9987542e-03  -1.0036937e-03
  -1.9528669e-02   5.5442714e-02   4.7381844e-01  -1.1927185e-02  -1.7971998e-03  -1.0996792e-03
   1.5216051e-04   6.0822458e-02   5.5084469e-01  -1.2113718e-02  -1.8374553e-03  -3.5197713e-04
  -1.9379043e-02   5.7196255e-02   5.5378371e-01  -1.2040390e-02  -1.8581591e-03  -2.7945022e-04
  -1.9954012e-02   5.9156203e-02   5.4668256e-01  -1.1463262e-02  -1.6929130e-03  -5.6869643e-04
   1.2148675e-02   6.2865725e-02   5.4226771e-01  -1.1507827e-02  -1.2026373e-03  -6.1155928e-05
   1.5096969e-02   9.9017620e-02   5.2376308e-01  -1.1785272e-02  -1.5241198e-03   1.6462002e-04
   1.7388208e-02   1.1164083e-01   5.3230358e-01  -1.1531166e-02  -1.5314774e-03   2.8934964e-04
   3.2241354e-02   1.0736546e-01   5.2234636e-01  -1.1763353e-02  -3.2461229e-04   5.8486257e-04
   2.6271870e-02   1.2748028e-01   5.5509027e-01  -1.1980948e-02  -2.0204119e-03   4.6393540e-04
   4.7194690e-02   1.0605782e-01   5.1491190e-01  -1.1390031e-02  -1.1648853e-03   9.6040398e-04
   4.2860608e-02   1.1687616e-01   5.9211620e-01  -1.2789031e-02  -1.4266082e-03   1.2594534e-03
   6.2876767e-02   1.4787009e-01   5.6431924e-01  -1.3462880e-02  -4.4878388e-04   1.3257317e-03
   4.7225512e-02   1.2716712e-01   5.9851583e-01  -1.3462544e-02  -1.1163517e-03   1.2305420e-03
   7.7352174e-02   1.2204770e-01   5.7599723e-01  -1.3783036e-02  -2.9696754e-04   1.6159997e-03
   6.3394427e-02   1.1466812e-01   6.3551335e-01  -1.3540706e-02  -6.4839563e-04   1.4089443e-03
   8.0709759e-02   1.4645831e-01   4.9536416e-01  -1.2358886e-02  -1.2037324e-04   1.5445036e-03
   1.5626864e-01   6.0572093e-02   3.2833429e-01  -1.1193941e-02  -9.3744107e-04   2.3059553e-03
   1.2043447e-01   1.3578841e-01   4.2648204e-01  -1.1111881e-02  -1.5565350e-03   1.8762906e-03
   1.2518853e-01   7.3174084e-02   4.8866263e-01  -1.3327656e-02  -1.5161747e-03   2.1314425e-03
   1.1445284e-01   6.8982825e-02   4.9545445e-01  -1.2519196e-02  -2.1303758e-03   1.9005508e-03
   1.2309366e-01   7.8992859e-02   4.7969429e-01  -1.1762237e-02  -2.2996379e-03   1.4206215e-03
   1.5613275e-01   8.0635902e-02   4.6819118e-01  -1.1379421e-02  -2.4144917e-03   1.8599616e-03
   1.2514265e-01   9.4254578e-02   5.1086876e-01  -1.2391305e-02  -2.2807415e-03   9.2672082e-04
   1.4403681e-01   7.3061129e-02   5.3551926e-01  -1.1937931e-02  -1.9714704e-03   1.3153995e-03
   1.1371802e-01   9.1514251e-02   5.8711395e-01  -1.2436192e-02  -2.1729505e-03   6.7434886e-04
   1.6135156e-01   5.8482748e-02   5.7970252e-01  -1.3080730e-02  -1.7879187e-03   2.0380569e-03
   1.4291301e-01   5.9981899e-02   6.5136071e-01  -1.5086645e-02  -1.3886173e-03   1.2361429e-03
   1.7156440e-01   4.3184962e-02   6.0743857e-01  -1.3223948e-02  -1.7636787e-03   1.9980203e-03
   1.9503347e-01  -5.2631768e-03   6.2656460e-01  -1.4580785e-02  -1.4915895e-03   2.8525785e-03
   2.0942864e-01   5.5162559e-02   5.8655187e-01  -1.3894878e-02  -1.5037668e-03   3.0194354e-03
   2.0857232e-01   7.2871005e-02   5.8782224e-01  -1.4263461e-02  -1.2975922e-03   2.4418908e-03
   2.4092252e-01   5.9798950e-02   6.4728315e-01  -1.4170133e-02  -1.4823731e-03   2.9047838e-03
   2.1340732e-01   5.9092299e-02   6.4392371e-01  -1.5221153e-02  -1.5341795e-03   1.9789914e-03
   2.0783091e-01   1.1518338e-01   6.5841268e-01  -1.3182848e-02  -1.0880029e-03   2.5635007e-03
   1.8196898e-01   2.4500465e-01   9.1938016e-01  -1.5722146e-02   2.0230343e-04   1.6817693e-03
   2.2018629e-01   3.1062568e-01   9.1026744e-01  -1.3929154e-02  -1.5445826e-03   2.3236968e-03
   2.6814954e-01   2.4212198e-01   8.3756604e-01  -1.3666971e-02  -6.0969890e-04   2.6935733e-03
   1.7666672e-01   4.8650440e-01   1.2303845e+00  -1.0898008e-02  -9.4068201e-05   2.6305498e-03
   1.9396102e-01   3.7573786e-01   1.1748675e+00  -9.6521534e-03   8.9296534e-04   5.0543349e-03
   1.4892277e-01   9.9380674e-02   6.6661175e-01  -1.0132416e-02  -3.1811403e-03   4.5634044e-03
   1.8606752e-01  -7.1059541e-02   4.0946325e-01  -8.8201531e-03  -3.9789997e-03   4.6205442e-03
   2.1473522e-01  -6.3482796e-03   4.6491075e-01  -1.0787264e-02  -4.2367503e-03   3.6945440e-03
   2.3572888e-01  -1.1846594e-02   4.0475687e-01  -1.0911810e-02  -4.5375193e-03   3.8568598e-03
   2.3184503e-01   2.6632020e-03   4.2377384e-01  -1.1477970e-02  -4.7489666e-03   3.4652170e-03
   2.1794153e-01   3.0834912e-02   4.3447723e-01  -1.2717919e-02  -4.6338737e-03   3.2824587e-03
   2.2145036e-01   4.2428339e-02   4.0877439e-01  -1.1949069e-02  -4.8615310e-03   3.5170191e-03
   2.0851644e-01   2.5879498e-02   4.0405235e-01  -1.1488813e-02  -3.8360741e-03   3.1013464e-03
   1.8362009e-01   3.5853602e-02   4.6335599e-01  -1.3485583e-02  -4.3186996e-03   1.8708349e-03
   2.1971907e-01   5.2048095e-02   4.5665980e-01  -1.2551252e-02  -4.6475258e-03   2.1928444e-03
   2.0142648e-01   6.2011845e-02   4.9493836e-01  -1.4332474e-02  -4.5127944e-03   1.3264938e-03
   2.0756695e-01   6.8739525e-02   5.1540699e-01  -1.4678612e-02  -4.6983352e-03   1.2219490e-03
   1.9158332e-01   6.8173420e-02   5.3719409e-01  -1.5296711e-02  -5.0540001e-03   5.2202051e-04
   2.2157627e-01   2.9584244e-02   4.8121375e-01  -1.5008004e-02  -5.5955779e-03   8.6916680e-04
   2.3685868e-01   1.3903763e-02   4.9238046e-01  -1.5402252e-02  -4.9984293e-03   3.2614540e-04
   2.4186731e-01   5.4870565e-02   5.1902434e-01  -1.4420986e-02  -6.2442203e-03   3.2105674e-04
   2.7992542e-01   6.7696685e-02   5.0929333e-01  -1.5200972e-02  -5.1849001e-03   6.1723938e-04
   2.7305103e-01   4.0665722e-02   5.2007704e-01  -1.5554277e-02  -4.6627343e-03   2.7946160e-04
   2.8176644e-01   4.6252639e-02   4.9623290e-01  -1.4864293e-02  -4.9197055e-03   4.5398781e-04
   2.5788019e-01   5.3267439e-02   4.4470393e-01  -1.4636152e-02  -5.5821707e-03   5.9378470e-05
   2.6991658e-01   2.3088746e-02   4.5758754e-01  -1.5324173e-02  -5.0998326e-03   5.5158496e-04
   2.8255838e-01   6.1908572e-02   4.4700448e-01  -1.4077637e-02  -5.7649859e-03   6.3142140e-04
   2.8836253e-01   1.0710669e-01   4.6694969e-01  -1.5006693e-02  -5.6788360e-03   6.9853298e-04
   2.6241243e-01   1.2020715e-01   5.0751933e-01  -1.6013830e-02  -5.8363240e-03  -3.8178809e-04
   2.9214483e-01   1.0171985e-01   5.4571172e-01  -1.6840411e-02  -5.6702117e-03   5.0048284e-04
   3.0257696e-01   1.1098637e-01   5.5803353e-01  -1.6745671e-02  -5.9096552e-03   1.1815001e-03
   3.2690444e-01   1.0939071e-01   5.0284998e-01  -1.4900706e-02  -5.6517017e-03   1.6548375e-03
   3.3318401e-01   7.4474602e-02   5.7294862e-01  -1.6978783e-02  -5.0731548e-03   9.2213493e-04
   3.3946121e-01   9.6990067e-02   5.3073477e-01  -1.6682804e-02  -5.1315890e-03   1.3250676e-03
   3.5208621e-01   9.7811562e-02   5.6518301e-01  -1.6362008e-02  -4.7817052e-03   1.3307407e-03
   3.4981760e-01   1.1567986e-01   5.6215429e-01  -1.6702985e-02  -5.4172252e-03   1.2281555e-03
   3.7450097e-01   1.0460343e-01   5.4533025e-01  -1.8580724e-02  -4.7353341e-03   1.6880629e-03
   3.4251139e-01   9.6686976e-02   5.4350129e-01  -1.8049681e-02  -5.3698958e-03   1.0443269e-03
   3.3384640e-01   6.8361425e-02   5.2160460e-01  -1.8211960e-02  -5.0436565e-03   3.6704685e-04
   3.2975071e-01   1.3299138e-01   4.9270315e-01  -1.7731425e-02  -5.0762420e-03   3.8754693e-04
   3.4436357e-01   1.0212488e-01   4.9505631e-01  -1.8267416e-02  -4.4340163e-03   8.8383005e-04
   3.6791665e-01   1.0847709e-01   4.3151542e-01  -1.7585228e-02  -3.6846965e-03   1.7252836e-03
   3.4104822e-01   1.2519910e-01   4.6884312e-01  -1.8409983e-02  -3.6139546e-03   1.3882771e-03
   3.6898518e-01   1.1453157e-01   4.5148662e-01  -1.7468517e-02  -4.3953168e-03   1.5104036e-03
   3.1430634e-01   1.2911674e-01   4.5848243e-01  -1.7689522e-02  -4.7538218e-03   9.3385321e-04
   3.0088683e-01   1.4934709e-01   5.2913790e-01  -1.9734440e-02  -4.8753651e-03  -8.2083675e-06
   3.1495566e-01   1.3216868e-01   5.2066073e-01  -2.0395315e-02  -4.1128305e-03   6.3565556e-04
   3.0355493e-01   1.4861514e-01   4.7678531e-01  -1.9474280e-02  -4.8794730e-03   1.9476449e-04
   3.0920982e-01   1.4658135e-01   4.9917411e-01  -1.9835942e-02  -4.8634929e-03   3.1368337e-04
   2.8387172e-01   1.4930509e-01   5.3493087e-01  -1.9922293e-02  -5.0542875e-03  -4.1242770e-04
   2.9548580e-01   6.0681243e-02   5.6363501e-01  -2.1030994e-02  -3.9620306e-03   8.0756115e-04
   2.5817050e-01   9.7555400e-02   5.0270825e-01  -2.0285487e-02  -5.5432356e-03   1.6691469e-04
   3.1529780e-01   1.3219670e-01   3.7199968e-01  -1.8227796e-02  -3.8615734e-03   2.1700902e-03
   3.4361513e-01   1.0507968e-01   4.1008707e-01  -1.8671791e-02  -3.5021510e-03   2.1398880e-03
   3.6456310e-01   9.5755894e-02   3.6855462e-01  -1.8173872e-02  -3.9406636e-03   2.5228920e-03
   3.6673614e-01   6.1610152e-02   3.9690617e-01  -1.8573159e-02  -4.0102232e-03   2.1831076e-03
   3.7535932e-01   1.3635054e-01   3.9059905e-01  -1.8685349e-02  -4.0544746e-03   2.1905087e-03
   3.7051260e-01   1.3410675e-01   3.8380808e-01  -1.8954792e-02  -4.7322560e-03   1.6274901e-03
   3.9438868e-01   1.3686739e-01   3.8534563e-01  -1.9656681e-02  -3.6605583e-03   1.7445830e-03
   3.9657791e-01   1.3339961e-01   3.8154155e-01  -1.9370583e-02  -3.5878682e-03   1.0349057e-03
   4.3293839e-01   1.5420415e-01   3.5423926e-01  -1.8568337e-02  -4.7711157e-03  -2.3051562e-04
   4.3281952e-01   1.6707416e-01   4.1305533e-01  -2.0804456e-02  -4.5866614e-03  -2.4664912e-04
   4.2496714e-01   1.4176893e-01   4.2911255e-01  -2.0060591e-02  -5.0525609e-03  -3.7530177e-04
   4.3039397e-01   1.6335325e-01   4.5790654e-01  -2.1651537e-02  -4.9372936e-03  -3.7250959e-04
   4.4270427e-01   1.3941051e-01   4.2415082e-01  -2.0687141e-02  -4.8864197e-03  -9.0641564e-05
   4.5720023e-01   1.2499469e-01   4.1969203e-01  -2.1353027e-02  -4.1061904e-03  -1.9609149e-04
   4.4965521e-01   1.3785715e-01   3.9198259e-01  -2.0904883e-02  -4.4622628e-03  -7.7437430e-04
   4.8675602e-01   1.6010071e-01   4.0794065e-01  -2.0736522e-02  -4.1918015e-03  -5.3539869e-04
   4.8726957e-01   1.9986242e-01   4.1600965e-01  -2.0846626e-02  -5.1392992e-03  -7.9643878e-04
   5.0001668e-01   1.5166711e-01   4.5150740e-01  -2.1533407e-02  -4.9174963e-03  -6.6389308e-04
