   0.0000000e+00   0.0000000e+00   7.1054274e-15   0.0000000e+00   0.0000000e+00   0.0000000e+00
   2.1659823e-03   5.7905728e-02   5.0232798e-02  -2.0119245e-03   2.4903160e-04  -2.0787184e-04
   8.5944543e-03   5.3802850e-02   5.7073520e-02  -2.1261167e-03   1.7461593e-04  -4.8078053e-05
   1.0475363e-02   4.7533877e-02   5.3045929e-02  -3.1036156e-03   6.4773471e-04   1.5467351e-04
   7.3991247e-02   1.7841570e-02  -3.4536929e-02  -2.3475603e-03   2.3945242e-04   1.5916341e-03
   2.1726681e-02   7.0617198e-02   1.8127517e-02  -3.2911609e-03  -1.3794174e-04   5.4704122e-04
   3.3471507e-02   1.2135038e-01   1.0780094e-01  -5.7437595e-03   2.4294340e-04   6.7890231e-04
   3.7136773e-02   1.1155427e-01   1.7134213e-01  -5.8848765e-03   3.5871173e-04   6.9127602e-04
   3.3640841e-02   1.0798575e-01   1.8478356e-01  -6.4724518e-03   3.4883942e-04   5.4407267e-04
   4.3318681e-02   1.1360685e-01   2.2037831e-01  -6.5411460e-03   4.3884282e-04   5.9777225e-04
   4.6866950e-02   1.3619401e-01   2.5503678e-01  -7.1989997e-03   5.2231487e-04   5.7989045e-04
   6.3433985e-02   1.6527109e-01   2.6939105e-01  -7.5051676e-03   2.7880318e-04   8.2461549e-04
   6.5716838e-02   1.9075621e-01   3.2295969e-01  -8.5309720e-03   2.1224863e-04   6.6947835e-04
   5.8706114e-02   2.0042170e-01   3.5838277e-01  -9.1359750e-03  -1.8691109e-05   8.2253729e-04
   6.1079933e-02   2.1774649e-01   4.0700283e-01  -1.0319420e-02   5.6848624e-06   7.6954840e-04
   4.9959024e-02   2.1190003e-01   4.2370656e-01  -1.0627914e-02  -3.2131451e-04   5.8661015e-04
   3.8332955e-02   2.2638164e-01   4.2339600e-01  -1.1007671e-02  -3.7491867e-04   3.3010475e-04
   3.5605509e-02   2.3572970e-01   4.2182898e-01  -1.1182063e-02  -4.6199809e-04   3.8910893e-04
   3.7918628e-02   2.6173103e-01   4.4741321e-01  -1.1754445e-02  -6.8541668e-04   2.8978012e-04
   4.2135135e-02   2.6588432e-01   4.8980148e-01  -1.2426080e-02  -8.4645828e-04   5.0226804e-04
   4.0542073e-02   2.6409911e-01   4.9810056e-01  -1.2942607e-02  -7.1074615e-04   4.3659362e-04
   3.3929722e-02   2.5905738e-01   5.5464856e-01  -1.3659218e-02  -9.7497023e-04   2.6870189e-04
   2.9928516e-02   2.7514232e-01   5.2825048e-01  -1.3832580e-02  -1.2601733e-03   5.7615389e-05
   4.9732242e-02   2.9047459e-01   5.3931071e-01  -1.4118798e-02  -1.2411504e-03   2.4075600e-04
   4.4088015e-02   3.0065111e-01   5.9573888e-01  -1.4897245e-02  -1.3831341e-03   1.6029807e-04
   4.8898686e-02   3.0325075e-01   6.0322389e-01  -1.4865528e-02  -1.4246042e-03   1.1104681e-04
   4.3328765e-02   2.8880575e-01   6.3554536e-01  -1.5233057e-02  -1.3338274e-03   1.1188637e-04
   3.6583756e-02   2.9328389e-01   6.1060773e-01  -1.4678909e-02  -1.3164984e-03  -3.2202107e-04
   4.5985586e-02   2.9641000e-01   6.1473474e-01  -1.4673597e-02  -9.6441208e-04  -1.4191959e-04
   5.0425957e-02   3.1321431e-01   6.1152464e-01  -1.4957528e-02  -1.2761988e-03  -6.6834619e-05
   5.2235121e-02   3.2134875e-01   6.3563733e-01  -1.5256062e-02  -1.1527244e-03   5.6530501e-06
   4.9536002e-02   3.2960944e-01   6.4119992e-01  -1.5497481e-02  -1.1734223e-03   6.2471943e-05
   6.3611975e-02   3.2945131e-01   6.2688326e-01  -1.5425579e-02  -1.4933242e-03   1.0095257e-04
   2.2766739e-02   3.0278714e-01   5.7992250e-01  -1.5393387e-02  -1.7273191e-03  -4.9651376e-04
   2.1273155e-02   3.3628922e-01   5.5130282e-01  -1.5201775e-02  -1.3574167e-03  -3.3166770e-04
   1.1984281e-02   3.4109374e-01   6.3264680e-01  -1.7010940e-02  -1.5321566e-03  -6.4187092e-04
   3.5521796e-02   3.3210451e-01   6.3583649e-01  -1.7041772e-02  -1.8708899e-03  -3.7920442e-04
   3.5492894e-02   3.6428827e-01   6.6195677e-01  -1.7401507e-02  -1.6488920e-03  -2.7947031e-04
   3.3390363e-02   3.3573467e-01   6.6689295e-01  -1.7905010e-02  -1.9755335e-03  -3.6193962e-04
   4.0371873e-02   3.5284406e-01   6.6373507e-01  -1.7807160e-02  -1.6304370e-03  -3.7897983e-04
   4.2350860e-02   3.6930426e-01   6.6974731e-01  -1.7821948e-02  -1.8790108e-03  -2.4738717e-04
   5.8563655e-02   3.6979704e-01   6.8378438e-01  -1.7894178e-02  -1.9954221e-03  -3.2929275e-05
   5.9826603e-02   3.7193594e-01   7.2885292e-01  -1.8601270e-02  -2.2982533e-03  -9.6013756e-05
   5.6044158e-02   3.9983685e-01   7.4620554e-01  -1.8891140e-02  -2.2189216e-03  -1.0486426e-04
   5.7468406e-02   3.9036887e-01   7.5479334e-01  -1.9124289e-02  -2.3834371e-03  -9.0609612e-06
   5.5646441e-02   4.0304523e-01   7.9270856e-01  -2.0174236e-02  -2.3889225e-03  -5.9147601e-05
   5.1456032e-02   4.1576807e-01   8.0731675e-01  -2.0820868e-02  -2.5356927e-03  -1.6740579e-04
   5.2944109e-02   4.1992449e-01   7.8073345e-01  -1.9904358e-02  -2.6377680e-03  -2.4777230e-04
   5.5183608e-02   4.3554893e-01   8.0601352e-01  -2.0179595e-02  -2.7579391e-03  -2.4287309e-04
   7.7881777e-02   4.2082237e-01   8.5457648e-01  -2.0671897e-02  -2.9907039e-03   1.6973491e-04
   7.2237253e-02   4.3395196e-01   8.5153765e-01  -2.0786052e-02  -3.3015312e-03  -7.9048080e-05
   8.3760805e-02   4.5213284e-01   8.8712648e-01  -2.1295783e-02  -3.2591859e-03   4.4880878e-05
   6.9029885e-02   4.4516731e-01   9.1834119e-01  -2.1812401e-02  -3.3278054e-03  -2.1194708e-04
   7.4588253e-02   4.7474479e-01   9.0519734e-01  -2.2567290e-02  -3.5469847e-03  -8.4891968e-06
   6.0523158e-02   4.6247383e-01   9.6911297e-01  -2.3741381e-02  -3.5734770e-03  -2.2916989e-04
   8.1040694e-02   4.6981376e-01   9.5931640e-01  -2.3785579e-02  -3.4446021e-03   1.1795831e-04
   8.7593496e-02   4.4984960e-01   9.7448719e-01  -2.3548381e-02  -3.3937015e-03   7.2904505e-05
   1.2101555e-01   4.3459831e-01   9.7319310e-01  -2.3273630e-02  -3.4310245e-03   5.0726577e-04
   1.1827831e-01   4.5365678e-01   9.9245857e-01  -2.3354826e-02  -3.4763285e-03   3.6670232e-04
   1.1343887e-01   4.8848239e-01   9.7507701e-01  -2.3399116e-02  -3.7066396e-03   3.0447739e-04
   1.2344179e-01   4.9464103e-01   9.8260192e-01  -2.3691003e-02  -3.6296513e-03   5.4255124e-04
   1.1888625e-01   4.9617688e-01   1.0259641e+00  -2.4438738e-02  -3.7247270e-03   4.6403811e-04
   1.3250912e-01   5.0621123e-01   1.0410016e+00  -2.4762225e-02  -3.8984684e-03   5.2204424e-04
   1.2862588e-01   5.0006556e-01   1.1127180e+00  -2.5631768e-02  -4.1221376e-03   2.9286591e-04
   1.4011577e-01   5.2687326e-01   1.1135353e+00  -2.5946073e-02  -4.2959518e-03   4.7990495e-04
   1.4260287e-01   5.1094275e-01   1.1431536e+00  -2.5918110e-02  -4.3034431e-03   5.3953139e-04
   1.3063331e-01   5.4016702e-01   1.1079363e+00  -2.6243702e-02  -4.2970431e-03   4.0228143e-04
   1.3863364e-01   5.3596400e-01   1.1442446e+00  -2.6936725e-02  -4.4031979e-03   6.6154903e-04
   1.2540834e-01   5.2956494e-01   1.1907154e+00  -2.8224288e-02  -4.6634896e-03   4.7437501e-04
   1.2934043e-01   5.4201461e-01   1.1762408e+00  -2.8395353e-02  -4.8425463e-03   5.8796389e-04
   1.1592577e-01   5.4309728e-01   1.1681863e+00  -2.8290719e-02  -4.7652060e-03   2.8662407e-04
   1.5248119e-01   5.4346735e-01   1.2050997e+00  -2.8560139e-02  -4.6996870e-03   7.9262956e-04
   1.4467948e-01   5.6102971e-01   1.2465171e+00  -2.9621437e-02  -4.8610377e-03   6.4862096e-04
   1.5774465e-01   5.5295062e-01   1.2352922e+00  -2.9158169e-02  -4.8945797e-03   6.8619445e-04
   1.5185539e-01   5.4728476e-01   1.2581035e+00  -2.9288839e-02  -4.8005754e-03   6.4807215e-04
   1.4598822e-01   5.5820939e-01   1.2536074e+00  -2.9379531e-02  -4.6677036e-03   5.4520619e-04
   1.5385186e-01   5.6191693e-01   1.2400122e+00  -2.9332124e-02  -4.9131122e-03   6.0104831e-04
   1.4357021e-01   5.8016943e-01   1.2468865e+00  -2.9585950e-02  -5.0331962e-03   5.1069022e-04
   1.6972478e-01   5.8394617e-01   1.2548333e+00  -2.9396187e-02  -5.0591403e-03   1.1305437e-03
   1.5734462e-01   5.9034432e-01   1.2955342e+00  -2.9812977e-02  -4.8143396e-03   7.8966676e-04
   1.6437103e-01   5.9634705e-01   1.3033093e+00  -3.0428675e-02  -5.0548781e-03   1.0246085e-03
   1.7000118e-01   5.8473985e-01   1.2832072e+00  -2.9880819e-02  -5.1494493e-03   1.1367659e-03
   1.6123557e-01   6.0664906e-01   1.2918646e+00  -3.0538485e-02  -5.3435128e-03   1.0371481e-03
   1.7151715e-01   5.9455440e-01   1.3170319e+00  -3.0735642e-02  -5.1735194e-03   1.1430068e-03
   1.6300000e-01   6.0158544e-01   1.3193944e+00  -3.0828799e-02  -5.2726171e-03   1.0479493e-03
   1.7453217e-01   6.0692291e-01   1.3787657e+00  -3.1445540e-02  -5.4299116e-03   1.2218422e-03
   1.6148575e-01   6.0793764e-01   1.3982444e+00  -3.1770963e-02  -5.4391029e-03   1.0028963e-03
   1.6291014e-01   6.2059209e-01   1.3498499e+00  -3.1824722e-02  -5.8121326e-03   1.0751723e-03
   1.5189580e-01   6.2442117e-01   1.3712034e+00  -3.2619752e-02  -5.6392246e-03   1.1887760e-03
   1.6057413e-01   5.9481591e-01   1.3723213e+00  -3.2042483e-02  -5.7852945e-03   1.3423671e-03
   1.9346195e-01   5.7865879e-01   1.2635030e+00  -2.9883275e-02  -5.2851896e-03   2.3570916e-03
   1.9021179e-01   6.1002606e-01   1.3197531e+00  -3.0538884e-02  -5.4126411e-03   1.9826709e-03
   2.0139697e-01   6.1257634e-01   1.3520117e+00  -3.0994018e-02  -5.8897651e-03   1.7493218e-03
   1.8713487e-01   6.3080601e-01   1.3558518e+00  -3.1534067e-02  -6.3075487e-03   1.6986098e-03
   1.9434024e-01   6.3612634e-01   1.3855317e+00  -3.2187370e-02  -6.5481744e-03   1.8224809e-03
   1.9585241e-01   6.2437396e-01   1.4072085e+00  -3.2576995e-02  -6.7588812e-03   1.8278388e-03
   1.8346286e-01   6.4401994e-01   1.4029895e+00  -3.3111895e-02  -6.4946637e-03   1.5400058e-03
   2.1711979e-01   6.4913561e-01   1.4246810e+00  -3.3436480e-02  -6.7009953e-03   2.0836328e-03
   1.8910219e-01   6.2364905e-01   1.4516168e+00  -3.3744650e-02  -6.8695996e-03   1.7141530e-03
   1.9995390e-01   6.3665462e-01   1.4231050e+00  -3.3928850e-02  -6.7740145e-03   1.9072913e-03
   2.0306073e-01   6.4402353e-01   1.4402544e+00  -3.4033360e-02  -6.8967652e-03   1.9155053e-03
   2.1814527e-01   6.2121805e-01   1.4366468e+00  -3.3937367e-02  -6.9430851e-03   2.2983428e-03
   2.1231179e-01   6.2227640e-01   1.4691130e+00  -3.4091310e-02  -6.7423659e-03   2.1617831e-03
   2.1357245e-01   6.3511849e-01   1.4548173e+00  -3.4144040e-02  -6.8730786e-03   2.3751957e-03
   2.2600036e-01   6.6968825e-01   1.4791880e+00  -3.4547770e-02  -6.8918000e-03   2.5651854e-03
   2.1280456e-01   6.3751601e-01   1.5068478e+00  -3.4746239e-02  -7.0939715e-03   2.5732122e-03
   2.1863678e-01   6.6299749e-01   1.4972319e+00  -3.4736396e-02  -7.2271967e-03   2.5025049e-03
   2.1266211e-01   6.6761543e-01   1.4975254e+00  -3.5488063e-02  -7.3663424e-03   2.5751299e-03
   2.2647025e-01   6.7993185e-01   1.5101123e+00  -3.5498232e-02  -7.3524095e-03   2.7678885e-03
   2.2188477e-01   6.6417429e-01   1.5463932e+00  -3.5917818e-02  -7.3255100e-03   2.5470260e-03
   2.2538036e-01   6.7313281e-01   1.5444245e+00  -3.5422546e-02  -7.2457481e-03   2.5712345e-03
   2.3598183e-01   6.9645260e-01   1.5533487e+00  -3.5830936e-02  -7.4846269e-03   2.6413973e-03
   2.3908428e-01   6.8217700e-01   1.5682420e+00  -3.5706966e-02  -7.5124399e-03   2.8032202e-03
   2.3024781e-01   6.8659499e-01   1.5951045e+00  -3.6540131e-02  -7.8674801e-03   2.7087589e-03
   2.2863476e-01   6.9669046e-01   1.5878042e+00  -3.6229236e-02  -7.9354405e-03   2.5772591e-03
   2.1568620e-01   6.8963217e-01   1.5704511e+00  -3.7081488e-02  -8.0257699e-03   2.4865344e-03
   2.2333208e-01   6.7435675e-01   1.5072793e+00  -3.7336907e-02  -8.3638851e-03   2.5343886e-03
   2.1816617e-01   6.7456070e-01   1.5230628e+00  -3.7079847e-02  -8.0310526e-03   2.5841058e-03
   2.1768281e-01   6.4604127e-01   1.5160806e+00  -3.6344076e-02  -8.2043383e-03   2.7831642e-03
   2.1715882e-01   6.9890579e-01   1.5176934e+00  -3.6758987e-02  -8.4904986e-03   2.6095885e-03
   2.0899474e-01   7.0913234e-01   1.5402675e+00  -3.6930470e-02  -8.6990190e-03   2.3259918e-03
   2.0975056e-01   7.0155673e-01   1.6021852e+00  -3.7604574e-02  -8.6317062e-03   1.9666375e-03
   2.2186669e-01   7.0330232e-01   1.5555636e+00  -3.7698231e-02  -8.7299174e-03   2.3191804e-03
   2.2005289e-01   7.0264699e-01   1.5944082e+00  -3.8069427e-02  -8.8858172e-03   2.2679594e-03
   2.1570410e-01   6.9291809e-01   1.5904925e+00  -3.8702872e-02  -8.7168414e-03   2.1654460e-03
   2.2024032e-01   7.0322529e-01   1.5736726e+00  -3.8157769e-02  -8.7133164e-03   2.2443588e-03
   2.2145838e-01   6.9909189e-01   1.5908087e+00  -3.8286289e-02  -8.8521360e-03   2.3486453e-03
   2.4088308e-01   7.1227961e-01   1.6011713e+00  -3.8263351e-02  -9.1159382e-03   2.4269780e-03
   2.4747172e-01   7.2363516e-01   1.6078646e+00  -3.8173433e-02  -9.4295627e-03   2.5804443e-03
   2.4875702e-01   7.0949401e-01   1.6201261e+00  -3.8389159e-02  -9.0597782e-03   2.5088595e-03
   2.4456681e-01   7.2284508e-01   1.6452891e+00  -3.8801222e-02  -8.9772898e-03   2.1838218e-03
   2.7063225e-01   6.7874780e-01   1.6613564e+00  -3.9584102e-02  -9.3366872e-03   2.8381372e-03
   2.5110540e-01   6.6545002e-01   1.6933687e+00  -3.9687413e-02  -9.1882521e-03   2.4874458e-03
   2.5587672e-01   7.2461531e-01   1.6420054e+00  -3.9367632e-02  -9.5131085e-03   2.4535654e-03
   2.6020471e-01   7.0937778e-01   1.6671753e+00  -3.9969314e-02  -9.5549754e-03   2.4795272e-03
   2.7399460e-01   6.9778742e-01   1.6872996e+00  -4.0100489e-02  -9.4476361e-03   2.5771256e-03
   2.6990107e-01   6.7557857e-01   1.6268831e+00  -3.8609022e-02  -9.3931676e-03   2.8733452e-03
   2.5667738e-01   6.6805053e-01   1.5919559e+00  -3.9151623e-02  -9.3844875e-03   2.7746173e-03
   2.7555781e-01   6.7786470e-01   1.6153822e+00  -3.9484907e-02  -9.2848476e-03   2.9956534e-03
   2.7737156e-01   6.7945824e-01   1.6556511e+00  -3.9860428e-02  -9.4084725e-03   2.9660420e-03
   2.5935445e-01   6.7696289e-01   1.6500827e+00  -3.9879457e-02  -9.5702919e-03   2.7179389e-03
   2.4020726e-01   6.8689710e-01   1.6131621e+00  -3.9147302e-02  -9.5552520e-03   2.3487065e-03
   2.7071388e-01   6.7106009e-01   1.6001971e+00  -3.8795918e-02  -9.5755155e-03   2.8217524e-03
   2.4552097e-01   6.5485751e-01   1.6086486e+00  -3.8809690e-02  -9.8634190e-03   2.5448534e-03
   2.5072446e-01   6.9582067e-01   1.5505598e+00  -3.8119946e-02  -9.8934375e-03   2.6843750e-03
   2.4584608e-01   6.9542945e-01   1.5931857e+00  -3.8658142e-02  -9.8550202e-03   2.6603033e-03
   2.5128818e-01   6.9337303e-01   1.6239000e+00  -3.9027293e-02  -9.8955856e-03   2.7052959e-03
   2.4097714e-01   6.6637921e-01   1.6500484e+00  -3.9332301e-02  -9.6483025e-03   2.4641918e-03
   2.4640180e-01   6.6418899e-01   1.6422438e+00  -3.9426182e-02  -9.7208759e-03   2.4748678e-03
   2.2726085e-01   6.8201747e-01   1.6436856e+00  -3.9802732e-02  -9.8047167e-03   2.1395369e-03
   2.4326372e-01   6.9195097e-01   1.6150223e+00  -3.9990471e-02  -1.0036114e-02   2.5353546e-03
   2.3664045e-01   6.8081235e-01   1.6616795e+00  -3.9963003e-02  -1.0034507e-02   2.3010944e-03
   2.2272505e-01   7.1073434e-01   1.6395431e+00  -4.0121498e-02  -1.0040321e-02   2.1738324e-03
   2.2177765e-01   7.0357113e-01   1.6159559e+00  -3.9854587e-02  -1.0289562e-02   2.2868799e-03
   2.2804421e-01   7.0913857e-01   1.6528817e+00  -4.0455222e-02  -1.0363259e-02   2.3114896e-03
   2.3664195e-01   7.1670974e-01   1.6738015e+00  -4.0715554e-02  -1.0259789e-02   2.5852315e-03
   2.3220642e-01   7.2763116e-01   1.7177928e+00  -4.0709104e-02  -1.0544738e-02   2.1516778e-03
   2.3956232e-01   7.0686756e-01   1.6900462e+00  -4.0998191e-02  -1.0483413e-02   2.1886713e-03
   2.4652030e-01   6.8280638e-01   1.6752314e+00  -4.1162878e-02  -1.0559192e-02   2.5947220e-03
   2.4515464e-01   6.7364410e-01   1.6714138e+00  -4.0913604e-02  -1.0763441e-02   2.5157593e-03
   2.3938969e-01   6.0688703e-01   1.6487954e+00  -4.1136996e-02  -1.0769468e-02   2.6413173e-03
   2.2992655e-01   6.1282973e-01   1.5777585e+00  -4.1340691e-02  -1.0970708e-02   2.6758408e-03
   2.2473732e-01   5.6762338e-01   1.4820772e+00  -4.0682742e-02  -1.1549426e-02   2.7213708e-03
   2.2441322e-01   5.8402867e-01   1.6271566e+00  -4.0795330e-02  -1.1324132e-02   2.7251376e-03
   2.1187798e-01   6.1206590e-01   1.5867777e+00  -4.1103347e-02  -1.1131184e-02   2.2611093e-03
   2.3298726e-01   5.9933171e-01   1.6047933e+00  -4.0369950e-02  -1.1552253e-02   2.7937398e-03
   2.2759278e-01   6.0081970e-01   1.5791573e+00  -4.0949051e-02  -1.1258430e-02   2.7722631e-03
   2.4585513e-01   6.1195860e-01   1.5780676e+00  -4.0766149e-02  -1.1321715e-02   3.2189997e-03
   2.1660056e-01   6.1353966e-01   1.6390573e+00  -4.1373527e-02  -1.1552442e-02   2.5042162e-03
   1.9987503e-01   6.3077801e-01   1.6170964e+00  -4.1950203e-02  -1.1809059e-02   2.4364095e-03
   2.1104988e-01   6.0982954e-01   1.6608027e+00  -4.1994956e-02  -1.1522767e-02   2.5772292e-03
   2.1140703e-01   6.1070058e-01   1.6416801e+00  -4.1896723e-02  -1.1525876e-02   2.4842860e-03
   2.1786224e-01   6.1396983e-01   1.6470338e+00  -4.1931065e-02  -1.1175018e-02   2.5584220e-03
   2.2460998e-01   6.1852900e-01   1.6468948e+00  -4.1544010e-02  -1.1317894e-02   2.7077462e-03
   2.4647360e-01   6.1975087e-01   1.6718333e+00  -4.2230354e-02  -1.1237734e-02   3.0961568e-03
   2.2903174e-01   6.2569663e-01   1.6510156e+00  -4.1849900e-02  -1.1085686e-02   2.5844452e-03
   2.3745514e-01   6.5237106e-01   1.6740502e+00  -4.2565589e-02  -1.1520241e-02   3.0664790e-03
   2.3377427e-01   6.4065398e-01   1.6982743e+00  -4.2501287e-02  -1.1485845e-02   2.9005564e-03
   2.4491474e-01   6.3019427e-01   1.6836426e+00  -4.1886332e-02  -1.1558142e-02   3.0916400e-03
