   0.0000000e+00  -1.1618967e-14   5.1819281e-16  -3.6824777e-17  -1.7066004e-18   1.1020026e-17
  -3.5456029e-02   5.1290302e-03  -6.5658008e-02  -1.4026687e-04   6.8124218e-05  -2.7111988e-04
  -3.8082942e-02   2.2920333e-02  -8.3148091e-02  -1.4778904e-04   4.7835319e-04  -8.1401878e-05
  -5.4029598e-02   2.6765335e-02  -6.7198397e-02   5.5633998e-04   9.4131809e-04  -5.5822628e-04
  -4.1753265e-02   3.1413434e-02  -1.1554192e-02   3.3574963e-04   7.2704134e-04  -6.0672440e-04
  -6.5939258e-02   2.7862415e-03  -5.2908103e-02   1.2901591e-03   9.1861656e-04  -8.0264066e-04
  -8.5881102e-02   2.2371995e-02  -8.1888692e-02   4.0308378e-04   1.2115659e-03  -8.4522877e-04
  -5.4083057e-02   5.3365221e-02  -5.4227571e-02   3.7613911e-04   1.0143679e-03  -5.4842542e-04
   4.7697250e-03   9.2359666e-02  -1.0539113e-01   9.3268547e-05   3.1789330e-04   5.0457211e-04
  -2.2793079e-02   6.0485934e-02  -3.4207420e-02  -1.0128132e-04   9.9122587e-04   1.5254283e-05
  -1.0680272e-02   2.3455473e-02  -3.8150952e-02   3.8498297e-04   8.6105040e-04   7.5147999e-05
  -3.2546605e-02   2.9553516e-02  -1.2051605e-01  -7.6576453e-05   1.0931351e-03  -6.3608247e-05
  -3.6935927e-02   9.2241099e-02  -4.8137447e-02   8.7992460e-05   8.1220994e-04  -1.6760093e-04
   1.2363715e-03   9.3466675e-02  -3.2692880e-02  -7.2908384e-04   7.5419482e-04   3.7566656e-04
  -3.8682375e-02   6.0057914e-02  -6.1045663e-02   4.3380829e-04   1.0575494e-03  -1.5738131e-04
  -1.4383427e-02   1.7710410e-02  -4.4819431e-02  -2.7333728e-04   9.9149298e-04   2.6657287e-04
  -2.2721487e-02   4.5690048e-02  -7.9914326e-02  -2.8640284e-04   1.0413031e-03   3.1410922e-04
  -2.3426204e-02   1.2588013e-01  -3.9629896e-02   2.6867795e-04   1.2835547e-03   1.5708774e-04
  -5.6110083e-03   6.2850144e-02  -5.3418222e-02  -4.2428957e-04   1.0677800e-03   4.7207170e-04
  -1.7110528e-02   4.6261307e-02  -3.8348051e-02   2.6834924e-04   1.4214668e-03   3.5033765e-04
  -8.4211763e-03   2.1977066e-02  -6.5604966e-02   1.6589423e-04   1.0393054e-03   4.7054313e-04
  -4.4146215e-02   4.7519264e-02  -2.4303475e-02  -9.7053413e-04   1.2345660e-03   6.9801373e-05
  -4.2785475e-02   8.3818709e-02  -4.3678099e-02  -6.8036668e-04   1.2711560e-03  -8.0286828e-05
  -3.1058997e-02   1.2944707e-01  -6.9815029e-02  -2.5700174e-04   9.0097551e-04   1.6589832e-04
  -3.4778947e-02   6.3144162e-02  -5.3345666e-02   2.2957788e-04   1.2251007e-03   4.1110635e-05
  -1.4179277e-02   2.8361143e-02  -1.0708012e-01   2.7966686e-04   1.1108691e-03   4.3461780e-04
  -6.1847187e-02   5.4903779e-02  -1.1839712e-01  -1.6425463e-04   1.1527461e-03  -1.7879215e-04
  -3.2670287e-02   4.6255367e-02  -9.7707745e-02   1.4149388e-05   1.1541695e-03   1.2680999e-04
  -2.8032528e-02   1.2978880e-01  -4.7497796e-02  -2.5228290e-04   1.2520943e-03   5.8470443e-05
  -3.9341665e-02   1.2447923e-01  -5.6973720e-02  -1.9452578e-04   1.2549391e-03  -3.0970281e-05
  -3.3794808e-02   1.0699101e-01  -5.7923520e-02  -1.1391087e-04   1.5304112e-03   9.0633809e-06
  -3.0255778e-02   6.0698616e-02  -8.0438152e-02   8.0396317e-04   1.2703721e-03   1.6249635e-04
  -5.9019357e-02   5.3553675e-02  -6.1933954e-02  -3.0997905e-05   1.4163952e-03  -8.4747624e-05
  -5.2336985e-02   1.0740075e-01  -6.4882379e-02  -4.0950681e-04   1.5523574e-03  -1.5783384e-04
  -3.6530983e-02   1.2894954e-01  -6.0160560e-02   6.9984223e-05   1.4971148e-03   2.5354428e-05
  -5.6050090e-02   1.2574985e-01  -3.5659347e-02  -6.8090173e-05   1.5831719e-03  -2.6082476e-04
  -6.7417144e-02   8.6891701e-02  -4.2335482e-02   4.5665098e-04   1.8013328e-03  -3.5465507e-04
  -5.7842238e-02   6.1800799e-02  -8.8599576e-02   7.7710458e-04   1.5725609e-03  -2.0112150e-04
  -7.4632496e-02   1.0459053e-01  -5.2138210e-02  -4.5336718e-04   1.6798854e-03  -2.6330060e-04
  -6.9940427e-02   1.2493289e-01  -1.5453938e-02   1.0424095e-04   1.8373978e-03  -2.2117110e-04
  -6.5231420e-02   1.3149137e-01  -4.4336009e-02   2.7628893e-04   1.9259043e-03  -2.0380228e-04
  -5.8224934e-02   8.4539894e-02  -7.0745119e-04   5.2195888e-04   1.9101392e-03  -3.5928879e-04
  -7.2128576e-02   6.7830059e-02  -3.4921561e-02  -5.6082117e-04   1.8689020e-03  -2.5041079e-04
  -8.1323239e-02   1.3202833e-01  -2.4455899e-02  -6.3626624e-05   1.8600828e-03  -3.3684019e-04
  -4.0813718e-02   1.4644693e-01  -2.8835329e-03  -3.2730970e-04   2.1216650e-03   4.0892867e-04
  -5.1237955e-02   1.5388099e-01  -5.0989481e-03  -8.1480147e-05   2.0613232e-03   2.2038739e-05
  -8.6897169e-02   1.0839244e-01  -2.4450137e-02   6.0535419e-05   2.1740750e-03  -2.3950541e-04
  -8.7510262e-02   1.3144845e-01   3.5207775e-02  -2.8827319e-04   2.2224540e-03  -3.3874535e-04
  -8.2776554e-02   1.6894992e-01   9.2491448e-04  -3.3501888e-04   2.5403429e-03  -2.5688717e-04
  -8.5788422e-02   2.0586052e-01  -2.8714004e-02   3.2176113e-04   2.4637118e-03  -3.4746228e-04
  -8.4441645e-02   1.7968010e-01  -1.4059569e-02   5.3971378e-04   2.4972974e-03  -2.0882453e-04
  -9.8560261e-02   1.0628013e-01  -3.8947569e-02   1.5564684e-03   2.3428023e-03  -5.2403496e-04
  -9.7635037e-02   1.1211743e-01  -5.4427270e-02   3.5355071e-04   2.4664639e-03  -3.5355859e-04
  -9.1494502e-02   1.5479978e-01  -4.2132700e-02   7.6435905e-04   2.3899417e-03  -2.3050856e-04
  -8.8758067e-02   1.8207404e-01  -4.6333906e-02   8.1934327e-04   2.4020365e-03  -3.4084264e-04
  -9.2618987e-02   1.4939826e-01  -5.3839054e-02   1.3771758e-03   2.4459605e-03  -3.8964545e-04
  -9.8827538e-02   1.3153605e-01  -5.7021399e-02   9.2142710e-04   2.3796273e-03  -3.2301284e-04
  -9.5965150e-02   1.5742760e-01  -4.0152438e-02   1.0086907e-03   2.5243545e-03  -2.4133230e-04
  -8.5064152e-02   1.0939094e-01  -6.1413823e-02   1.7273840e-03   2.5391070e-03  -6.3250499e-05
  -8.6648903e-02   1.4715423e-01  -3.9424396e-02   4.6342059e-04   2.6938057e-03  -2.0654789e-04
  -9.0173973e-02   1.9858261e-01  -3.4380369e-02   1.1448722e-03   2.6325596e-03   8.3653004e-05
  -9.0428669e-02   2.0284196e-01   1.7766363e-02   6.6586093e-04   2.8936770e-03  -1.9163353e-04
  -7.6158903e-02   1.9493893e-01  -3.1352356e-02   8.5307315e-04   2.7406662e-03  -1.2954426e-04
  -9.2641307e-02   1.8629160e-01  -5.6492926e-02   1.6693011e-03   2.7054582e-03  -3.3140936e-04
  -7.4741071e-02   1.4382865e-01  -1.6828170e-02   1.0937687e-03   2.6498530e-03  -4.7378646e-05
  -1.1093787e-01   1.4495933e-01  -2.2356646e-02   1.1723433e-03   2.9628547e-03  -4.5621181e-04
  -7.0861176e-02   1.3448506e-01  -2.7711378e-02   1.0802146e-03   2.7913362e-03   2.7710797e-04
  -6.2133647e-02   1.4352943e-01   1.3413055e-02   1.8951995e-05   2.8738111e-03   2.6612252e-04
  -5.3967883e-02   2.1343076e-01  -5.2559002e-02   5.8423769e-04   3.0817750e-03   3.7780528e-04
  -3.4551835e-02   2.1381143e-01  -3.3387565e-02   1.3044238e-03   2.9271150e-03   4.9305547e-04
  -2.0266641e-02   1.4710442e-01  -9.5799352e-02   1.2190532e-03   2.8170509e-03   7.8975311e-04
   1.7187451e-02   2.2464146e-01  -8.4637671e-02   1.4005411e-03   2.5357232e-03   1.3246873e-03
  -1.3762433e-02   1.4344357e-01  -1.6155476e-01   1.9528624e-03   2.5248195e-03   1.1209367e-03
   2.4317702e-02   1.8048394e-01  -5.2666981e-02   3.0554936e-04   2.6253335e-03   1.3296775e-03
  -1.4523012e-02   1.3918188e-01  -8.7487581e-02   1.2367055e-03   2.7908857e-03   7.8052386e-04
   1.6439501e-02   1.4953050e-01  -1.2725707e-01   4.9739513e-04   2.4115052e-03   1.3502710e-03
   1.6467433e-02   2.1269085e-01  -1.1438576e-01   2.9495404e-04   2.8514862e-03   1.4830117e-03
   3.7628223e-02   1.8894033e-01  -1.2123382e-01   6.4608371e-04   2.6678507e-03   1.5294377e-03
   5.2752645e-02   2.5114278e-01  -8.7986954e-02   2.0651761e-04   2.6138012e-03   1.6938956e-03
   3.0538908e-02   1.9025782e-01  -9.4518545e-02   1.3563194e-03   2.8006784e-03   1.4066707e-03
   2.6843691e-02   1.4151081e-01  -3.7817349e-02   5.0151323e-04   2.9266763e-03   1.4006069e-03
   1.8563402e-02   1.7933580e-01  -9.9103359e-02   7.2212450e-04   2.9114925e-03   1.2648877e-03
   1.3115458e-02   2.0916702e-01  -8.4545393e-02   1.1356805e-03   2.8549688e-03   1.4493256e-03
   1.0908718e-02   2.0463174e-01  -2.6975370e-02   1.1772660e-03   2.9363959e-03   1.1414976e-03
   7.4123271e-04   1.8693973e-01  -7.5668943e-02   1.7250891e-03   3.0188664e-03   1.0708731e-03
   1.1959083e-02   1.6299894e-01  -8.1414242e-02   2.3342836e-03   2.8530498e-03   1.1582047e-03
   9.6437429e-03   1.5558399e-01  -7.8253349e-02   1.8983505e-03   2.9776345e-03   1.2032167e-03
  -2.7910243e-03   1.5074053e-01  -9.0119391e-02   1.9303550e-03   2.9095949e-03   1.0963844e-03
  -1.4333101e-02   1.9454012e-01  -7.7643973e-02   1.3842753e-03   3.2106519e-03   1.0009959e-03
  -3.3244665e-03   2.1915231e-01  -6.1124673e-02   2.0871787e-03   3.3791673e-03   1.2150748e-03
  -5.2578345e-03   2.4597405e-01  -2.6909911e-02   1.5001305e-03   3.6327273e-03   1.3219717e-03
  -4.7107591e-03   1.8192462e-01  -2.7007255e-02   1.8998335e-03   3.6908585e-03   1.2115697e-03
  -4.5515069e-04   1.9156102e-01  -5.4759720e-02   6.0623108e-04   3.6349848e-03   1.3333358e-03
   9.1982250e-03   2.1850906e-01  -3.0253901e-02  -1.4041891e-04   3.5571753e-03   1.5634927e-03
   1.4025635e-02   2.7053707e-01  -5.3571457e-02   6.4095838e-04   3.3072556e-03   1.2850779e-03
   4.6410242e-02   2.9766651e-01  -1.2127348e-01   1.4714266e-03   3.0003901e-03   1.7622110e-03
   2.3364713e-02   2.2108263e-01  -1.0816142e-01   2.1211903e-03   3.4391604e-03   1.5898401e-03
   4.5933847e-02   1.7240962e-01  -8.9370781e-02   2.1287142e-03   3.0883419e-03   1.7297665e-03
   1.7648421e-02   2.1737764e-01  -1.1407794e-01   1.9600376e-03   2.9809647e-03   1.4260204e-03
   2.1572902e-03   2.0512789e-01  -8.2512066e-02   1.6995525e-03   3.2162490e-03   1.2444699e-03
   2.0639477e-02   2.1610578e-01  -6.6907827e-02   1.4894197e-03   3.2464149e-03   1.4462688e-03
   2.2799711e-02   2.2064902e-01  -9.7099494e-02   1.7830319e-03   3.0659667e-03   1.4336913e-03
   1.6001195e-03   2.4237979e-01  -7.1786834e-02   1.9397463e-03   3.1631241e-03   1.2403019e-03
   1.4799367e-02   2.8018545e-01  -1.1004063e-01   2.5233145e-03   3.3058973e-03   1.4451420e-03
   1.0195404e-02   2.8174894e-01  -8.0696679e-02   2.1439691e-03   3.7328510e-03   1.4996788e-03
   8.8693875e-03   1.9672229e-01  -4.9493216e-02   2.8474903e-03   3.5009922e-03   1.3208625e-03
   2.7195851e-03   1.8353380e-01  -1.0266648e-01   1.8757440e-03   3.5830591e-03   1.2553696e-03
   4.4861613e-03   2.3949731e-01  -8.9344783e-02   2.0612015e-03   3.4461523e-03   1.2708675e-03
   1.4243476e-02   2.6734405e-01  -7.1657925e-02   1.7885293e-03   3.5266912e-03   1.5180447e-03
   2.7943236e-02   2.5227986e-01  -7.5215856e-02   1.9711347e-03   3.5821804e-03   1.5720156e-03
   1.1143617e-02   2.0278872e-01  -9.2622351e-02   1.8542458e-03   3.6050500e-03   1.4588935e-03
   1.0128189e-03   2.3965127e-01  -6.6755552e-02   1.1421142e-03   3.4898645e-03   1.3399897e-03
   2.6283353e-02   2.3816041e-01  -7.5999807e-02   1.8742333e-03   3.5161800e-03   1.5213995e-03
   8.9806028e-03   2.3580129e-01  -6.6696289e-02   2.3969197e-03   3.7950500e-03   1.3436775e-03
  -5.4707660e-03   2.0598230e-01  -1.0583324e-01   1.7540408e-03   3.6480147e-03   1.3614550e-03
   1.9478247e-02   2.2956744e-01  -6.1636669e-02   1.6030424e-03   3.8011450e-03   1.6739267e-03
   1.5743508e-02   1.8803949e-01  -2.9088584e-02   1.1277742e-03   3.7516810e-03   1.4160086e-03
   2.2795571e-02   2.5941567e-01  -8.0976778e-02   1.1136229e-03   3.5892678e-03   1.5214969e-03
  -9.7543929e-05   2.4027864e-01  -5.4878547e-02   1.1705191e-03   3.4642800e-03   1.3978266e-03
   6.5299122e-02  -5.2828441e-02  -4.6743350e-01   6.0387076e-03   3.7164195e-03   1.5022007e-03
   1.6524438e-01   2.4503287e-01  -1.8515836e-01   3.2469167e-03   3.2978212e-03   2.9241550e-03
   1.6184476e-01   2.2020151e-01  -1.5816372e-01   3.1286307e-03   3.5075640e-03   2.9782898e-03
   1.6781698e-01   1.9703430e-01  -2.0940304e-01   2.6598642e-03   3.0076320e-03   3.2623256e-03
   1.7152943e-01   2.0560230e-01  -1.4478051e-01   2.6053157e-03   3.2918483e-03   3.0316212e-03
   1.6576267e-01   2.3765699e-01  -1.7408203e-01   2.5747812e-03   3.2702600e-03   3.0530038e-03
   1.7431351e-01   2.6242953e-01  -1.7962859e-01   2.5048519e-03   3.3381561e-03   3.2122565e-03
   1.8690189e-01   2.6460072e-01  -1.8166441e-01   2.6605774e-03   3.4322847e-03   3.3126787e-03
   1.8208899e-01   2.1733001e-01  -2.1360340e-01   3.4469546e-03   3.4137499e-03   3.3871296e-03
   1.8938689e-01   2.1187925e-01  -1.6621552e-01   3.1158887e-03   3.2235821e-03   3.2211652e-03
   1.8948424e-01   2.4367029e-01  -1.9723012e-01   2.4102533e-03   3.5074916e-03   3.3608075e-03
   2.0038639e-01   2.9107306e-01  -2.0695738e-01   2.9226987e-03   3.3429188e-03   3.4135853e-03
   1.9140579e-01   2.3550769e-01  -2.0736396e-01   3.1354551e-03   3.4956908e-03   3.3804321e-03
   1.9204364e-01   2.2973227e-01  -1.8107721e-01   3.0964777e-03   3.5396057e-03   3.3679597e-03
   1.9979357e-01   2.4293350e-01  -2.2777756e-01   2.7459191e-03   3.4932908e-03   3.7029020e-03
   2.1253615e-01   2.5041779e-01  -1.9205313e-01   2.3754230e-03   3.3916878e-03   3.6426395e-03
   2.1601463e-01   2.6742671e-01  -1.8187049e-01   1.9215261e-03   3.3190790e-03   3.8322458e-03
   2.0868016e-01   2.6642821e-01  -1.7403933e-01   1.9301557e-03   3.2299616e-03   3.9146581e-03
   2.1390859e-01   2.6437186e-01  -1.5984097e-01   1.5613891e-03   3.3543812e-03   3.7698047e-03
   2.1497522e-01   3.1214277e-01  -1.4731217e-01   1.3766044e-03   3.5266429e-03   3.9369764e-03
   2.0094200e-01   2.4471692e-01  -1.2654969e-01   1.4995605e-03   3.4720068e-03   3.8897162e-03
   2.0780571e-01   2.3815711e-01  -1.7633166e-01   4.0444179e-04   3.0947506e-03   3.7516073e-03
   2.1007605e-01   3.2870984e-01  -1.7532011e-01  -5.4106447e-05   3.4919180e-03   4.2502705e-03
   2.2046600e-01   3.3296500e-01  -1.2483049e-01   6.4074235e-04   3.3314604e-03   4.0761610e-03
   2.0814591e-01   2.3473648e-01  -1.6120930e-01   1.3771423e-03   3.3811208e-03   4.0143572e-03
   2.0839766e-01   2.5255418e-01  -1.5929090e-01   9.0268977e-04   3.1850735e-03   4.0056742e-03
   2.0847954e-01   2.7766293e-01  -1.6074388e-01   2.1603530e-04   3.4407977e-03   4.1267302e-03
   2.2361806e-01   2.9795635e-01  -1.5865260e-01   9.4252227e-04   3.3109748e-03   4.2876417e-03
   2.1960816e-01   3.2954205e-01  -9.7486800e-02   2.5088521e-05   3.4352453e-03   4.1769083e-03
   2.2628927e-01   3.2551873e-01  -1.5201497e-01   7.9607771e-04   3.3785224e-03   4.0839099e-03
   2.2237521e-01   2.6985831e-01  -2.1225530e-01   1.2959964e-03   3.7673054e-03   4.1023254e-03
   2.3100626e-01   2.3913181e-01  -2.3155770e-01   2.2549455e-03   3.5991558e-03   4.2846868e-03
   2.1672620e-01   2.1099572e-01  -1.9552398e-01   1.2012468e-03   3.4211995e-03   4.1607246e-03
   2.1467351e-01   2.9167327e-01  -1.0371873e-01  -1.9366853e-05   3.1097273e-03   3.9023404e-03
   2.2005130e-01   3.0913516e-01  -7.9734043e-02  -5.2156265e-04   3.2410878e-03   4.0545004e-03
   2.3131338e-01   3.3766450e-01  -1.3062323e-01   4.2380344e-04   3.4441621e-03   4.1939653e-03
   2.3162624e-01   3.5677344e-01  -1.6206790e-01   9.6161255e-04   3.4343435e-03   4.2571336e-03
   2.1952466e-01   3.1643513e-01  -1.0261139e-01   4.8998036e-04   3.6575942e-03   4.0426203e-03
   2.1622551e-01   2.7243748e-01  -1.2159118e-01   8.9591093e-04   3.3626879e-03   4.0558882e-03
   2.1858688e-01   2.8070114e-01  -1.3522100e-01   1.3690178e-04   3.2914043e-03   4.0264213e-03
   2.1612004e-01   3.2169202e-01  -1.6232036e-01   1.0969809e-04   3.3660829e-03   4.2603178e-03
   2.2820823e-01   2.5410665e-01  -1.3458800e-01   1.0668052e-03   3.3454698e-03   4.0198562e-03
   2.2094765e-01   2.6918017e-01  -1.4995323e-01   5.0012346e-04   3.2437828e-03   4.1721650e-03
   2.2162858e-01   3.2360444e-01  -1.4604869e-01   5.9748555e-05   3.4044288e-03   4.1055857e-03
   2.2590479e-01   3.4504269e-01  -8.7151340e-02  -6.1828894e-05   3.3585531e-03   4.0925210e-03
   2.2820877e-01   3.1996431e-01  -1.5472385e-01   8.7751559e-04   3.2923403e-03   4.1354300e-03
   2.2734592e-01   2.6175306e-01  -1.1181470e-01   3.8962763e-04   3.3698806e-03   4.1883904e-03
   2.3224662e-01   2.5679207e-01  -1.2699438e-01  -3.5979903e-04   3.3396520e-03   4.2331819e-03
   2.3031082e-01   3.3367037e-01  -1.1088641e-01  -6.5037564e-04   3.4217290e-03   4.1048727e-03
   2.4259605e-01   3.6890361e-01  -1.6720572e-01   4.4771768e-04   3.6837335e-03   4.3367015e-03
   2.4985438e-01   3.5373588e-01  -9.3797990e-02   3.2892987e-04   3.1210608e-03   4.2837386e-03
   2.3608676e-01   3.1597668e-01  -1.6996638e-01   6.6824549e-04   3.5564688e-03   4.3300660e-03
   2.6228884e-01   3.0035874e-01  -1.4381126e-01   1.5637980e-03   2.9816948e-03   4.3996823e-03
   2.2740057e-01   3.2358485e-01  -2.2440053e-01   4.5778396e-04   3.1405434e-03   3.8137020e-03
   2.8271395e-01   5.7541744e-01   1.4405969e-01   4.1655770e-03   3.1271213e-03   4.8230483e-03
   2.8816126e-01   5.6318571e-01   2.6890410e-01   7.7768072e-03   3.4928244e-03   5.0728291e-03
   2.9458670e-01   3.4266953e-01  -2.3993321e-01   6.5756255e-03   3.4774044e-03   5.5344379e-03
   3.2480392e-01   4.3591348e-01  -1.4703245e-01   5.1870815e-03   3.1029137e-03   5.7536860e-03
   3.0934323e-01   3.4856786e-01  -1.4498944e-01   5.9040848e-03   3.4763189e-03   5.5740390e-03
   3.1280548e-01   3.4012852e-01  -1.8062849e-01   5.0237412e-03   2.9440317e-03   5.5417866e-03
