   0.0000000e+00   0.0000000e+00  -7.1054274e-15   0.0000000e+00   0.0000000e+00   0.0000000e+00
  -1.6351990e-02  -1.6710699e-02  -2.8426600e-03   1.2295027e-03   2.2958861e-04  -4.3571782e-04
   4.2605369e-02   3.6617501e-02  -2.2970934e-01   3.5542889e-03  -2.1534269e-04   9.8375201e-04
   3.3437504e-02   4.4672697e-02  -5.7347212e-01   3.8531737e-03   3.0995167e-04   5.5677901e-04
   7.4479497e-03   9.5825206e-02  -4.3558966e-01   3.9294633e-03   7.5137397e-04   8.5314809e-05
   1.4374668e-02   5.9839972e-02  -2.6393003e-01   3.2840810e-03   2.8995272e-04   1.4564180e-04
   1.6795039e-02   6.9911985e-02  -2.4683530e-01   3.6004115e-03   6.1605135e-04   2.5032947e-04
   3.5834944e-02   9.4730871e-02  -4.2197441e-01   4.0056349e-03   7.3858552e-04   9.6357858e-04
   7.2120233e-03  -4.7088944e-02  -6.3435769e-02   4.9186793e-03   1.2503354e-03   1.7781300e-04
   1.9537110e-02   9.1975527e-02  -1.4735636e+00   9.0106603e-03   9.4610920e-04   1.2157657e-03
  -8.0646111e-03   2.3265527e-01  -1.2531196e+00   7.4148411e-03   2.2674812e-04   3.1006400e-04
   3.5643591e-03   6.9264154e-02  -6.6365689e-01   5.9306293e-03   6.0159341e-04   2.3886102e-04
  -7.8205134e-03   1.1208479e-01  -2.2597981e-01   3.3634770e-03  -6.9762424e-04   1.6795734e-05
   2.7011097e-02   2.8160985e-02  -1.9326359e-01   3.7691967e-03   4.0340683e-04   3.5326711e-05
  -9.4853252e-02   1.4327619e-01  -1.9646091e-02   3.8553267e-04   2.0535441e-04  -2.5872117e-03
  -3.2840013e-01  -2.9842602e-01   1.3465687e+00  -4.7459637e-02  -4.9546728e-03  -9.7147829e-03
  -1.5553830e-01  -3.3315927e-01   1.0278670e+00  -4.1004711e-02  -2.7530062e-03  -7.5351303e-03
  -2.1303932e-01  -1.6234722e-01   7.8048799e-01  -3.6734502e-02  -2.5754146e-03  -7.7296027e-03
  -1.7040308e-01  -2.1771925e-01   8.2082753e-01  -3.7305649e-02  -2.4074406e-03  -6.9508068e-03
  -1.8189782e-01  -1.7284225e-01   7.5126787e-01  -3.6210551e-02  -2.5114250e-03  -7.3987032e-03
  -1.6370559e-01  -1.8683984e-01   7.6665132e-01  -3.6578354e-02  -2.7445569e-03  -6.8857830e-03
  -1.6601532e-01  -1.7247816e-01   7.1191592e-01  -3.3194865e-02  -2.3496401e-03  -6.3912691e-03
  -1.4202891e-01  -1.3771107e-01   6.5366670e-01  -3.1260483e-02  -3.1017260e-03  -5.6926024e-03
  -1.5948337e-01  -1.4066956e-01   6.8594159e-01  -3.0931745e-02  -3.2019869e-03  -5.6243134e-03
  -1.7432149e-01  -1.5205233e-01   6.9086859e-01  -2.9601200e-02  -3.2007077e-03  -5.3889275e-03
  -1.6291721e-01  -1.7464758e-01   7.3825116e-01  -3.0123166e-02  -2.5346551e-03  -5.3919675e-03
  -1.3460815e-01  -1.0967283e-01   3.6271590e-01  -2.9001484e-02  -3.1929761e-03  -5.0658616e-03
  -1.3569147e-01  -6.6361227e-02   2.9214170e-01  -2.7306115e-02  -3.3989193e-03  -4.7841199e-03
  -1.1829448e-01  -1.1371640e-01   5.9667720e-01  -2.7137515e-02  -3.0432616e-03  -4.4870798e-03
  -1.2252450e-01  -1.2253898e-01   7.2614185e-01  -2.8829976e-02  -3.4632035e-03  -4.5090972e-03
  -1.2651184e-01  -1.0861916e-01   5.6590774e-01  -2.6043209e-02  -3.4726261e-03  -4.1516277e-03
  -1.5526683e-01  -7.0121198e-02   2.6432154e-01  -2.4024116e-02  -3.4174772e-03  -4.0438415e-03
  -2.0277807e-01  -1.0644635e-01   8.7162050e-01  -2.6020283e-02  -3.9717768e-03  -5.0815787e-03
  -3.0565934e-01  -1.0380308e-01   9.2997591e-01  -2.7387566e-02  -4.4783636e-03  -6.7712759e-03
  -2.7527279e-01  -8.4832842e-02   9.4808035e-01  -2.6910997e-02  -4.0737553e-03  -6.1627197e-03
  -2.9531903e-01  -7.4322667e-02   8.4207070e-01  -2.5361142e-02  -4.2744684e-03  -6.3888719e-03
  -2.8876761e-01  -8.1254683e-02   9.2595186e-01  -2.6785949e-02  -4.3190140e-03  -6.2183639e-03
  -3.2115009e-01  -3.3351744e-03   8.2701651e-01  -2.8085258e-02  -4.4414872e-03  -7.0860649e-03
  -2.8876887e-01   7.1180515e-03   8.3295584e-01  -2.7104563e-02  -4.9862114e-03  -6.3269418e-03
  -2.7803128e-01  -2.9564183e-02   8.3262192e-01  -2.5665474e-02  -5.0227183e-03  -6.2177449e-03
  -2.4646020e-01  -2.1744774e-02   8.4342837e-01  -2.4859434e-02  -5.1357163e-03  -5.6655801e-03
  -2.7635293e-01  -3.6312964e-02   8.2855463e-01  -2.5509717e-02  -5.2749247e-03  -6.2468997e-03
  -2.6993251e-01  -5.4624516e-02   8.5630643e-01  -2.5376433e-02  -5.4331318e-03  -6.1424211e-03
  -2.6802431e-01  -6.8131796e-02   8.4829486e-01  -2.5127134e-02  -5.3479567e-03  -6.2108781e-03
  -2.8409120e-01  -7.9168794e-02   8.9730534e-01  -2.5325357e-02  -5.6586142e-03  -6.4033610e-03
  -2.9161931e-01  -7.8488297e-02   9.4411961e-01  -2.5682863e-02  -5.6744716e-03  -6.4432294e-03
  -2.6933400e-01  -7.4711437e-02   9.3048296e-01  -2.3676073e-02  -5.8730932e-03  -5.9926755e-03
  -2.7523824e-01  -7.5450748e-02   9.4777150e-01  -2.2931249e-02  -5.7698140e-03  -5.9342633e-03
  -2.6358784e-01  -3.9286411e-02   8.9409548e-01  -2.2200131e-02  -5.6240880e-03  -5.5937836e-03
  -2.7283981e-01  -3.9875956e-02   8.8095116e-01  -2.2400456e-02  -5.7072031e-03  -5.6414603e-03
  -2.7425191e-01  -6.4947918e-02   9.3730743e-01  -2.2552964e-02  -5.5048624e-03  -5.7843316e-03
  -2.6864498e-01  -8.4177217e-02   9.2124728e-01  -2.2467375e-02  -5.8235977e-03  -5.6436373e-03
  -2.5720946e-01  -1.0014269e-01   9.6961138e-01  -2.2798193e-02  -5.3086948e-03  -5.4577884e-03
  -2.4986012e-01  -4.5875978e-02   9.4220647e-01  -2.2057570e-02  -5.6505111e-03  -5.8793883e-03
  -2.1506304e-01  -5.8545046e-02   9.2396532e-01  -2.1207337e-02  -5.5773405e-03  -5.6018408e-03
  -1.7776379e-01  -4.1870304e-02   8.9087557e-01  -2.0202515e-02  -5.4253671e-03  -4.4775310e-03
  -1.9373280e-01  -5.1942184e-02   9.2778097e-01  -2.0752962e-02  -5.3541160e-03  -4.7386008e-03
  -1.9475859e-01  -6.1769889e-02   9.1625223e-01  -2.0494040e-02  -5.2381940e-03  -4.7170229e-03
  -1.9581255e-01  -8.0351624e-02   9.7511451e-01  -2.0681712e-02  -4.8568956e-03  -4.7488105e-03
  -1.8625978e-01  -6.4089113e-02   9.6031646e-01  -2.0526213e-02  -4.8502514e-03  -4.3126663e-03
  -1.9446715e-01  -7.6408220e-02   1.0279456e+00  -2.1272422e-02  -4.7970385e-03  -5.4927764e-03
  -1.9382988e-01  -3.4575953e-02   9.6843754e-01  -2.0231101e-02  -5.0460202e-03  -4.6508880e-03
  -1.8276482e-01  -3.4745468e-02   9.7673115e-01  -2.0092198e-02  -5.1861871e-03  -4.6997765e-03
  -2.5227279e-01  -5.2587853e-02   8.8906836e-01  -1.8528614e-02  -5.6459965e-03  -5.7355687e-03
  -2.1635179e-01  -5.4117381e-02   9.4638849e-01  -1.8917588e-02  -5.2275824e-03  -5.2721188e-03
  -2.2128430e-01  -1.2057360e-02   9.1992656e-01  -1.8086492e-02  -5.9031960e-03  -5.2264981e-03
  -2.1865781e-01  -5.0586966e-02   1.0164306e+00  -1.9178564e-02  -5.5031186e-03  -5.0919686e-03
  -2.1853974e-01   1.4425749e-02   8.9451754e-01  -1.8108125e-02  -5.4050884e-03  -5.0807956e-03
  -2.4329239e-01  -4.0906768e-02   9.8430497e-01  -1.9176656e-02  -5.4869378e-03  -5.4198135e-03
  -2.2944166e-01   2.2977749e-02   7.5764277e-01  -1.8089825e-02  -5.4596812e-03  -5.2786946e-03
  -2.0988831e-01   3.1816364e-02   3.0754329e-01  -1.6573541e-02  -4.9412476e-03  -4.2857045e-03
  -1.9871780e-01   5.8100890e-02   5.1267057e-01  -1.6691589e-02  -4.8105582e-03  -4.7742770e-03
  -1.8571225e-01   1.2160632e-02   7.6391797e-01  -1.6701499e-02  -4.4181814e-03  -4.9623514e-03
  -1.4676620e-01  -3.8061803e-02   9.2955247e-01  -1.8474227e-02  -4.5827991e-03  -4.4929928e-03
  -1.6414240e-01  -3.7734441e-02   9.7829835e-01  -1.7000521e-02  -3.9593887e-03  -4.2657258e-03
  -1.7800113e-01  -6.1150420e-02   1.0384148e+00  -1.7298038e-02  -4.0265332e-03  -4.4882845e-03
  -1.6360669e-01  -6.9263540e-02   1.1090610e+00  -1.7629184e-02  -4.0587020e-03  -3.9940307e-03
  -1.7309989e-01  -6.0827287e-02   1.1141313e+00  -1.7206613e-02  -3.6490358e-03  -4.2478247e-03
  -1.5369734e-01  -5.0334854e-02   1.1478514e+00  -1.6291720e-02  -3.3838005e-03  -3.8136114e-03
  -1.6633625e-01  -3.8100103e-02   1.2016679e+00  -1.6337585e-02  -3.7002195e-03  -4.0823778e-03
  -1.5185651e-01  -7.2113017e-02   1.1738882e+00  -1.5725268e-02  -3.2415908e-03  -3.4633821e-03
  -1.2574911e-01  -7.2876987e-02   1.0207369e+00  -1.3052265e-02  -3.4331191e-03  -2.6895872e-03
  -1.3335062e-01  -5.2749677e-02   1.0017672e+00  -1.3918000e-02  -3.1048688e-03  -2.5344066e-03
  -1.0845899e-01  -3.2213821e-02   8.8600945e-01  -1.3234812e-02  -3.2336548e-03  -2.4574985e-03
  -1.0564644e-01  -1.5721080e-02   9.5752735e-01  -1.3602296e-02  -2.7389880e-03  -2.2696268e-03
  -9.3354866e-02  -1.0525511e-02   8.9362483e-01  -1.2571928e-02  -2.9390340e-03  -1.7263543e-03
  -7.3369982e-02   9.0345980e-03   9.1441045e-01  -1.2468079e-02  -3.1018761e-03  -1.3970356e-03
  -8.8097421e-02  -1.0702314e-02   8.9283205e-01  -1.2068596e-02  -2.7079618e-03  -1.1275081e-03
  -1.0298470e-01  -2.8629773e-02   9.8822713e-01  -1.3389382e-02  -2.6659472e-03  -1.5486507e-03
  -9.5478290e-02   3.9277165e-02   8.2754399e-01  -1.0985492e-02  -2.3522949e-03  -1.4675647e-03
  -1.0038168e-01  -3.9631485e-02   1.0872526e+00  -1.3575853e-02  -2.1409020e-03  -1.3600522e-03
  -7.2319995e-02   1.1397347e-01  -4.0321388e-01  -4.2951495e-03  -2.6374292e-03  -1.4794645e-03
  -1.1523732e-01   1.2493121e-01  -1.5331343e+00   3.8767320e-03  -1.7933577e-03  -3.4776168e-03
  -1.5721826e-01   1.8588863e-01  -4.4978604e-01  -9.1818893e-04  -3.5384633e-03  -3.6863637e-03
  -1.7264019e-01   1.5329633e-01  -3.6192559e-01   5.2608476e-04  -2.8750486e-03  -3.7571387e-03
  -2.2146411e-01   1.5870160e-01  -3.9263596e-01  -1.5077326e-03  -2.8281279e-03  -4.9785262e-03
  -2.2540452e-01   1.6424435e-01  -1.6854801e-01  -1.8202492e-03  -3.2171071e-03  -5.2909421e-03
  -2.1485072e-01   1.4115852e-01   4.4520085e-02  -3.0948432e-03  -3.7410388e-03  -5.1234639e-03
  -2.3453245e-01   1.2114511e-01   2.0280712e-01  -2.5654721e-03  -3.3433949e-03  -5.4060117e-03
  -2.2299690e-01   1.2679435e-01   3.5344771e-01  -3.0077089e-03  -2.4318692e-03  -5.2908355e-03
  -2.1607632e-01   1.5963760e-01   1.8717950e-01  -2.2240099e-03  -2.8285397e-03  -5.0908033e-03
  -2.3608989e-01   9.8040489e-02   3.7919460e-01  -3.8623462e-03  -2.1470707e-03  -5.7971350e-03
  -2.2428206e-01   1.5121683e-01   1.7414236e-01  -1.4548503e-03  -2.5958841e-03  -5.8900236e-03
  -2.5220888e-01   8.8949510e-02   3.4027281e-01  -2.5725359e-03  -2.5696732e-03  -6.3628178e-03
  -2.4622985e-01   1.1006843e-01   2.8443077e-01  -3.2412995e-03  -3.4322638e-03  -6.0651729e-03
  -2.4497339e-01   7.9529090e-02   5.2760684e-01  -4.8263835e-03  -2.9809686e-03  -6.1434533e-03
  -2.3540259e-01   1.4286249e-01   3.2897893e-01  -4.2648287e-03  -3.7217749e-03  -5.8984611e-03
  -2.3445146e-01   1.3993250e-01   3.7697308e-01  -3.5572483e-03  -3.2124631e-03  -5.8088353e-03
  -2.3128134e-01   1.4531338e-01   3.8575726e-01  -4.0189915e-03  -3.2707177e-03  -5.8234442e-03
  -2.3006610e-01   1.1572180e-01   4.4022229e-01  -4.2640481e-03  -3.4105481e-03  -5.9107462e-03
  -2.2559751e-01   8.1088812e-02   4.9790651e-01  -4.2612935e-03  -3.0499567e-03  -5.9818247e-03
  -2.2850033e-01   1.0680863e-01   4.3725485e-01  -4.2474822e-03  -3.2506043e-03  -5.8261500e-03
  -2.2726861e-01   1.1521213e-01   4.5901271e-01  -4.3406666e-03  -2.9129137e-03  -6.2035385e-03
  -2.3495616e-01   1.3863090e-01   3.9112281e-01  -3.5706157e-03  -2.7692489e-03  -6.2523165e-03
  -2.2332303e-01   1.3676858e-01   4.5115357e-01  -4.2526663e-03  -3.0291423e-03  -6.0153991e-03
  -2.2531283e-01   1.3064126e-01   4.7562311e-01  -4.1374855e-03  -2.8706453e-03  -5.9300794e-03
  -2.1920209e-01   1.2407113e-01   5.9324337e-01  -4.7471150e-03  -2.8271920e-03  -5.9933545e-03
  -2.1900027e-01   1.5818600e-01   4.6852001e-01  -3.6687196e-03  -2.5860632e-03  -6.2298351e-03
  -2.0744864e-01   1.4269799e-01   3.7497606e-01  -3.6970865e-03  -3.1226821e-03  -5.9951735e-03
  -2.0704101e-01   1.3289474e-01   4.2813904e-01  -4.6024349e-03  -2.8460426e-03  -5.6621523e-03
  -2.0775017e-01   1.2299253e-01   5.4217652e-01  -5.5051565e-03  -3.0209297e-03  -5.5115984e-03
  -2.1014012e-01   1.3782561e-01   5.5537104e-01  -5.1823046e-03  -2.8944713e-03  -5.4392058e-03
  -2.0659900e-01   1.9853676e-01   2.7034414e-01  -3.1878353e-03  -2.9058755e-03  -5.6242169e-03
  -1.9647106e-01   1.5646873e-01   4.1363540e-01  -3.9373229e-03  -2.6482589e-03  -5.5699242e-03
  -2.0652691e-01   1.8388301e-01   3.2457748e-01  -3.4539944e-03  -2.8627746e-03  -5.5776412e-03
  -2.2318252e-01   1.7791165e-01   3.8461964e-01  -3.6506442e-03  -2.6676388e-03  -5.8772118e-03
  -2.3303521e-01   1.9466491e-01   3.6495234e-01  -5.1999950e-03  -3.3591396e-03  -6.0625836e-03
  -2.1591733e-01   1.3711817e-01   5.3344011e-01  -4.8225191e-03  -2.7859338e-03  -5.4672676e-03
  -1.9832020e-01   1.3191026e-01   3.5729772e-01  -4.8320247e-03  -2.9921850e-03  -5.3992849e-03
  -2.1007578e-01   8.7543833e-02   8.2341123e-01  -6.9427082e-03  -2.1349964e-03  -5.8609678e-03
  -2.2522901e-01   1.6738915e-01   4.9845894e-01  -5.1476656e-03  -2.3487069e-03  -5.7269711e-03
  -1.8909693e-01   1.8116719e-01   4.8137911e-01  -4.2301531e-03  -2.3370620e-03  -5.2243331e-03
  -1.9235800e-01   1.9864860e-01   4.2352402e-01  -4.0453015e-03  -2.6580426e-03  -5.2422997e-03
  -1.9812050e-01   1.5276191e-01   6.4485622e-01  -4.2738905e-03  -2.0458132e-03  -5.4588023e-03
  -2.0636480e-01   1.3216832e-01   3.9949752e-01  -2.8649828e-03  -2.2031640e-03  -5.5479192e-03
  -2.0794382e-01   2.1987059e-01   4.5043113e-01  -3.2409191e-03  -2.5677254e-03  -5.6575492e-03
  -1.8598261e-01   1.7508058e-01   2.4013181e-01  -1.9076031e-03  -2.2681255e-03  -5.0630158e-03
  -1.7163187e-01   1.7023089e-01   3.9242132e-01  -2.9249273e-03  -2.2605778e-03  -4.5761999e-03
  -1.6234154e-01   1.1547434e-01   5.7346667e-01  -3.6230122e-03  -1.8801463e-03  -4.3374293e-03
  -1.4619680e-01   1.8831351e-01   4.6126043e-01  -3.6961337e-03  -1.8525475e-03  -4.0381725e-03
  -1.3014857e-01   1.6424251e-01   3.6241430e-01  -3.1787797e-03  -1.7122097e-03  -3.7217608e-03
  -1.2093180e-01   2.3154105e-01  -7.5174754e-02  -2.8778010e-03  -1.5478477e-03  -3.6487885e-03
  -1.0470288e-01   2.2034149e-01   2.4138461e-01  -2.7512078e-03  -1.2457349e-03  -3.1033706e-03
  -9.5802922e-02   1.5197571e-01   5.1538975e-01  -3.6716997e-03  -1.1679542e-03  -2.9539022e-03
  -9.5376173e-02   1.8804547e-01   3.8249943e-01  -3.5180831e-03  -1.4634326e-03  -2.9960145e-03
  -9.0906780e-02   1.4899494e-01   5.6534601e-01  -5.3169631e-03  -1.0418124e-03  -2.8047031e-03
  -9.1889173e-02   2.0503239e-01   4.1207273e-01  -3.1981658e-03  -1.0741989e-03  -2.7796577e-03
  -8.2278145e-02   1.6394135e-01   6.9409616e-01  -5.2675678e-03  -1.0165734e-03  -2.5694392e-03
  -7.3082476e-02   2.2275288e-01   4.2760988e-01  -2.2150292e-03  -1.3035789e-03  -2.3604459e-03
  -8.3509398e-02   1.8736228e-01   5.1498197e-01  -3.4832847e-03  -7.8543791e-04  -2.5063908e-03
  -7.7846575e-02   1.9465931e-01   6.1271037e-01  -4.8303263e-03  -8.4164915e-04  -2.4294362e-03
  -9.2732255e-02   9.8116985e-02   8.0028042e-01  -4.9508335e-03  -2.8458502e-04  -2.4349277e-03
  -9.3659820e-02   1.4049001e-01   7.7797402e-01  -5.3903237e-03  -1.2494737e-04  -2.6910412e-03
  -8.4062695e-02   1.2448129e-01   8.2163342e-01  -5.1726162e-03  -2.6828077e-04  -2.4509682e-03
  -8.6121936e-02   2.1288230e-01   6.8466254e-01  -4.2531294e-03  -2.5985773e-04  -2.4824022e-03
  -7.5546823e-02   1.8389467e-01   3.6652111e-01  -3.3450026e-03  -4.5950589e-04  -2.3595290e-03
  -9.3241409e-02   2.2304495e-01   3.3806727e-01  -3.7110061e-03   1.5456176e-04  -2.4730777e-03
  -6.0431142e-02   1.6817357e-01   5.4569390e-01  -3.8891091e-03  -1.0501182e-04  -2.1831750e-03
  -4.0977197e-02   2.0728104e-01   5.0356675e-01  -4.5185964e-03  -5.9852892e-04  -2.0998826e-03
  -6.0062089e-02   1.4578066e-01   7.9955316e-01  -4.6261380e-03  -3.1363498e-04  -2.3112756e-03
  -7.0220236e-02   1.6123647e-01   8.4924238e-01  -5.3098735e-03  -5.2399988e-04  -2.2460035e-03
  -6.7227532e-02   1.5775217e-01   9.2084177e-01  -5.0310027e-03  -3.9246848e-04  -1.9824277e-03
  -7.5273076e-02   1.3117530e-01   9.6511474e-01  -5.4042414e-03  -1.5530537e-04  -2.1225082e-03
  -5.6206936e-02   1.1613260e-01   9.9727244e-01  -5.3232380e-03  -3.1087789e-05  -1.7668122e-03
  -6.5981688e-02   2.0704285e-01   7.3576977e-01  -4.5725756e-03  -5.6481852e-04  -2.0000791e-03
  -5.3793039e-02   1.7956901e-01   8.0680832e-01  -4.8117415e-03  -7.0794524e-04  -1.7284196e-03
  -8.6140206e-02   1.0316571e-01   1.1128100e+00  -5.7152280e-03   3.7065359e-04  -2.5884873e-03
  -7.0739434e-02   1.4864045e-01   9.9678379e-01  -5.1486295e-03  -2.0541431e-05  -2.3250542e-03
  -7.5994833e-02   1.4213797e-01   1.1184084e+00  -6.3287765e-03   2.1588367e-04  -2.2884882e-03
  -7.3053728e-02   1.6200901e-01   1.0346312e+00  -5.0934857e-03  -1.0325721e-05  -1.9532657e-03
  -6.8954144e-02   1.3758430e-01   1.1194877e+00  -5.3688828e-03   1.8419162e-04  -1.8410393e-03
  -7.2607058e-02   1.5247430e-01   9.9738323e-01  -4.8124617e-03  -1.2902048e-04  -2.0167360e-03
  -6.6731248e-02   1.0712522e-01   9.2716929e-01  -4.8685730e-03   1.0593177e-04  -1.7914174e-03
  -7.0525214e-02   1.1481029e-01   1.1659794e+00  -6.5709575e-03   3.9485063e-04  -2.0582413e-03
  -6.2097607e-02   1.0993294e-01   1.1477565e+00  -6.1597142e-03   1.6297617e-04  -1.9730506e-03
  -9.7332237e-02   1.1732507e-01   1.1456383e+00  -5.9292814e-03   1.9482897e-04  -2.3062996e-03
  -7.2883214e-02   1.4075468e-01   1.1732829e+00  -6.1073747e-03   2.3247312e-04  -1.9958920e-03
  -8.0382030e-02   1.3140337e-01   1.1345822e+00  -5.6815047e-03   4.8280294e-04  -1.7961264e-03
  -6.0644175e-02   1.1851217e-01   1.0351271e+00  -4.6030507e-03   1.8327387e-05  -1.7574061e-03
