   0.0000000e+00   0.0000000e+00   0.0000000e+00   0.0000000e+00   0.0000000e+00   0.0000000e+00
  -1.1687867e-02   7.2325809e-03  -9.7077005e-03   2.9175649e-06  -1.3321326e-04  -3.5134557e-04
  -5.0666293e-03   1.6415805e-02  -1.2660125e-02  -3.6574806e-04  -1.9638968e-04  -3.5401121e-04
   7.7320042e-03   1.1261702e-02  -4.0443980e-02   2.1001700e-05  -5.2399833e-04  -8.8478469e-05
  -6.8035804e-03   2.1856992e-02  -7.5427684e-02   8.1233807e-04  -5.3359886e-04  -2.5669072e-04
  -1.4059174e-02   7.5959113e-03  -6.1755080e-02   6.7273500e-05  -5.3458009e-04  -4.9817227e-04
  -2.2026274e-02  -1.0764003e-02  -4.6653538e-02   3.2888301e-04  -8.1017642e-04  -2.8532270e-04
  -2.5361092e-02   2.0576805e-02  -6.8748234e-02   6.7820451e-04  -5.6236232e-04  -7.8733041e-04
  -2.9038201e-03   4.6075259e-02  -7.7019358e-02   6.3972840e-04  -8.2751074e-04  -3.1026087e-04
   3.7647994e-03   4.2125636e-02  -1.0360902e-01   9.3366045e-04  -8.9779417e-04  -3.9072168e-04
  -7.0561484e-03   5.4758276e-02  -9.2315026e-02   8.4357459e-04  -1.1227704e-03  -7.5208413e-04
   5.2060899e-03   5.9822140e-02  -1.0119359e-01   5.7030582e-04  -1.1186401e-03  -7.4358649e-04
   1.0930656e-02   6.9060669e-02  -1.3850619e-01   2.0961975e-03  -1.4251854e-03  -6.9659697e-04
   2.6600606e-03   8.5587647e-02  -7.2150372e-02   1.8850517e-04  -1.5829020e-03  -1.1991615e-03
   4.8617539e-04   1.0741183e-01  -9.9158344e-02   5.7382268e-04  -1.5436482e-03  -1.3464328e-03
   1.4548219e-02   9.7248613e-02  -1.2637207e-01   1.0125597e-03  -1.9040659e-03  -1.0579268e-03
   1.3112704e-02   1.0258900e-01  -6.8740316e-02   2.3365014e-04  -1.8426280e-03  -1.2743549e-03
   2.2468371e-02   8.0259665e-02  -1.1509000e-01   8.7653379e-04  -2.1113406e-03  -9.0118302e-04
   2.8398670e-02   5.4168214e-02  -6.4599603e-02  -4.3169894e-07  -1.8931433e-03  -1.0839845e-03
   2.1202660e-02   8.8003118e-02  -1.0646752e-01   7.2445674e-04  -1.8271317e-03  -1.1033927e-03
   2.6665024e-02   1.1433881e-01  -6.7577487e-02  -4.5713056e-05  -1.7442323e-03  -9.3730327e-04
   1.1552819e-02   1.0133290e-01  -1.2016785e-01   9.3537790e-04  -1.7517793e-03  -1.2102181e-03
   2.9789084e-02   1.2184592e-01  -4.3929362e-02  -1.4395251e-04  -1.9462049e-03  -1.0600720e-03
   1.3534867e-02   1.2789384e-01  -1.4758807e-01   8.3149207e-04  -1.9992758e-03  -1.2021895e-03
   5.5163524e-03   1.2499674e-01   7.0097003e-02  -7.7489984e-04  -1.9858272e-03  -1.4905820e-03
  -2.2978685e-02   1.9070852e-01   2.8673661e-01  -9.9265800e-04  -1.7161690e-03  -2.4379532e-03
   9.0729651e-03   1.1286572e-01  -1.2867704e-01   2.2431250e-03  -2.7073913e-03  -1.4328080e-03
   7.7113310e-03   1.3277980e-01  -8.9826760e-02   2.8116686e-04  -2.3255147e-03  -1.2431381e-03
  -3.7527794e-03   1.2090188e-01  -1.0532173e-01   1.6008651e-03  -1.9638952e-03  -8.4427262e-04
  -2.0626626e-02   1.2296541e-01  -5.0245668e-02   6.5116626e-04  -1.7107751e-03  -1.0510699e-03
  -2.2767682e-02   8.6497065e-02  -8.3429466e-02   5.6410533e-04  -1.5995779e-03  -8.4796902e-04
  -2.7703784e-02   1.2102472e-01  -3.9584484e-02  -5.9180952e-04  -1.4519919e-03  -8.4346008e-04
  -1.6890885e-02   1.5835744e-01  -5.5623152e-02   2.1411611e-04  -1.7819940e-03  -6.4630705e-04
  -1.5113213e-02   1.5833142e-01  -1.0942506e-01   7.6836457e-04  -1.8189017e-03  -8.2511105e-04
  -9.6571042e-03   1.4983845e-01  -5.4791918e-02   1.9922754e-04  -1.8319736e-03  -8.4826415e-04
  -3.5612014e-02   1.7643297e-01   2.9226095e-02  -1.6853213e-04  -1.6916959e-03  -8.6710731e-04
  -8.3222837e-04   1.7361206e-01   1.3464858e-02  -2.7538623e-04  -2.0465280e-03  -3.5995200e-04
   5.2261673e-03   1.8214000e-01  -3.6050656e-02  -7.4797278e-04  -2.2765893e-03  -7.1934514e-04
  -4.0159636e-04   1.9716639e-01  -4.0407712e-02  -2.4944462e-04  -2.2701833e-03  -9.4600744e-04
   1.1619127e-02   2.0690152e-01  -4.1201756e-02  -3.1741941e-04  -2.3035187e-03  -9.5529783e-04
   2.2468762e-02   1.8961227e-01  -4.3676531e-02   3.9964065e-04  -2.4232420e-03  -6.5293448e-04
   2.9016792e-02   2.0542678e-01  -5.0827826e-02   1.8985500e-04  -2.5306802e-03  -5.1104355e-04
   2.9541592e-02   2.3542247e-01  -9.1550713e-02   7.3522090e-04  -2.1599411e-03  -8.9053589e-04
   1.3905659e-02   2.3669609e-01  -4.1152777e-02   4.6822439e-04  -2.6143533e-03  -6.1780022e-04
  -2.0714399e-02   2.1093569e-01  -2.3562431e-02   4.6607861e-05  -2.3126327e-03  -7.6478737e-04
  -1.3099940e-02   2.2451680e-01  -6.6297719e-02   2.0956178e-04  -2.2522065e-03  -7.4366523e-04
  -3.8558753e-03   2.5278126e-01  -8.3941128e-02   8.9078024e-05  -2.2228473e-03  -5.7306586e-04
  -2.7547898e-03   2.3011500e-01  -4.4342655e-02  -1.0345522e-04  -2.0341403e-03  -4.9559844e-04
  -1.5970178e-02   2.1287593e-01  -3.7573569e-02  -1.5960761e-04  -2.3002683e-03  -3.9779642e-04
  -1.5942269e-02   2.3964785e-01  -5.2931973e-02  -9.3962110e-05  -1.8010058e-03  -8.1392261e-04
  -5.1828684e-03   2.2876400e-01  -1.9933165e-02  -4.0370468e-04  -1.9270510e-03  -4.7303263e-04
  -4.3493561e-03   2.3077155e-01  -3.4342516e-02  -6.2806129e-04  -2.1522287e-03  -5.9809675e-04
  -5.8012681e-03   2.2225490e-01  -3.3853754e-02   4.9837169e-04  -2.0998201e-03  -7.1836208e-04
  -1.5361681e-03   2.8620870e-01  -7.0900685e-02   4.1237347e-04  -2.1498700e-03  -7.5471436e-04
  -1.0741472e-02   2.7564136e-01   1.6156373e-01  -9.8144369e-04  -2.4132110e-03  -1.2518488e-03
   7.1192076e-03   2.3686081e-01  -5.9309554e-02   4.2284768e-04  -2.4299088e-03  -6.0728058e-04
  -1.1002977e-02   2.8534007e-01  -7.9433665e-02   1.3175387e-03  -2.1134495e-03  -8.5133688e-04
  -8.7262385e-04   2.5477722e-01  -1.0741841e-01   1.9061514e-03  -2.4048331e-03  -6.8422034e-04
  -1.1985239e-02   2.4304826e-01  -1.8214154e-02   6.0711649e-04  -2.0580088e-03  -6.6381979e-04
   1.2254106e-02   2.8259027e-01  -7.7517255e-02   6.4621094e-04  -2.4204224e-03  -2.1021362e-04
  -4.0094367e-02   2.4609819e-01   1.5412103e-01  -4.3929738e-04  -1.6321699e-03  -1.2625238e-03
  -3.8029744e-02   2.5557230e-01   1.5251001e-01  -2.7235324e-04  -1.7955273e-03  -1.5300929e-03
  -5.7994754e-03   2.8212914e-01  -1.3846139e-01  -1.3859816e-04  -2.0228427e-03  -3.9749279e-04
  -1.6174292e-02   2.8271224e-01  -8.0901250e-02   2.2136133e-04  -1.7885899e-03  -5.7871424e-04
  -4.3291682e-02   2.6120877e-01  -9.6597173e-02  -1.8584835e-05  -1.4088693e-03  -6.0429590e-04
  -3.1655123e-02   2.4547658e-01  -3.1269267e-02   4.7177401e-04  -1.6289484e-03  -6.2461827e-04
  -2.7652869e-02   2.4947753e-01  -1.0539684e-02   1.7153772e-04  -1.7089975e-03  -6.6533098e-04
  -3.2270928e-02   2.8638880e-01  -2.6666833e-03   6.1493873e-04  -1.7265215e-03  -1.0580259e-03
  -1.4602876e-02   2.9791147e-01  -5.2052473e-02   6.9480505e-04  -2.0415755e-03  -5.0239285e-04
   2.5616686e-03   3.4413167e-01  -7.6068548e-02   5.4271303e-04  -1.8991763e-03  -4.9171234e-04
   1.1968505e-03   3.1980580e-01  -4.3145316e-02  -2.8272961e-05  -2.3113510e-03  -6.4666904e-04
  -1.2542198e-02   3.0844116e-01  -8.6563538e-02  -3.2320297e-04  -2.3585811e-03  -7.0783537e-04
  -2.6330748e-02   3.2755736e-01  -1.1587224e-01   6.4075957e-04  -2.0081939e-03  -9.2172910e-04
  -6.0499799e-03   3.5792341e-01  -1.0349070e-01   4.1371530e-04  -2.1776192e-03  -4.1353162e-04
  -2.3820160e-02   3.0898485e-01  -4.5116347e-02  -9.2432239e-05  -1.9721679e-03  -5.6843484e-04
  -2.5255568e-03   2.8492692e-01  -1.8130456e-02  -6.9673269e-05  -2.4365423e-03  -4.3188375e-04
  -7.2208990e-03   3.2122635e-01  -7.2787582e-02   3.5138693e-04  -2.1500974e-03  -3.1121687e-04
  -1.2423885e-02   3.0826146e-01  -5.0788140e-02   1.8449202e-04  -2.1499215e-03  -5.3607757e-04
  -2.0583776e-04   3.3142347e-01  -5.1361997e-02   4.7415723e-05  -2.0691773e-03  -5.6916360e-04
   5.4202715e-03   3.7110430e-01  -3.4340527e-02   1.1771142e-03  -2.4077898e-03  -3.7034233e-04
  -5.3138564e-03   3.4774596e-01  -2.7660788e-02   5.2248271e-04  -2.5488144e-03  -7.1184837e-04
  -1.5324170e-02   3.2269259e-01  -7.0513691e-02   3.5062838e-04  -2.3740681e-03  -8.7503223e-04
  -2.0259465e-02   3.6350516e-01  -3.8971245e-02  -3.0015921e-04  -2.1110991e-03  -6.8425060e-04
  -1.1568952e-02   3.6514899e-01  -4.6005122e-02  -4.6184309e-04  -2.0474229e-03  -4.1494116e-04
  -2.1723355e-02   3.5754077e-01  -3.9705884e-02  -6.5435581e-05  -1.8133277e-03  -8.1238649e-04
  -1.9346912e-02   3.3575405e-01  -3.4393015e-02  -3.0715391e-04  -2.0574161e-03  -5.8037175e-04
  -2.3189976e-02   3.6401163e-01   9.9980943e-03  -8.0314358e-04  -1.9981963e-03  -6.5601716e-04
   8.4882184e-03   3.6476217e-01  -5.8466551e-02  -4.7462263e-04  -2.1184970e-03   4.5843480e-05
  -5.0573535e-02   4.0675755e-01   4.2458741e-02  -9.5176115e-04  -1.7377077e-03  -7.2679413e-04
  -1.5629479e-01   4.7447770e-01   6.7867322e-01  -3.0319468e-03  -7.4989205e-04  -1.4888036e-03
  -1.0957653e-01   3.2264015e-01   2.9452227e-01  -1.1117369e-03  -1.5451162e-03  -9.8130448e-04
  -1.1232441e-01   3.9099048e-01   6.5396710e-02   5.7667097e-04  -1.0282518e-03  -7.2773486e-04
  -1.1291402e-01   3.7223980e-01   1.1255255e-01   9.4119969e-04  -8.6764180e-04  -8.6099231e-04
  -1.2432545e-01   3.9803673e-01   1.2223097e-01  -1.9211231e-04  -6.4596499e-04  -6.3282247e-04
  -1.1372687e-01   3.8242083e-01   4.7625950e-02   7.4628361e-04  -9.6871386e-04  -8.7773099e-04
  -1.1197409e-01   3.7410040e-01   1.0932906e-01  -8.4183467e-04  -8.2110221e-04  -5.7437116e-04
  -1.0438993e-01   3.7569428e-01   2.3102755e-01   1.1781481e-04  -1.1580064e-03  -7.7238441e-04
  -9.0414653e-02   4.1981813e-01   8.4781158e-02  -5.3567400e-05  -1.1520996e-03  -7.6059716e-04
  -9.3430604e-02   4.0043692e-01   3.8287494e-02   1.1099612e-03  -1.0878899e-03  -8.3405698e-04
  -8.1419827e-02   4.4353279e-01   2.3856102e-02   1.4217945e-04  -1.1141727e-03  -6.0425112e-04
  -6.2103526e-02   4.2185171e-01   7.8211457e-02  -9.2743850e-04  -1.4540549e-03  -3.4360483e-04
  -5.9768627e-02   4.3440706e-01  -9.9934520e-04   3.5245063e-04  -1.5211537e-03  -3.1240417e-04
  -6.6050771e-02   4.3860651e-01   9.3398330e-02   6.8935888e-04  -1.5112916e-03  -4.5458471e-04
  -6.1589266e-02   4.2924917e-01   3.1652828e-02   1.1041289e-03  -1.6763760e-03  -7.2784916e-04
  -5.6172738e-02   4.1690810e-01   1.3871567e-02   2.8709278e-04  -1.5112339e-03  -9.5853488e-04
  -7.2953900e-02   3.9995633e-01   3.3048830e-02   7.5573847e-04  -1.9239891e-03  -9.8751788e-04
  -8.2306164e-02   4.0543504e-01   9.4463685e-02  -1.8144148e-04  -1.6507439e-03  -5.9133715e-04
  -8.4988608e-02   4.2960671e-01   6.6512311e-03   5.6093150e-04  -1.4993335e-03  -1.0511726e-03
  -5.5038584e-02   4.5771787e-01  -8.3010376e-03   9.9428427e-04  -1.9573464e-03  -6.9394227e-04
  -5.7847377e-02   4.2545457e-01   2.7366891e-02  -2.0306491e-04  -2.0129011e-03  -8.7277252e-04
  -5.5461648e-02   3.9896705e-01   9.8198778e-02   3.5161356e-04  -2.0145316e-03  -8.4815298e-04
  -5.3546252e-02   4.4883967e-01  -8.8452316e-02   4.4467646e-04  -1.8436383e-03  -9.4983155e-04
  -2.3098681e-02   4.0785990e-01   5.6215115e-01  -5.2520997e-04  -1.9328364e-03  -6.0076711e-04
  -6.4528823e-02   4.8568913e-01   4.6645515e-01  -3.2990276e-03  -2.1244608e-03  -1.5387241e-03
  -3.0986312e-02   5.3831882e-01   1.5433096e-02  -1.0132328e-04  -2.6608087e-03  -1.4954564e-03
  -3.0236321e-02   5.0364610e-01   2.3811961e-01  -1.4788498e-03  -2.6618926e-03  -1.2460854e-03
  -2.7676307e-02   5.0645147e-01   1.3505461e-01  -6.3219533e-04  -2.7648003e-03  -1.4537998e-03
  -2.0121431e-02   4.8269734e-01   2.0346843e-01  -8.4921048e-04  -2.9868504e-03  -9.2736365e-04
  -2.8856726e-02   4.8335742e-01   1.5621865e-01  -7.9364274e-04  -2.8476682e-03  -1.0588215e-03
  -2.7929283e-02   5.1713666e-01   1.8474577e-01  -4.6431273e-04  -2.7137088e-03  -1.1760152e-03
  -3.4393574e-02   5.9228230e-01   3.1396850e-01  -2.4137240e-03  -2.8750684e-03  -1.2932573e-03
  -3.8423372e-02   5.1989335e-01   1.6154238e-01  -1.3705326e-04  -2.8529045e-03  -1.2129249e-03
  -3.2245538e-02   5.2418147e-01   1.1559094e-01   3.5031251e-04  -2.9362256e-03  -1.2259021e-03
  -5.2131475e-02   5.4177383e-01   1.6490747e-01  -3.9571858e-04  -2.5941964e-03  -1.2767069e-03
  -3.7790735e-02   5.9170189e-01   2.0448740e-01   4.4557937e-05  -2.4129437e-03  -9.5446502e-04
  -4.4512630e-02   5.6712621e-01   2.3834264e-01   1.1083014e-04  -2.4223959e-03  -2.1177636e-03
  -4.9234230e-02   5.9428660e-01   1.5830770e-01   1.0929942e-04  -2.5875498e-03  -1.8456005e-03
  -4.3443874e-02   5.5284419e-01   2.5854035e-01  -1.2133791e-03  -2.6766620e-03  -1.4433059e-03
  -8.2047939e-02   5.6747891e-01   1.0763065e-01   1.1423766e-03  -2.2226794e-03  -2.0338201e-03
  -1.0304597e-01   5.1032714e-01   1.7876712e-01   8.2408842e-04  -1.8568428e-03  -2.6223475e-03
  -4.4884767e-02   5.3979403e-01   2.3827759e-01  -5.2653623e-04  -2.5670034e-03  -1.5736217e-03
  -4.9667429e-02   5.2816983e-01   2.4567934e-01  -1.9832277e-04  -2.4992598e-03  -1.9108231e-03
  -3.7800836e-02   5.5669751e-01   1.7653555e-01  -3.6346031e-04  -2.3641291e-03  -1.8298273e-03
  -3.1475925e-02   5.2323834e-01   2.4459393e-01  -8.3462486e-04  -2.6704869e-03  -1.6733026e-03
  -4.2476823e-02   5.7401401e-01   2.1149143e-01  -1.0647345e-03  -2.6279410e-03  -2.3187064e-03
  -3.1901179e-02   5.3529749e-01   2.4376609e-01  -4.6609719e-04  -2.8327270e-03  -1.9889012e-03
  -2.9645524e-02   5.8757548e-01   1.9513784e-01  -6.9904368e-04  -2.5190644e-03  -1.9655824e-03
  -4.8411677e-02   6.0094958e-01   2.4452355e-01  -8.6061120e-04  -2.3718604e-03  -2.3682317e-03
  -2.8614779e-02   6.2242491e-01   1.4018662e-01  -7.0789778e-04  -2.7075256e-03  -1.8270230e-03
  -3.4177183e-02   5.8561683e-01   2.0829857e-01  -9.7932309e-04  -2.6640108e-03  -2.0119800e-03
  -1.6529469e-02   5.9294819e-01   1.2071078e-01   4.0407421e-04  -3.0206132e-03  -1.8862866e-03
  -3.2139931e-02   6.3577109e-01   2.5695164e-01  -8.8370264e-04  -2.8254829e-03  -2.2704997e-03
  -1.1265262e-02   6.0239771e-01   1.3442934e-01  -6.5758010e-04  -3.0452887e-03  -1.8910950e-03
  -3.2114525e-02   5.9692548e-01   5.6622154e-01  -1.1240833e-03  -2.4557621e-03  -1.9419545e-03
  -3.2650493e-02   6.0960868e-01   6.2355029e-01  -1.9358027e-03  -3.0405877e-03  -2.6513584e-03
  -7.7873091e-03   6.0242792e-01   2.0923212e-01  -1.0093161e-03  -4.0715058e-03  -1.8122976e-03
  -2.8220686e-02   5.7167712e-01   2.5246465e-01  -2.4694550e-04  -3.2800907e-03  -1.9886020e-03
  -2.2787268e-02   5.9282925e-01   2.2630376e-01  -5.2619636e-04  -3.2650714e-03  -1.7666387e-03
  -4.3971773e-02   5.6741952e-01   3.1447231e-01  -1.1736313e-03  -3.3212797e-03  -2.2273698e-03
  -2.6824747e-02   5.9932565e-01   2.0919284e-01  -4.7090400e-04  -3.5776254e-03  -1.8074924e-03
  -2.3869319e-02   5.8069397e-01   2.8626043e-01  -2.1805006e-03  -3.5791007e-03  -1.7740131e-03
  -1.8941647e-02   5.9560888e-01   2.3377445e-01  -1.8309350e-03  -3.7978335e-03  -1.7698495e-03
  -8.3988060e-03   6.1680694e-01   3.1017660e-01  -1.4979743e-03  -3.7425646e-03  -1.8472334e-03
   7.8098141e-03   6.1418572e-01   1.9323353e-01   2.0327137e-05  -3.9989433e-03  -1.8803443e-03
  -4.7646480e-02   6.1263115e-01   2.1470260e-01  -7.6714602e-04  -3.8067151e-03  -2.8080482e-03
   1.2473740e-02   6.2533438e-01   1.9575479e-01  -1.0388157e-03  -4.0382585e-03  -1.4735198e-03
  -1.6669727e-02   5.7986468e-01   2.4063781e-01  -6.7336019e-04  -3.9743307e-03  -2.3529431e-03
  -2.5759725e-02   6.1666861e-01   1.7001296e-01   5.5140258e-04  -3.7934560e-03  -2.5221073e-03
  -1.0859538e-03   6.7296228e-01   2.6385879e-01  -6.2476229e-04  -3.7743767e-03  -1.6973320e-03
  -6.3884760e-03   6.3329648e-01   1.7428456e-01   2.7178952e-04  -3.8245086e-03  -2.0582009e-03
  -1.5719411e-02   6.4622402e-01   2.2789911e-01   1.0568812e-04  -3.7394805e-03  -1.9614337e-03
  -4.5665360e-02   6.3803137e-01   1.6965977e-01   2.7386688e-04  -3.7986973e-03  -2.3576777e-03
  -2.9259910e-02   6.4815782e-01   2.0315515e-01  -3.7928444e-04  -3.8967745e-03  -1.8655654e-03
  -2.0218036e-05   6.5943535e-01   1.9208387e-01  -2.4560499e-04  -4.0967417e-03  -1.6937513e-03
  -6.6404369e-03   6.0921363e-01   2.1852464e-01   3.3617025e-04  -3.8081907e-03  -1.9892657e-03
   2.3021053e-02   6.6637450e-01   1.6389669e-01   5.0650313e-05  -4.1719739e-03  -1.4762493e-03
  -7.1588397e-03   6.4365561e-01   2.9743606e-01  -9.6587918e-04  -4.3368919e-03  -2.1291093e-03
   7.3164797e-03   6.7247152e-01   2.7580991e-01   2.4745733e-04  -4.7189779e-03  -1.7938132e-03
  -1.0257373e-02   7.1394605e-01   3.7704267e-01  -9.3729577e-04  -4.1314352e-03  -2.1422531e-03
  -1.6676383e-02   7.1206576e-01   2.4726214e-01  -1.3257407e-04  -3.5755842e-03  -3.2716715e-03
   1.3410157e-03   6.9144737e-01   1.4631845e-02   8.3962095e-04  -4.5865603e-03  -2.0448584e-03
   1.3026504e-02   6.3286988e-01   1.1129567e-01   8.2142264e-04  -4.9105186e-03  -1.7532645e-03
  -1.3334773e-02   6.4072284e-01   1.0218881e-01   1.0166792e-03  -4.3782260e-03  -2.3441401e-03
   5.6720768e-03   5.9784543e-01   1.5336358e-01   1.0435807e-03  -4.8036963e-03  -2.1693026e-03
   6.8226775e-03   6.4808970e-01   6.0605123e-02   7.1809666e-04  -4.7281346e-03  -1.4937627e-03
  -1.1856438e-02   6.6843434e-01   1.2001173e-01   1.1044577e-03  -4.5322758e-03  -1.6967920e-03
  -1.0538992e-02   6.8212349e-01   6.1608316e-02   7.4272846e-04  -4.3449003e-03  -1.8374626e-03
  -1.7808999e-02   6.9127863e-01   2.4202786e-01  -1.7569977e-05  -4.5774776e-03  -1.9884121e-03
  -9.0222274e-03   6.8643046e-01   1.2052638e-01   1.0113543e-03  -5.0071206e-03  -2.1476309e-03
