   0.0000000e+00   0.0000000e+00   0.0000000e+00   0.0000000e+00   0.0000000e+00   0.0000000e+00
   1.9459235e-02   1.9737992e-02  -3.1155799e-02  -1.5308823e-05  -2.1482185e-04   3.1548869e-04
   2.1425135e-02   6.3078739e-02  -4.1669564e-02   2.2969902e-04  -5.4160015e-05   2.7974935e-04
   1.8359562e-02   6.2548195e-02  -5.9048186e-03   2.7857887e-04  -1.9727823e-04   2.0942809e-04
   7.6783272e-03   4.5810868e-02   1.4732794e-03  -3.5148779e-04  -1.3539916e-04   2.4904187e-04
   5.2886083e-03   8.5497482e-02  -4.0560922e-02   1.7320218e-04   3.3137305e-05   3.6159987e-04
   1.0676747e-02   8.6033524e-02  -1.6961206e-02  -6.5726278e-05   1.0574515e-04   2.6387999e-04
   1.6867402e-02   7.6628124e-02  -1.4242384e-02   2.5986799e-04  -1.9033123e-04   4.3377188e-04
  -3.7582052e-03   3.4997977e-02  -6.1599971e-02   6.8806701e-04  -2.2924218e-04   1.9087174e-04
   2.2497286e-03   8.7577973e-02  -7.4137791e-02   8.1528424e-04   5.5975510e-06   1.1613181e-04
   6.8442836e-03   8.9163997e-02  -4.6536009e-02   4.1390536e-04  -2.2026881e-04   2.3871445e-04
   1.4332283e-02   8.3220658e-02  -1.8484727e-02   2.7105970e-04  -4.1030198e-05   2.9134104e-04
   8.3016117e-03   8.8825614e-02  -2.0629806e-02   2.2561129e-04  -9.9004693e-05   2.5006748e-04
   1.1580471e-02   8.4054152e-02   1.8182698e-02   1.0267810e-04  -9.5945183e-05   2.5332069e-04
  -4.2001169e-03   1.1229063e-01   1.4926796e-02  -1.1959312e-04  -2.8351862e-04   4.1553465e-05
   1.4182602e-03   1.0493484e-01   4.7405613e-02  -2.1952347e-04  -7.6956636e-05   1.2639479e-04
  -9.1619538e-03   1.1936186e-01   2.8218059e-02  -1.8619514e-04  -1.5528564e-04  -7.9692246e-05
  -1.8522823e-03   1.2166484e-01   3.8105777e-02  -6.8659913e-05  -1.5664286e-04   9.2208465e-05
   3.6096664e-03   1.4146186e-01   2.5363074e-02   2.1648611e-04  -6.4056601e-05  -7.5765228e-06
   6.7114964e-03   1.2533045e-01   4.5658455e-02  -5.8306902e-05   9.5685924e-06   1.4050465e-04
   1.1044645e-02   1.3157799e-01   4.2801824e-02  -9.4174619e-05  -1.6099735e-04   2.0241877e-04
   5.9763606e-03   1.7328200e-01   2.2146809e-02   7.9133499e-05  -2.4386817e-04   1.9122926e-04
   5.1867021e-03   1.6421171e-01   3.6209739e-02   3.5240031e-04  -3.8285793e-04   2.3031202e-04
   5.0710800e-03   1.8069449e-01   3.2234104e-02   1.7232057e-04  -1.8770580e-04   7.4453119e-05
   3.5650319e-03   1.8226813e-01   5.1443750e-02   5.3332078e-04  -2.1425684e-04   1.3847758e-04
   9.5113550e-04   1.5848718e-01   8.0181802e-02   1.6577654e-05  -1.8090768e-04   1.1772788e-04
   7.9259454e-03   1.7776052e-01   8.5628689e-02   3.1622892e-04  -1.3436402e-04   2.2447949e-04
  -2.1958356e-03   1.7584213e-01   1.0573098e-01   8.3361379e-05  -1.2709227e-04   6.4861548e-05
   1.0946100e-02   2.0501872e-01   9.1060881e-02   2.6016920e-04  -2.0504945e-04   2.9822119e-04
   5.4778164e-03   1.9918509e-01   7.8639585e-02   7.3395830e-04  -2.3157596e-04   1.3160015e-04
  -1.0580100e-02   1.6682002e-01   7.7195950e-02   8.2219152e-04  -1.2718422e-04  -2.5740614e-04
  -3.3129784e-03   1.3631527e-01   9.3678910e-02  -1.2495872e-04  -3.6693308e-04   3.0409780e-04
  -3.8549288e-02   1.9126678e-01   7.2441921e-02   4.2550434e-04  -2.4342185e-04  -7.7950336e-04
  -4.7797620e-02   2.1251442e-01   9.7321308e-02   4.2687993e-04  -4.5741154e-04  -9.3000675e-04
  -3.3624870e-02   2.0030781e-01   1.1773509e-01   2.6021098e-04  -4.5583237e-04  -5.7058700e-04
  -3.1843603e-02   2.2288493e-01   1.1546308e-01   4.1581372e-06  -5.7095593e-04  -4.3090049e-04
  -2.5248671e-02   2.4827114e-01   1.0533965e-01   3.5332510e-05  -5.7240735e-04  -4.3338674e-04
  -2.7928512e-02   2.4674369e-01   1.1768157e-01   2.4335816e-04  -5.4811380e-04  -4.2111604e-04
  -1.5327497e-02   2.2859872e-01   1.3982547e-01   4.5681131e-05  -4.8263307e-04  -2.9545337e-04
  -1.9541275e-02   2.4504960e-01   1.5842138e-01  -1.2800476e-04  -3.8903167e-04  -3.5300909e-04
  -3.2735717e-02   2.3757244e-01   1.7416047e-01  -2.1054922e-04  -3.6101999e-04  -4.4022932e-04
  -1.9145433e-02   2.6583976e-01   1.4998235e-01  -1.7000605e-04  -1.8067170e-04  -4.0854745e-04
  -3.1966004e-02   2.4810882e-01   1.7047754e-01   9.1213708e-05  -4.2335930e-04  -5.6205468e-04
  -2.2731024e-02   2.7681146e-01   1.3457513e-01   1.8882375e-04  -5.8069104e-04  -5.0621525e-04
  -1.9944779e-02   2.7033738e-01   1.3928429e-01   1.4219813e-04  -4.1796796e-04  -3.6689301e-04
  -2.5364723e-02   2.7069676e-01   1.6707708e-01   3.4120113e-04  -2.9827925e-04  -5.0674217e-04
  -9.5738791e-03   2.6403570e-01   2.2373771e-01  -2.0965888e-04  -2.0468753e-04  -2.1121491e-04
   4.5790946e-03   3.0025081e-01   2.1121438e-01  -2.5439473e-05  -3.9916486e-04  -1.0425658e-04
  -6.3775813e-03   3.2174893e-01   1.5670316e-01   1.3279366e-04  -2.3236071e-04  -1.7279023e-04
  -7.7269068e-03   3.0932072e-01   1.6444914e-01  -1.1512198e-04  -3.5254612e-04  -1.0477089e-04
  -1.3597642e-03   3.3227600e-01   1.6303574e-01   4.8984114e-05  -2.3838788e-04   7.3517897e-06
  -8.1487750e-03   3.2598116e-01   1.7910412e-01   1.8586152e-04  -2.6759717e-04  -1.6086968e-04
  -1.5639412e-02   3.1393602e-01   2.1941307e-01  -7.9486174e-05  -1.9504208e-04  -2.9012719e-05
  -2.6175338e-03   3.4436118e-01   2.1149695e-01   7.0352141e-05  -2.1198948e-04  -4.7043464e-05
   3.0804468e-03   3.3279370e-01   2.2725525e-01   1.5558919e-05  -6.3985444e-05  -2.0194247e-05
  -7.6454727e-03   3.5200935e-01   1.8947445e-01   4.1633788e-04  -1.4868578e-04  -1.8327324e-04
  -5.8545581e-03   3.5712507e-01   1.8713834e-01  -3.9025528e-05  -1.9109515e-04  -2.3530159e-05
  -1.4283166e-03   3.5995149e-01   1.7652161e-01   2.9659032e-04  -2.9836964e-04   2.2262807e-05
  -7.6229444e-03   3.5272627e-01   2.2491183e-01   3.6378437e-04  -1.0767565e-04  -8.4440711e-05
   7.5508092e-04   3.4407893e-01   2.3816460e-01  -1.6610772e-04  -3.0934885e-04   1.6516827e-04
  -4.3470224e-04   3.7035607e-01   2.1109040e-01   1.7000861e-04  -4.8835934e-05   1.1894610e-04
   2.4641676e-04   3.6604043e-01   2.3047188e-01   5.5058605e-05  -2.0512294e-04   8.5974772e-05
  -1.9417164e-03   3.7904091e-01   2.2424711e-01  -1.5323326e-04  -1.2115183e-05  -1.5305248e-06
  -3.4669565e-03   3.9644732e-01   2.1325663e-01   3.7705101e-04  -3.0796777e-05  -1.4153434e-04
   2.1454413e-03   3.9132895e-01   2.1807704e-01   6.8955678e-04   2.0474415e-04   2.5057759e-05
   3.4867984e-03   3.9107581e-01   1.8213704e-01   6.4236195e-04   1.4919993e-05   7.5443575e-05
   6.4587813e-03   4.0402941e-01   1.8359143e-01   6.6906542e-04  -1.6400410e-04   7.1156508e-06
   8.2934399e-03   4.0416814e-01   2.0480909e-01   3.7536297e-04   3.5578643e-05   1.1447762e-04
   8.5160494e-03   3.8700126e-01   2.1974409e-01   3.3662445e-04  -1.2147304e-04   8.1139579e-05
  -1.1213350e-02   3.9666024e-01   1.8658157e-01   2.2866267e-04  -1.1880171e-04  -4.5715409e-05
  -6.3549871e-03   4.0192810e-01   2.1078963e-01   5.8500838e-04  -1.9790457e-04   2.6664126e-05
   1.6271229e-03   4.0290974e-01   2.0857833e-01   6.1415138e-04  -9.3899598e-05  -1.2032293e-05
   8.3316310e-03   3.8782763e-01   2.5810878e-01   1.1110722e-04  -2.6946528e-04   2.4557662e-04
   9.8184501e-03   4.1750826e-01   2.3918060e-01   5.4878506e-04  -1.7910749e-04   1.5756797e-04
   7.5364993e-03   4.0741499e-01   2.5604671e-01   2.9110688e-05  -2.7228508e-04   1.4109835e-04
   9.0720362e-03   4.2275328e-01   2.1649103e-01   1.0028615e-03  -4.9291461e-04   2.9209065e-04
   1.8910651e-02   4.2451686e-01   2.3477018e-01   5.3268122e-04  -6.1523278e-04   5.7981341e-04
   1.2924286e-02   4.4647986e-01   2.1896992e-01   9.3812203e-04  -4.5285834e-04   3.2662036e-04
   1.2887708e-02   4.5378762e-01   2.1403883e-01   9.1466987e-04  -4.9368417e-04   4.3871211e-04
   4.0462356e-03   4.3792127e-01   2.4388663e-01   5.5933664e-04  -5.1672619e-04   4.3058566e-05
   7.9715842e-03   4.3892195e-01   2.5381377e-01   2.1370233e-04  -5.0063456e-04   2.5577612e-04
   6.9422119e-03   4.3937533e-01   2.3120814e-01   8.2026040e-04  -3.1637380e-04   2.8266504e-04
   9.1164276e-03   4.7044403e-01   1.8449739e-01   1.2298238e-03  -1.5869828e-04   2.1283961e-04
   8.5988190e-03   4.3998654e-01   2.3018053e-01   3.4111067e-04  -5.1276533e-04   2.8536435e-04
   3.0971992e-03   4.4743312e-01   2.1305202e-01   5.6579324e-04  -6.0823074e-04   1.2818934e-04
  -2.8210371e-03   4.4900518e-01   2.2189028e-01   9.4573862e-04  -3.1626623e-04   6.9971034e-05
  -7.1734801e-04   4.7508402e-01   1.7709148e-01   1.7407270e-03  -3.5081374e-04   1.5521755e-04
  -4.5786483e-03   4.2279558e-01   2.7525020e-01  -5.9605385e-06  -3.6286899e-04  -2.9438530e-05
  -9.3123999e-03   4.3240982e-01   2.6509031e-01   4.5046401e-04  -3.4774751e-04   1.1898956e-05
  -1.0497018e-02   4.2350148e-01   2.8773532e-01  -4.3897608e-04  -3.3784071e-04  -5.9828988e-05
  -7.4543478e-03   4.7241319e-01   2.4226361e-01   6.7491407e-04  -3.3539435e-04  -1.4669907e-04
  -5.5813653e-03   4.4859137e-01   2.8372241e-01   1.0895988e-04  -4.7774713e-04  -4.2386472e-05
  -6.2592927e-03   4.6368191e-01   2.3730355e-01   6.7658216e-04  -2.4389790e-04  -1.4313283e-04
  -1.4598119e-02   4.5026903e-01   2.6374313e-01   9.3332960e-06  -3.6606859e-04  -1.6411495e-04
  -4.8357750e-03   4.7128598e-01   2.0139060e-01   1.1068880e-03  -1.4233509e-04   8.9963995e-05
  -1.5340493e-02   4.4498275e-01   2.3555804e-01  -1.8978989e-04  -4.1006297e-04   2.1290273e-04
  -3.2446685e-02   4.7390898e-01   2.6059299e-01   6.4698782e-05  -9.1625714e-04  -3.6087237e-04
  -3.5718948e-02   4.7042946e-01   2.7616955e-01   1.1740092e-04  -6.5966564e-04  -3.7597024e-04
  -2.9621234e-02   4.7251436e-01   2.8107022e-01   5.7214900e-04  -6.0707026e-04  -1.3898178e-04
  -3.8013415e-02   4.6983350e-01   2.5053225e-01   7.9193710e-04  -5.1398619e-04  -1.5631587e-04
  -3.6884450e-02   4.8440019e-01   2.5530365e-01   1.4517517e-04  -6.9312250e-04  -4.6315913e-04
  -3.7963145e-02   5.0771996e-01   2.3946483e-01   5.1522218e-04  -7.3315733e-04  -4.1930439e-04
  -3.0139430e-02   4.7943479e-01   2.6136640e-01   5.4192473e-05  -7.9091910e-04  -3.3472704e-04
  -3.9978652e-02   4.8590977e-01   2.4303167e-01   4.6404471e-04  -5.2016033e-04  -5.2490696e-04
  -3.7355788e-02   4.8547287e-01   2.7941659e-01   2.0196638e-04  -7.1184585e-04  -2.7900859e-04
  -4.2148640e-02   4.8467629e-01   2.6878093e-01   7.5381570e-04  -8.0034179e-04  -3.3083031e-04
  -4.7539643e-02   4.8406324e-01   2.9599412e-01   5.4759247e-04  -6.3609169e-04  -5.3277450e-04
  -5.9567448e-02   4.8516415e-01   2.8888797e-01   6.3439265e-04  -6.8255728e-04  -7.8560139e-04
  -5.3106519e-02   4.9993451e-01   2.8783565e-01   3.8826151e-04  -6.1679872e-04  -6.4137540e-04
  -5.7409723e-02   4.7439096e-01   3.3140432e-01   1.8826573e-04  -6.2765362e-04  -5.8726406e-04
  -4.5899389e-02   5.0243830e-01   2.7016907e-01   1.6001988e-04  -9.1813625e-04  -4.1367659e-04
  -6.2160170e-02   5.1674417e-01   2.3906441e-01   5.6164180e-04  -4.9774589e-04  -8.0297785e-04
  -6.9748891e-02   4.8623533e-01   2.9517840e-01   6.3359084e-04  -4.5337675e-04  -8.0880497e-04
  -7.2831103e-02   5.1481418e-01   2.6608685e-01   1.1663398e-03  -2.0054402e-04  -9.5039342e-04
  -7.2805703e-02   5.0659299e-01   2.8205765e-01   1.3419351e-03  -2.6625925e-04  -9.1640123e-04
  -7.9080417e-02   5.0261572e-01   3.1209240e-01   4.2721057e-04  -3.7067016e-04  -9.8863659e-04
  -7.3490542e-02   5.0348097e-01   3.0429907e-01   1.1293397e-03  -4.0690334e-04  -6.6008530e-04
  -6.4161480e-02   5.2010361e-01   2.5366309e-01   1.2437223e-03  -9.7532312e-04  -6.6421619e-04
  -7.8111880e-02   5.3356062e-01   2.8610780e-01   5.0808188e-04  -5.7207296e-04  -1.0338225e-03
  -7.4714888e-02   5.2700986e-01   3.2220299e-01   1.3660854e-04  -4.2628655e-04  -9.3885079e-04
  -9.4777875e-02   5.3466746e-01   3.0103355e-01   6.9018096e-04  -5.2825828e-04  -1.4316383e-03
  -7.3080501e-02   5.4483217e-01   2.8985326e-01   5.4202593e-04  -6.2850833e-04  -9.4428828e-04
  -6.9867070e-02   5.2463038e-01   3.0557742e-01   2.1971482e-04  -6.4770306e-04  -1.0473659e-03
  -8.4954524e-02   5.4732498e-01   2.9489362e-01   5.0514784e-04  -4.7145082e-04  -1.1609777e-03
  -8.1132900e-02   5.5484742e-01   2.9438490e-01   3.6144436e-04  -5.3599022e-04  -1.0679707e-03
  -9.5524618e-02   5.7267953e-01   2.5683066e-01   8.7048094e-04  -5.5242820e-04  -1.2223384e-03
  -1.0789756e-01   5.3365921e-01   2.8845864e-01   8.7011693e-04  -4.2475216e-04  -1.4801897e-03
  -8.5569843e-02   5.3005017e-01   2.9516177e-01   6.5581022e-04  -5.7953128e-04  -9.9615929e-04
  -9.6820891e-02   5.4906527e-01   2.9212585e-01   6.9265664e-04  -3.4611937e-04  -1.3001425e-03
  -9.7327180e-02   5.3779463e-01   2.9864359e-01   1.0470227e-03  -4.7253821e-04  -1.3542773e-03
  -1.0550846e-01   5.4261774e-01   3.1574604e-01   7.5192482e-04  -3.2528716e-04  -1.4484734e-03
  -1.1445845e-01   5.4059620e-01   3.2796256e-01   1.3901044e-03  -4.6621628e-04  -1.4461583e-03
  -1.0240631e-01   5.1548049e-01   3.6497099e-01   6.7301079e-04  -4.2236018e-04  -1.3984078e-03
  -9.9597443e-02   5.4828007e-01   3.0763341e-01   5.5152028e-04  -8.6648553e-04  -1.5592813e-03
  -1.1118544e-01   5.7137605e-01   2.9614068e-01   9.7955698e-04  -4.0599922e-04  -1.7422103e-03
  -1.0028568e-01   5.5468655e-01   3.3863388e-01   7.2832945e-04  -5.3598945e-04  -1.4471787e-03
  -1.0267921e-01   5.5941206e-01   3.2121178e-01   8.0265490e-04  -4.4080853e-04  -1.5481450e-03
  -1.0569539e-01   5.5424778e-01   3.2646130e-01   6.9932000e-04  -6.6192166e-04  -1.6085633e-03
  -1.0453415e-01   5.8693396e-01   2.5293903e-01   7.1518548e-04  -5.2929720e-04  -1.5763063e-03
  -9.7102683e-02   6.1390532e-01   2.2016178e-01   1.4621147e-03  -7.0397539e-04  -1.1565486e-03
  -9.9921245e-02   5.9500816e-01   2.5427731e-01   1.5770323e-03  -6.2202762e-04  -1.0862982e-03
  -1.1237603e-01   5.6243919e-01   2.8726602e-01   6.7220549e-04  -7.0228389e-04  -1.4729943e-03
  -1.2265372e-01   5.9042179e-01   3.0385255e-01   9.7638880e-04  -4.6019998e-04  -1.5117559e-03
  -1.2782756e-01   5.6247843e-01   3.2226561e-01  -6.6369836e-04  -1.2084229e-03  -1.6648903e-03
  -1.3944023e-01   5.8772700e-01   2.4214596e-01   5.2269808e-04  -1.2337428e-03  -2.0484737e-03
  -1.4483589e-01   5.9951796e-01   2.7734596e-01   3.5916676e-04  -9.7850660e-04  -2.2473252e-03
  -1.3785600e-01   5.9791845e-01   2.9262258e-01   5.6709999e-04  -1.3728897e-03  -1.8011506e-03
  -1.3362496e-01   6.1207932e-01   2.6229644e-01   5.2996428e-04  -1.4026936e-03  -1.6535377e-03
  -1.3874690e-01   5.9028015e-01   2.7270509e-01   1.8039400e-04  -1.2163188e-03  -2.0074435e-03
  -1.2401331e-01   6.2849996e-01   2.4281885e-01  -1.4477883e-04  -1.1674182e-03  -1.5603869e-03
  -1.2098083e-01   5.9460124e-01   2.9213692e-01  -4.1720379e-04  -1.2574521e-03  -1.7050015e-03
  -1.5143909e-01   6.7731963e-01   3.0697926e-01  -7.6136437e-04  -8.9904971e-04  -1.8905155e-03
  -1.6565683e-01   6.0389773e-01   2.4116210e-01   2.0893571e-04  -9.4231298e-04  -2.2146368e-03
  -1.6397823e-01   5.9722592e-01   3.0726658e-01   3.4938513e-04  -6.9832669e-04  -2.3204501e-03
  -1.6454820e-01   5.9415480e-01   3.2356194e-01   1.6463542e-04  -7.3947372e-04  -2.2591523e-03
  -1.8417128e-01   5.7826213e-01   3.3645168e-01   2.9388242e-04  -7.5967592e-04  -2.4222262e-03
  -1.7339125e-01   5.8257731e-01   3.0513656e-01   3.4404247e-04  -8.9523129e-04  -2.2419217e-03
  -1.8742866e-01   5.9331994e-01   2.9440711e-01   5.8337078e-04  -7.6736354e-04  -2.5588752e-03
  -1.7849807e-01   5.8434678e-01   3.0121225e-01   8.2588497e-04  -7.7116092e-04  -2.3661296e-03
  -1.8340796e-01   5.8009052e-01   3.4514435e-01   2.0578860e-04  -1.0030785e-03  -2.4813451e-03
  -1.7209371e-01   6.0594561e-01   4.3849076e-01  -2.8730258e-03  -1.8069811e-03  -2.1621678e-03
  -1.5322274e-01   6.2874920e-01   4.3030599e-01  -2.4778024e-03  -1.2679319e-03  -1.7371747e-03
  -1.7120169e-01   6.3221929e-01   4.1206519e-01  -1.5711864e-03  -1.3278744e-03  -2.1606825e-03
  -1.6843934e-01   6.4574746e-01   3.8123212e-01  -1.1376257e-03  -1.2325013e-03  -2.0553979e-03
  -1.8832793e-01   6.5788765e-01   3.6080098e-01  -7.4412415e-04  -1.4403685e-03  -2.4125427e-03
  -1.8619768e-01   6.6472161e-01   3.5650382e-01  -1.0624749e-03  -1.2213886e-03  -2.3535528e-03
  -2.0775783e-01   6.6750698e-01   3.1732190e-01  -7.6854170e-04  -1.5195476e-03  -2.5821886e-03
  -2.0865310e-01   6.6771233e-01   3.2192035e-01  -4.7130571e-04  -1.2389254e-03  -2.7087711e-03
  -2.2450123e-01   6.3210448e-01   3.8119803e-01  -9.1148907e-04  -1.1296791e-03  -2.9110740e-03
  -2.3690483e-01   6.2874078e-01   4.0265814e-01  -9.9662804e-04  -1.0344239e-03  -3.1012830e-03
  -2.4160249e-01   6.4106950e-01   3.9510586e-01  -1.1055731e-03  -8.8605171e-04  -3.1052252e-03
  -2.5611017e-01   6.5464025e-01   3.7858491e-01  -8.9494409e-04  -8.6002480e-04  -3.2595356e-03
  -2.5406765e-01   6.5500331e-01   3.7688580e-01  -1.0022000e-03  -8.1191793e-04  -3.3123693e-03
  -2.5073222e-01   6.5991452e-01   3.6960841e-01  -8.6066904e-04  -8.3340947e-04  -3.1746337e-03
  -2.5012378e-01   6.7460562e-01   3.6271189e-01  -5.9246316e-04  -7.5788161e-04  -3.1130895e-03
  -2.6323799e-01   6.6547937e-01   3.7827250e-01  -5.0186243e-04  -6.0436015e-04  -3.4488908e-03
  -2.4966239e-01   6.6309479e-01   3.8915240e-01  -7.2283415e-04  -5.8692259e-04  -3.1254991e-03
  -2.5506173e-01   6.6142388e-01   3.6112087e-01  -1.6313600e-04  -7.3113564e-04  -3.1777915e-03
  -2.5755311e-01   6.7937006e-01   3.4458120e-01  -9.0231111e-05  -4.8198471e-04  -3.3008628e-03
