   0.0000000e+00   0.0000000e+00   0.0000000e+00   0.0000000e+00   0.0000000e+00   0.0000000e+00
   4.0448374e-03   3.6156567e-02   1.1649835e-02  -9.8760457e-04  -2.3310113e-05   1.0329846e-04
   3.6241759e-03   4.9630993e-02  -1.9401557e-02  -3.3449538e-04   1.1379421e-04   8.7976991e-05
  -2.6157746e-03   5.1296343e-02  -3.9723129e-02  -4.1566621e-05   2.8123360e-04  -1.0439692e-04
   5.9277835e-03   4.7088897e-02  -4.3199132e-02   4.5537486e-06   3.8007699e-04   2.1535114e-04
   2.3913370e-03   4.5704904e-02  -5.1915260e-02   1.1758085e-04   5.3394895e-04   7.9543313e-05
  -1.7368405e-02   3.8491415e-02  -3.9903277e-02   2.9209555e-05   7.6117427e-04   3.0089473e-04
  -1.1601403e-02   5.0235213e-02  -4.4405461e-02   3.7311208e-04   6.0494625e-04   4.1299228e-04
  -1.7832863e-02   5.1266030e-02  -5.5559252e-02   5.2697379e-04   6.3695078e-04   3.1357657e-04
  -1.0809717e-02   5.0799864e-02  -5.7555514e-02   1.1787467e-03   6.0764599e-04   1.5612296e-04
  -3.3612849e-03   5.9041286e-02  -5.6737696e-02   1.1422363e-03   6.8415671e-04   4.9722776e-04
   1.2739284e-02   5.1264395e-02  -3.5744909e-02   8.9461890e-04   6.8083345e-04   4.6014930e-04
   5.3504776e-03   6.6623743e-02  -5.2630717e-02   1.1284742e-03   8.6405251e-04   5.3670324e-04
   1.4945259e-02   6.3282027e-02  -3.9756543e-02   9.8453238e-04   7.7573950e-04   2.7745384e-04
  -2.6901600e-04   7.7395183e-02  -9.1426301e-02   1.5428462e-03   4.1578718e-04   1.2107933e-04
  -1.0675309e-02   7.3643246e-02  -6.2637477e-02   1.1718225e-03   7.7049977e-04   7.9376921e-05
  -1.1106165e-02   8.5997624e-02  -8.2501155e-02   1.3609158e-03   5.0924601e-04   9.5338726e-05
  -1.0302569e-02   7.3716578e-02  -7.6988873e-02   1.3875715e-03   1.0629348e-03   2.9471899e-04
   5.2932861e-03   8.1357018e-02  -4.2337731e-02   1.0995819e-03   6.6007624e-04   3.2573473e-04
  -1.1008747e-02   9.0862333e-02  -6.7477894e-02   1.6086221e-03   4.1721396e-04   3.6992675e-04
  -3.0675356e-03   8.5862748e-02  -5.8890744e-02   1.2513345e-03   6.4794725e-04   3.7927131e-04
  -1.0237449e-02   9.6627309e-02  -9.0098032e-02   2.0861002e-03   6.2561494e-04   3.9155905e-04
   1.3943114e-04   8.9552138e-02  -9.5604857e-02   2.1595405e-03   3.3784305e-04   4.3250324e-04
   1.1606561e-02   8.8176351e-02  -7.6896360e-02   2.0167353e-03   2.5936500e-04   5.5285481e-04
   8.4787370e-03   1.1125639e-01  -9.2838271e-02   1.8927654e-03   5.7815227e-04   5.8878246e-04
   5.2990576e-03   1.1252612e-01  -9.7698378e-02   2.1537172e-03   5.4652931e-04   7.3656068e-04
   6.7099944e-03   1.1876904e-01  -1.1912069e-01   2.0357970e-03   8.0716817e-04   6.8338671e-04
   9.4854866e-03   1.1828412e-01  -9.5902210e-02   1.7192817e-03   6.3811256e-04   6.7870520e-04
   6.4977058e-03   1.0354100e-01  -1.0079860e-01   1.9856733e-03   7.9466926e-04   6.0833380e-04
   1.6520816e-02   1.1448679e-01  -9.7032863e-02   2.0642635e-03   7.6186094e-04   8.1799521e-04
  -7.9089283e-03   1.0060124e-01  -9.1335694e-02   2.0884481e-03   8.8199095e-04   5.6022052e-04
  -2.0963406e-03   9.7609622e-02  -8.1470597e-02   1.6515386e-03   6.6741278e-04   6.4934598e-04
  -1.7545876e-02   9.4869216e-02  -1.1213370e-01   2.1045000e-03   1.0858171e-03   4.7322489e-04
  -1.3924587e-02   1.0561363e-01  -8.7350921e-02   2.1174503e-03   8.9964102e-04   4.8325253e-04
  -2.9725477e-02   1.1844156e-01  -8.9095951e-02   2.2246234e-03   9.8599986e-04   3.0099547e-04
   5.9961207e-03   1.2082354e-01  -4.7264307e-02   2.0227640e-03   1.1096340e-03   5.1224993e-04
   4.0134750e-03   1.2216859e-01  -9.9977584e-02   2.7802851e-03   1.1970639e-03   4.8759191e-04
   9.4756059e-03   1.2130291e-01  -9.1919838e-02   2.6608922e-03   1.2497951e-03   4.7146973e-04
   1.2643466e-02   1.3009994e-01  -1.2620622e-01   2.5145048e-03   1.3157350e-03   4.9866687e-04
   7.9386394e-03   1.3437703e-01  -1.0161383e-01   2.2005939e-03   1.2708519e-03   3.2072918e-04
   1.2328206e-02   1.4304793e-01  -1.1273068e-01   2.5187662e-03   1.2493175e-03   5.6418095e-04
   6.8780850e-03   1.3602736e-01  -1.0150231e-01   2.7059217e-03   1.1751892e-03   1.6738414e-04
   5.4458159e-03   1.3557930e-01  -1.3365733e-01   3.0102524e-03   1.2749691e-03   2.1853739e-04
   9.1298239e-03   1.4629303e-01  -1.3086160e-01   2.5414201e-03   1.2309339e-03   4.3794295e-04
  -2.3806889e-03   1.4502712e-01  -1.5287002e-01   3.0878195e-03   9.8635286e-04   4.3201059e-04
   8.3069104e-03   1.5744897e-01  -8.7297087e-02   2.1261901e-03   9.0252099e-04   3.7780817e-04
  -1.8508057e-03   1.3189931e-01  -1.1259163e-01   3.0950763e-03   1.0016829e-03   4.2307986e-04
   1.1214273e-02   1.4883051e-01  -6.9975198e-02   2.4718207e-03   6.4868883e-04   5.6114509e-04
   2.5405893e-02   1.8139309e-01  -5.4102565e-02   2.6855519e-03   2.6725935e-04   8.8609688e-04
   7.4670082e-03   1.4644447e-01  -1.2974094e-01   3.6739016e-03   6.4605589e-04   3.3539669e-04
  -8.4590575e-03   1.4784516e-01  -1.5354708e-01   4.0686322e-03   9.1230022e-04   4.2318037e-04
   8.7746269e-03   1.4768820e-01  -9.8226394e-02   3.5354007e-03   8.2462551e-04   5.3988831e-04
   8.2980134e-04   1.4923153e-01  -6.1997685e-02   2.8150609e-03   6.9991734e-04   2.6887498e-04
  -4.6585702e-03   1.4722631e-01  -1.0430643e-01   3.2327058e-03   8.7703211e-04   1.4601001e-04
  -8.6406732e-03   1.7219445e-01  -7.1990822e-02   3.3052278e-03   7.2301769e-04  -2.0798186e-04
  -1.9878735e-02   1.9711505e-01  -1.0050971e-01   3.2365010e-03   8.0358175e-04  -4.0336978e-04
  -1.8400208e-02   1.8324434e-01  -8.3390685e-02   3.2588068e-03   1.0191595e-03  -5.3893998e-04
  -1.9850683e-02   1.8481960e-01  -9.7318752e-02   3.3831531e-03   9.6739353e-04  -6.3804850e-04
  -2.4838673e-03   1.6447478e-01  -8.4885622e-02   3.4155911e-03   7.8722324e-04  -5.5853241e-04
   3.2633437e-04   1.7739445e-01  -6.6888865e-02   3.4469338e-03   8.0934557e-04  -4.1254455e-04
   1.5365660e-02   1.8048592e-01  -6.6836236e-02   3.6086748e-03   5.6608969e-04  -1.7597588e-04
   8.9308506e-03   2.0152199e-01  -1.0447140e-01   3.5263547e-03   5.7584206e-04  -1.1157641e-04
   7.1022184e-03   2.0320749e-01  -8.4350803e-02   3.5286003e-03   5.8380770e-04  -5.2661439e-04
   1.0119063e-03   2.0515123e-01  -1.1775367e-01   4.1219813e-03   6.6901945e-04  -3.4337700e-04
   1.4089797e-02   1.8675240e-01  -1.3686203e-01   4.5983407e-03   4.6443579e-04  -2.9218742e-04
   4.4427012e-03   1.8706999e-01  -1.2182933e-01   4.0796117e-03   8.1892287e-04  -2.7189555e-04
   9.2068659e-03   1.8163776e-01  -9.5461849e-02   3.8505134e-03   5.3470621e-04  -2.8262312e-04
   4.9392064e-03   1.9484221e-01  -1.0427005e-01   3.9347889e-03   7.6805061e-04  -1.5881160e-04
  -4.2545761e-03   1.7542073e-01  -9.4571975e-02   4.3860084e-03   5.5231485e-04  -1.0709518e-04
  -5.3830766e-04   2.0615998e-01  -9.3319967e-02   4.0465099e-03   3.2730359e-04  -2.2467134e-04
  -9.7772401e-04   2.0358973e-01  -7.7630986e-02   3.7775948e-03   6.2577999e-04  -3.9044395e-04
   5.4582148e-03   1.9668062e-01  -1.0124240e-01   4.1289136e-03   7.6290415e-04  -4.6500476e-04
  -6.4636271e-04   1.8799391e-01  -7.3071425e-02   4.3330221e-03   9.7959124e-04  -5.3922510e-04
   7.7509434e-03   1.9968660e-01  -5.7403301e-02   4.1659687e-03   1.0293721e-03  -5.4378550e-04
   1.4650166e-02   2.2985412e-01  -3.2076139e-02   3.7271079e-03   9.8974494e-04  -5.9511661e-04
   1.0341075e-02   2.4010312e-01  -4.1708990e-02   3.6759881e-03   1.9645608e-03  -9.7963206e-04
   2.1049640e-02   2.3382182e-01  -7.4856620e-03   3.2084627e-03   1.6559630e-03  -1.6071610e-03
   1.4734750e-02   2.4674242e-01  -4.9554685e-02   3.5062776e-03   2.0733228e-03  -1.6123916e-03
   3.2516781e-02   2.3191565e-01  -5.7057078e-02   4.2857188e-03   1.6522423e-03  -1.4669029e-03
   1.4678770e-02   2.3247598e-01  -7.2724174e-02   4.4321460e-03   1.9002365e-03  -1.7152190e-03
  -9.8380281e-03   2.1446397e-01  -3.9512000e-02   3.7713312e-03   1.9884351e-03  -1.4906523e-03
  -2.7823995e-03   2.3661679e-01  -4.8718511e-02   3.9549547e-03   2.2918102e-03  -1.5373937e-03
  -6.2051661e-03   2.2232108e-01  -2.6086703e-02   3.5611096e-03   1.8015360e-03  -1.5682326e-03
   1.5650163e-03   2.4455164e-01  -5.1682478e-02   3.8537701e-03   2.0590765e-03  -1.6414317e-03
  -1.0964953e-02   2.2700870e-01  -2.5386862e-02   3.8014434e-03   2.0159865e-03  -1.6533479e-03
  -1.1041764e-02   2.5266501e-01  -4.3603592e-02   3.5771091e-03   2.1527660e-03  -1.8487425e-03
  -2.9762633e-03   2.3738825e-01  -4.7143095e-02   3.5669602e-03   2.3186230e-03  -1.6005587e-03
   1.1386401e-02   2.6740197e-01  -3.5583892e-02   3.3672458e-03   2.2938636e-03  -1.8239555e-03
   3.0487792e-02   2.5177305e-01  -3.5033903e-02   3.3665356e-03   2.1990171e-03  -1.5256124e-03
   1.9774914e-02   2.5197141e-01  -6.2837483e-02   3.4212221e-03   2.2840400e-03  -2.0436543e-03
   3.9922850e-02   2.5677945e-01   1.3744572e-01   2.6179458e-03   2.1990453e-03  -1.5700396e-03
   4.3399062e-02   3.0379265e-01   8.1474697e-02   2.5468680e-03   2.5050566e-03  -1.3414893e-03
   3.7614535e-02   2.7926469e-01  -7.8687002e-03   2.8199225e-03   2.6596843e-03  -1.9472667e-03
   2.8661619e-02   2.9371672e-01   5.9518216e-02   2.8480540e-03   2.5771860e-03  -1.7710294e-03
   2.6675769e-02   2.4845307e-01   1.4047122e-02   3.4485926e-03   2.4164531e-03  -1.7486482e-03
   3.2324480e-02   2.8698697e-01   5.0798902e-02   2.9359242e-03   2.5413974e-03  -1.4963111e-03
   5.3311470e-02   2.9796600e-01   8.2021946e-02   2.0750326e-03   2.4263213e-03  -1.4871006e-03
   6.5810311e-02   2.9050633e-01   1.2811367e-01   2.9171921e-03   3.5793540e-03  -1.8219238e-03
   7.8458676e-02   2.2904347e-01  -1.6252637e-01   4.4660905e-03   1.5390969e-03  -1.4280633e-03
   9.7708540e-02   6.2765952e-02  -1.0839701e+00   1.2425900e-02   3.7475103e-03  -3.6405443e-03
   1.0049294e-01   2.2659518e-01  -3.8435029e-01   2.2526678e-03   3.1755006e-03  -2.1845381e-03
   1.6313529e-01   6.2116209e-01   7.1776144e-01  -3.5501831e-03  -4.0548288e-04  -1.8603003e-03
   1.9798998e-01   4.9422004e-01   6.1337670e-01  -9.3408014e-04   1.4895510e-03  -1.7792297e-03
   1.1664960e-01   2.9651214e-01   2.0669192e-01   2.4298610e-04   1.6075045e-03  -2.6347326e-03
   7.9654528e-02   3.1201195e-01   2.6833037e-01  -4.2215599e-04   2.3987995e-03  -2.7112533e-03
   4.5529378e-02   2.5780870e-01   3.0160389e-01  -8.2706434e-04   2.4708181e-03  -2.8566976e-03
   2.6089536e-02   2.4286352e-01   2.2984641e-01  -7.0102211e-04   2.7833215e-03  -3.4117864e-03
   3.9231946e-02   2.2951917e-01   1.2416241e-01  -4.5221275e-04   2.1778417e-03  -3.2144613e-03
   3.9798734e-02   2.6426594e-01   1.5566674e-01  -1.4125665e-03   2.7362958e-03  -3.3684997e-03
   6.0979112e-02   2.7472766e-01   1.8101009e-01  -1.5390193e-03   2.4279283e-03  -3.1583476e-03
   6.2517020e-02   2.8678779e-01   1.5067769e-01  -1.2390609e-03   3.0782014e-03  -3.7197082e-03
   1.0335323e-01   3.2870441e-01   2.3719188e-01  -1.0244364e-03   1.1948203e-03  -9.6133330e-04
   7.4948908e-02   3.3790618e-01   2.1206414e-01  -1.3496729e-03   2.4273273e-03  -2.2799787e-03
   8.8808966e-02   3.1532505e-01   1.5730321e-01  -9.2955689e-04   2.6273089e-03  -2.7434444e-03
   9.0859879e-02   3.2166930e-01   1.8979776e-01  -9.3057691e-04   2.6849827e-03  -2.9082530e-03
   9.7278490e-02   3.0675168e-01   1.3334636e-01  -4.7250541e-04   2.9766878e-03  -3.0362866e-03
   9.0449497e-02   3.0441925e-01   1.2026637e-01  -1.7144715e-04   3.1031480e-03  -2.8010903e-03
   6.6911768e-02   2.9751201e-01   1.8406667e-01  -1.4914662e-03   3.1104431e-03  -2.8005236e-03
   6.3134961e-02   3.0487281e-01   1.3361613e-01   4.7029846e-04   2.9065114e-03  -2.9600092e-03
   8.3737503e-02   2.9427692e-01   1.3793803e-01   2.5253040e-04   3.3681529e-03  -3.1001390e-03
   7.0390854e-02   2.9157976e-01   1.5886363e-01  -5.5181549e-04   3.5101485e-03  -3.1785447e-03
   7.7016578e-02   2.9404811e-01   1.5828984e-01  -2.5623433e-04   3.6301791e-03  -3.3113610e-03
   6.7576333e-02   2.9110325e-01   1.5246032e-01  -6.4985002e-04   3.7854298e-03  -3.2607949e-03
   6.2668010e-02   2.8984614e-01   1.4020070e-01  -5.9598447e-04   3.7546393e-03  -3.4117534e-03
   5.8039544e-02   2.8962315e-01   1.7886225e-01  -1.2268758e-03   3.5873123e-03  -3.4086701e-03
   7.8108211e-02   3.0112507e-01   1.6751450e-01  -5.5079938e-04   3.6939267e-03  -3.1978953e-03
   6.3184981e-02   3.0846967e-01   1.5647018e-01  -5.2851183e-04   3.7518652e-03  -3.4266462e-03
   2.9219844e-02   2.9816642e-01   1.2894056e-01  -4.3324201e-04   2.9838025e-03  -3.8121194e-03
   5.4941453e-02   3.2298604e-01   1.2631407e-01  -7.2721551e-04   3.4145094e-03  -3.4571847e-03
   5.5613737e-02   3.2982046e-01   1.4228223e-01  -9.9546518e-04   3.7223797e-03  -3.3988631e-03
   5.9881121e-02   3.4359719e-01   1.2445350e-01  -9.3497719e-04   3.7208388e-03  -3.3152873e-03
   4.8669189e-02   3.3988454e-01   1.5850400e-01  -9.4998445e-04   3.7172971e-03  -3.3344408e-03
   6.5278864e-02   3.4543143e-01   1.6333807e-01  -1.3468586e-03   3.7781962e-03  -3.3879345e-03
   4.6741389e-02   3.3885945e-01   1.6625222e-01  -1.0182463e-03   3.8760951e-03  -3.5405255e-03
   4.3210440e-02   3.6203829e-01   1.4212957e-01  -1.0218507e-03   3.9720490e-03  -3.2816739e-03
   6.3920482e-02   3.6296623e-01   1.7472825e-01  -9.2511148e-04   4.3114965e-03  -3.6589425e-03
   5.4028500e-02   3.4431775e-01   1.4080858e-01  -6.9481059e-04   4.8078405e-03  -3.6264238e-03
   7.5976172e-02   3.4944926e-01   1.5569552e-01  -7.7192542e-04   4.1852630e-03  -3.3203404e-03
   6.5697656e-02   3.5052787e-01   1.0176725e-01   1.0051111e-04   4.6409508e-03  -3.7080355e-03
   7.5641873e-02   3.6085661e-01   1.6284420e-01  -8.3137064e-04   4.5497424e-03  -3.5038879e-03
   6.6395803e-02   3.7631966e-01   1.2501414e-01  -7.5162621e-04   4.2571133e-03  -3.2435197e-03
   4.1711867e-02   3.6493578e-01   1.1123581e-01  -8.5790566e-04   4.4712269e-03  -3.9538165e-03
   4.1877604e-02   3.6095211e-01   1.0576800e-01  -3.6784344e-04   4.6459434e-03  -3.8813053e-03
   4.6596572e-02   3.3727085e-01   1.0179441e-01   9.3826893e-06   4.9381428e-03  -3.8401113e-03
   5.4315900e-02   3.5853704e-01   1.1689622e-01  -2.0572580e-04   5.2589999e-03  -3.6179078e-03
   4.6377501e-02   3.6947515e-01   1.0342235e-01  -7.4477763e-04   5.0978003e-03  -3.8825469e-03
   3.3508758e-02   3.8358509e-01   1.3401045e-01  -8.6956435e-04   5.3952188e-03  -4.0581549e-03
   2.5324856e-02   3.7466954e-01   1.1188357e-01  -7.2943116e-04   5.5090812e-03  -3.9525899e-03
   4.0641379e-02   3.7390967e-01   1.1423244e-01  -5.2861000e-04   5.3923187e-03  -4.1142780e-03
   3.5458633e-02   3.7607573e-01   1.0653856e-01  -1.1370902e-03   4.9636866e-03  -3.9450190e-03
   4.5232530e-02   3.7785221e-01   1.3905746e-01  -1.8422330e-03   4.5214505e-03  -4.1248607e-03
   2.7025299e-02   3.6846595e-01   1.3322913e-01  -1.0661485e-03   5.1131288e-03  -4.3772837e-03
   3.8402212e-02   3.6958904e-01   1.3546293e-01  -8.4618992e-04   4.8590124e-03  -4.2188027e-03
   2.7581496e-02   3.6067672e-01   1.4934737e-01  -7.1996994e-04   4.4989465e-03  -4.5906028e-03
   2.3044127e-02   3.5363965e-01   1.2564298e-01  -7.4623411e-04   4.7107929e-03  -4.5269369e-03
   3.1800933e-02   3.5618464e-01   1.1605987e-01  -1.2747365e-04   5.0335366e-03  -4.4191843e-03
   2.7277625e-02   3.7074475e-01   1.1108564e-01  -8.0540662e-04   5.0399182e-03  -4.5504624e-03
   5.2557293e-02   3.6424699e-01   9.0703338e-02  -8.6370672e-04   5.0082311e-03  -4.3500461e-03
   4.1592697e-02   3.7040807e-01   1.1749703e-01  -1.2459392e-03   5.1148802e-03  -4.6568187e-03
   1.7457940e-02   3.5036758e-01   1.2579638e-01  -8.3411978e-04   4.9621022e-03  -4.8405182e-03
   2.8757980e-02   3.6911685e-01   1.4625183e-01  -1.2974686e-03   5.1989173e-03  -4.7530301e-03
   4.5881372e-02   3.7601306e-01   1.8057251e-01  -1.1696363e-03   5.6184338e-03  -4.5907236e-03
   4.6250034e-02   3.8493768e-01   1.5821868e-01  -1.0445730e-03   5.5075454e-03  -4.8021104e-03
   6.1969307e-02   3.7075166e-01   1.7430035e-01  -1.0828986e-03   5.5531864e-03  -4.6160447e-03
   5.4582806e-02   3.6559857e-01   1.5636382e-01  -1.1810612e-03   5.4920465e-03  -4.5989521e-03
   4.7421486e-02   3.5747798e-01   1.7655993e-01  -9.9215801e-04   5.5035198e-03  -4.5002172e-03
   2.3229851e-02   3.7421929e-01   1.5472075e-01  -1.2752134e-03   5.5151867e-03  -4.9269166e-03
   2.1803408e-02   3.5030220e-01   1.6329187e-01  -7.1013564e-04   5.0665810e-03  -4.9729318e-03
   3.2649504e-02   3.3713725e-01  -3.0772176e-02   1.5447285e-03   4.8389010e-03  -4.6019313e-03
   3.1857760e-02   3.7090049e-01   8.3940151e-02  -4.2065566e-04   5.8373634e-03  -4.6527294e-03
   3.7339213e-02   3.7288378e-01   1.4279199e-01  -2.0726021e-04   5.7145552e-03  -4.6258781e-03
   4.9143295e-02   3.9725328e-01   1.5373448e-01  -1.2272708e-03   5.5169066e-03  -4.3492613e-03
   4.8286017e-02   4.0633435e-01   1.3858054e-01  -8.1244512e-04   5.5918266e-03  -4.4296550e-03
   6.8550311e-02   4.1249978e-01   8.9999384e-02  -1.4733602e-03   5.2338925e-03  -3.9999747e-03
   6.3062836e-02   4.0952828e-01   1.2411873e-01  -1.3529505e-03   5.5878869e-03  -4.3266255e-03
   6.1517275e-02   4.1004584e-01   1.2678598e-01  -1.4571877e-03   5.6393956e-03  -4.1692201e-03
   6.3500949e-02   3.9779730e-01   1.5537551e-01  -1.2426343e-03   5.5417289e-03  -4.6050335e-03
   7.5759507e-02   4.0105912e-01   1.4133014e-01  -1.7113490e-03   6.0044719e-03  -4.5351627e-03
   6.6087619e-02   3.7517932e-01   1.2839254e-01  -1.4135206e-03   5.9469915e-03  -4.8040532e-03
