   0.0000000e+00   0.0000000e+00   7.1054274e-15   0.0000000e+00   0.0000000e+00   0.0000000e+00
   1.2222127e-02   1.8893901e-02   9.5160740e-02  -2.9039615e-04   1.7636145e-04   2.2723811e-04
  -1.3562687e-03   5.2200660e-03   1.1344479e-01  -7.7613480e-04   7.6160203e-05   5.2292772e-04
  -2.1867052e-02   4.6855641e-02   1.0243446e-01  -1.7512162e-03   1.6837266e-04   2.9595400e-04
  -2.3047083e-02   1.4634223e-02   1.2874092e-01  -1.7939848e-03   5.3160703e-04   3.6707303e-04
  -1.1526223e-02   8.2616073e-03   1.3285284e-01  -1.5745077e-03   4.6358281e-04   9.1866571e-04
   1.1702674e-02  -4.7884163e-02   1.8470145e-01  -1.4689162e-03  -2.0601894e-04   1.0713605e-03
   3.9080100e-03  -5.5196592e-02   2.9367917e-01  -2.7595765e-03  -5.2461574e-04   1.2337571e-03
  -6.4084418e-03  -5.6467903e-02   2.7091022e-01  -2.6747541e-03  -4.9377230e-04   1.4010779e-03
  -2.5381720e-02  -8.4098723e-02   2.2812688e-01  -2.2666035e-03  -3.1971185e-04   1.1976576e-03
  -1.7426741e-02  -2.6429716e-02   2.1121473e-01  -2.0863233e-03  -4.8144430e-04   1.3585818e-03
  -2.1911804e-02  -2.8478543e-02   3.0165229e-01  -2.9776469e-03  -7.3900675e-04   1.3483520e-03
  -2.6859101e-02  -7.4877878e-03   3.0865136e-01  -3.6721910e-03  -3.8312674e-04   1.1162957e-03
  -2.4940667e-02  -5.4744058e-02   3.5967814e-01  -4.5443046e-03  -5.3475845e-04   1.2539127e-03
  -2.2006624e-02  -2.7321563e-02   3.0953084e-01  -4.7874847e-03  -2.8017980e-04   9.0593910e-04
  -2.0662129e-02  -6.3008036e-02   3.5562626e-01  -4.3819565e-03  -2.0584369e-04   1.3095125e-03
  -6.5126144e-03  -7.3821442e-02   3.4472352e-01  -3.8977073e-03  -3.9669215e-04   1.4924429e-03
  -3.8489480e-03  -6.0060940e-02   3.5427982e-01  -4.0005405e-03  -2.2357732e-04   1.5750156e-03
  -1.7879662e-02  -3.0701588e-02   3.6598744e-01  -3.8525559e-03  -4.4843011e-04   1.7371194e-03
  -2.6518762e-02   4.2986896e-03   3.7654944e-01  -3.8531874e-03  -2.3926391e-04   1.5239766e-03
  -2.7133936e-02   1.5288073e-02   3.5548165e-01  -4.1246823e-03  -5.5608579e-04   1.6759932e-03
  -2.5126971e-02  -2.3620148e-02   4.2660161e-01  -4.8125423e-03  -4.0210837e-04   1.6200011e-03
  -1.8370489e-02  -3.2355244e-02   4.1955543e-01  -5.4417354e-03  -4.9730802e-04   1.6248021e-03
   5.4800214e-03  -5.3579209e-02   4.2505260e-01  -5.6747382e-03  -5.8014644e-04   2.2190240e-03
   1.9778592e-02  -3.2126167e-02   3.3243778e-01  -5.4253045e-03  -4.7205857e-04   2.1047736e-03
   1.3568993e-02  -3.1299276e-03   4.5814424e-01  -4.5036201e-03  -7.1725934e-04   2.0386081e-03
   6.9996678e-03  -8.0461419e-02   4.1297647e-01  -4.9700226e-03  -6.4138940e-04   1.7348246e-03
  -3.3729567e-03  -6.9175073e-02   4.3301842e-01  -5.1299845e-03  -8.0280027e-04   2.3745895e-03
   2.9299662e-03  -5.5216235e-02   4.3984550e-01  -4.1746759e-03  -9.7561640e-04   2.6220470e-03
  -1.3606105e-02  -7.5915114e-02   4.5193411e-01  -4.8143669e-03  -1.2028282e-03   2.8103452e-03
  -3.1700753e-02  -3.6981948e-02   4.6637756e-01  -4.5822075e-03  -8.5219480e-04   2.4600069e-03
  -6.0600219e-03  -3.6532779e-02   4.4749011e-01  -4.9323016e-03  -8.9414853e-04   2.8111907e-03
  -1.3858790e-02   3.0018522e-03   4.1450542e-01  -4.2318199e-03  -7.7976076e-04   2.7833648e-03
  -8.6417672e-03   2.8689976e-02   4.3158392e-01  -3.9480869e-03  -8.4716121e-04   2.8575184e-03
  -1.1530946e-02   2.0461202e-02   4.4988954e-01  -4.4045836e-03  -7.5807578e-04   2.8161196e-03
  -5.2471263e-03   3.6024812e-02   4.4697782e-01  -4.6241688e-03  -8.6608588e-04   2.9784685e-03
  -7.2108819e-05   2.7121729e-02   4.3663591e-01  -5.0259195e-03  -4.8600360e-04   2.8505059e-03
  -1.3236793e-02   4.3766281e-02   4.5172625e-01  -5.0536425e-03  -7.0056683e-04   2.7961208e-03
  -1.9685038e-02   2.9354719e-02   4.4067291e-01  -4.4846844e-03  -5.8847373e-04   2.8914370e-03
  -3.6253876e-02   5.2823227e-02   4.8923112e-01  -5.3440786e-03  -6.0241180e-04   2.5737477e-03
  -2.2238477e-02   3.7530153e-02   4.9906192e-01  -5.6013924e-03  -4.9481356e-04   2.7258908e-03
  -3.3891810e-02   3.6703520e-02   4.7428071e-01  -5.4576517e-03  -5.0235599e-04   2.7563254e-03
  -3.5175919e-02   2.9184883e-02   4.8661673e-01  -5.4574837e-03  -3.5709378e-04   2.6901525e-03
  -3.4579031e-02   1.5845145e-02   4.8061349e-01  -5.5848573e-03  -4.2277783e-04   3.0573520e-03
  -3.2458939e-02   2.7689325e-02   4.9134236e-01  -5.8228823e-03  -3.9269945e-04   2.9714760e-03
  -2.5121010e-02   2.1875135e-02   5.1731360e-01  -6.1030614e-03  -3.4990482e-04   2.9751883e-03
  -2.9709148e-02   1.0615232e-02   5.0639230e-01  -5.4569241e-03  -4.2998193e-04   2.9912714e-03
  -1.4495162e-02  -2.2536790e-02   4.9993199e-01  -4.8735537e-03  -5.8814338e-04   3.2264272e-03
  -2.6358051e-02  -1.6519047e-02   5.1663474e-01  -5.6447231e-03  -2.3508561e-04   3.0894634e-03
  -2.5259213e-02  -2.2433545e-02   5.4122155e-01  -5.3242789e-03  -4.4995880e-04   3.3724222e-03
  -1.3430837e-02   6.1290528e-03   5.4057789e-01  -4.9612906e-03  -3.7365921e-04   3.3023403e-03
  -1.6964176e-02   3.6079494e-02   5.1698567e-01  -4.8025586e-03  -4.2710813e-04   3.1744361e-03
  -1.4046586e-02   8.1099189e-02   5.1316044e-01  -4.6063668e-03  -4.2723571e-04   3.5508336e-03
  -2.2607499e-02   1.0437536e-01   5.0174105e-01  -4.5048717e-03  -3.7450710e-04   3.5479513e-03
  -8.9469141e-03   1.1237655e-01   5.0910939e-01  -4.4163232e-03  -5.6318094e-04   3.8481033e-03
  -5.5463531e-03   7.8179693e-02   5.0741390e-01  -4.5736959e-03  -2.4530733e-04   4.0105871e-03
  -1.5985929e-02   8.0788317e-02   5.1525940e-01  -4.9729091e-03  -1.5579307e-04   3.9169279e-03
  -1.3987570e-02   7.9751800e-02   5.1548189e-01  -4.6384900e-03  -3.1359476e-04   3.9253927e-03
   2.2690815e-02   4.6630342e-02   4.7258898e-01  -4.8303836e-03  -2.9163586e-04   4.3053889e-03
  -4.5432345e-03   7.3626748e-02   4.9248736e-01  -5.1957648e-03  -3.0326457e-04   3.9152241e-03
  -1.0433447e-02   6.0125190e-02   5.1741420e-01  -4.7835020e-03  -1.2041439e-04   3.9219222e-03
  -1.2991947e-02   8.1157737e-02   5.0425489e-01  -5.4575365e-03  -4.7780523e-04   3.7949725e-03
  -1.7709282e-02   7.9696292e-02   4.8199739e-01  -4.9586413e-03  -5.1544987e-04   3.9119296e-03
  -1.1638082e-02   5.0221031e-02   5.1603330e-01  -4.5240366e-03  -6.4328706e-04   4.1964798e-03
  -7.2539813e-03   4.4874936e-02   4.8362920e-01  -4.0220970e-03  -8.8362275e-04   4.2502661e-03
  -8.0027605e-03   7.8479470e-02   5.1957616e-01  -4.0103214e-03  -7.3244903e-04   4.4331884e-03
  -1.4048568e-02   8.6565925e-02   5.2153035e-01  -3.6245927e-03  -8.7070077e-04   4.0827015e-03
  -1.3364976e-02   1.1882211e-01   5.0059566e-01  -3.7461198e-03  -8.9179028e-04   4.2479420e-03
  -2.4473264e-02   1.0854987e-01   4.9960982e-01  -4.2605206e-03  -8.2957595e-04   4.0131772e-03
  -2.5513463e-02   1.1054737e-01   5.2146170e-01  -4.7386454e-03  -7.7962255e-04   4.0485497e-03
  -3.6239723e-02   1.3926554e-01   5.6854611e-01  -4.7456764e-03  -5.0680139e-04   3.7832993e-03
  -1.8207869e-02   1.0259821e-01   5.4683541e-01  -4.7610205e-03  -8.7137595e-04   4.0748514e-03
  -3.7297469e-02   1.0711219e-01   5.2006103e-01  -4.4466544e-03  -7.4460611e-04   3.8969691e-03
  -2.6712438e-02   9.8865522e-02   5.2094471e-01  -4.4706883e-03  -7.7402499e-04   4.2971263e-03
  -4.3085501e-02   8.7848271e-02   5.2313607e-01  -3.6703699e-03  -4.9044966e-04   4.1367679e-03
  -4.2231388e-02   7.0823962e-02   5.0844501e-01  -3.7408613e-03  -4.3780107e-04   4.0151409e-03
  -3.0144901e-02   7.9919946e-02   5.6591237e-01  -4.2158644e-03  -5.5565814e-04   4.3471812e-03
  -2.1929975e-02   6.6069877e-02   5.6714501e-01  -3.7473616e-03  -5.8425809e-04   4.6040838e-03
  -1.4589880e-02   6.1012461e-02   6.0721624e-01  -3.7828947e-03  -4.8291796e-04   4.9268856e-03
  -1.1488088e-02   8.2225824e-02   5.9607437e-01  -4.0673068e-03  -3.2110359e-04   4.8530349e-03
  -1.4841899e-02   9.8622940e-02   6.2373778e-01  -4.0710364e-03  -2.2821223e-04   5.0228583e-03
  -1.9517439e-02   1.2476348e-01   5.8613642e-01  -3.5355169e-03  -2.4563139e-04   4.9511838e-03
   2.4544738e-02   1.0919129e-01   6.1034521e-01  -3.0530147e-03  -4.8185840e-04   5.6823682e-03
   2.5080769e-03   1.5471912e-01   5.9979183e-01  -2.8783908e-03  -3.7930338e-04   5.5062011e-03
   1.2558778e-02   1.5265839e-01   6.1937870e-01  -3.1202443e-03  -3.0661412e-04   5.8326374e-03
   2.6985504e-03   1.8048844e-01   5.7150651e-01  -2.5642457e-03  -3.6635780e-04   5.5088782e-03
   8.8692986e-03   1.9722649e-01   5.7973292e-01  -2.7611877e-03  -3.7341104e-04   5.6612788e-03
   2.9783023e-03   2.1860913e-01   5.8333118e-01  -2.5691180e-03  -1.7150032e-04   5.9419312e-03
   2.2001746e-02   2.0542373e-01   6.0972133e-01  -2.9189460e-03  -1.2329833e-04   6.0583002e-03
   1.8030457e-02   2.1037954e-01   6.0259333e-01  -2.7070018e-03  -7.6605420e-05   5.7450178e-03
   2.1684561e-02   2.0888900e-01   5.8231985e-01  -3.0392669e-03  -1.9818279e-04   5.9075934e-03
   1.7506189e-02   1.8831516e-01   6.4129833e-01  -4.1840280e-03  -7.9823771e-05   6.0950938e-03
   3.7577059e-03   1.9693862e-01   6.1988979e-01  -3.9531479e-03   1.2190027e-04   5.9593196e-03
   1.4738720e-02   2.5049985e-01   6.2553382e-01  -3.4693047e-03  -1.4623719e-05   6.0650524e-03
   3.3998578e-03   2.1263925e-01   6.1792005e-01  -3.3890249e-03  -3.4051338e-05   5.8886307e-03
   9.8936550e-03   2.0433971e-01   5.9867800e-01  -3.6018321e-03  -2.3062039e-04   6.1634398e-03
   9.0075054e-03   1.8030331e-01   5.9755413e-01  -2.9598609e-03  -4.3269510e-04   6.2581722e-03
  -2.6490223e-02   1.6235344e-01   6.2520335e-01  -2.9517438e-03  -1.1687112e-04   5.9848919e-03
  -1.0355828e-02   1.8255029e-01   6.0534996e-01  -2.8842566e-03  -2.4258890e-04   6.2146956e-03
  -9.8775080e-03   2.0100886e-01   5.9176131e-01  -2.5024340e-03  -1.8012409e-04   6.5095400e-03
  -2.0714004e-02   2.5748899e-01   5.6394213e-01  -2.2615783e-03  -6.6926627e-05   6.3019101e-03
  -4.1830961e-02   2.5030783e-01   5.8701613e-01  -2.5331228e-03  -2.5845492e-04   6.2766873e-03
  -5.4822073e-02   2.4629147e-01   5.9441445e-01  -2.5977715e-03   8.8313038e-05   6.1818217e-03
  -3.7580668e-02   2.6281913e-01   5.7529813e-01  -2.2789497e-03  -2.2444379e-04   6.4316816e-03
  -6.8247489e-02   2.7060449e-01   5.8607719e-01  -2.2627855e-03   1.2543549e-04   5.9483284e-03
  -6.6416611e-02   2.5440515e-01   5.7049517e-01  -1.9976449e-03   2.5648855e-04   5.8214351e-03
  -8.4644876e-02   2.4447567e-01   5.9107221e-01  -2.3345034e-03  -5.6089856e-06   6.0147728e-03
  -7.9795423e-02   2.5531325e-01   5.7587576e-01  -2.7777542e-03   2.5276385e-04   5.9833767e-03
  -8.1165939e-02   2.3786782e-01   5.9765376e-01  -3.1447292e-03   1.4935340e-04   6.0593237e-03
  -8.0429192e-02   2.5415841e-01   6.0358563e-01  -3.1232686e-03   4.1605804e-04   5.9470706e-03
  -8.3924252e-02   2.2388693e-01   5.9934887e-01  -2.8982244e-03   1.7850584e-04   6.0509925e-03
  -9.8502529e-02   2.5084755e-01   5.9954093e-01  -3.0764590e-03   2.8401629e-04   5.8725498e-03
  -1.0135843e-01   2.6381792e-01   6.1600907e-01  -2.9713130e-03   3.3577341e-04   5.9326962e-03
  -1.0964746e-01   2.7745300e-01   5.9498902e-01  -2.7996541e-03   4.7435703e-04   5.9291023e-03
  -1.0915063e-01   2.4791415e-01   5.5897315e-01  -2.4623765e-03   3.8597028e-04   5.7831942e-03
  -7.5119368e-02   1.7496476e-01   5.0044406e-01  -1.0411024e-03   1.0306289e-04   6.2419561e-03
  -9.6577841e-02   2.3136707e-01   6.2756399e-01  -1.2461221e-03   4.4779902e-04   6.0081984e-03
  -9.4479398e-02   2.5057339e-01   5.2624868e-01  -8.1616696e-04   2.3634088e-04   6.1426431e-03
  -9.8153991e-02   2.6645234e-01   5.9878633e-01  -9.5219977e-04   4.9735470e-04   6.1979183e-03
  -8.1044295e-02   2.6687869e-01   5.0868392e-01  -4.7954917e-04   8.7901327e-05   6.5587539e-03
  -8.7926428e-02   2.2686967e-01   6.4398543e-01  -8.4457800e-04   5.2276890e-04   6.4815296e-03
  -1.4060702e-01   3.6718056e-01   7.5070281e-01  -1.9418705e-03   1.1398441e-03   5.2334539e-03
  -1.0465624e-01   2.1851516e-01   6.3032087e-01  -4.6740200e-04   3.1291990e-04   5.8834937e-03
  -1.4577364e-01   2.2666533e-01   7.3778282e-01  -1.2672697e-03   5.6037674e-04   5.7944329e-03
  -1.6352343e-01   2.2524017e-01   6.9787383e-01  -1.4912591e-04   2.8696016e-04   5.6533200e-03
  -1.4766002e-01   1.9786470e-01   7.6546810e-01  -5.7002148e-04   4.2961034e-04   5.9306466e-03
  -1.5863800e-01   2.3605177e-01   7.4042528e-01  -3.5259946e-04   5.8898220e-04   5.7633646e-03
  -1.3787407e-01   2.3673338e-01   7.5427541e-01  -6.6495427e-04   5.0965268e-04   6.1418198e-03
  -1.5855656e-01   2.7870483e-01   6.8652834e-01   1.8668194e-04   4.4496090e-05   5.9476384e-03
  -1.5469244e-01   2.8811457e-01   7.3654978e-01   3.1087789e-04   7.2648212e-05   5.9682427e-03
  -1.7229567e-01   3.0679475e-01   7.6476789e-01  -9.4515893e-04   4.3028249e-04   5.8913400e-03
  -1.7029181e-01   3.1809767e-01   7.7190423e-01  -5.2456138e-04   1.7790997e-04   5.9517436e-03
  -1.8312066e-01   3.1165854e-01   7.7865801e-01  -4.6343427e-04   2.3183327e-04   5.8228816e-03
  -1.7344091e-01   2.9835007e-01   7.8823624e-01  -5.5086294e-04   5.1115369e-04   5.9630327e-03
  -1.5300663e-01   2.9954228e-01   7.7752488e-01  -2.0194035e-04   2.4714271e-04   6.2263079e-03
  -1.4721889e-01   3.0502800e-01   7.9585361e-01   5.8369880e-05   2.2309179e-04   6.5239429e-03
  -1.4935087e-01   3.4058493e-01   7.8936597e-01  -2.8368136e-04   3.8313929e-04   6.5592583e-03
  -1.3723605e-01   3.4974722e-01   7.6283324e-01   4.0875166e-04   1.2327413e-04   6.7404930e-03
  -1.2951244e-01   3.5508756e-01   8.0795256e-01  -1.2976869e-04   6.5546512e-04   7.0219144e-03
  -1.1719569e-01   3.6283914e-01   7.6076522e-01   4.2516259e-04   7.1992228e-05   7.0623918e-03
  -1.2885755e-01   3.4470347e-01   7.7628546e-01  -1.8355664e-04   3.5796482e-04   6.8592734e-03
  -1.4663220e-01   3.4900978e-01   7.9089437e-01  -8.4254591e-04   6.3135969e-04   6.5495823e-03
  -1.4604178e-01   3.2327630e-01   7.9048201e-01  -8.5394116e-04   6.2731700e-04   6.5553193e-03
  -1.5750704e-01   3.2723715e-01   8.2499112e-01  -6.9272972e-04   7.1333242e-04   6.6072420e-03
  -1.5716125e-01   2.9827943e-01   8.1727766e-01  -5.0153329e-04   6.4591533e-04   6.4255882e-03
  -1.5709121e-01   3.1158323e-01   8.1603368e-01  -2.6996824e-04   4.0108023e-04   6.6666162e-03
  -1.5943454e-01   2.8202950e-01   8.2280868e-01  -7.5507171e-05   4.9139129e-04   6.4680847e-03
  -1.5532627e-01   2.8832782e-01   8.7416122e-01  -9.7631197e-05   3.1662602e-04   6.7331823e-03
  -1.3321101e-01   2.9034070e-01   8.2794283e-01   1.0513736e-04  -7.1182127e-05   6.7708533e-03
  -1.2689908e-01   3.2245477e-01   8.1510940e-01  -1.4982123e-04   9.6994137e-05   6.8151527e-03
  -1.4443555e-01   3.1155269e-01   8.2965780e-01   2.0427551e-04   1.3347359e-04   6.4543548e-03
  -1.4515600e-01   3.0440284e-01   8.3192999e-01  -1.3899380e-04   2.4193997e-04   6.4301886e-03
  -1.4748700e-01   3.0816222e-01   8.5681495e-01  -2.0165279e-05   1.4584169e-04   6.7606315e-03
  -1.3885108e-01   3.2763008e-01   8.4849539e-01   1.9930669e-04   7.4922128e-05   6.7461686e-03
  -1.3658991e-01   3.2017829e-01   8.6872070e-01   3.1656016e-04   2.6491744e-04   6.9498296e-03
  -1.3558167e-01   3.2955224e-01   8.8676655e-01   5.5806081e-05   4.4617770e-04   6.9573059e-03
  -1.3551758e-01   3.4077657e-01   8.5128369e-01  -2.6818371e-06   2.9608515e-04   6.8613002e-03
  -1.5043632e-01   3.7401428e-01   8.4192308e-01   3.3168529e-04   3.3947386e-04   6.8559301e-03
  -1.3450402e-01   3.7766294e-01   8.2815431e-01   1.9572094e-04   3.4987698e-04   6.8417402e-03
  -1.5636426e-01   4.0860130e-01   8.2794148e-01   1.1053561e-04   4.7913772e-04   6.7994121e-03
  -1.4832536e-01   4.1464294e-01   8.5409114e-01   6.0328708e-05   4.8617042e-04   6.8442548e-03
  -1.6285288e-01   4.0416384e-01   8.5191974e-01  -4.7485711e-04   6.9662214e-04   6.5498722e-03
  -1.4786870e-01   3.6695279e-01   8.6495647e-01  -7.0658688e-04   9.3909155e-04   6.5330453e-03
  -1.4996432e-01   3.5212551e-01   8.6317711e-01  -3.8404115e-04   7.4917161e-04   6.7858890e-03
  -1.4263984e-01   3.7391855e-01   8.6135845e-01  -4.4504188e-04   1.0174316e-03   6.7584012e-03
  -1.3290241e-01   3.9225908e-01   8.5127291e-01  -5.0781466e-04   6.8049047e-04   7.1685031e-03
  -1.2975578e-01   4.1474725e-01   8.0921778e-01   4.1979219e-04   5.2171935e-04   7.3564559e-03
  -1.5052071e-01   4.4696027e-01   8.5852380e-01  -2.0746939e-04   8.3215218e-04   7.0197753e-03
  -1.2529880e-01   4.4691330e-01   8.2253425e-01   3.9774663e-04   5.5320510e-04   7.5488082e-03
  -6.0402339e-02   3.8243415e-01   8.3143234e-01   5.0773606e-04   2.3895154e-04   8.3353483e-03
  -8.3104887e-02   4.5957533e-01   8.4558939e-01   9.2273477e-04   8.5987841e-04   7.9846352e-03
  -3.9296307e-02   4.9315887e-01   8.2273847e-01   1.2821330e-03   9.0723464e-04   8.7283128e-03
  -6.3857093e-02   4.8888733e-01   8.2581384e-01   2.2871077e-03   1.5690264e-03   8.2196191e-03
  -3.5974502e-02   4.6858065e-01   7.7761232e-01   2.8390319e-03   1.5320363e-03   8.5201709e-03
  -9.5038588e-03   4.5001576e-01   8.2493146e-01   1.6283399e-03   1.5242550e-03   9.0675206e-03
  -1.6248118e-03   4.3059034e-01   8.2398465e-01   2.1705787e-03   1.7184282e-03   9.0675444e-03
   2.6768632e-02   3.6539781e-01   8.4384646e-01   1.2885918e-03   1.8418102e-03   9.7447665e-03
   1.9355896e-02   3.9713930e-01   8.5499211e-01   1.2993662e-03   2.0954941e-03   9.6996216e-03
   3.8123188e-02   3.9932479e-01   8.4801965e-01   1.4204768e-03   1.9930902e-03   1.0143604e-02
