   0.0000000e+00   0.0000000e+00  -7.1054274e-15   0.0000000e+00   0.0000000e+00   0.0000000e+00
   3.6425198e-03   1.7455941e-02  -1.8605829e-02   1.7024804e-04  -2.0074265e-04  -2.5252935e-04
   1.1494491e-02   3.8127826e-02  -1.3702489e-02  -1.1584681e-05  -4.0589199e-04  -1.4897060e-04
   2.0630509e-02  -1.5725726e-02  -2.4654433e-03  -8.4093802e-06  -5.4082956e-04  -6.2626881e-05
   2.5740918e-02   2.5908627e-02  -4.2532454e-02   4.2447223e-04  -3.8491317e-04  -7.9594714e-05
   1.1314234e-02   3.5450901e-02   2.5228173e-03  -5.0102535e-05  -6.9588807e-04  -3.5539379e-04
   1.5447572e-02   1.6919871e-02  -2.3636846e-02   1.2678411e-04  -1.9531023e-04  -4.7446434e-04
   4.0297231e-02   3.5574140e-02  -2.5730396e-02   1.8261680e-04  -7.4892916e-04   1.0626412e-04
   1.5466692e-02   1.3978892e-03  -4.5400472e-02   5.9522222e-04  -6.5999351e-04  -2.6589280e-04
   3.9473513e-02   4.4671340e-02  -6.5023109e-02  -1.1404870e-05  -7.3680860e-04  -3.6329213e-05
   3.2162408e-02   2.5550362e-02  -2.3330657e-02   5.4996691e-05  -9.4595276e-04  -3.3436214e-04
   5.4367673e-02   2.7494437e-02  -7.7125978e-02   6.6336974e-04  -6.5000567e-04   2.9862537e-04
   5.1123102e-02   4.7440687e-02  -6.8636198e-02   8.3076608e-04  -7.2881017e-04  -1.2788060e-05
   5.0475263e-02   4.8319833e-02  -5.4030304e-02   4.6539013e-04  -4.7030438e-04   2.6844082e-04
   4.1795080e-02   5.6989022e-02  -4.7664763e-02  -1.2396197e-04  -2.4939574e-04  -2.5157843e-05
   4.1134386e-02   5.3504279e-02  -1.6658053e-02  -7.4423485e-04  -4.5667381e-04  -1.2561814e-04
   5.8557573e-02   4.9352176e-02  -5.4075310e-02   1.6883557e-04  -3.6873189e-04   2.1140317e-04
   4.1832484e-02   5.2490070e-02  -2.5767325e-02   2.9284417e-06  -4.7861453e-04  -2.9993553e-04
   3.5999586e-02   7.1783095e-02  -1.6117484e-02  -2.4412837e-05  -6.7277502e-04  -3.8876753e-04
   3.7087553e-02   5.5151221e-02  -2.3784633e-02   5.2240693e-04  -3.9238225e-04   5.7658805e-07
   3.7626669e-02   5.5283165e-02  -2.6795516e-02  -2.6680638e-04  -1.8521035e-04   5.5615977e-05
   4.3626212e-02   6.2160630e-02  -5.5514094e-02   3.5827279e-04  -1.5326775e-04   2.1543173e-04
   4.8068110e-02   7.2600433e-02  -4.4248068e-02   5.3863364e-05  -1.6277574e-04  -1.1641894e-04
   4.9060592e-02   6.5055234e-02  -5.3988664e-02   3.3857477e-04  -4.4573025e-04  -3.9687760e-05
   5.8157101e-02   4.2934069e-02  -2.3014660e-02  -5.3732482e-04  -4.4769633e-04  -6.3141428e-05
   6.3122301e-02   8.7073781e-02  -7.7783237e-02   3.9662708e-04  -3.1284784e-04  -9.1274961e-05
   4.3378570e-02   6.7231819e-02  -3.9384983e-02  -3.1902859e-04  -3.7117147e-04  -3.5841190e-04
   4.9245029e-02   5.6978433e-02  -5.8445463e-02   5.0884540e-04  -2.4799707e-04  -3.2850118e-05
   4.6357378e-02   8.6464630e-02  -7.1340069e-02   7.5000701e-04  -2.3283318e-04  -1.5700955e-04
   5.0413236e-02   8.3881529e-02  -7.3817293e-02   5.7427598e-04  -1.2876842e-04   1.3656989e-04
   5.6292026e-02   8.4547486e-02  -9.2031153e-02   5.2304088e-04  -6.1477090e-06  -4.7164846e-05
   5.3157758e-02   1.0381972e-01  -4.6964268e-02  -6.5393528e-05  -2.1120537e-04  -3.2655776e-04
   4.5197394e-02   7.0772244e-02  -5.0415894e-02   6.6002212e-04   1.4810640e-04  -3.2982666e-04
   6.3006784e-02   9.3106607e-02  -1.0909326e-01   1.5681767e-03   5.3557166e-04  -7.4546506e-05
   5.2445886e-02   1.2744591e-01  -6.8461014e-02   6.7774110e-04   6.8060043e-05  -3.7137946e-04
   5.6790511e-02   9.9539182e-02  -3.6469623e-02   1.2032951e-04   1.6634987e-04  -5.0182589e-04
   6.5600386e-02   9.5066491e-02  -5.7890275e-02   1.7270470e-04   3.1502096e-04   3.0644637e-05
   7.2958926e-02   1.2717710e-01  -7.6352156e-02   7.9172456e-04   7.8439978e-05   5.1424403e-05
   7.7140522e-02   1.1413834e-01  -8.1116453e-02   2.0213603e-03  -7.5786376e-05  -2.9452973e-04
   7.9922458e-02   1.3832874e-01  -8.8554680e-02   1.4852779e-03   2.8029758e-04  -6.5842321e-06
   7.2497793e-02   1.0184052e-01  -5.9676229e-02   2.8329578e-04   5.1841679e-04   1.6451083e-04
   7.4041843e-02   9.7171640e-02  -3.2801029e-02  -7.8666626e-05   5.2475616e-04  -1.2214814e-04
   8.7241929e-02   1.0957870e-01  -3.2082954e-02  -3.3173019e-04   6.6720814e-04   1.4748720e-04
   8.6659026e-02   1.0396985e-01  -7.8307793e-02   5.9993445e-04   7.0951976e-04   1.8086201e-04
   7.4311880e-02   1.2689216e-01  -7.0286439e-02   3.8907609e-04   8.7194892e-04  -3.1505253e-04
   8.6684859e-02   1.4090170e-01  -4.8148285e-02  -5.1200312e-04   4.9903090e-04  -6.9425420e-05
   8.0457080e-02   1.0423646e-01  -4.5434726e-02  -1.7173555e-04   7.1468020e-04  -2.8125142e-05
   9.8610667e-02   1.3983368e-01  -9.7793669e-02  -2.7118342e-05   8.2222061e-04   3.5757763e-04
   8.8501090e-02   1.2800779e-01  -7.5511871e-02   1.6780577e-04   6.8802582e-04   1.7057555e-04
   9.9647042e-02   1.3050234e-01  -7.4422762e-02   7.0012897e-04   1.2449399e-03   4.5013228e-04
   8.2280679e-02   1.3976557e-01  -3.9816104e-02  -1.8728124e-04   5.7263068e-04  -1.5108330e-04
   7.8445381e-02   1.1855614e-01  -5.2897702e-02   7.9848812e-05   1.0425211e-03   3.8982779e-05
   8.2797178e-02   1.5904099e-01  -7.8644308e-02   4.5524078e-04   8.3013262e-04  -2.0600213e-04
   8.7858564e-02   1.3505938e-01  -8.3644435e-02   1.2996996e-03   9.9974392e-04   2.7443245e-04
   8.5024574e-02   1.7343676e-01  -9.3456614e-02   7.3844055e-04   8.2473954e-04   2.8706619e-04
   8.8642447e-02   1.6826063e-01  -6.2426051e-02   7.1390411e-04   1.0194868e-03   3.6153938e-04
   8.2334661e-02   1.5537873e-01  -5.3927222e-02   9.2759662e-04   8.3060318e-04   5.9044221e-04
   8.0171758e-02   1.8894068e-01  -8.7960757e-02   1.1177141e-03   1.2461588e-03   5.1353194e-04
   7.4427027e-02   1.6303782e-01  -2.6656167e-02   9.1025412e-04   1.1209288e-03   4.6329198e-04
   8.9189381e-02   1.6885522e-01  -6.0105437e-02   1.3000437e-03   1.4780191e-03   7.4081390e-04
   8.9513835e-02   1.9452654e-01  -5.0112716e-02   8.9165515e-04   9.0868266e-04   8.4894416e-04
   9.0197872e-02   1.6469039e-01  -2.5568713e-02   1.3725204e-03   1.3569934e-03   8.4749071e-04
   1.0343747e-01   1.6611497e-01  -4.6482594e-02   1.4474104e-03   1.4536063e-03   9.3452753e-04
   1.0556170e-01   2.0037190e-01  -2.7546567e-02   1.0411747e-03   1.7206318e-03   9.8898968e-04
   9.5291509e-02   1.8012827e-01  -3.1543584e-02   7.9461003e-04   1.1914127e-03   7.1886544e-04
   1.2476956e-01   4.1868137e-01   1.7227030e-01   3.3765162e-03   1.2561269e-03  -1.3506378e-04
   9.0903209e-02   2.0727828e-01   2.7832643e-02   5.7500741e-03  -4.7843078e-04  -5.6518728e-04
   1.1734092e-01   2.0510448e-01   1.5069654e-02   5.1193679e-03  -1.3708428e-03  -3.1233226e-04
   1.3753339e-01   2.4866688e-01   1.4790421e-02   5.5755954e-03  -2.0818412e-04   6.7289862e-04
   1.4485025e-01   2.2730323e-01   2.9658320e-02   5.0539522e-03  -2.3596979e-04   7.6051009e-04
   1.4661315e-01   2.3163956e-01   4.0807675e-02   4.7065100e-03   6.0204855e-04   8.9778151e-04
   1.4021919e-01   2.0765336e-01   3.1397553e-02   4.7780447e-03   2.9238474e-04   7.4823613e-04
   1.4479404e-01   2.1878657e-01   3.0722224e-02   4.0443292e-03   9.4535618e-05   7.9554402e-04
   1.6778464e-01   2.2226204e-01   2.2528121e-02   3.6644898e-03  -2.6345073e-05   9.8598617e-04
   1.7293327e-01   2.0976366e-01   5.8966215e-03   3.3820592e-03  -4.0235166e-04   1.3840540e-03
   1.5921065e-01   2.3465040e-01   1.2401360e-02   2.9868091e-03  -3.5415468e-04   6.8818577e-04
   1.6620744e-01   2.2843784e-01   3.7912944e-02   2.3947043e-03  -5.6150181e-04   7.9310732e-04
   1.7198611e-01   2.2165594e-01   2.3290185e-02   2.4288001e-03  -6.2129148e-04   9.0690590e-04
   1.5187918e-01   2.1719675e-01  -5.1217173e-03   2.8375003e-03  -3.4228839e-04   5.7111465e-04
   1.6707133e-01   2.4962513e-01  -5.9211234e-02   3.2718098e-03  -2.3932241e-04   8.7709613e-04
   1.6033637e-01   2.5151878e-01  -3.4254600e-02   3.3766673e-03  -6.6934543e-04   6.6594601e-04
   1.6853259e-01   2.2931033e-01  -5.0159177e-02   3.9258809e-03  -3.0182827e-04   7.8811665e-04
   1.8105443e-01   2.5067547e-01  -5.4407073e-02   3.1628505e-03  -3.8677683e-04   1.0611234e-03
   1.7301976e-01   2.5816960e-01  -2.9455847e-02   2.4215872e-03  -1.0031538e-03   6.1198029e-04
   1.8170852e-01   2.3542987e-01  -1.1095342e-02   2.3932670e-03  -9.5009646e-04   7.6565651e-04
   1.7225217e-01   2.2213928e-01  -4.4707871e-02   2.7418883e-03  -7.0298705e-04   9.5181481e-04
   1.6204158e-01   2.5428363e-01  -6.3193356e-02   3.2467018e-03  -1.3184564e-03   4.9787372e-04
   1.7257903e-01   2.2885853e-01  -2.9177245e-02   2.7575792e-03  -1.7719244e-03   8.3963265e-04
   1.7134180e-01   2.2546037e-01  -4.3699852e-02   3.1269776e-03  -1.3831576e-03   8.3220332e-04
   1.5836336e-01   2.3991727e-01  -2.9921094e-02   2.6413879e-03  -1.9176251e-03   5.6841529e-04
   1.6065159e-01   2.3255884e-01  -3.7944307e-02   2.5920729e-03  -1.6865439e-03   1.0366030e-03
   1.6247862e-01   2.3670707e-01  -3.5690299e-02   2.4865461e-03  -1.4652469e-03   1.2085524e-03
   1.7466811e-01   2.6506042e-01  -6.3519313e-02   2.6364173e-03  -1.3292427e-03   9.3764886e-04
   1.6874098e-01   2.4143504e-01  -3.3721960e-02   2.1030401e-03  -1.5475798e-03   9.7097201e-04
   1.6609286e-01   2.1563176e-01   8.8212102e-04   1.6182657e-03  -1.4135112e-03   9.7849751e-04
   1.7784842e-01   2.4401076e-01  -7.0858105e-02   2.8226913e-03  -1.6579520e-03   1.1280677e-03
   1.8448362e-01   2.3264460e-01  -7.6666995e-02   2.4864120e-03  -1.7178700e-03   1.1324412e-03
   1.7121228e-01   2.3562698e-01  -2.9143966e-02   1.5382498e-03  -2.0528138e-03   8.0633566e-04
   1.7093342e-01   2.0078246e-01  -1.9754226e-02   9.2302018e-04  -1.7925601e-03   1.0171056e-03
   1.7786352e-01   2.2906464e-01  -4.4188913e-02   1.1696593e-03  -1.6164631e-03   1.0325248e-03
   1.8089869e-01   2.3573514e-01  -6.8113977e-02   9.5630184e-04  -1.5509873e-03   1.0683128e-03
   1.8208566e-01   2.2679231e-01  -3.4724434e-02   4.5198010e-04  -2.1716489e-03   1.3671790e-03
   1.7785874e-01   2.0130965e-01  -3.8823982e-02   3.2094881e-04  -1.7415232e-03   1.4043688e-03
   1.6590116e-01   2.4312247e-01  -7.1041164e-02   3.8149722e-04  -1.7543737e-03   1.0759474e-03
   1.7658106e-01   2.4329860e-01  -6.7771305e-02   1.1848118e-04  -2.1975714e-03   1.2060157e-03
   1.7957951e-01   2.2443585e-01  -6.0309858e-02   7.0943840e-05  -2.1578576e-03   1.3980805e-03
   1.7848443e-01   2.5393605e-01  -9.9932112e-02   1.9773069e-04  -2.4059707e-03   1.2457181e-03
   1.2771244e-01   2.3769167e-01  -1.6049495e-01   2.1725895e-03  -3.0028272e-03   7.5519611e-04
   1.3414423e-01   2.6938553e-01  -1.0903976e-01   1.5874987e-03  -2.7768755e-03   8.3110458e-04
   1.3001758e-01   2.6250936e-01  -8.6032028e-02   9.2107175e-04  -3.0707538e-03   9.5380992e-04
   1.1408191e-01   2.5892545e-01  -8.9370103e-02   9.0417413e-04  -2.7389801e-03   7.0738426e-04
   1.4269360e-01   2.8911960e-01  -1.0625991e-01   1.0189689e-03  -2.8050697e-03   8.2911375e-04
   1.5337191e-01   2.5663524e-01  -7.2245834e-02  -1.2202999e-05  -2.9864232e-03   1.1153351e-03
   1.3963041e-01   2.5477507e-01  -5.2558294e-02  -1.7143894e-05  -3.2182847e-03   6.5065194e-04
   1.5770055e-01   2.5519048e-01  -1.2822852e-01   1.3738779e-03  -2.9472763e-03   1.3657386e-03
   1.6669851e-01   2.6686172e-01  -1.5686079e-01   1.6045518e-03  -3.2928489e-03   1.2204635e-03
   1.4695783e-01   2.5384913e-01  -7.7477085e-02  -6.1872508e-05  -3.1528911e-03   9.0831081e-04
   1.4592303e-01   2.3177633e-01  -1.1729049e-01   1.4132154e-03  -3.2653005e-03   1.1497366e-03
   1.5026392e-01   2.1486504e-01  -1.0191242e-01   1.2859067e-03  -2.9502490e-03   9.5519684e-04
   1.5682905e-01   2.4878351e-01  -1.0675635e-01   1.6268013e-03  -2.9124959e-03   9.3882591e-04
   1.4591087e-01   2.2953892e-01  -7.4223495e-02   5.6956808e-04  -2.9524546e-03   8.1772317e-04
   1.6093378e-01   2.4306674e-01  -1.2148058e-01   9.9568189e-04  -3.0939123e-03   1.2945314e-03
   1.3957179e-01   2.6342844e-01  -9.6802809e-02   1.4204774e-04  -2.7086809e-03   8.4919843e-04
   1.4046008e-01   2.6596319e-01  -1.2375905e-01   2.3100173e-04  -3.2274396e-03   1.0763663e-03
   1.4249133e-01   2.6612969e-01  -1.4314455e-01   1.0636431e-03  -3.4223883e-03   1.1919701e-03
   1.4265147e-01   2.6756151e-01  -1.4054658e-01   6.9921047e-04  -2.9581388e-03   8.7806858e-04
   1.5371947e-01   2.8906439e-01  -1.7294697e-01   1.1233446e-03  -3.1567515e-03   1.1121415e-03
   1.3713073e-01   2.5107749e-01  -1.2336048e-01   1.6234409e-04  -3.2995188e-03   9.1274476e-04
   1.4690149e-01   2.5925252e-01  -1.6161256e-01   1.2063682e-03  -3.0197233e-03   9.3275566e-04
   1.4289272e-01   2.8154809e-01  -1.2437325e-01   5.4834508e-04  -3.2491046e-03   7.2961545e-04
   1.3246454e-01   2.7229760e-01  -1.5922123e-01   7.7554283e-04  -3.1582013e-03   6.1626478e-04
   1.3405175e-01   2.8922551e-01  -1.6614064e-01   4.3723278e-04  -3.0973070e-03   6.1179012e-04
   1.4379545e-01   3.0297977e-01  -1.9572524e-01   9.2576425e-04  -3.4624913e-03   7.7570224e-04
   1.4903577e-01   2.6229230e-01  -1.7225515e-01   1.0861660e-03  -3.6336713e-03   7.8016948e-04
   1.4403131e-01   2.7405342e-01  -1.5792089e-01   5.0626264e-04  -3.5342339e-03   7.1367902e-04
   1.4679302e-01   2.9876832e-01  -1.5082088e-01   7.4912510e-04  -3.8007147e-03   5.2629590e-04
   1.4808264e-01   2.7096632e-01  -1.3085337e-01  -5.4410143e-05  -3.8887650e-03   8.2090261e-04
   1.3861095e-01   2.8792400e-01  -1.8727298e-01   4.8676217e-04  -3.4655959e-03   7.7705082e-04
   1.3294714e-01   3.1150325e-01  -1.3383145e-01  -7.7678153e-04  -4.7473184e-03   5.3553490e-04
   9.7818933e-02   3.0925733e-01  -1.8051669e-01  -3.2818236e-04  -4.9139519e-03   1.8656864e-04
   5.6824569e-02   2.8581849e-01  -2.3062403e-01   6.6646613e-04  -5.7478408e-03  -1.8749010e-04
   6.3123355e-02   3.0002640e-01  -2.7831674e-01   1.5099062e-03  -5.3345086e-03   7.2679898e-05
   6.8345010e-02   3.1326162e-01  -2.4199618e-01   1.1282265e-03  -5.3418763e-03   2.9355105e-04
   7.4734348e-02   3.0247854e-01  -2.0408029e-01   1.8272078e-04  -5.4713596e-03   1.6026813e-04
   1.0336208e-01   2.9447656e-01  -1.5130380e-01  -2.5950364e-04  -5.4978972e-03   2.9291438e-04
   1.2108503e-01   3.0784908e-01  -1.8461598e-01   7.5336886e-04  -5.6050656e-03   2.0576723e-04
   1.3785040e-01   3.2625853e-01  -1.7860412e-01   9.9685848e-05  -5.6616517e-03   6.1909573e-04
   1.3166079e-01   3.3532801e-01  -1.6756664e-01  -1.2174287e-03  -5.1444201e-03   6.4530207e-04
   1.1773330e-01   3.1932691e-01  -1.3365962e-01  -1.5178051e-03  -5.8510786e-03   5.9203480e-04
   1.0418920e-01   3.0058046e-01  -1.2944881e-01  -1.5993285e-03  -5.6981194e-03   3.4497127e-04
   9.3816956e-02   2.8007544e-01  -9.5138671e-02  -2.0767610e-03  -5.7988927e-03   8.0343769e-04
   1.0333899e-01   3.0713646e-01  -9.8445688e-02  -2.5893374e-03  -6.1535224e-03   5.2680446e-04
   1.0560911e-01   2.7117709e-01  -1.5513826e-01  -1.2550298e-03  -5.5193119e-03   6.4865300e-04
   1.0134313e-01   2.8968464e-01  -1.7206813e-01  -1.5531720e-03  -5.8831460e-03   7.0251342e-04
   1.0899236e-01   2.7780419e-01  -1.7991423e-01  -6.9214947e-04  -5.6453738e-03   8.5312769e-04
   9.1852490e-02   3.0038121e-01  -1.4304376e-01  -2.4201583e-03  -5.1188198e-03   4.1202645e-04
   9.5679336e-02   3.0099767e-01  -1.6553876e-01  -1.6012383e-03  -5.8064311e-03   3.1286563e-04
   9.4723506e-02   2.8041819e-01  -1.4514153e-01  -3.2522213e-03  -5.2343016e-03   5.6869099e-04
   1.0749893e-01   2.9376153e-01  -2.1455572e-01  -1.5644615e-03  -5.2470156e-03   9.1361957e-04
   9.8938741e-02   2.7614914e-01  -1.9689796e-01  -1.9349185e-03  -5.2294534e-03   8.1948022e-04
   1.1360590e-01   2.6949896e-01  -2.2141004e-01  -1.4092402e-03  -5.3876404e-03   1.0390441e-03
   1.1951109e-01   2.6407357e-01  -2.0708635e-01  -2.0032359e-03  -5.2470238e-03   1.0912803e-03
   1.1962542e-01   2.7615078e-01  -2.0646015e-01  -2.6490655e-03  -5.0988514e-03   1.0357512e-03
   1.2090520e-01   2.9910563e-01  -2.1917754e-01  -2.9544455e-03  -5.0027679e-03   9.6447384e-04
   1.1866975e-01   3.2146213e-01  -2.2148880e-01  -2.3052487e-03  -4.6016874e-03   6.7697612e-04
   9.2360083e-02   2.8862185e-01  -2.1052313e-01  -3.8111193e-03  -4.9064610e-03   7.2930255e-04
   8.8254094e-02   2.9062100e-01  -2.2263829e-01  -4.0034530e-03  -4.4699369e-03   7.3140147e-04
   1.0974736e-01   3.1650102e-01  -3.0440174e-01  -2.0734227e-03  -4.7446852e-03   1.5891615e-03
   9.9094487e-02   3.1011569e-01  -2.4503417e-01  -3.3869668e-03  -4.6871489e-03   9.0577555e-04
   1.2045194e-01   3.0521678e-01  -2.1055401e-01  -4.0904516e-03  -4.6280957e-03   1.1741313e-03
   1.0643256e-01   2.9427252e-01  -2.2763568e-01  -4.3494715e-03  -4.0084183e-03   1.4734636e-03
   1.1864237e-01   2.9954399e-01  -1.5910203e-01  -5.6728373e-03  -3.5675834e-03   1.4508995e-03
   1.2542899e-01   3.1742386e-01  -1.9450259e-01  -4.5604136e-03  -3.8297897e-03   1.3511389e-03
   1.4005739e-01   3.1869245e-01  -1.5852508e-01  -5.0382780e-03  -4.0087565e-03   1.5588169e-03
   1.1455062e-01   3.0910450e-01  -2.2213982e-01  -4.0646542e-03  -3.6701542e-03   2.1905021e-03
   1.0087211e-01   3.0407780e-01  -1.6744517e-01  -6.1369013e-03  -3.3351119e-03   1.8481581e-03
   1.1658917e-01   3.5740720e-01  -2.1298814e-01  -2.2304290e-03  -4.4172235e-03   5.6808644e-04
   1.1054564e-01   3.0409008e-01  -3.4201863e-01  -3.2079160e-05  -4.5446123e-03   6.9202819e-04
   1.5862531e-01   3.0457208e-01  -2.5979106e-01  -1.5700788e-03  -4.4887121e-03   1.9676473e-03
