   1.0547457e-14  -1.1358462e-14   0.0000000e+00   0.0000000e+00  -4.7908022e-35  -1.1013919e-17
  -2.9247796e-02   1.5373084e-02   2.3383666e-02  -1.7016633e-03  -1.5198936e-03   2.9017241e-04
  -6.1785780e-02  -3.3850559e-02  -5.5816476e-02  -2.0884026e-03  -2.6642759e-03  -8.5406900e-05
  -3.6753283e-02  -9.2826623e-02  -1.3495398e-01  -1.7213958e-03  -2.7728948e-03   4.7082049e-05
  -6.9382361e-02   1.3065774e-01   2.8964329e-01   4.9237958e-04  -2.7076039e-03   8.0211214e-04
  -1.6370388e-01   9.9548444e-02   2.1256261e-01  -1.1160527e-03  -3.2954300e-03  -4.4221942e-04
  -1.2053051e-01  -4.5333008e-02  -2.3984037e-02   7.7897678e-04  -3.5185292e-03  -1.8186112e-04
  -1.5313649e-01  -7.9330374e-02   9.2811240e-03  -3.8834050e-04  -3.9045098e-03  -6.4178744e-04
  -1.3913915e-01  -9.8602053e-02   6.4250163e-02   1.6188497e-04  -3.4557839e-03  -8.4451788e-04
  -1.6559410e-01  -1.2793876e-01   1.6201433e-01  -1.0210235e-04  -3.5654480e-03  -1.0290603e-03
  -1.8677071e-01   4.5150401e-02   2.0248162e-01   5.1434116e-04  -2.9073690e-03  -9.9451661e-04
  -1.7025677e-01  -1.0554355e-01   1.3436879e-02   7.1235736e-04  -4.1425314e-03  -1.0762476e-03
  -1.8979292e-01   5.2143465e-02   1.8862658e-01   2.1483730e-03  -2.9125508e-03  -1.1391316e-03
  -2.1380935e-01  -6.5018251e-02   1.5841264e-01   2.1451545e-06  -3.6360019e-03  -1.3240816e-03
  -2.3308115e-01   4.5950668e-02   1.4981490e-01   4.6938435e-04  -3.0531313e-03  -1.4862089e-03
  -3.0267570e-01   7.4132058e-02   3.1277822e-01  -2.3304248e-04  -2.2918303e-03  -2.2641553e-03
  -2.2074843e-01  -7.7754748e-02  -9.3709339e-02   1.0240094e-03  -3.4488948e-03  -1.1797668e-03
  -2.9842330e-01   1.9781330e-01   5.6914073e-01   3.5425606e-04  -1.6124628e-03  -1.8995392e-03
  -3.1302149e-01   3.4052933e-01   2.7125086e-01   6.5709838e-04  -2.9494321e-03  -2.0703358e-03
  -2.7387201e-01   6.8973551e-02   9.4585025e-02   1.3147844e-03  -3.4557895e-03  -2.1424594e-03
  -2.7786092e-01   1.3983644e-02   5.0045827e-02   9.1548428e-04  -3.1461190e-03  -2.3228952e-03
  -2.7397211e-01  -1.0605287e-01   1.9688321e-01  -4.8224165e-04  -3.9576894e-03  -1.6898918e-03
  -2.5656928e-01  -6.1090719e-02   1.2912271e-01   8.6484977e-05  -3.0246604e-03  -1.5979226e-03
  -2.5841598e-01  -7.0001871e-02   2.5392980e-01   1.0278078e-03  -2.5254818e-03  -1.5939176e-03
  -2.8997074e-01   3.5923823e-02   3.0058033e-01  -5.6545967e-04  -2.7595841e-03  -1.8218148e-03
  -2.9609296e-01   1.4069874e-02   1.3775093e-01   1.1665922e-03  -2.6288849e-03  -2.1282545e-03
  -2.9424193e-01  -5.1769605e-02   2.6000118e-01  -7.0247853e-04  -2.7080287e-03  -2.0683743e-03
  -3.0564634e-01   1.1152309e-01   3.0920293e-01   8.0115055e-04  -2.1831630e-03  -2.0771025e-03
  -2.8767671e-01  -5.7276639e-02   4.1304174e-01  -4.4703373e-04  -2.3558740e-03  -1.9484779e-03
  -3.0192217e-01  -9.8785462e-03   3.5711597e-01  -3.4717378e-04  -2.1146477e-03  -1.7925465e-03
  -3.1687803e-01  -6.0639120e-02   3.7836043e-01  -1.0811090e-03  -2.5772775e-03  -1.9495522e-03
  -3.4238645e-01   1.4082113e-01   4.8423937e-01   5.6322829e-04  -1.6697767e-03  -1.6167991e-03
  -3.3432120e-01  -3.0517257e-02   3.3892284e-01  -2.2596728e-04  -2.5152566e-03  -1.7133912e-03
  -3.4358275e-01  -1.3876994e-02   4.3412678e-01  -6.5218341e-04  -1.7148548e-03  -2.4381474e-03
  -3.5562618e-01   1.9050897e-02   5.1321947e-01  -6.5961465e-04  -1.9813473e-03  -1.8346602e-03
  -3.6045915e-01  -2.9926261e-02   4.4145856e-01   1.8300466e-03  -1.4903922e-03  -1.7762806e-03
  -3.5410901e-01  -7.5099199e-02   3.7897143e-01   4.6473575e-04  -2.0516310e-03  -1.7473508e-03
  -3.4426849e-01  -1.6436335e-02   5.4624672e-01   7.3986403e-04  -1.3712195e-03  -1.9193414e-03
  -4.0897271e-01   6.8524569e-02   6.5306173e-01   1.8574655e-04  -8.3079123e-04  -2.2510950e-03
  -3.9808418e-01   6.4192481e-02   5.3160130e-01  -5.5422165e-04  -1.2987554e-03  -2.0018929e-03
  -3.8100736e-01  -3.2785719e-02   4.6107216e-01   7.7576420e-04  -1.2696804e-03  -2.2876519e-03
  -3.8604294e-01  -5.4884940e-02   4.4491391e-01   2.2559461e-04  -1.3536684e-03  -1.8518353e-03
  -4.2013149e-01   2.1180137e-01   5.7406138e-01   4.4342493e-04  -5.5805311e-04  -2.6601945e-03
  -4.4429026e-01   8.6157068e-02   5.0493402e-01  -3.0587241e-04  -1.2656303e-03  -3.0566082e-03
  -3.8417345e-01  -1.2463232e-01   2.9275141e-01   1.1514074e-03  -2.1187016e-03  -2.1790203e-03
  -3.5890456e-01  -4.7365646e-02   2.2749671e-01   2.2509239e-03  -1.6210927e-03  -2.2234705e-03
  -3.2144063e-01  -5.7492604e-02   1.5159230e-01   1.5620521e-03  -2.5176444e-03  -1.9923276e-03
  -3.1499985e-01   2.0178568e-03   4.8345148e-01   1.5141056e-03  -1.0531310e-03  -2.0233513e-03
  -2.6123048e-01   1.8767517e-01   4.5184163e-01  -3.6808791e-04  -1.2128802e-03  -1.1803098e-03
  -2.7276251e-01   6.8547338e-03   9.4771476e-02   2.6303280e-03  -2.2697785e-03  -1.4499434e-03
  -2.6324787e-01   2.0981302e-03   1.6970360e-01   1.6723239e-03  -1.9835166e-03  -1.1032254e-03
  -2.8137298e-01   1.0273000e-02   9.8063815e-02   2.8030509e-03  -2.2467516e-03  -1.3370343e-03
  -3.0995865e-01   1.1595971e-01   5.1854116e-01   1.6665134e-03  -7.9176237e-05  -1.4884082e-03
  -3.0238658e-01   8.9819953e-02   3.0816474e-01   2.6258239e-03  -1.0872653e-03  -1.3412361e-03
  -2.9037286e-01   5.7802234e-02   3.9012965e-01   1.7094461e-03  -1.4994994e-03  -1.1806355e-03
  -3.2589147e-01  -3.2853674e-03   3.3898732e-01   1.5025012e-03  -1.5872362e-03  -1.4720282e-03
  -3.3864160e-01   4.0125000e-01   5.0517323e-01   3.2621349e-03  -1.5648539e-04  -1.7284548e-03
  -3.3002300e-01   4.0854995e-01   5.4532944e-01   1.2780052e-03  -1.3111214e-03  -1.6646717e-03
  -3.2077933e-01   2.1555014e-01   2.6313867e-01   2.3702974e-03  -1.5459909e-03  -2.1151725e-03
  -2.9333494e-01   1.6728392e-01   1.6081667e-01   2.6720107e-03  -2.4018223e-03  -1.3625743e-03
  -3.2007420e-01   1.5494753e-01   7.7875688e-02   3.0166900e-03  -2.0952309e-03  -1.7935832e-03
  -3.0843676e-01   1.3318576e-01  -3.6114894e-02   4.6321449e-03  -2.4226604e-03  -1.5404469e-03
  -3.3023751e-01   3.5629995e-02   1.6481181e-01   3.0830760e-03  -2.0374216e-03  -1.8637136e-03
  -3.5868014e-01   1.9784995e-01   6.5654409e-01   2.0697549e-04  -1.2309622e-03  -1.7305547e-03
  -3.5714738e-01   1.9829874e-01   3.9420928e-01   2.1501450e-03  -8.9099289e-04  -1.8116709e-03
  -3.4013263e-01   1.3308871e-01   3.7828364e-01   2.4026020e-03  -1.4744561e-03  -1.4187419e-03
  -3.3763837e-01   8.9778647e-02   2.3129999e-01   2.2107088e-03  -2.4078168e-03  -1.3104243e-03
  -3.6616989e-01   2.2645823e-01   4.9776074e-01   2.1352880e-03  -1.2339282e-03  -1.1266737e-03
  -3.6085831e-01   2.1399354e-01   4.5566318e-01   2.0589062e-03  -8.5712394e-04  -1.2072896e-03
  -3.3214500e-01   9.6183065e-02   3.2040443e-01   3.4554368e-03  -1.4099572e-03  -1.2074823e-03
  -3.1335652e-01   1.1167439e-01   2.2268126e-01   3.3537680e-03  -1.3876952e-03  -9.8613218e-04
  -3.3568507e-01   9.6552696e-02   3.5820079e-01   3.2570301e-03  -1.2090595e-03  -7.9667412e-04
  -3.8616920e-01   1.4791554e-01   5.1881556e-01   1.2147180e-03  -5.5690040e-04  -1.7932275e-03
  -3.6785546e-01   3.1038485e-01   5.6275979e-01   3.6215865e-03  -5.8006810e-04  -1.0589254e-03
  -2.9380408e-01   1.4683733e-01   3.3519026e-01   3.8514260e-03  -2.2842615e-03  -9.3565084e-04
  -2.9435258e-01   8.0418931e-02   1.5771308e-01   3.9365658e-03  -2.2640483e-03  -6.1117295e-04
  -2.6726735e-01   1.3658604e-01   2.8632030e-01   4.6418215e-03  -1.9525420e-03  -2.7864490e-04
  -2.9608774e-01   9.5123764e-02   1.9466106e-01   3.1858902e-03  -1.8355128e-03  -7.2225785e-04
  -3.3208720e-01   2.7838805e-01   8.1982698e-01   3.5060923e-04  -1.0017580e-03  -1.3724093e-03
  -2.2833669e-01   5.2034076e-01   9.4516326e-01   1.9015136e-05  -6.6411177e-04   2.2955430e-04
  -2.3455187e-01   3.5471719e-01   5.3595670e-01   1.6659235e-03  -1.6349177e-03   1.2478998e-04
  -2.0678930e-01   2.0644957e-01   2.5749435e-01   3.0488180e-03  -3.2792827e-03   5.8297779e-04
  -2.4320385e-01   1.9922581e-01   1.8253683e-01   3.9206279e-03  -1.9259592e-03  -1.5577321e-04
  -2.1404452e-01   1.6697172e-01   2.5526375e-02   4.7638203e-03  -2.8149863e-03   2.6512869e-04
  -2.3826319e-01   1.6095009e-01   9.1634206e-02   5.0588243e-03  -1.9890645e-03   1.0409390e-05
  -1.4984283e-01   9.4419256e-02  -5.9612215e-02   6.5734733e-03  -3.1073575e-03   1.0543627e-03
  -1.3481078e-01   9.5134385e-02   2.3419018e-01   3.4637538e-03  -1.7363143e-03   8.9500726e-04
  -1.3369459e-01   3.9187278e-01   6.2624938e-01   2.6817957e-03  -1.0318242e-03   1.1999145e-03
  -4.4772181e-02   2.2278582e-01   2.6282261e-01   7.1916314e-03  -2.6846328e-03   2.2535552e-03
  -3.6417361e-02   2.0332570e-01   1.4873225e-01   4.1320726e-03  -3.0818877e-03   2.6336135e-03
  -5.0358919e-02   2.6952688e-01   3.1083720e-01   5.4607330e-03  -2.5127232e-03   2.1800696e-03
  -1.0346127e-01   3.3861436e-01   1.2363054e-01   5.3506878e-03  -2.9983187e-03   1.0760496e-03
  -2.6077019e-02   1.7266557e-01  -1.1274791e-01   4.2974359e-03  -4.3549855e-03   1.9163238e-03
  -9.7576385e-02   1.7300039e-01  -5.8018202e-02   3.0447241e-03  -4.3500886e-03   1.3459984e-03
  -9.0537952e-02   1.3786385e-01   2.4233339e-02   3.1015665e-03  -3.9934882e-03   9.9029670e-04
  -1.6512751e-01   1.4412989e-01   3.7132570e-01   1.3146742e-03  -4.0505449e-03   4.6394771e-04
  -1.6367021e-01   7.2091134e-02   1.6058789e-01   3.7981729e-03  -5.1570318e-03   1.0823360e-03
  -2.4351475e-01   5.6475232e-02   7.9396789e-02   4.4863886e-03  -5.0347019e-03   5.1852607e-04
  -1.9975549e-01   1.6161550e-01   7.1384503e-02   3.8232823e-03  -5.7086033e-03   9.6599129e-04
  -2.4995257e-01   1.2747322e-01   9.0412053e-02   4.4616184e-03  -4.7627113e-03   6.4763660e-04
  -2.4647107e-01   2.8682245e-01   4.6387273e-01   3.9845602e-03  -3.6420053e-03   1.4253067e-04
  -2.8651426e-01   2.8576393e-01   2.8842930e-01   4.7194239e-03  -3.4239082e-03   3.6046244e-04
  -2.9368257e-01   2.7380932e-01   2.5330937e-01   5.3817074e-03  -3.7341261e-03   2.2411486e-04
  -2.6028673e-01   2.2989018e-01   1.5830236e-01   5.2902501e-03  -4.7831466e-03   7.1788386e-04
  -2.7816846e-01   2.4025591e-01   2.8456825e-01   4.6015089e-03  -4.0676524e-03   4.0251141e-04
  -2.5465773e-01   1.3860554e-01   1.4547697e-01   6.1581030e-03  -5.5357869e-03   1.0432035e-03
  -2.6748619e-01   1.5458551e-01   9.1640856e-02   6.1608974e-03  -5.3289509e-03   8.7819807e-04
  -2.6234498e-01   1.8936620e-01   6.5245618e-02   4.1773278e-03  -4.9199975e-03   1.2683698e-03
  -3.0905315e-01   2.0668709e-01   1.9530552e-01   5.4952828e-03  -4.1065054e-03   4.0235863e-04
  -2.8667312e-01   3.0526643e-01   9.4319383e-02   6.1704077e-03  -4.5390605e-03   7.2495545e-04
  -2.8519149e-01   2.1948993e-01   1.5075958e-01   5.8420241e-03  -4.7098199e-03   1.6434617e-04
  -3.2270648e-01   3.8732826e-01   3.8521330e-01   4.5674680e-03  -3.6786831e-03  -7.5419947e-05
  -3.2504593e-01   3.4098471e-01   1.9341457e-01   6.3819415e-03  -4.4049633e-03   3.4477581e-04
  -3.1086460e-01   2.6033836e-01   3.0270195e-01   5.5045274e-03  -4.6846653e-03  -2.0454679e-04
  -3.1139426e-01   1.9205006e-01   1.1071140e-01   6.5212944e-03  -4.9681821e-03   3.0851394e-04
  -3.0272369e-01   2.2508193e-01   2.4835834e-01   5.8394259e-03  -5.5296771e-03   7.8706684e-04
  -3.3966491e-01   1.6658682e-01   2.0569063e-01   6.2019915e-03  -5.2477415e-03   4.1160117e-04
  -3.8048677e-01   1.8428223e-01   3.2965878e-01   4.2980579e-03  -4.7131830e-03   6.1078166e-05
  -3.6785678e-01   1.3343129e-01   2.0791953e-01   5.4383178e-03  -6.2661228e-03   5.0002920e-04
  -4.4176720e-01   2.1713812e-01   2.4015612e-01   5.4643627e-03  -6.1533033e-03   5.2292106e-04
  -3.7986838e-01   1.3468332e-01   3.8732537e-01   2.9143563e-03  -6.5856525e-03   7.6643926e-04
  -4.2043118e-01   5.5848049e-01   7.6295861e-01   4.0429841e-03  -4.6536498e-03   4.2108446e-04
  -3.5844854e-01   5.2999177e-01   6.8008939e-01   3.0226446e-03  -5.7961484e-03   1.1294098e-03
  -3.4028439e-01   2.3143108e-01   4.9436376e-01   3.5769617e-03  -6.1902168e-03   5.1220873e-04
  -3.2803869e-01   2.2943868e-01   3.5829918e-01   3.2746965e-03  -7.4712251e-03   1.4088192e-03
  -3.3713039e-01   2.2530328e-01   1.6552175e-01   4.6670072e-03  -7.2093729e-03   6.9850923e-04
  -3.2775523e-01   1.6833963e-01   1.1708928e-01   3.9307033e-03  -8.6487395e-03   3.3958898e-04
  -3.1191509e-01   1.5553900e-01   1.0631744e-01   4.4593130e-03  -8.0923456e-03   6.0537614e-04
  -2.9888273e-01   1.2118045e-01  -2.2061801e-02   4.6197005e-03  -9.2653888e-03   1.2239484e-03
  -3.2101027e-01   1.9944776e-01   1.4966232e-01   5.6850732e-03  -8.1835594e-03   6.8581694e-04
  -3.3231850e-01   2.0044915e-01   9.9510178e-02   5.7202951e-03  -7.7335684e-03   7.5642004e-04
  -3.7143320e-01   3.1999321e-01   2.4722057e-01   6.3273509e-03  -7.2414387e-03   8.6000233e-04
  -3.2262644e-01   2.7501956e-01   5.4338947e-02   6.4776987e-03  -7.5502032e-03   1.1081637e-03
  -3.0328860e-01   3.8521215e-01   1.5398558e-01   7.0141799e-03  -8.2759445e-03   2.3618066e-03
  -2.9421708e-01   3.4620464e-01   1.8989966e-01   6.9478136e-03  -7.5660675e-03   2.0087282e-03
  -2.9538963e-01   3.5869862e-01   1.7319948e-01   5.3732435e-03  -8.1769485e-03   1.8921465e-03
  -2.9190436e-01   3.3546627e-01   1.4483329e-01   6.9103840e-03  -8.1823547e-03   2.0487256e-03
  -2.8803030e-01   2.3244064e-01   1.5974387e-02   6.1998413e-03  -9.4454279e-03   1.9963670e-03
  -3.1027122e-01   2.8610445e-01   3.4107469e-01   5.8831980e-03  -7.9920000e-03   1.6422869e-03
  -3.2253772e-01   4.3844222e-01   3.5884832e-01   4.2124950e-03  -7.3431377e-03   1.7015096e-03
  -3.0786046e-01   3.9273543e-01   2.6143331e-01   5.3604379e-03  -8.0543103e-03   1.8882014e-03
  -2.7033370e-01   2.8368605e-01   1.0897508e-01   7.3431143e-03  -8.6885862e-03   2.2904358e-03
  -2.9694102e-01   2.4244868e-01   2.3039866e-01   5.0280625e-03  -7.9639373e-03   1.9324125e-03
  -2.7018981e-01   2.4207759e-01   1.1165199e-01   7.3384981e-03  -8.5996776e-03   2.2630120e-03
  -2.7226967e-01   2.2987759e-01   2.0951894e-01   6.6786210e-03  -8.4083831e-03   2.0752514e-03
  -2.9643621e-01   4.6436978e-01   4.8675640e-01   4.2119488e-03  -7.6290310e-03   2.1550088e-03
  -2.8350005e-01   3.1567098e-01   2.2384028e-01   6.4748027e-03  -8.6736456e-03   1.7687474e-03
  -2.7372330e-01   3.3169482e-01   1.6145619e-01   6.5219930e-03  -9.2504214e-03   2.0266163e-03
  -2.4536814e-01   2.4631711e-01   1.9244674e-01   5.6568254e-03  -9.6919938e-03   2.6038986e-03
  -2.5663940e-01   2.5892689e-01   5.0637222e-02   9.5865698e-03  -9.7456505e-03   1.9204837e-03
  -2.7264851e-01   2.7120664e-01   1.1213907e-01   8.2659806e-03  -9.8453189e-03   1.9842031e-03
  -2.5963989e-01   3.4610454e-01   2.4178116e-01   5.5570632e-03  -9.1590132e-03   2.4107031e-03
  -3.0935513e-01   2.6022975e-01   3.0484593e-01   5.6091111e-03  -8.7371207e-03   2.0044770e-03
  -3.4562017e-01   4.5110161e-01   4.8046220e-01   4.8445036e-03  -7.5085075e-03   1.6222528e-03
  -3.1963224e-01   4.6235965e-01   2.1488335e-01   7.3901868e-03  -8.6458535e-03   2.3155919e-03
  -3.0702282e-01   3.6103329e-01   1.0588534e-01   8.1120256e-03  -8.9905787e-03   2.4751834e-03
  -3.2030298e-01   3.2613081e-01   4.5533061e-02   9.5441930e-03  -9.2124847e-03   2.5619917e-03
  -3.5883927e-01   1.9951567e-01   1.7201069e-01   5.7346233e-03  -9.9417980e-03   2.0797383e-03
  -3.8350026e-01   2.2695469e-01   2.7365583e-01   6.7897626e-03  -9.0037515e-03   2.2351782e-03
  -4.5177539e-01   4.1571974e-01   4.4686666e-01   5.3839408e-03  -7.8147317e-03   1.0423027e-03
  -4.1004423e-01   4.8433964e-01   3.5281769e-02   1.0572332e-02  -8.6252607e-03   2.6821510e-03
  -3.9483884e-01   5.5281683e-01   2.3759648e-01   1.1880650e-02  -8.7922559e-03   4.3083147e-03
  -3.6371057e-01   3.9263564e-01   2.2659099e-01   9.0084607e-03  -9.4701648e-03   4.5259113e-03
  -3.0680344e-01   2.7314504e-01  -2.8084269e-01   1.0650642e-02  -9.6428627e-03   4.0875889e-03
  -2.9559477e-01   2.3155370e-01  -2.0719432e-01   1.0946449e-02  -9.5219577e-03   4.3980069e-03
  -2.8959416e-01   2.1455615e-01  -3.0759469e-01   1.2622857e-02  -9.5891746e-03   4.6232465e-03
  -2.8686080e-01   2.8693811e-01   8.0760631e-02   8.8229571e-03  -8.8876744e-03   4.5780587e-03
  -2.9145468e-01   3.1047170e-01   5.3339623e-01   5.6676299e-03  -8.3076557e-03   4.1610613e-03
  -3.0123187e-01   3.8033036e-01   2.7553517e-01   7.0078775e-03  -8.7566028e-03   4.3317948e-03
  -3.0033554e-01   4.3687803e-01   2.6169581e-01   8.8441131e-03  -9.1358258e-03   3.7543535e-03
  -2.4696426e-01   4.4053808e-01   3.5059737e-02   1.0560376e-02  -9.5289705e-03   5.8678765e-03
  -3.5202456e-01   4.2325626e-01   5.1978947e-01   7.7241920e-03  -8.4334977e-03   3.7413835e-03
  -3.1993825e-01   5.2983622e-01   4.3867281e-01   6.6237572e-03  -8.5195629e-03   4.6163792e-03
  -2.9636553e-01   4.0386838e-01   2.2052122e-01   8.3939228e-03  -9.6452670e-03   3.6416679e-03
  -2.6555988e-01   4.3688766e-01   1.6898459e-01   1.1116039e-02  -1.0030513e-02   5.4501912e-03
  -2.9322369e-01   3.2635746e-01   3.6649476e-01   6.7527683e-03  -9.5034224e-03   4.3058300e-03
  -4.0257858e-01   3.9748335e-01   6.6344996e-01   3.6140009e-03  -9.0589398e-03   3.1405121e-03
  -3.4319275e-01   4.3625552e-01   3.5942020e-01   9.1664932e-03  -9.4476923e-03   3.7396924e-03
  -3.4792008e-01   4.8525441e-01   1.6774326e-01   9.3887486e-03  -1.0731103e-02   2.0821484e-03
