   0.0000000e+00   0.0000000e+00  -7.0854861e-15  -6.0832471e-17   9.6569376e-19   5.8745538e-35
   4.6845812e-03   1.3016102e-01  -1.7824487e-01  -5.9328116e-04   1.7886197e-04  -3.8776796e-05
  -1.0937262e-02   3.9644096e-02  -2.5014280e-01  -1.4546056e-03   1.0515130e-03  -1.0710634e-03
   2.7560307e-02   1.2213752e-01  -3.2998202e-01   1.1617524e-03   4.0045610e-04  -4.6954299e-04
   3.4060879e-02   1.3303648e-01  -3.1313309e-01   2.1213160e-03   7.2426691e-04  -1.9505897e-04
  -4.4867331e-03   1.5080572e-01  -2.9198653e-01  -6.9490418e-04   1.3861987e-03  -1.0075906e-03
   2.2642306e-02   1.2003844e-01  -2.7547951e-01  -2.0079325e-04   1.2050261e-03  -8.3525702e-04
  -7.9964856e-03   1.7357120e-01  -2.8635393e-01  -1.9429493e-03   1.3241144e-03  -1.0720186e-03
  -3.4465321e-03   1.8168569e-01  -1.7089517e-01   1.0087260e-03   2.9112242e-04  -1.1024086e-03
  -6.8182358e-02   7.4610013e-02  -2.3413109e-01  -2.2314117e-04   6.7362800e-04  -2.2818905e-03
   2.2327192e-02   9.7085038e-02  -3.3122373e-01   4.7188034e-04   6.6251455e-04  -9.6101411e-04
   3.4778051e-02   2.0973197e-01  -4.0635347e-01   2.4232441e-03   1.4281569e-03  -1.3816723e-03
   6.3601843e-03   1.9036933e-01  -3.7025587e-01   1.8900113e-03   2.8534716e-03  -1.7581273e-03
   2.3687452e-02   1.8457155e-01  -2.7856977e-01   2.1708710e-03   2.4922052e-03  -1.6565124e-03
   1.7618329e-02   1.2233398e-01  -2.2090033e-01   9.8762916e-04   2.0799276e-03  -1.3092353e-03
   8.4834229e-03   1.5633923e-01  -3.1198089e-01   1.5407351e-03   2.2379316e-03  -1.3366609e-03
   4.0131376e-02   1.0678809e-01  -2.3589528e-01   2.7703914e-03   1.7704936e-03  -9.4181848e-04
   5.6654275e-02   1.9925474e-01  -2.2285397e-01   3.2103547e-03   1.4616377e-03  -8.6450772e-04
   1.0039047e-02   1.4678601e-01  -1.8934566e-01   1.1644880e-03   1.8336198e-03  -1.5069906e-03
   1.0558889e-03   1.1378379e-01  -2.0836724e-01   1.1025803e-03   2.0897173e-03  -1.5907527e-03
   1.5678967e-02   1.3360104e-01  -1.8584307e-01   1.0645637e-03   2.3294693e-03  -1.6542170e-03
   1.1988898e-02   9.5770031e-02  -8.4622183e-02   2.0045216e-04   1.9335538e-03  -1.3631091e-03
   3.4935741e-02   1.5157176e-01  -1.5610757e-01   1.8284714e-03   1.9155264e-03  -1.2524278e-03
   3.2140967e-02   7.2474516e-02  -1.9132517e-01   2.0731774e-03   1.8016654e-03  -1.1159014e-03
   4.7777663e-02   7.5633746e-02  -2.1134222e-01   2.8336432e-03   1.9031730e-03  -7.7184079e-04
   6.8585020e-02   7.0709587e-02  -1.8890309e-01   3.0861114e-03   1.1926219e-03  -3.4175908e-04
   2.9573417e-02   1.5732508e-01  -2.0942139e-01   2.8869964e-03   1.8998670e-03  -1.1676477e-03
   3.7666905e-02   1.1529247e-01  -1.7280627e-01   2.3446573e-03   1.6205878e-03  -1.1670795e-03
  -5.5140115e-02   1.2079962e-01  -1.8400888e-01   9.0844850e-04   2.3548133e-03  -1.7973986e-03
  -2.7292171e-01   2.0868828e-01  -6.9278349e-01   9.4235671e-03   1.8769363e-03  -3.1620399e-03
  -1.5907766e-01   1.2471880e-01  -5.6251245e-01   8.6695951e-03   2.0712082e-03  -2.6738668e-03
  -2.0013682e-01   1.0275501e-01  -3.5131645e-01   4.9381235e-03   1.8264204e-03  -3.2774798e-03
  -1.5706504e-01   1.8798568e-01  -4.4958257e-01   8.5456915e-03   1.8984566e-03  -3.0596056e-03
  -1.8266239e-01   1.3873055e-01  -3.2205730e-01   5.1220781e-03   2.3294002e-03  -3.6914814e-03
  -1.3069680e-01   1.8362322e-01  -3.4514985e-01   6.8927701e-03   1.4237937e-03  -2.5246247e-03
  -1.4096104e-01   1.3140059e-01  -3.8131866e-01   7.3005452e-03   8.1686397e-04  -2.2829078e-03
  -1.6715088e-01   1.9348585e-01  -1.0727285e-01   5.9472042e-03   2.2871997e-03  -3.8088982e-03
  -2.0617407e-01   2.4191985e-01  -3.0607042e-01   4.4161945e-03   1.9616906e-03  -3.8454621e-03
  -2.2440451e-01   2.7438337e-01  -3.0851203e-01   2.1565738e-03   2.5325096e-03  -4.1232777e-03
  -2.1060604e-01   2.1261031e-01  -2.2236639e-01   2.6212252e-03   2.1933445e-03  -4.0078885e-03
  -2.0733796e-01   2.7307051e-01  -2.4166914e-01   2.4892965e-03   2.4109782e-03  -3.8043430e-03
  -2.0967549e-01   1.7431795e-01  -1.3383060e-01   1.1110110e-03   1.9011966e-03  -3.9798179e-03
  -2.0881232e-01   1.9477090e-01  -1.5660172e-01   1.2502504e-03   2.3883397e-03  -3.9576859e-03
  -2.1317529e-01   1.7622103e-01  -1.3319027e-01   1.2932718e-03   2.2260039e-03  -4.0019057e-03
  -1.9830213e-01   2.4740604e-01  -1.9275883e-01   1.8274871e-03   1.9914922e-03  -3.5664860e-03
  -1.6395443e-01   2.8390284e-01  -1.8459912e-01   3.7565202e-03   1.0170371e-03  -2.8433841e-03
  -2.2932998e-01   2.2653721e-01  -2.3213784e-01   1.3959630e-03   2.6491116e-03  -4.5932912e-03
  -1.8824551e-01   1.5801247e-01  -2.9094498e-01   2.6564590e-03   1.5199054e-03  -4.1728593e-03
  -2.1581426e-01   2.6411091e-01  -3.5173742e-01   3.7614699e-03   1.6509091e-03  -3.9719952e-03
  -2.1159024e-01   2.4472665e-01  -3.0906145e-01   4.5684451e-03   1.9549869e-03  -4.2541547e-03
  -1.7948287e-01   1.3681794e-01  -3.6674532e-01   4.1862507e-03   2.3454342e-03  -4.1661883e-03
  -2.3136476e-01   1.6659837e-01  -2.5232361e-01   3.4036497e-03   2.3618912e-03  -4.7713899e-03
  -2.8689030e-01   3.3487277e-02  -2.3950097e-01   3.2028208e-03   1.8732858e-03  -4.8441042e-03
  -2.7066333e-01   1.8392040e-01  -2.5981494e-01   3.2010335e-03   1.7353230e-03  -4.3156238e-03
  -2.7179647e-01   2.1080780e-01  -3.5715944e-01   7.1644773e-03   1.5887186e-03  -3.2435929e-03
  -2.7568393e-01   4.6265819e-02  -2.5774064e-01   5.4947274e-03   1.3196457e-03  -3.4373923e-03
  -2.7075034e-01   3.9108267e-02  -1.4636708e-01   4.7733579e-03   1.7790312e-03  -4.5161034e-03
  -3.1966745e-01   8.9545136e-02  -2.4268815e-01   4.6986695e-03   1.6690578e-03  -3.1237886e-03
  -2.5069743e-01   1.7099259e-01  -2.0486060e-01   3.8836991e-03   2.9627410e-03  -2.6688439e-03
  -2.4106225e-01   1.1025731e-01  -5.2908766e-01   5.1795656e-03   3.7181146e-03  -3.5726472e-03
  -2.7008889e-01   4.1660509e-01  -2.5272486e-01   5.8677344e-03   2.4027191e-03  -3.7203112e-03
  -2.2034465e-01   2.0763084e-01  -5.3674949e-01   7.2010823e-03   3.9548853e-03  -3.7437292e-03
  -1.8655375e-01   1.5581814e-01  -1.7472598e-01   4.2364421e-03   3.0150621e-03  -2.8161761e-03
  -1.9049547e-01   2.4834794e-01  -1.6046716e-01   4.1574517e-03   3.7717966e-03  -3.6223439e-03
  -1.2208048e-01   1.8225219e-01  -2.3798061e-01   5.0509630e-03   2.3886182e-03  -2.4050335e-03
  -1.5286302e-01   1.8785483e-01  -1.1086167e-01   3.1052602e-03   2.4023642e-03  -2.8483680e-03
  -1.5451485e-01   1.8406694e-01  -1.7474137e-01   5.1130987e-03   2.9175308e-03  -2.6112972e-03
  -1.5343739e-01   3.6679461e-01  -3.1668467e-01   4.2642572e-03   2.8115135e-03  -3.7883470e-03
  -2.8268159e-01   4.7066396e-01  -7.9901868e-01   1.1540534e-03   2.6717741e-03  -5.0880243e-03
  -1.6433403e-01   3.0301423e-01  -5.4999361e-01   1.9019364e-03   2.5945180e-03  -4.1647917e-03
  -2.0107134e-01   4.7986349e-01  -3.2994748e-01   2.2207573e-04   1.4510913e-03  -4.4351323e-03
  -1.7640378e-01   4.1084998e-01  -3.8778528e-01   1.3431818e-04   1.7301080e-03  -4.2269522e-03
  -2.4684657e-01   3.9714512e-01  -2.5927906e-01  -1.7726827e-03   1.4543419e-03  -4.2939854e-03
  -1.9862439e-01   5.3070436e-01  -2.9398368e-01  -6.3678877e-03   1.2106206e-03  -4.1679999e-03
  -2.0773107e-01   5.7282837e-01  -4.3686598e-02  -1.4974144e-02   2.6203790e-03  -4.6003660e-03
  -1.3526937e-01   7.1466116e-01   3.9596285e-03  -1.1577961e-02   2.7588113e-03  -3.4666837e-03
  -1.7774954e-01   5.9734763e-01  -1.1551983e-01  -1.0658327e-02   2.2103516e-03  -3.9703953e-03
  -1.3956968e-01   5.6559041e-01   4.8012577e-02  -9.6653513e-03   2.3134019e-03  -2.7319081e-03
  -1.4609906e-01   5.5123319e-01  -1.9776058e-02  -9.8848133e-03   2.5215745e-03  -2.8983652e-03
  -9.3460749e-02   4.7085302e-01   1.0666695e-01  -7.5697075e-03   1.8781318e-03  -2.3596001e-03
  -1.3213268e-01   4.6942809e-01   7.6750428e-02  -8.2136092e-03   1.5345542e-03  -3.1957055e-03
  -1.1848779e-01   4.2789416e-01   2.4656574e-02  -5.9589557e-03   1.0015088e-03  -2.3069023e-03
  -1.3332409e-01   3.0820184e-01   6.6290143e-02  -5.4668428e-03   7.3911795e-04  -2.2755021e-03
  -1.4633603e-01   5.4541770e-01  -1.1716883e-01  -4.4950795e-03   9.4130545e-04  -2.8177324e-03
  -1.2545500e-01   3.9560638e-01  -1.4659736e-01  -4.8287172e-03   1.8705077e-03  -2.2416455e-03
  -6.3866798e-02   2.7846730e-01  -2.1290623e-01  -1.4817399e-03   1.6043118e-03  -1.4253783e-03
  -8.2884705e-02   2.7292643e-01  -1.3467434e-01  -2.9925064e-03   2.5020823e-03  -2.3271357e-03
   2.7995980e-03   1.0463464e-01  -3.0550712e-02   2.5087489e-04  -2.3156972e-05  -1.1539127e-03
  -6.3875118e-02   2.7888198e-01  -4.1400553e-02  -3.0885527e-03  -1.5046202e-04  -1.6978202e-03
  -2.2354930e-01   6.6741317e-01  -1.5556979e-01  -8.7467124e-03   1.0446024e-03  -3.2465336e-03
  -2.1850910e-01   7.0585319e-01  -2.9524621e-01  -6.1750956e-03   4.0737945e-04  -3.0044851e-03
  -1.9151245e-01   6.2629328e-01  -1.6346172e-01  -8.6802370e-03   1.5036795e-03  -2.9827476e-03
  -1.9889679e-01   6.2781813e-01  -1.3850511e-01  -9.1738172e-03   1.6303479e-03  -3.3387043e-03
  -1.7208512e-01   6.2323109e-01  -2.0559821e-01  -8.1056763e-03   1.3394020e-03  -2.6767122e-03
  -1.6436560e-01   6.1248307e-01  -2.1098187e-01  -7.9328568e-03   9.9997813e-04  -2.5615981e-03
  -1.6221637e-01   5.2532748e-01  -1.0254717e-01  -1.0280226e-02   1.9784884e-03  -2.7662378e-03
  -1.5004104e-01   5.6466086e-01  -9.8432770e-02  -9.9563667e-03   1.6728431e-03  -2.7428555e-03
  -1.5024093e-01   5.5706591e-01  -4.9355858e-02  -1.0377197e-02   1.7913003e-03  -2.6244431e-03
  -1.4153915e-01   5.7737609e-01  -3.7402919e-02  -9.7909883e-03   1.3776137e-03  -2.5267320e-03
  -1.4027574e-01   5.1540734e-01  -4.1125882e-02  -1.0769278e-02   1.8864159e-03  -2.4975669e-03
  -1.3153384e-01   5.3488793e-01  -6.8601668e-03  -1.0561410e-02   1.4072241e-03  -2.3098144e-03
  -1.4513841e-01   4.6930703e-01   2.4673094e-02  -1.1389308e-02   1.6726545e-03  -2.5160020e-03
  -1.4694582e-01   5.9360543e-01   4.0828599e-02  -1.1225515e-02   1.4848911e-03  -2.4171829e-03
  -1.7467723e-01   6.9627831e-01   1.9433142e-01  -1.1772053e-02   1.7431591e-03  -2.4467427e-03
  -1.9318229e-01   5.6365917e-01   1.0958361e-01  -1.2014236e-02   1.7796742e-03  -2.5186793e-03
  -1.8208763e-01   4.9872422e-01   1.8689913e-01  -1.2010166e-02   1.7448736e-03  -2.6283057e-03
  -2.2433726e-01   5.8102957e-01   1.2659483e-01  -1.1131951e-02   1.2556172e-03  -2.2369628e-03
  -1.3995361e-01   4.8435317e-01   2.0725403e-01  -1.2203792e-02   1.6430706e-03  -1.7804320e-03
  -1.5437499e-01   7.3107878e-01  -2.1948749e-01  -1.3671876e-02   1.0749289e-03  -2.7338594e-03
  -2.4063708e-01   1.1233504e+00  -5.2699170e-01  -1.8118903e-02   4.0548617e-04  -3.3935054e-03
  -1.6630874e-01   8.3333341e-01  -1.6623349e-01  -1.9527627e-02   1.1271416e-03  -2.9949892e-03
  -1.7925419e-01   9.2612989e-01  -1.9031690e-01  -1.8874378e-02   1.4872313e-03  -3.4134148e-03
  -1.5877138e-01   8.2243985e-01  -9.2189556e-02  -1.9929064e-02   1.6691212e-03  -3.4650021e-03
  -1.3288960e-01   7.6170657e-01   7.8412329e-02  -2.4116369e-02   1.7363694e-03  -3.4731326e-03
  -1.3298510e-01   8.2784902e-01   1.3864646e-01  -2.2566194e-02   1.5971603e-03  -3.3132207e-03
  -1.0880529e-01   7.6651841e-01   1.7076647e-01  -2.2652919e-02   1.4519356e-03  -3.1960676e-03
  -1.4380578e-01   8.2558228e-01   1.1177571e-01  -2.1837137e-02   6.7925625e-04  -3.7346282e-03
  -1.6767174e-01   8.9782584e-01   6.8955372e-02  -2.0180291e-02   8.0580151e-04  -4.1464517e-03
  -9.4323597e-02   7.2710769e-01   2.0842548e-01  -1.9252682e-02   1.2080733e-03  -3.4507891e-03
  -1.4621271e-01   7.9332122e-01   1.1468968e-01  -1.8909408e-02   7.1213342e-04  -3.6974594e-03
  -1.7546596e-01   8.3302250e-01  -1.1367734e-02  -1.7816417e-02   8.5110418e-04  -3.7348493e-03
  -1.6717969e-01   8.2632103e-01   4.6373563e-02  -1.7865587e-02   7.7705005e-04  -3.6739767e-03
  -1.4489772e-01   8.2539741e-01   7.7136389e-02  -1.7958049e-02   1.5917295e-03  -3.5039346e-03
  -1.2067094e-01   8.4921663e-01  -1.7441044e-01  -1.5109721e-02   5.6400025e-04  -3.3649824e-03
  -1.7014154e-01   1.0242699e+00  -3.9316375e-01  -1.2979552e-02   9.2449688e-04  -2.8221436e-03
  -1.7268126e-01   1.1355244e+00  -6.4196674e-01  -1.3584784e-02   1.4817988e-03  -3.1929878e-03
  -1.5942236e-01   1.0333719e+00  -6.8887523e-01  -1.1815198e-02   1.6624380e-03  -3.3161134e-03
  -1.7944848e-01   1.0867929e+00  -6.6484708e-01  -1.3096596e-02   1.7036155e-03  -3.7719591e-03
  -1.8776546e-01   1.0444364e+00  -5.5415731e-01  -1.2616856e-02   1.6269503e-03  -3.6802936e-03
  -1.7164012e-01   1.0892370e+00  -5.6898439e-01  -1.3471339e-02   1.5518499e-03  -3.9912476e-03
  -1.7167024e-01   9.9287663e-01  -3.6137037e-01  -1.3198041e-02   7.7894107e-04  -3.5971848e-03
  -1.6780406e-01   1.0101964e+00  -2.0349811e-01  -1.5429323e-02   1.0155871e-03  -4.2172164e-03
  -1.4177668e-01   1.0167086e+00  -2.1144499e-01  -1.5158074e-02   1.2413461e-03  -4.2008274e-03
  -1.2933024e-01   1.0101569e+00  -1.4654038e-01  -1.6309264e-02   1.0473288e-03  -3.7240885e-03
  -1.2200860e-01   1.0539431e+00  -1.7109747e-01  -1.5085575e-02   8.6163855e-04  -3.7283295e-03
  -8.1582168e-02   9.7592807e-01  -2.4897454e-01  -1.4010009e-02  -6.8348997e-04  -3.2597905e-03
  -1.2058279e-01   9.8563456e-01  -3.2943432e-01  -1.4134885e-02   1.8529888e-04  -3.9331732e-03
  -7.4121086e-02   1.0353287e+00  -2.8024649e-01  -1.3222027e-02  -8.4754609e-04  -3.0324160e-03
  -8.6079460e-02   9.9607759e-01  -3.1139960e-01  -1.1828064e-02  -4.4354196e-04  -2.8348116e-03
  -2.8623290e-02   9.5756254e-01  -2.9972615e-01  -1.2626001e-02  -4.4324789e-04  -2.5468186e-03
  -1.2609016e-03   9.5083113e-01  -2.4959001e-01  -1.2549518e-02  -9.5951601e-04  -2.4341368e-03
  -2.0522470e-02   9.6230967e-01  -1.9008811e-01  -1.3353507e-02   1.4498413e-04  -2.9890798e-03
  -9.3177710e-02   1.0357166e+00  -1.0018215e-01  -1.5398383e-02  -1.0908841e-04  -3.2447768e-03
  -4.5310284e-02   9.7910055e-01  -1.5453059e-01  -1.2382563e-02  -8.1905448e-04  -2.3190656e-03
   7.1386389e-03   9.5492354e-01  -1.6415565e-01  -1.0937179e-02  -1.0326393e-03  -2.5088236e-03
  -6.5734101e-02   9.4979634e-01  -8.7700534e-02  -1.3272253e-02   1.2819973e-04  -3.3762742e-03
  -4.0086416e-02   9.7558819e-01  -1.4613697e-01  -1.2137403e-02   1.3700578e-04  -2.8988706e-03
  -4.6002063e-02   1.0097261e+00  -2.0405647e-01  -1.2300384e-02   4.3307019e-04  -2.9763536e-03
  -5.1534667e-02   9.9128376e-01  -1.5832959e-01  -1.1298706e-02  -2.1031691e-05  -2.9742863e-03
  -6.3051284e-02   1.0308047e+00  -1.1269466e-01  -1.2918374e-02   3.3347434e-04  -3.1605847e-03
  -3.2720912e-02   1.0207194e+00  -1.3875486e-01  -1.2000065e-02   2.4914833e-04  -3.1071314e-03
  -4.1828273e-02   9.7862175e-01  -7.1458867e-02  -1.2709200e-02   4.6604624e-04  -2.9462001e-03
  -3.2755853e-02   1.0134140e+00  -5.1336683e-02  -1.2758590e-02   6.0010469e-04  -3.4120748e-03
  -1.1782714e-02   9.9102625e-01   7.6285155e-03  -1.2586422e-02  -4.0863397e-04  -2.6704949e-03
  -2.2612978e-02   9.8781752e-01   3.4067230e-02  -1.1963875e-02  -8.9220783e-04  -2.4548447e-03
  -6.6675010e-02   9.4527046e-01  -5.3445682e-03  -1.2470857e-02   4.4678954e-04  -3.6794454e-03
  -2.7456425e-02   9.6616753e-01  -5.2355506e-02  -1.2227748e-02   1.6314433e-05  -3.2235845e-03
  -4.9872958e-02   9.4523038e-01  -3.4355140e-02  -1.2880965e-02   6.2174494e-04  -3.4999625e-03
  -1.7836366e-02   9.8756716e-01  -9.4887500e-02  -1.0209451e-02   2.9191136e-04  -3.0542619e-03
  -5.5790163e-02   1.0086299e+00  -1.0635684e-02  -1.0942005e-02   4.9266217e-04  -3.6192647e-03
  -1.5758726e-02   1.0065969e+00  -4.0047810e-02  -1.1399495e-02  -6.6439100e-06  -2.9260924e-03
  -2.8433803e-02   9.2962992e-01  -1.4452137e-02  -1.0930189e-02   3.6982484e-04  -2.8884903e-03
  -2.4351511e-03   7.9538473e-01  -9.7309442e-03  -9.1901425e-03   8.2282776e-04  -2.7606490e-03
   1.7208095e-02   8.0851028e-01   2.6580467e-02  -1.0735667e-02   7.9656456e-04  -2.7451281e-03
   2.5099728e-02   8.2295918e-01  -3.9996907e-03  -9.8397900e-03   6.0815299e-04  -2.8846518e-03
   3.1595386e-02   8.3774095e-01   4.4594887e-02  -1.0490551e-02   5.0132143e-04  -2.7750989e-03
   2.1643981e-02   7.9724820e-01   2.2048997e-02  -1.1104301e-02   6.2254160e-04  -2.8857724e-03
   8.7303096e-03   7.1093303e-01   8.3105325e-02  -1.2719922e-02   8.0449481e-04  -2.7816207e-03
   3.0317524e-02   8.2214973e-01   1.3256853e-02  -1.0272745e-02   3.8998004e-04  -2.8824180e-03
   5.4921929e-02   8.4816210e-01   1.3937671e-02  -9.2087321e-03  -7.7401359e-04  -1.8472514e-03
   5.1458265e-02   7.9920042e-01   1.5777743e-02  -1.0880459e-02  -3.3691197e-04  -2.3572726e-03
  -6.0194254e-03   7.9167726e-01  -2.3194746e-01  -1.0089405e-02   5.3914387e-04  -3.2765002e-03
   1.2294227e-02   8.0590751e-01  -3.5496218e-01  -9.4499997e-03   4.5097101e-04  -2.9425192e-03
   6.5255516e-03   8.1087683e-01  -1.7841789e-01  -9.2059607e-03   2.5568709e-04  -2.7873702e-03
   1.3365542e-02   7.3063117e-01  -8.7094885e-03  -1.1608937e-02   6.5913071e-04  -2.6615546e-03
   2.2177617e-02   8.1630148e-01  -1.1871674e-01  -1.0203533e-02   8.9963784e-04  -3.0748414e-03
   9.3893633e-03   7.2146521e-01  -2.1167351e-02  -1.0356947e-02   6.5826399e-04  -2.8839175e-03
  -9.0192489e-03   7.9726649e-01  -8.7664374e-02  -9.6950304e-03   5.1770192e-04  -2.4944898e-03
  -1.2871720e-02   8.1106566e-01  -3.0606202e-03  -1.1498217e-02   8.6163748e-04  -2.5590771e-03
