   0.0000000e+00   0.0000000e+00   0.0000000e+00   0.0000000e+00   0.0000000e+00   0.0000000e+00
  -6.2580623e-03   2.5471619e-02   7.9097674e-03   1.3670599e-04   9.4127456e-05   5.6001870e-05
  -2.0066571e-03   3.7934958e-02   5.4859065e-03   3.0619420e-04  -4.2875322e-05  -1.4506260e-04
  -2.1169045e-03   1.4912639e-02  -8.1752666e-04   6.8042318e-04  -2.0908267e-05  -4.4102460e-04
   3.3697723e-03   1.5287261e-02   7.8192264e-03   4.7562171e-04   1.5945826e-04  -4.4006900e-05
   5.2408806e-03   4.1955404e-02  -1.1079182e-02   5.4452749e-04  -1.1194618e-04  -3.1067790e-05
  -1.5080941e-03   3.4905264e-02   3.7320704e-02   2.2522018e-04   5.9929669e-04  -2.0318193e-04
   7.7096752e-03   4.6788091e-02   1.0946367e-02   6.7101185e-04   2.1060645e-04  -8.9700822e-05
  -3.4222683e-03   5.2605304e-02   7.9866739e-03   8.5269123e-04   5.6787875e-04  -3.4503451e-04
  -3.2195902e-03   5.4701819e-02   2.1775242e-02   3.4721784e-04   6.9546739e-04  -3.4607242e-04
  -1.7319812e-03   6.0198163e-02   2.2397187e-02   7.4857238e-04   7.0320801e-04  -3.6004081e-04
   1.3817754e-03   5.0498501e-02  -9.8960408e-03   1.0237332e-03   9.8240214e-04  -4.2457587e-04
   1.2486680e-02   7.2755213e-02   2.1877933e-02   6.1872902e-04   1.0066999e-03  -1.2311606e-04
   1.4234273e-03   5.6832310e-02   4.5203304e-02   1.0344898e-03   1.5422956e-03  -1.8325169e-04
   1.0333777e-03   6.2484425e-02   4.4105732e-02   1.3007337e-03   1.3279991e-03  -1.6305061e-04
   4.4926928e-03   5.5952505e-02   2.5012816e-02   1.1949893e-03   1.5279013e-03  -2.1053602e-05
   1.0924333e-02   5.3910916e-02   4.1612754e-02   1.2316547e-03   1.2134228e-03   8.6756087e-05
   1.5260593e-02   3.8298596e-02   7.6399177e-02   1.0860817e-03   1.4332003e-03   1.5639815e-04
   1.8962245e-02   3.3701971e-02   5.8929270e-02   1.3148660e-03   1.1712963e-03   4.3507695e-04
   1.6156718e-02   6.2942621e-02   5.9390719e-02   1.4335646e-03   1.1432868e-03   3.7674709e-04
   3.0046206e-02   5.6397095e-02   7.3681798e-02   1.0757567e-03   1.0839528e-03   5.2274236e-04
   4.6328005e-02   8.0197063e-02   1.2401326e-01   9.5794814e-04   9.5022114e-04   5.5671421e-04
   2.6087422e-02   8.5540398e-02   3.9613783e-02   5.3011550e-04   1.0145140e-03   5.1539359e-04
   3.0956177e-02   9.3527542e-02   4.4959799e-02   1.0802218e-03   1.4156120e-03   3.0652962e-04
   3.5210632e-02   9.7627432e-02   5.4521434e-02   1.2897327e-03   1.1883759e-03   5.8170437e-04
   4.1786197e-02   1.0504364e-01   6.2989161e-02   1.6136695e-03   1.2846370e-03   3.4423784e-04
   3.8941194e-02   1.0680517e-01   5.7156098e-02   1.7138485e-03   1.1992773e-03   3.4668602e-04
   4.7220974e-02   1.1187297e-01   2.8185408e-02   1.6939373e-03   1.1000736e-03   4.4548325e-04
   5.7759806e-02   9.3253792e-02   5.8554230e-02   2.0424935e-03   6.7887703e-04   7.5215538e-04
   6.1085761e-02   9.7125652e-02   3.0785571e-02   2.2167797e-03   5.9715394e-04   9.1947450e-04
   6.9976411e-02   8.8784761e-02   5.5305232e-02   2.4743619e-03   7.7344031e-05   1.1134255e-03
   6.1269439e-02   1.0399831e-01   3.0766673e-02   2.3461795e-03   3.5233442e-04   8.5748680e-04
   8.3428294e-02   8.8234330e-02   5.1105228e-02   2.7691883e-03   7.4447333e-05   1.2248246e-03
   8.1836906e-02   9.7900650e-02   1.5899120e-02   2.4778344e-03  -2.2147612e-04   1.2962729e-03
   8.5017920e-02   8.2890999e-02   5.9640179e-02   2.1418625e-03  -2.2546068e-04   1.2317939e-03
   8.1739780e-02   1.2640235e-01   3.4607278e-02   2.1095963e-03  -3.0530765e-05   1.0676796e-03
   7.9329604e-02   9.3771957e-02   1.3489750e-01   2.0492291e-03   6.1635606e-05   1.3829398e-03
   7.6969236e-02   1.5290104e-01   1.3715287e-01   2.0932781e-03   8.3030778e-05   1.3353348e-03
   5.0626611e-02   1.3893887e-01   7.8086250e-02   1.8862965e-03  -1.6517704e-05   9.0607118e-04
   6.7657075e-02   1.5069370e-01   1.4298563e-01   1.7177522e-03  -3.2686867e-04   9.8358534e-04
   5.7052643e-02   1.4521857e-01   1.1949118e-01   1.6280726e-03  -2.2991164e-04   9.6294196e-04
   5.4139205e-02   1.6692255e-01   7.2752674e-02   3.7231952e-03  -9.8232509e-05   6.4682529e-04
   6.0390270e-02   1.3675318e-01   4.4231994e-02   3.1525798e-03  -4.4163629e-04   8.7949556e-04
   8.7133303e-02   1.1837460e-01  -3.8975612e-01   3.8166939e-03  -2.4164157e-03   1.0443259e-03
   2.9274276e-02   1.1540921e-01  -2.7576512e-01   4.0767498e-03  -1.8902345e-03   1.1468888e-03
   6.7283671e-02   1.0049307e-01  -1.7348457e-01   4.0557737e-03  -1.8522482e-03   1.6713568e-03
   6.9227847e-02   1.2782086e-01  -1.1858176e-01   4.1141356e-03  -2.0951659e-03   1.9110263e-03
   6.4501070e-02   1.2820890e-01  -1.4207988e-01   4.5095380e-03  -2.2996035e-03   1.9737879e-03
   6.2684518e-02   1.5321024e-01  -1.0555305e-01   4.1518440e-03  -2.3499473e-03   2.1145662e-03
   6.2835417e-02   1.4585361e-01  -1.3810389e-01   4.1314615e-03  -2.3484073e-03   1.9460173e-03
   6.2940305e-02   1.6771737e-01  -1.0871237e-01   3.7454274e-03  -2.1017381e-03   1.6589886e-03
   8.7017483e-02   1.8979640e-01  -1.5789814e-01   3.8311863e-03  -1.9399630e-03   2.1143498e-03
   7.6483117e-02   1.7472952e-01  -1.2773198e-01   4.3187162e-03  -2.1414472e-03   1.8831824e-03
   6.7430938e-02   1.6407135e-01  -1.1333830e-01   4.0532714e-03  -1.7901664e-03   1.9733176e-03
   7.1041764e-02   1.4919406e-01  -1.1705332e-01   4.5874972e-03  -1.6753959e-03   1.8192365e-03
   6.6619002e-02   1.6455294e-01  -2.1178371e-01   4.5474537e-03  -1.4151780e-03   1.9438735e-03
   6.5936406e-02   1.2496150e-01  -1.2634541e-01   5.0350485e-03  -1.1477926e-03   1.9119014e-03
   5.8064100e-02   1.4963243e-01  -1.2271450e-01   4.2187443e-03  -1.2326345e-03   1.9803825e-03
   5.8345878e-02   1.5791863e-01  -1.5901350e-01   4.7631821e-03  -1.2756711e-03   2.0592593e-03
   5.0485576e-02   1.6624631e-01  -7.9419027e-02   4.6267576e-03  -1.0051294e-03   1.9947960e-03
   4.6503780e-02   1.8647111e-01  -1.5079106e-01   4.6370314e-03  -1.1067604e-03   1.8497036e-03
   4.1327594e-02   1.8076553e-01  -9.2493793e-02   4.9109848e-03  -1.0389422e-03   1.3799886e-03
   5.9383590e-02   1.8919783e-01  -1.2272666e-01   4.6859046e-03  -1.0402025e-03   1.9159835e-03
   5.1683826e-02   1.7428685e-01  -4.0272629e-03   4.2947540e-03  -5.8140086e-04   1.9855033e-03
   6.8830592e-02   1.7313420e-01  -6.1150111e-02   3.2956969e-03  -6.6160408e-04   2.0173099e-03
   1.2849377e-01   3.8369043e-01   7.1158653e-01  -1.6382640e-03  -1.3996123e-03   1.0875070e-03
   7.6741323e-02   3.8065381e-01   5.1610421e-01   1.2505793e-03  -7.5455994e-04  -5.5879879e-04
   2.3240208e-02   2.3870460e-01   1.1394571e-01   2.9147291e-03  -2.1446419e-04  -2.3649852e-04
   2.4750006e-02   2.1128263e-01   1.9260870e-01   2.8752971e-03  -2.2611873e-04   1.0106999e-04
   9.8973938e-03   1.8772062e-01   9.8156529e-02   2.9160819e-03  -5.2730299e-04   1.5017399e-04
   3.1703725e-02   1.8391869e-01   2.4174475e-01   2.0684090e-03  -8.7495101e-05  -5.8374988e-05
   2.4407344e-02   1.6546936e-01   1.4421509e-01   2.2387577e-03  -5.9704490e-04  -1.1119296e-04
   3.0926079e-02   1.4687590e-01   1.5263201e-01   6.6271617e-04  -6.3425625e-04  -3.3443388e-04
   7.2159380e-02   2.0164092e-01   1.8471579e-01   4.2050212e-05  -4.7514166e-04   3.2600598e-04
   5.8587878e-02   1.6292295e-01   2.2129033e-01   1.2709845e-03  -1.3890815e-04  -1.9734824e-04
   6.9672019e-02   9.8663840e-02  -9.4359939e-03   4.8669649e-03   9.4751044e-05   3.3533838e-04
   5.9927335e-02   2.0494517e-01   2.6176293e-01   5.8372910e-04  -3.3621263e-04   1.1822597e-03
   6.9240023e-02   2.1241495e-01   2.1667202e-01   2.1272376e-03  -8.9440386e-04   7.0413722e-04
   4.6018352e-02   2.1255644e-01   2.3006075e-01   2.2931533e-03  -5.0806842e-04   3.9227238e-04
   3.0451763e-02   1.7179059e-01   1.8036992e-01   2.5163303e-03  -9.1808211e-04   1.0273004e-04
   4.9811820e-02   1.9385474e-01   2.3907668e-01   2.8252540e-03  -1.1281159e-03   4.5030863e-04
   5.2812138e-02   1.7706423e-01   1.8537521e-01   2.9177988e-03  -1.1604134e-03   5.7945359e-04
   5.3642947e-02   1.8274877e-01   2.3532024e-01   3.0333155e-03  -1.1513183e-03   5.9507328e-04
   7.1171902e-02   1.8026564e-01   2.0528482e-01   2.8298547e-03  -1.1015670e-03   6.9609173e-04
   6.9319282e-02   1.9872727e-01   1.8284481e-01   2.8597866e-03  -1.7219591e-03   7.1380587e-04
   7.5075226e-02   2.0757032e-01   1.8713641e-01   2.5038962e-03  -1.5069078e-03   9.6631581e-04
   8.1209658e-02   2.1266064e-01   2.4268340e-01   2.6531431e-03  -1.6643830e-03   7.9936979e-04
   7.6596807e-02   2.2512566e-01   1.5728308e-01   2.8219693e-03  -1.2875424e-03   7.8992137e-04
   7.4370167e-02   2.2877119e-01   2.3319025e-01   2.4796909e-03  -2.0791404e-03   8.5550220e-04
   4.9335743e-02   2.4004793e-01   1.3386950e-01   2.5230844e-03  -4.4601171e-05   4.2513029e-04
   3.2525845e-02   2.5166991e-01   4.2774293e-01   1.0207245e-03   8.6832944e-04   3.4255353e-03
   9.0807006e-02   3.0938863e-01   4.1915144e-01   1.2142681e-03  -1.2983302e-03   4.5384126e-03
   6.0477587e-02   3.0870610e-01   2.4692081e-01   2.4882258e-03  -7.4856680e-04   2.7653278e-03
   4.9462474e-02   3.0692076e-01   3.1002722e-01   2.3954535e-03  -3.0616951e-04   2.3628657e-03
   5.5572493e-02   3.1709507e-01   2.7288234e-01   2.8201599e-03  -8.9166255e-05   2.2199970e-03
   6.1882153e-02   3.1016246e-01   2.9185224e-01   2.2083381e-03   3.3528929e-05   1.7979525e-03
   5.0657815e-02   2.9612581e-01   3.4220952e-01   2.2949138e-03   3.8210962e-04   1.7422002e-03
   4.0395247e-02   3.0710164e-01   2.5273417e-01   2.0632596e-03   5.0606138e-05   1.3823895e-03
   3.4511863e-02   2.9906623e-01   4.8541521e-01   2.5984300e-03   6.0935004e-04   1.0325878e-03
   1.8936445e-01   1.6149732e-01  -6.7368346e-01   1.7790147e-03  -3.6261515e-03   1.3351888e-03
   1.5551395e-01   1.6981906e-01  -8.6797959e-01   2.7936668e-03  -4.8080836e-03   7.7126925e-05
   7.1230955e-02   2.2029430e-01  -1.8500258e-01   1.3564667e-04  -2.5303895e-03  -6.6043321e-04
   5.1661963e-02   1.9261228e-01  -3.9779357e-01   2.7870569e-03  -2.7319027e-03  -7.4276853e-04
   8.4721525e-03   2.4358721e-01  -2.3530248e-01   3.5096849e-03  -6.1244793e-04  -1.5655595e-03
   1.2758530e-02   2.1007412e-01  -2.2898693e-01   4.1366746e-03  -9.3549186e-04  -1.7518086e-03
  -6.5045983e-02   1.8005699e-01  -4.9458959e-01   7.4156433e-03   5.5634038e-04  -2.6613056e-03
  -1.0544203e-02   3.2662450e-01  -4.4518570e-01   1.4983752e-03   7.4629798e-04  -1.1824336e-03
  -1.3458405e-02   4.1499055e-01  -2.8605423e-02   8.1234752e-03  -6.5829589e-04  -1.0422386e-03
  -8.1011293e-02   3.1927688e-01  -2.1606463e-01   1.3080049e-03  -3.8285339e-04  -1.2645262e-03
  -8.7243353e-02   2.7324909e-01  -5.7493457e-02   2.8194501e-03  -7.1962542e-05  -1.7332994e-03
  -1.4017528e-02   2.5366318e-01  -6.3035625e-01   3.7171032e-04  -1.7595254e-03  -6.9350244e-04
   2.6297408e-02   1.6732292e-01  -4.9187136e-01  -1.5857542e-03  -2.9531371e-03  -5.6603421e-04
  -4.2140022e-02   1.6813042e-01  -2.6067635e-01  -5.2470332e-04  -1.7228560e-03  -8.5037498e-04
  -1.2457538e-02   1.5932770e-01  -3.0671378e-01  -1.2472558e-03  -2.1963540e-03  -6.6964863e-04
  -1.4709130e-02   1.8216548e-01  -3.5095867e-01  -5.5634292e-04  -2.2777853e-03  -5.2314455e-04
  -1.2483802e-02   1.7145521e-01  -2.9972155e-01  -6.7327757e-04  -2.1825332e-03  -5.7708200e-04
  -2.6738743e-02   1.9200663e-01  -2.7121201e-01  -1.0826196e-03  -1.9188561e-03  -7.6442688e-04
  -2.9622279e-02   1.9063561e-01  -2.2566745e-01  -1.2590656e-03  -1.7124322e-03  -1.2115352e-03
  -2.0691935e-02   2.0353346e-01  -1.4277168e-01  -2.2110257e-03  -1.7563775e-03  -9.4668707e-04
  -1.9851067e-02   2.2183890e-01  -1.4943330e-01  -1.3184432e-03  -1.8435946e-03  -8.2723135e-04
  -2.7495044e-02   2.3480337e-01  -1.4280283e-01  -1.2444404e-03  -1.7556365e-03  -6.4351810e-04
  -8.6233532e-03   2.6116946e-01  -1.4349665e-01  -6.5506416e-04  -2.3770597e-03  -4.5183351e-04
  -1.6463931e-02   2.5885322e-01  -1.4616868e-01  -1.1976011e-03  -2.1321524e-03  -6.5791648e-04
  -4.3919556e-03   2.6378032e-01  -1.2671387e-01  -1.1521747e-03  -2.0650082e-03  -5.5909277e-04
  -1.5660522e-02   2.6664414e-01  -1.2080247e-01  -1.2825570e-03  -2.1455960e-03  -8.3379570e-04
  -1.2147301e-02   2.6037076e-01  -8.3403079e-02  -9.6615848e-04  -2.0402704e-03  -7.3178755e-04
  -1.6329202e-02   2.6285091e-01  -1.5670809e-01  -1.0594450e-03  -1.9333723e-03  -7.9165654e-04
  -2.0117162e-02   2.4185629e-01  -3.5513531e-02  -1.1045225e-03  -1.7737918e-03  -8.1105649e-04
   2.8939067e-02   2.8098038e-01  -3.9248291e-01  -6.6141137e-04  -2.8359904e-03   1.4519411e-04
   3.3156183e-02   2.4195291e-01  -4.1246636e-01  -1.3784456e-03  -3.1158712e-03  -4.7730245e-05
   4.3277064e-03   2.3005999e-01  -2.2091489e-01  -9.6894907e-04  -2.0859540e-03  -4.3849521e-04
   1.8266279e-02   2.2890201e-01  -2.7244155e-01  -7.0677266e-04  -2.1336404e-03  -9.3623690e-05
   2.5827548e-03   2.2426458e-01  -2.3288037e-01  -5.3674905e-04  -1.8527963e-03  -2.9735074e-04
   1.4392355e-02   2.2892979e-01  -2.4461129e-01  -7.5267502e-04  -2.1413218e-03  -4.0579168e-04
   5.1443930e-03   2.3906872e-01  -2.3180802e-01  -9.1721361e-04  -2.0793765e-03  -3.2260696e-04
   2.4725063e-03   2.4236497e-01  -2.9360802e-01  -6.9257873e-04  -2.1526658e-03  -6.3273683e-04
   1.1259988e-02   2.5422676e-01  -2.4024032e-01  -8.7986796e-04  -1.8409254e-03  -3.5928927e-04
  -3.0835230e-03   2.4739039e-01  -2.0827412e-01  -1.1113016e-03  -2.0449414e-03  -6.4895645e-04
  -1.0288859e-02   2.5687114e-01  -1.9218733e-01  -1.3481952e-03  -1.7979889e-03  -6.2661679e-04
  -6.3418244e-03   2.5100160e-01  -2.1637791e-01  -7.8030384e-04  -1.9068818e-03  -8.1788363e-04
  -2.7194368e-03   2.5070891e-01  -1.7789080e-01  -7.7124984e-04  -1.7997214e-03  -6.7795832e-04
  -7.5105224e-03   2.5974577e-01  -2.7699839e-01  -5.5526094e-04  -1.6054442e-03  -7.0794736e-04
  -2.0092937e-02   2.7716511e-01  -1.1073335e-01  -1.4151029e-03  -1.6929438e-03  -8.1178364e-04
  -6.1062630e-04   2.5646291e-01  -2.2603932e-01  -4.2731300e-04  -1.5449367e-03  -5.9258627e-04
   8.4947394e-03   2.6876206e-01  -2.1499266e-01  -7.6234784e-04  -1.6937757e-03  -6.2867309e-04
   2.5681500e-03   2.7528511e-01  -2.1477400e-01  -7.7349558e-04  -1.9744278e-03  -5.4144198e-04
   1.3714636e-02   2.6960898e-01  -1.8123867e-01  -6.3752267e-04  -2.0035698e-03  -2.6040135e-04
   4.0818507e-04   2.8900981e-01  -2.2788657e-01  -7.9386380e-04  -1.6867638e-03  -7.3176451e-04
  -3.3239171e-03   2.9354404e-01  -1.9530982e-01  -7.4140317e-04  -1.5848669e-03  -1.0124217e-03
   1.0000070e-02   2.8906480e-01  -2.3642899e-01  -8.6748530e-04  -1.8988947e-03  -5.6679401e-04
   2.7840047e-03   2.7899393e-01  -2.1636015e-01  -6.7012355e-04  -1.7531638e-03  -6.6217666e-04
   2.8793488e-02   2.8592185e-01  -2.2610034e-01  -5.0181946e-04  -1.9774845e-03  -3.2803893e-04
  -8.1103736e-04   2.8662700e-01  -2.0530269e-01  -5.2488069e-04  -1.9884328e-03  -7.5054717e-04
   2.0730337e-03   2.8907953e-01  -1.9004780e-01  -4.1110487e-04  -2.4245288e-03  -4.9001496e-04
   4.2088228e-03   2.9406821e-01  -1.6286718e-01  -7.9894506e-04  -2.3353563e-03  -1.5145729e-04
   3.3012434e-03   2.9865573e-01  -1.3947812e-01  -4.5055431e-04  -2.3734146e-03  -2.3273463e-04
   5.4022633e-03   2.9931952e-01  -1.7518445e-01  -7.3451361e-05  -2.0756077e-03  -3.0953109e-04
  -6.1850063e-03   3.0299019e-01  -1.5308938e-01  -6.7221210e-04  -2.1143956e-03  -6.5412598e-04
   1.8421999e-04   3.0144450e-01  -2.0214277e-01  -5.6073798e-04  -2.1444423e-03  -5.6349241e-04
  -9.4135625e-04   2.9798847e-01  -1.8198772e-01  -2.3749369e-04  -2.0375817e-03  -4.3032085e-04
  -1.7490887e-02   2.8198248e-01  -1.6853772e-01  -8.9230210e-05  -1.9149868e-03  -5.9402017e-04
  -1.3800071e-02   2.9581064e-01  -1.8762065e-01  -4.3245139e-04  -2.1901392e-03  -5.1418318e-04
  -1.6004143e-02   2.9715643e-01  -6.3695404e-02  -1.1798408e-03  -1.7984373e-03  -6.3958799e-04
  -5.0552796e-02   2.7387079e-01  -8.8511811e-02  -7.3099421e-04  -1.4625354e-03  -1.2427876e-03
  -4.3651337e-02   2.6900568e-01  -1.2375077e-01  -7.4074589e-04  -1.4321465e-03  -1.1516537e-03
  -3.5829025e-02   2.6548840e-01  -6.9067253e-02  -8.4788754e-04  -1.5054190e-03  -9.5889139e-04
  -4.1683580e-02   2.7880883e-01  -1.1462135e-01  -7.5448013e-04  -1.6646423e-03  -8.8470278e-04
  -2.5477755e-02   2.9063253e-01  -8.4287603e-02  -8.8588595e-04  -1.7804899e-03  -9.3296789e-04
  -3.7937547e-02   3.0485075e-01  -1.0456277e-01  -3.5819733e-04  -1.7116989e-03  -7.5785463e-04
  -4.6603810e-02   3.0160420e-01  -7.9001404e-02  -8.5775274e-04  -1.4023768e-03  -1.0578446e-03
  -4.1434698e-02   3.0527024e-01  -1.1708428e-01  -6.5403793e-04  -1.4159567e-03  -9.0365225e-04
  -3.8003216e-02   3.0490860e-01  -1.0726098e-01  -8.7947809e-04  -1.4430928e-03  -1.0685935e-03
  -1.6788767e-02   3.1911446e-01  -9.9820532e-02  -8.7383643e-04  -1.6960721e-03  -6.7809297e-04
  -2.5254616e-02   3.2749206e-01  -8.1584812e-02  -1.1249538e-03  -1.4616465e-03  -8.3558500e-04
  -2.4582604e-02   3.2705652e-01  -8.3492664e-02  -1.0484822e-03  -1.5282604e-03  -1.1485736e-03
  -2.1648920e-02   3.2371912e-01  -1.0663962e-01  -5.3247677e-04  -1.4559670e-03  -1.0866461e-03
  -3.1759250e-02   3.1607102e-01  -1.1401208e-01  -2.3052713e-05  -1.6601406e-03  -1.2523966e-03
  -3.0307222e-02   3.2633925e-01  -9.8866023e-02  -2.5025386e-04  -1.3133354e-03  -9.1319300e-04
  -2.0868880e-02   3.2001587e-01  -8.3047487e-02  -5.9233008e-04  -1.3576664e-03  -1.1309415e-03
