   1.0859225e-14   0.0000000e+00   7.1054274e-15   2.3561300e-52   0.0000000e+00   0.0000000e+00
   1.4307165e-02   2.0587116e-02   2.6199347e-02  -2.5075581e-04   1.5223624e-06   1.9780452e-04
   4.3056132e-02   2.6952875e-02  -1.9150867e-02   3.2480968e-05   3.3112575e-05   5.9841499e-04
   8.1151475e-02   4.3857576e-03   1.1649703e-01  -6.2162479e-04  -1.6517457e-04   1.1463581e-03
   1.6403374e-01  -3.1602883e-02   9.9024363e-02  -1.7051615e-03  -5.8508695e-04   5.0524281e-04
   2.0376537e-01  -1.7486739e-02   6.8821407e-02  -1.1081376e-03  -8.2547436e-04   1.3443229e-03
   2.2304353e-01   2.1471954e-02   7.5433930e-02  -1.2968825e-03  -9.5443138e-04   9.8447400e-04
   2.5352504e-01  -2.1616799e-02   6.7089801e-02  -7.1348423e-04  -5.6025124e-04   1.5172716e-03
   2.3537705e-01   6.1722252e-02   1.1459143e-01  -7.2109008e-04  -1.2210571e-03   1.5314220e-03
   2.4201364e-01   5.5876445e-02   5.5783259e-02   4.3830458e-04  -1.3484344e-03   1.5511448e-03
   2.2220831e-01   5.6144721e-02   1.0126499e-01  -1.9847348e-04  -1.2186888e-03   9.9250844e-04
   2.5645135e-01   5.5275283e-02   6.2904831e-02  -4.2890340e-04  -1.8316605e-03   1.7482422e-03
   2.8010823e-01   8.5010693e-02   7.9066352e-02  -6.2284296e-05  -1.8537234e-03   2.4187451e-03
   2.3875582e-01   7.7495870e-02   1.0297509e-01  -5.9913093e-04  -1.2471879e-03   1.5272556e-03
   2.6440701e-01   7.7118052e-02   5.5833589e-02   2.3600518e-04  -1.2164350e-03   1.4152508e-03
   2.2129223e-01   6.2322088e-02   3.7492713e-03   3.5159122e-04  -1.3428206e-03   8.0556096e-04
   2.7521178e-01   5.2780584e-02   9.2071459e-02  -1.8328857e-04  -6.1099859e-04   1.3978392e-03
   2.7245497e-01   2.6302170e-02   1.6741347e-01  -1.3812527e-03  -7.3125283e-04   1.3551558e-03
   2.7666075e-01   5.9069273e-02   1.1312682e-01  -2.7006746e-05  -5.6909570e-04   1.1678577e-03
   2.4973201e-01   1.1508998e-01   5.6069148e-02   1.2384110e-03  -6.2249582e-04   5.2982280e-04
   3.0940522e-01   3.0957216e-02   1.8567447e-01  -3.9331125e-04  -2.6110309e-04   1.6384483e-03
   2.0579932e-01   5.2761370e-02   1.9182432e-01   4.6344557e-04  -1.0853133e-03   4.5422761e-04
   1.2925460e-01   2.6373624e-02   2.7282870e-01  -1.2746992e-03  -9.7277435e-04  -1.0587946e-04
   2.2110589e-01   5.8320163e-02   1.8012993e-01   1.2831993e-03  -8.1433295e-04   1.0178737e-03
   2.1706060e-01   6.1336368e-02   1.5420450e-01   1.0951689e-03  -4.8286137e-04   8.1072985e-04
   2.5676875e-01   5.9302949e-02   2.1037277e-01   3.9352217e-04  -3.8279154e-04   1.2293819e-03
   2.4594125e-01   7.4057478e-02   2.1833161e-01   7.9792562e-04  -3.0641624e-04   9.4110079e-04
   2.7104824e-01   6.3582576e-02   2.4804536e-01   4.4504550e-04  -3.8887556e-04   1.4152246e-03
   2.5472830e-01   7.0972309e-02   2.4160430e-01   5.0539626e-04   2.0223986e-04   1.0002060e-03
   2.6636069e-01   6.9205498e-02   2.2868402e-01   1.0781623e-04  -3.5383915e-04   1.3877537e-03
   2.5567986e-01   1.2186716e-01   1.5521234e-01   2.0186286e-03   4.2896941e-04   9.7975420e-04
   2.6527492e-01   9.2203613e-02   2.2174657e-01   3.9593913e-04   2.7727689e-04   1.1080511e-03
   2.8748022e-01   9.7090488e-02   1.3907895e-01   7.5394291e-04  -4.0349860e-04   1.8462605e-03
   3.0982648e-01   5.7298896e-02   1.9883683e-01  -1.6903759e-03  -5.5415271e-04   2.0840158e-03
   3.0777959e-01   8.2318647e-02   1.1659530e-01   1.7488491e-03  -1.0284824e-04   1.7766098e-03
   3.1182488e-01   5.5834678e-02  -5.4337329e-02   3.4736869e-03  -1.0500996e-03   1.9785309e-03
   3.1082047e-01   4.7490509e-02   5.3392839e-02   2.6448134e-03  -2.7693126e-04   1.8959843e-03
   2.7880025e-01   8.5073527e-02  -2.4100951e-02   3.4933676e-03  -2.2009833e-04   1.5616842e-03
   3.3416599e-01   6.1264460e-02   1.0424605e-01   1.2938012e-03  -5.9502585e-04   2.7306290e-03
   3.5958140e-01   1.0413185e-01   6.1415645e-02   2.5729898e-03  -1.2734281e-03   2.9048281e-03
   3.9676766e-01   6.8528875e-02   1.2960117e-01   8.7522756e-04  -1.7437322e-03   3.7467963e-03
   3.0041338e-01   1.2199116e-01   3.9358979e-02   1.8594780e-03  -4.5538662e-04   1.5093552e-03
   3.0725082e-01   1.2022694e-01   2.0012483e-02   2.6505341e-03   5.6250141e-06   1.5682969e-03
   3.2850186e-01   1.4224498e-01   3.2441140e-02   2.8391837e-03  -1.0520960e-04   2.2079728e-03
   3.4462687e-01   8.3472742e-02   1.1459013e-01   1.5314485e-03  -5.4774639e-04   2.6451228e-03
   3.4993629e-01   1.5643581e-01   1.2393502e-01   2.7036530e-03  -9.0538688e-04   2.2853936e-03
   2.7540620e-01   1.8832702e-01   3.2670607e-01   1.3698173e-03  -2.9081273e-03   1.6542293e-03
   2.9616469e-01   1.6904977e-01   1.7882732e-01   2.2760030e-03  -2.2822032e-03   1.5895915e-03
   2.4197861e-01   1.7066567e-01   8.3778329e-02   3.4330048e-03  -2.4716452e-03   1.4700142e-03
   2.6503665e-01   1.4662654e-01   1.8549992e-01   2.5836104e-03  -2.0400593e-03   1.4453459e-03
   2.8321173e-01   2.3773542e-01   1.8255107e-01   3.0654304e-03  -2.3654339e-03   1.9003316e-03
   3.0604342e-01   1.9812104e-01   2.3066740e-01   2.6274492e-03  -2.2498520e-03   2.2562496e-03
   2.8352391e-01   2.1744661e-01   1.2922660e-01   3.9276634e-03  -2.4216267e-03   1.7152916e-03
   2.5732038e-01   2.0554505e-01   4.4324356e-02   4.9755151e-03  -1.9275641e-03   1.3539521e-03
   3.1476475e-01   1.7665848e-01   9.6785587e-02   3.7721909e-03  -2.0263387e-03   2.0945060e-03
   3.4579401e-01   1.7774416e-01   1.5259833e-01   3.5474599e-03  -1.6048765e-03   1.9117825e-03
   3.7885857e-01   1.8156611e-01   1.9166257e-01   4.4027481e-03  -1.7135452e-03   2.4200901e-03
   3.3325810e-01   2.4721996e-01   8.0713522e-02   4.9890740e-03  -2.1404155e-03   1.8945877e-03
   3.4373009e-01   1.6643624e-01   2.6933426e-01   3.1692911e-03  -1.4013676e-03   2.0693887e-03
   3.4168505e-01   2.4263251e-01   1.3942128e-01   5.4667271e-03  -1.1578316e-03   1.5675622e-03
   3.2601138e-01   1.9709411e-01   2.7578484e-01   3.3013811e-03  -2.0324500e-03   2.0285557e-03
   3.4167053e-01   1.9661040e-01   8.6569995e-02   3.5926964e-03  -1.4401577e-03   1.5210014e-03
   3.3198191e-01   2.1220354e-01   1.0799744e-01   4.0796425e-03  -2.7687489e-03   2.1728550e-03
   3.6792156e-01   1.7688380e-01   2.7118339e-01   3.6300364e-03  -2.5078822e-03   2.9236720e-03
   3.3005802e-01   1.6524277e-01   3.0594479e-01   2.1837403e-03  -2.8431642e-03   2.5277410e-03
   3.2038113e-01   2.1499546e-01   2.9523450e-01   2.7895477e-03  -3.0706910e-03   2.0841848e-03
   3.3436078e-01   2.5854393e-01   2.9376084e-01   3.0570071e-03  -3.3327795e-03   2.1323199e-03
   3.6556191e-01   1.5220949e-01   3.6707738e-01   2.4037260e-03  -2.4445916e-03   2.7732409e-03
   3.6352805e-01   1.9567786e-01   3.7675218e-01   1.8955867e-03  -2.4359791e-03   2.5742388e-03
   3.7299498e-01   1.9890904e-01   3.6306899e-01   3.3400632e-03  -2.4465854e-03   2.6498807e-03
   4.2182696e-01   1.9477541e-01   2.3895074e-01   3.5256254e-03  -2.5476397e-03   3.3383184e-03
   3.8983047e-01   1.9768181e-01   2.4952309e-01   4.0737983e-03  -2.8724745e-03   3.1344154e-03
   3.7688549e-01   2.1066653e-01   2.4170101e-01   4.0791607e-03  -2.8959267e-03   2.8558717e-03
   3.6707450e-01   2.3523163e-01   2.2850399e-01   4.0720611e-03  -2.9681636e-03   2.8632462e-03
   3.8541852e-01   2.3673468e-01   2.4992262e-01   4.2288545e-03  -2.4792549e-03   2.9339704e-03
   3.5619449e-01   2.0994941e-01   3.0675217e-01   3.1588227e-03  -2.2516459e-03   2.5617348e-03
   3.9885983e-01   2.4381626e-01   2.4927235e-01   4.4349782e-03  -2.0435870e-03   3.0025874e-03
   3.1807134e-01   2.2120557e-01   2.1232561e-01   4.5742420e-03  -1.9984850e-03   2.2621872e-03
   3.3635467e-01   2.1805803e-01   2.8124536e-01   2.9919703e-03  -2.5644132e-03   2.4535569e-03
   3.4512759e-01   2.4830311e-01   2.2793474e-01   5.0201856e-03  -2.3937902e-03   2.3176903e-03
   3.4303612e-01   2.5529910e-01   2.1935759e-01   4.9407481e-03  -3.2361392e-03   2.8143546e-03
   3.3645450e-01   2.3630132e-01   2.9643574e-01   4.0109425e-03  -2.2466033e-03   2.5191715e-03
   3.5566766e-01   2.1312560e-01   3.1494095e-01   2.7599311e-03  -2.5696826e-03   2.9607376e-03
   3.4124825e-01   2.5330171e-01   2.2911227e-01   4.7686903e-03  -1.9532489e-03   2.3046251e-03
   2.8875633e-01   2.3951808e-01   1.6580004e-01   4.7691534e-03  -2.4315096e-03   2.0827374e-03
   3.1172644e-01   2.8998924e-01   1.1952123e-01   6.3418542e-03  -2.8770984e-03   2.2341304e-03
   2.9658679e-01   3.0018346e-01   1.0979662e-01   6.7763696e-03  -2.7548364e-03   2.1354360e-03
   3.3525931e-01   2.8350575e-01   2.3077858e-01   5.6585378e-03  -2.7504372e-03   2.7006697e-03
   3.0677160e-01   2.9750042e-01   1.3804726e-01   6.6700462e-03  -2.8576380e-03   2.2177392e-03
   3.1282632e-01   2.7695121e-01   2.4383224e-01   4.8613747e-03  -2.5815227e-03   2.3365064e-03
   3.1507165e-01   2.7514090e-01   2.0376516e-01   5.6527351e-03  -2.5459624e-03   2.2963531e-03
   2.9208705e-01   2.6889266e-01   2.0842423e-01   5.1583695e-03  -2.4203444e-03   2.1014810e-03
   3.0408839e-01   3.0841255e-01   1.5574989e-01   6.0355950e-03  -2.7715374e-03   2.2178064e-03
   2.8042685e-01   2.9047151e-01   2.1214502e-01   4.9296384e-03  -2.3462889e-03   1.7835007e-03
   3.3166129e-01   3.0080734e-01   1.5813817e-01   6.2945480e-03  -2.6473037e-03   2.4197094e-03
   3.1193474e-01   3.0195982e-01   2.4916113e-01   6.0646361e-03  -1.9143495e-03   2.1251823e-03
   3.3911154e-01   2.8162700e-01   2.0881313e-01   5.4431154e-03  -2.6598384e-03   2.7343761e-03
   3.7040822e-01   4.1013944e-01   2.6832921e-01   6.5228363e-03  -2.7769140e-03   3.3180387e-03
   3.3217759e-01   3.5815180e-01   1.8775812e-01   6.6512614e-03  -2.1213378e-03   2.0278150e-03
   3.6866405e-01   2.5181080e-01   2.5535245e-01   4.9646009e-03  -2.4252651e-03   2.8943423e-03
   3.3044794e-01   3.0653022e-01   2.8160190e-01   5.7195122e-03  -1.8387603e-03   2.1861963e-03
   3.6526664e-01   3.0572472e-01   3.3076919e-01   4.8548486e-03  -1.9917863e-03   2.9642166e-03
   3.3188792e-01   3.1156823e-01   3.4800247e-01   4.7966436e-03  -2.3336478e-03   2.3128518e-03
   3.6597602e-01   3.0798451e-01   3.4319939e-01   4.5588505e-03  -2.3579802e-03   3.0541942e-03
   3.5904332e-01   3.2698523e-01   2.4296125e-01   5.2452275e-03  -3.0946589e-03   3.0701008e-03
   2.7694890e-01   3.2885713e-01   2.3154258e-01   5.9687779e-03  -9.7875299e-04   1.0903683e-03
   3.0835661e-01   3.1777710e-01   2.5425311e-01   5.0603759e-03  -2.1744286e-03   2.0860847e-03
   3.2286269e-01   2.9173213e-01   2.7798038e-01   4.7178638e-03  -1.6955757e-03   2.2835924e-03
   3.2508118e-01   3.0458845e-01   2.8084541e-01   4.3509418e-03  -2.3634966e-03   2.2723192e-03
   3.3709615e-01   3.0341136e-01   2.2566097e-01   5.3831079e-03  -2.3991774e-03   2.6761583e-03
   3.2102004e-01   3.3616546e-01   2.0515611e-01   6.2490216e-03  -2.1031362e-03   2.1147457e-03
   3.1475447e-01   2.8802944e-01   3.0396918e-01   4.1248778e-03  -2.3126235e-03   2.4499158e-03
   3.0283761e-01   3.1673650e-01  -2.0068519e-03   8.6457644e-03  -3.1094582e-03   2.0656598e-03
   2.7990256e-01   3.0628915e-01  -4.3794279e-02   8.3892598e-03  -4.5240035e-03   1.8507526e-03
   2.7045314e-01   3.2548563e-01   9.7290740e-02   6.1318266e-03  -4.0253731e-03   1.7217366e-03
   2.7362140e-01   3.1566634e-01   1.5354659e-01   5.4300219e-03  -3.5917610e-03   1.9256270e-03
   3.2083452e-01   2.9977938e-01   2.2342503e-01   5.2044891e-03  -3.2511299e-03   2.5153630e-03
   3.0875886e-01   3.1070110e-01   2.0647803e-01   5.2227879e-03  -3.4623716e-03   2.5085698e-03
   2.8936003e-01   3.5392071e-01   2.0211041e-01   5.7413427e-03  -3.5280212e-03   1.5752124e-03
   2.1177750e-01   3.4963625e-01   2.8192938e-01   4.0179214e-03  -4.0641906e-03   6.5592638e-04
   2.7962747e-01   3.0107219e-01   2.1301858e-01   4.3958584e-03  -3.9301927e-03   2.7362016e-03
   2.6226859e-01   3.3258366e-01   5.6241844e-03   6.3634122e-03  -3.7400096e-03   2.8917432e-03
   2.3248708e-01   3.0878471e-01   1.0997580e-01   6.1154158e-03  -3.2411348e-03   1.9245713e-03
   2.3323102e-01   3.6275346e-01   1.4157949e-01   5.9638803e-03  -3.1856300e-03   2.0206069e-03
   2.0439776e-01   3.3668861e-01   1.7158562e-01   5.5356691e-03  -2.7079958e-03   1.3402378e-03
   2.1994001e-01   3.4024345e-01   2.1754798e-01   5.1770310e-03  -2.6509710e-03   1.7596860e-03
   1.8815280e-01   3.4144134e-01   2.0141476e-01   4.6061878e-03  -3.2460450e-03   1.3483025e-03
   2.0269798e-01   3.8147384e-01   1.6712077e-01   5.0772732e-03  -3.2929040e-03   1.6731807e-03
   1.9734455e-01   3.7189695e-01   1.2614329e-01   5.3425692e-03  -3.3285069e-03   1.5156318e-03
   2.0654344e-01   3.7565059e-01   1.1991128e-01   5.7406629e-03  -2.8333344e-03   1.3481712e-03
   2.0392110e-01   3.5724667e-01   1.7743636e-01   4.8003037e-03  -3.1257171e-03   1.3547202e-03
   2.2865309e-01   3.6898032e-01   1.3591000e-01   5.7896877e-03  -3.1418603e-03   1.6574120e-03
   2.2582166e-01   3.5206989e-01   2.3157438e-01   4.6218269e-03  -3.1712593e-03   1.5918426e-03
   2.2154876e-01   3.9350101e-01   1.5419151e-01   5.6299218e-03  -3.1033594e-03   1.6339643e-03
   2.0333555e-01   3.7299967e-01   1.6528092e-01   5.7556735e-03  -3.1613413e-03   1.4152760e-03
   2.2196591e-01   3.8621140e-01   1.9444913e-01   5.1783312e-03  -3.0376941e-03   1.5896203e-03
   2.2359981e-01   3.6254650e-01   2.1193278e-01   5.6247086e-03  -3.5352211e-03   1.9086144e-03
   2.0401014e-01   3.4955059e-01   2.5995650e-01   4.9254716e-03  -3.4037396e-03   1.5884133e-03
   2.0713562e-01   3.8705916e-01   1.7595242e-01   5.7874206e-03  -3.1473511e-03   1.3987148e-03
   2.0377801e-01   3.7567691e-01   2.4680046e-01   4.5413126e-03  -3.6461983e-03   1.5659165e-03
   2.0334800e-01   4.4944388e-01   2.2699825e-01   5.7483263e-03  -3.4682952e-03   1.4269162e-03
   2.1834262e-01   4.1504515e-01   2.2754450e-01   4.2512439e-03  -4.2315169e-03   1.8822222e-03
   2.1767867e-01   4.2427631e-01   1.8387499e-01   5.2070869e-03  -4.3033543e-03   1.7747851e-03
   1.7993427e-01   4.4207391e-01   2.1924547e-01   4.9278745e-03  -3.6294404e-03   1.1111334e-03
   2.1049238e-01   3.9941509e-01   1.7205843e-01   5.2722424e-03  -4.2529810e-03   1.3887555e-03
   1.5821537e-01   4.2756348e-01   1.7912982e-01   4.6889874e-03  -4.1861033e-03   7.9052496e-04
   1.7439518e-01   4.1133541e-01   2.1398814e-01   4.3214794e-03  -4.2361865e-03   1.0137398e-03
   1.5791265e-01   4.1593907e-01   1.7611533e-01   4.7492017e-03  -3.6166081e-03   9.6169755e-04
   1.8649956e-01   3.9978222e-01   2.7255966e-01   3.3255957e-03  -4.3664240e-03   1.2306504e-03
   2.4176576e-01   4.4778159e-01   2.0418256e-01   3.2734214e-03  -5.8248720e-03   1.9182308e-03
   2.2907583e-01   4.8794188e-01   4.1618312e-02   5.9122178e-03  -4.4226466e-03   1.8893640e-03
   2.0289449e-01   3.9816347e-01   1.3366073e-01   5.7672255e-03  -4.1367494e-03   1.8197741e-03
   1.8585961e-01   4.6999963e-01   1.4523158e-01   5.4773434e-03  -4.1719581e-03   1.2000068e-03
   2.1225409e-01   4.1886850e-01   1.5616143e-01   5.3698428e-03  -4.0466960e-03   1.6900818e-03
   1.9774064e-01   5.1637346e-01   2.9130969e-02   6.9445655e-03  -3.6819438e-03   1.3612317e-03
   2.1499568e-01   5.0882609e-01  -2.6574483e-02   8.0030284e-03  -3.9544861e-03   1.4881304e-03
   2.2468020e-01   5.0339166e-01   1.2981739e-01   6.1346715e-03  -3.9933016e-03   1.9881817e-03
   1.9668997e-01   4.7776570e-01   1.2027849e-01   5.6911692e-03  -4.2103182e-03   1.5712891e-03
   2.0525822e-01   4.6286577e-01   1.4436018e-01   5.9839579e-03  -3.9630988e-03   1.4531457e-03
   2.3482335e-01   4.5590337e-01   1.3872901e-01   5.6257176e-03  -4.0847425e-03   1.7421227e-03
   2.2152343e-01   4.5112316e-01   1.0085034e-01   6.5903865e-03  -3.7018986e-03   1.6820893e-03
   2.1480946e-01   4.9470420e-01   1.0096379e-01   6.6683126e-03  -3.2646819e-03   1.4256565e-03
   2.4945399e-01   4.4689271e-01   1.0863824e-01   5.9168622e-03  -4.1856452e-03   2.1056139e-03
   1.8631494e-01   5.3430741e-01   1.0526117e-01   6.6070863e-03  -3.9148984e-03   1.3298558e-03
   1.8306542e-01   4.9784554e-01   6.3217057e-02   6.6200061e-03  -4.3179467e-03   1.6056179e-03
   1.3222717e-01   5.2322816e-01   7.5825222e-03   9.4871453e-03  -3.0514543e-03   3.8237191e-04
   2.3597945e-01   4.9861529e-01   5.0829623e-02   7.9222095e-03  -3.8708335e-03   2.3107024e-03
   2.3543969e-01   4.9458894e-01   6.6957632e-02   7.9554803e-03  -3.8207694e-03   2.0582345e-03
   1.7317389e-01   5.1449440e-01   7.2129954e-02   7.7633329e-03  -3.5055547e-03   1.2104092e-03
   2.4477873e-01   5.0530021e-01   1.1156148e-01   6.4774833e-03  -3.9019052e-03   2.4246221e-03
   2.0731685e-01   5.0583403e-01   1.3005009e-01   6.4381967e-03  -3.6243926e-03   1.8898313e-03
   2.5691856e-01   5.6298377e-01   1.2643167e-01   7.1127898e-03  -3.6081268e-03   2.6056142e-03
   2.8577189e-01   4.9572987e-01   3.6893809e-02   6.6246133e-03  -3.3623871e-03   2.4818769e-03
   2.6116635e-01   5.5403380e-01   6.2512434e-02   6.8803212e-03  -4.0876218e-03   2.4132675e-03
   2.3982045e-01   4.8003122e-01   2.6967856e-02   6.9311883e-03  -3.5809746e-03   2.2578584e-03
   2.7726756e-01   5.7523138e-01   1.8538065e-01   8.0871199e-03  -3.8377427e-03   2.7175554e-03
   2.3611731e-01   5.8700345e-01   2.5628963e-01   7.8401088e-03  -4.4264358e-03   1.7287849e-03
   2.8833265e-01   5.0215275e-01   1.5104944e-01   7.0623717e-03  -3.8297997e-03   2.7527650e-03
   2.9806338e-01   4.9828029e-01   1.8920676e-01   7.0000316e-03  -3.9530624e-03   2.6467973e-03
