   0.0000000e+00  -1.1890153e-14   0.0000000e+00   0.0000000e+00   0.0000000e+00   2.6229375e-19
   1.7717078e-05  -1.8772793e-02   2.9449307e-02  -1.6587072e-04   4.6565853e-04  -2.8756797e-04
  -9.9684120e-03  -1.8052612e-02  -7.9762089e-02   2.7016996e-04   4.7357259e-04  -5.6199509e-04
   6.0631805e-02  -5.0540302e-02   7.3309897e-02   7.1711541e-04   8.6939597e-04   5.6956346e-04
   1.3586986e-01  -1.9872678e-02  -2.0637567e-03   4.2410180e-04  -1.3161332e-05   9.9864893e-04
   7.0688304e-02   6.6691207e-03  -1.2173273e-01   8.1863341e-04   3.6868471e-04   2.4726925e-04
   1.9347816e-02   2.4417582e-02  -4.5030988e-02   9.5338087e-04  -1.2087748e-04  -3.6093500e-04
   4.2474987e-02   6.2321123e-02  -6.8358009e-02   1.7492553e-03   2.3380240e-05   3.1311852e-05
  -1.0111137e-02   8.9347419e-02  -7.5567841e-02   1.6410733e-03   1.8749700e-04  -8.8977122e-04
   4.4543840e-02   6.9581185e-02  -1.1525853e-01   1.6500775e-03  -2.1528452e-04   1.8953414e-04
   2.3208452e-03   7.8914752e-02  -1.2164120e-01   1.9618716e-03  -1.7919719e-04  -7.6788606e-04
   3.4494516e-02   6.0745594e-02  -1.0432841e-01   1.2460736e-03  -2.9504755e-04   9.9976253e-05
   3.7543832e-02   1.1077790e-01  -7.4568192e-02   1.9022393e-03   1.3151242e-03  -9.1284334e-04
   4.8104597e-02   1.0282165e-01  -2.0963772e-01   3.6310121e-03   1.4506902e-03  -1.2428722e-04
   8.5750621e-02   6.2090008e-02  -1.4266895e-01   1.9286121e-03   1.1012654e-03   4.3194329e-04
   8.2706482e-02   7.1851803e-02  -2.5774448e-01   2.9931638e-03   1.3476291e-03   5.5859880e-04
   3.2486092e-02   1.0371747e-01  -1.5820662e-01   3.2945130e-03   2.1136439e-03  -6.2192381e-04
  -2.3239984e-02   1.7122191e-01  -3.6017580e-01   3.9087951e-03   1.3083927e-03  -1.1940759e-03
   3.7293211e-02   1.2260071e-01   7.8133528e-02   2.0144928e-03   1.1831350e-03   3.5305176e-04
   1.4590097e-02   1.5621787e-01   9.0406089e-02   1.0294527e-03  -4.9312969e-04  -1.8895415e-04
  -1.9010956e-02   1.4738653e-01  -2.9460670e-01   3.2456189e-03  -1.6130738e-03  -6.3547323e-04
  -9.4800947e-02   1.5295174e-01  -3.0170521e-01   5.2358665e-03   1.2092967e-04  -2.2169687e-03
   1.2777511e-02  -1.7861368e-02  -3.1793669e-01   3.6161243e-03  -1.1386642e-03   9.2260948e-05
  -6.1162588e-02   8.6207422e-02  -2.1896196e-01   3.4176331e-03  -1.0867411e-03  -1.6126918e-03
   6.2167381e-03   8.5650452e-02  -1.7740312e-01   2.8785447e-03  -1.0165054e-03  -3.2631160e-04
  -3.3078446e-02   9.7730210e-02  -1.8813086e-01   2.3440747e-03  -1.0435604e-03  -1.1207626e-03
  -2.7368904e-02   1.4569498e-01  -1.4142941e-01   2.4799816e-03  -1.3969967e-03  -2.2112644e-04
  -1.7675179e-02   1.3387016e-01  -4.7907526e-02   3.0986847e-03  -2.2240490e-04  -4.9817211e-04
   6.0641296e-02   8.8063548e-02  -4.3287054e-02   2.1700720e-03  -1.6311084e-03   3.8962602e-04
  -2.9585965e-03   7.6734766e-02  -5.4549934e-02   2.6038670e-03  -5.3957902e-04  -9.3172857e-04
   5.2158657e-02   1.0881378e-01  -2.1487729e-02   8.6640341e-04  -1.7828851e-03  -3.8883530e-05
   1.5919131e-02   1.3854683e-01   8.5899683e-02  -2.4360040e-03  -8.8473499e-04  -1.1628965e-03
   2.2181391e-02   1.2803037e-01   2.8875476e-02   2.4461482e-04   2.5692055e-04  -1.6830974e-03
   4.5887596e-02   9.2561315e-02  -4.4785767e-02   2.4309916e-04  -1.1171429e-03  -7.4220670e-04
   1.6043313e-02   9.1738104e-02  -3.5453925e-02  -3.8738686e-04  -1.0725087e-03  -7.7510058e-04
  -7.6184202e-03   8.5700223e-02   2.1326227e-02  -1.7461179e-03  -6.7779241e-04  -1.3895487e-03
  -1.7712409e-02   7.3453846e-02  -2.5445595e-02  -1.1571448e-03  -1.5833013e-03  -1.4172475e-03
   9.7386866e-02   9.8543585e-02   2.7840924e-02   1.3755797e-04  -5.0992142e-04  -1.1377551e-03
   5.2220655e-02   9.9138784e-02   7.5997336e-02  -9.7083350e-04   6.2104463e-04  -1.1055480e-03
   2.3925564e-02   1.0724150e-01  -2.9486398e-03  -3.9623791e-04  -1.1059438e-04  -1.0531293e-03
  -1.1542342e-02   1.2841296e-01   4.3191855e-02  -7.3052354e-04   1.6610308e-05  -1.0343382e-03
  -2.1059167e-02   1.3967247e-01  -5.2633909e-02   3.4499832e-04  -3.3204142e-04  -1.3806033e-03
  -1.7821047e-02   1.7053477e-01  -1.0295481e-01  -5.5780507e-04  -5.0358524e-04  -1.4062243e-03
  -1.5921913e-02   1.3874143e-01  -1.2444323e-01   3.3246535e-04  -5.1392448e-04  -1.4631744e-03
   2.3893150e-03   1.4662602e-01  -7.4191599e-02   1.1438576e-03  -7.8459075e-04  -1.3201269e-03
   1.7558319e-02   1.7882227e-01  -3.1043489e-01   3.5176380e-03  -2.6503781e-04  -1.0406794e-03
  -3.9969989e-02   1.9180351e-01  -2.9396041e-01   4.4308399e-03  -2.6630178e-04  -1.9464986e-03
  -4.4354827e-02   1.9825560e-01  -1.9356583e-01   3.0933750e-03   3.1308635e-04  -1.7006312e-03
  -4.5848729e-02   2.2090631e-01  -2.3096967e-01   3.9131323e-03   2.7217853e-04  -1.7978733e-03
  -3.7061881e-02   2.3834933e-01  -2.4641726e-01   4.4288961e-03  -5.6115873e-04  -1.6459950e-03
  -4.9736652e-02   2.3471016e-01  -3.8127140e-01   5.7984086e-03  -6.4750251e-04  -1.7831408e-03
  -1.7061753e-02   2.2317691e-01  -1.8867523e-01   2.8173807e-03  -3.7216950e-04  -1.4216660e-03
  -1.8050529e-02   2.1276821e-01  -2.4781524e-01   4.0744153e-03  -2.8593810e-04  -1.5686963e-03
  -1.8627408e-03   1.7506557e-01  -1.8801463e-01   3.1601266e-03  -3.5663861e-04  -1.2638906e-03
  -2.0890689e-02   1.9575891e-01  -2.2312309e-01   3.5613164e-03  -1.9509762e-04  -1.7415717e-03
  -1.9486983e-02   1.9585550e-01  -2.1990806e-01   3.4081455e-03  -4.6950592e-04  -1.4650550e-03
   6.1953028e-03   1.8900296e-01  -2.2466081e-01   3.3993214e-03  -3.0204084e-04  -1.3119339e-03
  -2.0308821e-03   1.7539167e-01  -2.0374986e-01   2.6320365e-03  -7.3395042e-04  -1.4849075e-03
  -2.5523927e-02   2.3453078e-01  -2.3804518e-01   4.1171600e-03  -5.7081644e-04  -1.7700275e-03
  -1.1755104e-02   2.1554165e-01  -1.8598310e-01   2.8597683e-03  -6.6905322e-04  -1.3983444e-03
  -1.5645478e-02   2.3388392e-01  -1.6913990e-01   3.3416206e-03  -3.8832836e-04  -1.7382907e-03
  -1.7425877e-02   1.9665798e-01  -1.0998988e-01   1.8817156e-03  -5.9616098e-04  -1.6235563e-03
  -3.3000083e-02   2.1328796e-01  -2.2979927e-01   3.9869279e-03  -3.2415822e-04  -1.9186199e-03
  -1.2478914e-02   1.9880256e-01  -1.3153030e-01   2.4959757e-03  -6.5872668e-04  -1.6296892e-03
  -4.6454936e-02   2.4460275e-01  -2.3921251e-01   4.2674360e-03  -4.7933738e-04  -2.3283867e-03
  -4.9463284e-02   2.0113677e-01  -1.9850034e-01   3.3406458e-03   2.0324788e-05  -2.3658530e-03
   3.7062628e-02   1.7505688e-01  -6.2355525e-02   6.6569912e-04  -6.2622024e-04  -1.2159419e-03
   2.5318232e-03   1.8957003e-01  -2.3447435e-01   3.1880642e-03  -7.1970554e-04  -1.7020080e-03
  -3.6200257e-02   1.8912112e-01  -1.5654939e-01   2.3878024e-03  -1.0940084e-03  -1.6049830e-03
   8.0565797e-03   1.8675264e-01  -1.6646894e-01   2.9392399e-03  -1.0549097e-03  -1.4273599e-03
  -1.4867559e-02   3.4095132e-01   1.4339303e-02   3.1242746e-03  -5.9654258e-04  -1.5923158e-03
   2.0482288e-02   2.7539706e-01  -2.5108466e-02   2.0827013e-03  -1.4232252e-03  -1.5346214e-03
   5.5727328e-02   1.9392898e-01  -1.4842439e-01   2.3427642e-03  -1.6646367e-03  -1.1609381e-03
  -3.3743461e-02   2.1246697e-01  -1.0397753e-01   1.7862161e-03  -4.4943467e-04  -2.2498356e-03
   3.2319691e-02   2.6047713e-01  -2.1974549e-01   4.3589147e-03  -7.6882503e-04  -1.3665149e-03
  -1.8953300e-02   2.3814966e-01  -1.9129986e-01   4.3541645e-03  -2.7957075e-04  -2.0323270e-03
   4.0322403e-02   2.0405864e-01  -1.3879517e-01   2.4506294e-03  -9.4433733e-04  -1.0531191e-03
   4.9017820e-02   2.1560054e-01  -2.1552300e-01   3.4933548e-03  -7.8929344e-04  -1.5729057e-03
   4.2065411e-02   2.1099428e-01  -2.3629519e-01   3.6431503e-03  -1.5117738e-03  -1.1119739e-03
   2.6366179e-02   2.6021670e-01  -3.2350877e-01   5.0053768e-03  -1.5644772e-03  -1.2949090e-03
   1.8771437e-02   2.6199890e-01  -2.1401836e-01   3.8581880e-03  -4.5604040e-04  -1.4896382e-03
   5.9647249e-03   2.6026096e-01  -2.2710049e-01   3.8450983e-03  -5.1159693e-04  -1.7274810e-03
   4.7170594e-03   2.5020097e-01  -2.5169342e-01   4.0669545e-03  -4.7374978e-04  -1.6917781e-03
  -1.8581232e-02   2.7422513e-01  -2.7591597e-01   4.3124902e-03  -5.2709414e-04  -1.7426481e-03
   1.0250553e-02   2.7066229e-01  -2.4902258e-01   4.4594963e-03  -2.2221026e-04  -1.6101007e-03
   1.7815261e-02   2.7502884e-01  -2.4537236e-01   4.8860794e-03  -7.5982879e-06  -1.6714184e-03
   1.2996330e-02   2.7203896e-01  -2.4473547e-01   4.4152376e-03  -3.6194538e-04  -1.6024503e-03
   2.5643091e-03   3.0945352e-01  -2.4218742e-01   4.4164705e-03  -1.2222853e-04  -1.7245703e-03
   6.0760205e-03   3.1491296e-01  -2.9395827e-01   5.2446006e-03  -4.6468862e-05  -1.4603844e-03
  -2.6848140e-02   3.0255231e-01  -3.4210479e-01   4.9973015e-03  -2.3780238e-04  -1.9248905e-03
  -7.2149096e-03   2.8288058e-01  -2.0754929e-01   3.0873151e-03  -2.5543233e-05  -1.6998765e-03
  -1.2219188e-03   2.6884089e-01  -2.5647414e-01   4.5219243e-03   1.0979839e-04  -1.8703863e-03
   2.5855102e-02   2.7672268e-01  -2.1667897e-01   4.0959969e-03   1.0747011e-04  -1.3659558e-03
   2.1107496e-03   2.7782402e-01  -2.7165646e-01   4.1842071e-03  -2.4157316e-05  -1.8357008e-03
   1.2855397e-02   2.8809760e-01  -2.6123178e-01   4.1140633e-03  -2.5171587e-04  -1.4616736e-03
   2.0510772e-02   3.5875178e-01  -2.6097629e-01   5.4522625e-03  -3.7436675e-04  -1.5614566e-03
  -2.8758501e-03   2.6892954e-01  -3.8661154e-01   7.1137823e-03  -1.2477537e-03  -1.3358509e-03
   1.7062775e-02   2.7095010e-01  -3.7852987e-01   6.9961985e-03  -4.1207041e-04  -1.1606539e-03
   9.4990131e-03   2.6286590e-01  -3.8076837e-01   7.5444457e-03   2.0512375e-05  -1.4605808e-03
   4.3092848e-02   2.8326065e-01  -3.0729625e-01   6.9197837e-03  -2.6984882e-04  -9.4522902e-04
   2.6969402e-02   2.4992600e-01  -2.8678844e-01   6.0287396e-03  -2.7417467e-04  -9.0902971e-04
   9.2205680e-04   3.1383242e-01  -4.0023506e-01   7.4396062e-03  -1.3122837e-04  -1.1874129e-03
  -2.4302104e-02   3.0199771e-01  -4.3079572e-01   7.3167016e-03   1.8606722e-04  -1.6520423e-03
   2.9726667e-02   2.8243973e-01  -4.3090676e-01   4.6612100e-03  -6.9176092e-04  -8.1762898e-04
   2.1018404e-02   2.8248506e-01  -4.1674969e-01   5.1186872e-03   2.0004001e-05  -1.2309848e-03
   7.2474268e-03   2.8115846e-01  -4.4754668e-01   7.5411201e-03   3.6227533e-04  -1.6650080e-03
  -6.0144912e-03   2.9875738e-01  -4.2654384e-01   6.5370759e-03   6.1574542e-05  -1.7303870e-03
   5.3318940e-02   2.7465231e-01  -3.0479110e-01   5.3822116e-03   1.1670726e-04  -5.6663873e-04
   5.7218028e-03   2.8417524e-01  -3.4036630e-01   5.7720303e-03  -4.7495403e-05  -1.4794064e-03
   5.2440822e-02   3.0150525e-01  -3.1528020e-01   5.6597051e-03   8.9523564e-06  -2.9417811e-04
   2.3417993e-02   2.9777800e-01  -3.5701967e-01   5.6581473e-03  -3.7275891e-05  -1.0343464e-03
   3.1063068e-02   2.8037944e-01  -3.1865028e-01   5.3407585e-03   3.7950973e-05  -6.4137236e-04
   3.0935970e-02   3.2021896e-01  -3.6905663e-01   5.8722739e-03   3.0874647e-04  -9.1809386e-04
   3.1541251e-02   2.9732648e-01  -4.2852435e-01   6.9073348e-03  -1.1076786e-04  -7.1552767e-04
   1.8776672e-02   3.6001178e-01  -4.2403212e-01   7.2385718e-03  -4.0659527e-05  -1.1699115e-03
   3.5416517e-02   3.3950988e-01  -4.0071684e-01   6.9749954e-03  -1.7212827e-04  -7.9174032e-04
   3.7859478e-02   3.1779528e-01  -3.5296919e-01   6.3864327e-03  -1.5633066e-05  -1.0093934e-03
   2.7814845e-02   3.1963288e-01  -3.6783793e-01   6.9534294e-03  -1.1512799e-04  -8.8481915e-04
   3.7479305e-02   3.3537541e-01  -3.6750896e-01   6.2410935e-03  -1.6313677e-04  -9.5333755e-04
   2.1207000e-02   3.3574925e-01  -3.5560845e-01   6.6457172e-03   2.0471363e-04  -1.0308890e-03
   5.1242075e-02   3.3687369e-01  -4.7045209e-01   5.7623673e-03  -1.7784275e-04  -1.7127680e-03
   1.3448606e-01   3.0661956e-01  -3.8124241e-01   3.2748036e-03  -1.3944202e-03  -1.5372512e-03
   1.2409906e-01   2.8516121e-01  -3.5886108e-01   4.7209380e-03  -1.0055488e-03  -6.4875888e-04
   1.3210679e-01   2.7866093e-01  -3.3129213e-01   4.5142932e-03  -7.1424707e-04  -6.2305643e-04
   1.2920024e-01   2.8801039e-01  -3.3637310e-01   5.1166206e-03  -6.3440017e-04  -4.0826002e-04
   1.5911980e-01   3.1550364e-01  -3.5346424e-01   5.3547247e-03  -8.3773485e-04  -1.8779179e-04
   1.2978127e-01   2.8564054e-01  -3.6691195e-01   5.4011675e-03  -4.9843125e-04  -4.1692942e-04
   1.5255713e-01   3.2045141e-01  -3.6145163e-01   5.1541398e-03  -7.1540661e-04  -2.8570922e-04
   1.0997455e-01   3.0228931e-01  -3.1323522e-01   4.5348487e-03  -2.6641908e-04  -8.8750246e-04
   1.6897767e-01   3.0933781e-01  -3.8519968e-01   5.7755817e-03  -9.4817281e-04  -6.2979081e-05
   1.0996380e-01   3.0417228e-01  -3.4984735e-01   5.6533319e-03  -2.6324858e-04  -8.5188239e-04
   2.1769182e-01   3.1758854e-01  -3.8532542e-01   5.4395885e-03  -1.2880145e-03   8.8099587e-04
   1.9417917e-01   3.3137143e-01  -3.9685528e-01   5.7346671e-03  -1.4429681e-03  -3.5160972e-04
   8.1954067e-02   2.8549098e-01  -3.2295373e-01   4.4144752e-03  -7.8482662e-04  -8.7166597e-04
   1.3729065e-01   3.1387438e-01  -3.4243799e-01   4.7994677e-03  -8.8166362e-04   1.4086538e-05
   1.1801541e-01   3.1587199e-01  -3.5278758e-01   4.9766907e-03  -3.0475877e-04  -3.8591392e-04
   1.2262842e-01   4.3601544e-01  -2.5491438e-01   5.3806892e-03  -9.0312203e-04  -3.6237499e-04
   1.3158710e-01   3.2379141e-01  -2.4203648e-01   4.2047930e-03  -6.9629418e-04  -8.9327998e-04
   1.5925039e-01   3.2703301e-01  -3.4267630e-01   5.5299442e-03  -5.6332742e-04  -9.7605316e-05
   1.3409056e-01   3.2517961e-01  -3.3434922e-01   5.4308101e-03  -4.8903150e-04  -1.6863658e-04
   8.3585621e-02   3.4495375e-01  -4.1915610e-01   7.1593972e-03   8.1804709e-04  -1.3954836e-03
   9.5223074e-02   3.3533844e-01  -3.6025829e-01   5.9518961e-03   2.0065949e-04  -1.0676435e-03
   1.3834573e-01   3.0774976e-01  -3.1291979e-01   4.6018848e-03  -8.5204195e-04   7.7573541e-05
   1.0666285e-01   3.3147327e-01  -3.0347792e-01   4.9299771e-03  -4.0392748e-04  -5.3173272e-04
   1.3919285e-01   3.3452532e-01  -3.6324799e-01   5.6301296e-03  -4.6652429e-04   3.7075051e-05
   1.1772756e-01   3.6414323e-01  -3.2698578e-01   5.0680156e-03  -7.6046951e-04  -3.1710753e-04
   1.2786149e-01   3.4920063e-01  -3.5232567e-01   5.1595185e-03  -2.1693498e-04  -1.0081915e-04
   1.2433835e-01   3.0748884e-01  -3.3749622e-01   3.5577075e-03   5.5594734e-06  -7.0443873e-04
   1.4956377e-01   3.0952990e-01  -3.8257591e-01   4.7952263e-03  -1.2791331e-04  -9.7183688e-05
   1.3184432e-01   2.9589691e-01  -3.0484729e-01   4.0677249e-03   1.0883485e-04  -3.0291372e-04
   1.2856179e-01   3.2807432e-01  -3.3637526e-01   4.6338640e-03  -4.8887611e-04  -1.9665723e-04
   1.6380243e-01   3.2506553e-01  -2.7458106e-01   4.7074462e-03   3.2645338e-05   1.7308639e-04
   1.5842407e-01   3.2762654e-01  -3.1295830e-01   4.7366250e-03  -3.9642115e-04   2.8284011e-04
   1.6781135e-01   3.4315438e-01  -2.8926834e-01   4.7300386e-03  -1.8449662e-04   1.9215094e-04
   1.3401428e-01   3.4922578e-01  -3.2188618e-01   4.7423758e-03  -1.8809762e-04  -2.6635243e-04
   1.7996628e-01   3.2164806e-01  -2.5570373e-01   4.1224353e-03   4.4461974e-05   4.6758097e-04
   1.5971561e-01   3.7164133e-01  -3.8235239e-01   6.0470977e-03  -1.2991170e-04   2.5865050e-05
   1.4284241e-01   3.6256701e-01  -3.9547837e-01   5.4720749e-03  -8.2498955e-04   1.3596179e-04
   1.3410346e-01   3.5197527e-01  -3.5454128e-01   5.0479813e-03   2.2388892e-04  -5.9229138e-05
   1.9156250e-01   3.5907710e-01  -2.7630432e-01   4.2341305e-03  -7.2177794e-04   9.9311124e-04
   1.2571107e-01   3.8521810e-01  -4.5823370e-01   6.1354949e-03  -5.9099647e-05  -3.8144098e-05
   7.5609737e-02   3.9287711e-01  -5.1423219e-01   7.2436878e-03   2.6893411e-04  -1.0034757e-03
   1.7195709e-01   3.4171864e-01  -4.1621911e-01   6.8316179e-03  -5.7822306e-04   7.7093756e-04
   8.9977949e-02   3.8000152e-01  -4.9051330e-01   7.3639300e-03   8.0820077e-06  -6.7654397e-04
   8.2191126e-02   3.6572306e-01  -4.2821055e-01   6.9995914e-03   8.6905740e-04  -9.3904741e-04
   8.9981280e-02   3.8199435e-01  -4.1868126e-01   6.4100862e-03   5.4770441e-04  -7.9122894e-04
   1.6405207e-01   3.6996818e-01  -3.9880237e-01   6.7519664e-03  -1.7845560e-04   6.4748971e-04
   1.1362148e-01   3.9216537e-01  -4.5776736e-01   7.1814063e-03  -6.3315542e-05  -2.2980538e-04
   1.6065079e-01   3.1386441e-01  -2.9230108e-01   5.2991853e-03   3.3368271e-04   7.4438824e-04
   8.0265469e-02   3.4187669e-01  -3.6204286e-01   6.0068016e-03   7.5241874e-04  -9.2165049e-04
   1.8177538e-01   3.7778722e-01  -3.5989199e-01   5.9493831e-03  -3.3969347e-04   1.1165448e-03
   1.7512644e-01   3.6230754e-01  -3.3796594e-01   5.4176390e-03   4.1614203e-04   6.2424678e-04
   1.7454054e-01   3.3885986e-01  -2.7470140e-01   4.3399661e-03   1.2435812e-04   7.6225908e-04
   1.7382834e-01   3.6977850e-01  -3.1962134e-01   5.5275665e-03   2.1231142e-04   5.5171335e-04
   2.0611761e-01   3.6476124e-01  -2.9258471e-01   4.7904644e-03  -1.6879274e-04   1.1638324e-03
   1.6746108e-01   5.2504939e-01  -1.0362976e-01   4.8231281e-03  -1.2113863e-04   5.7766455e-04
   1.8411908e-01   3.6749799e-01  -4.4462695e-02   4.0223241e-03  -1.8765393e-04   7.9108179e-04
   1.6490048e-01   3.7163662e-01  -2.1262324e-01   4.7154233e-03  -2.0845372e-04   2.5744223e-04
  -3.5617790e-02   3.8897784e-01  -3.1246957e-01   3.4073030e-03  -6.4114411e-04  -1.9134961e-03
