   0.0000000e+00  -1.1345257e-14   0.0000000e+00   0.0000000e+00   0.0000000e+00  -2.2446027e-18
  -4.1501756e-03   4.5094562e-02   4.2470418e-02  -4.7046836e-04   1.2637355e-04   1.8257093e-04
  -6.7247174e-03   4.4574190e-02   1.9625239e-02  -6.2334885e-04  -8.5318188e-05  -2.1280511e-04
  -2.0205857e-03   8.4546443e-02  -1.4084298e-02  -3.8852805e-04  -1.8246751e-04  -1.2973997e-04
   1.1735229e-02   5.5089704e-02   2.3850919e-02  -8.9104168e-04  -6.0064700e-05   1.5660024e-05
   3.3060198e-02   4.4544149e-02   1.6787235e-02  -1.4571513e-03   1.4018375e-04   5.3671899e-04
   4.5328187e-02   4.8563092e-02   4.8804056e-02  -1.1901912e-03   3.9312541e-05   9.1660356e-04
   4.7542101e-02   4.1963435e-02   5.2249059e-02  -9.1046072e-04   1.9218153e-04   9.0706327e-04
   5.1471751e-02   3.1425420e-02   4.7403148e-02  -9.2525704e-04   1.1424140e-04   9.8547778e-04
   4.5178927e-02   4.7376917e-02   9.5924788e-02  -1.9892672e-03  -3.4164627e-04   4.3104503e-04
   4.3930712e-02   4.7806153e-02   8.5553944e-02  -2.0014716e-03  -6.9072427e-04   5.1826032e-04
   3.7404936e-02   4.4691398e-02   1.1099488e-01  -2.9468813e-03  -6.4936995e-04   4.0967416e-04
   3.8267079e-02   6.5745014e-02   6.7548499e-02  -2.5854365e-03  -3.6072194e-04   4.3338516e-04
   3.1009067e-02   6.1777301e-02   7.0498260e-02  -2.7943245e-03  -4.5515866e-04   4.1483665e-04
   3.9704794e-02   7.9750298e-02   7.4885737e-02  -2.7972293e-03  -2.5777036e-04   4.0494846e-04
   4.0407674e-02   4.8763262e-02   1.0301536e-01  -3.2431068e-03  -3.7218693e-04   4.2197358e-04
   5.2822101e-02   5.8836511e-02   5.9132115e-02  -3.0905613e-03   2.6701572e-04   8.1110616e-04
   5.5023844e-02   5.2245813e-02   1.1600337e-01  -3.4740575e-03  -2.1245748e-04   7.0878413e-04
   5.6478854e-02   4.0470928e-02   9.4917572e-02  -3.3044869e-03  -3.3457388e-04   7.3536578e-04
   5.1235456e-02   5.0491135e-02   8.5769774e-02  -3.2970976e-03  -1.6677566e-04   5.2873670e-04
   5.0857959e-02   6.0436689e-02   2.7298603e-02  -2.4642820e-03  -5.9184911e-05   5.4062665e-04
   6.0467725e-02   9.6678534e-02   2.1263175e-02  -2.1201679e-03  -2.7252335e-04   5.4806071e-04
   5.7470291e-02   9.7073863e-02   2.8813085e-02  -2.4832585e-03  -1.8055041e-04   4.0280498e-04
   5.3591531e-02   9.9391891e-02   9.9963669e-02  -2.6608583e-03  -4.3853341e-04   1.1907905e-04
   3.6358402e-02   6.8158484e-02   9.6443509e-02  -2.2495171e-03  -5.5992295e-04  -2.5201379e-05
   4.5020344e-02   1.0620695e-01  -8.3598319e-03  -1.3524798e-03   7.5054622e-05   4.2965029e-04
   3.7712435e-02   1.0440226e-01  -1.0588012e-04  -2.2460024e-03   4.7075702e-04   4.8445392e-04
   3.8825348e-02   1.2185929e-01   1.0334031e-02  -1.8959494e-03   2.2339796e-04   4.0560696e-04
   7.9828887e-03   1.0809767e-01  -4.7796741e-03  -2.2752648e-03   1.5305587e-04  -3.8319848e-05
   1.3264974e-02   1.1244267e-01   9.1085108e-03  -1.9715635e-03  -2.6499478e-04  -7.6901842e-05
   1.1610391e-02   9.5698618e-02  -5.1536620e-03  -2.3643362e-03  -3.2213569e-04  -4.3525334e-04
   8.9048356e-03   1.0095831e-01  -2.0070173e-02  -2.1784374e-03  -4.7895326e-04  -3.0313968e-04
   1.0718542e-02   1.1199407e-01   4.4842717e-03  -2.1528295e-03  -3.7668646e-04  -2.6242346e-04
  -5.5576974e-04   1.1987004e-01   2.4019654e-02  -1.8940937e-03   2.9443629e-04  -5.5672043e-04
   1.0435503e-02   1.2948198e-01   3.0767475e-02  -2.3034239e-03   1.8650675e-04  -4.9157620e-04
   9.2041288e-03   1.3789815e-01   9.0987559e-03  -1.9587419e-03   4.1993180e-04  -3.0014877e-04
   7.8109660e-03   1.1703237e-01   1.8013073e-02  -2.4475571e-03   7.3466253e-05  -3.1949619e-04
   9.1722118e-03   1.0767606e-01  -1.9002381e-02  -1.9428272e-03   2.0163096e-04  -2.8322604e-04
   1.0281977e-02   1.1432395e-01  -1.6086512e-02  -2.3689475e-03   3.4785762e-04  -5.5912572e-04
   1.6993952e-02   1.1031317e-01   5.2327023e-02  -3.5876234e-03  -8.2052952e-05  -4.3811867e-04
   2.8315861e-02   1.2112859e-01   3.3999873e-02  -2.5230786e-03   1.7883085e-04  -1.2796265e-04
   4.5239115e-03   1.2595500e-01   7.3618252e-02  -3.8042246e-03   1.0810650e-05  -7.3759520e-04
   1.0964053e-02   1.4867496e-01   3.7999749e-02  -3.5523479e-03  -4.9245262e-05  -6.5901898e-04
   1.4202234e-02   1.3218753e-01   6.4429155e-02  -3.9027046e-03  -5.3785352e-05  -4.6374713e-04
   5.2846799e-04   1.4547803e-01   1.2048188e-02  -3.1099194e-03  -4.4067638e-04  -8.6582211e-04
  -2.7410973e-03   1.3721886e-01   3.2579476e-02  -2.9643403e-03  -7.7820647e-04  -1.0615284e-03
  -4.4311878e-03   1.3737372e-01   2.3518034e-02  -2.9507621e-03  -8.7913003e-04  -9.4501709e-04
  -4.6420467e-03   1.2836473e-01   7.0510742e-02  -3.0353320e-03  -4.7924714e-05  -5.8883516e-04
  -3.0557734e-03   1.2652379e-01   5.3274743e-02  -3.1107285e-03  -9.3477038e-04  -8.3616079e-04
  -6.2003701e-03   1.2303735e-01   1.7779417e-02  -3.0228261e-03  -6.3485686e-04  -9.4543645e-04
   8.8892802e-03   1.4067031e-01   6.5282445e-02  -4.0338202e-03  -8.8937021e-04  -7.5863603e-04
  -3.2539010e-04   1.0594366e-01   1.0944583e-01  -4.0107817e-03  -6.4267846e-04  -8.7565675e-04
   4.4150751e-03   1.3678717e-01   1.0865753e-01  -4.1714110e-03  -4.9448308e-04  -7.9510912e-04
  -3.0147201e-03   1.5122056e-01   6.4121145e-02  -3.8584681e-03  -1.9700101e-04  -5.9045753e-04
   8.8384474e-03   1.5658884e-01  -4.4364578e-02  -1.7111410e-03   4.8852540e-04   1.3312567e-04
  -2.3107087e-03   1.6279833e-01  -6.9808085e-03  -2.6378762e-03   1.5661790e-04  -1.1362173e-04
  -2.5612736e-03   1.2046680e-01  -1.4346469e-02  -2.5586917e-03   7.1328838e-04  -2.1102421e-04
   4.3354120e-02   1.3384127e-01   3.0212520e-02  -1.0751483e-03   1.2787290e-03   7.2345375e-04
   2.7768555e-02   1.0725025e-01   6.2596629e-02  -2.6904965e-03   1.6246547e-03   5.2946900e-04
   3.4685944e-02   1.3483705e-01   4.4137401e-02  -2.2291310e-03   1.2326087e-03   7.8426609e-04
   5.1361822e-02   1.3488794e-01   5.0490187e-02  -1.1024204e-03   9.2077332e-04   1.2177894e-03
   3.4831289e-02   1.4974454e-01   4.7276499e-02  -1.6468405e-03   1.2052007e-03   7.8943923e-04
   4.4482302e-02   1.3849350e-01   9.6621445e-02  -2.2545185e-03   1.2636938e-03   9.2085936e-04
   4.0468023e-02   1.3254351e-01   6.3450216e-02  -1.8420803e-03   1.6260026e-03   5.8514568e-04
   3.2955307e-02   1.1853630e-01   4.9192645e-02  -1.4970304e-03   1.7090176e-03   6.9180907e-04
   2.9722499e-02   1.1443946e-01   9.0635848e-02  -3.4018879e-03   1.5616264e-03   7.1760106e-04
   3.0758790e-02   1.2273824e-01   9.9135905e-02  -3.8417213e-03   1.5344593e-03   6.9958534e-04
   4.5182295e-02   1.3755294e-01   8.6163141e-02  -3.1006654e-03   1.3489724e-03   8.1907402e-04
   4.4666123e-02   1.6212517e-01   1.2869206e-01  -3.3013628e-03   1.3577721e-03   9.7873587e-04
   1.9195027e-02   1.3908611e-01   1.2670747e-01  -3.8178637e-03   1.1599641e-03   2.5312933e-04
   2.6254155e-02   1.3919045e-01   8.5975882e-02  -3.1888041e-03   1.0945479e-03   4.4977840e-04
   1.8503093e-02   1.6280398e-01   1.6762918e-01  -4.2447852e-03   8.0150125e-04   2.2963481e-04
   6.4648636e-02   1.3500485e-01   8.4460396e-02  -1.2670445e-03   8.5246993e-04   1.8389687e-03
   6.8315350e-02   1.5395445e-01   6.1340566e-02  -5.9503949e-04   5.7992002e-04   2.0782130e-03
   3.8319292e-02   1.7724787e-01   1.0776864e-01  -2.3843767e-03   9.9681053e-04   1.3772882e-03
   4.6583785e-02   1.8458083e-01   5.5997208e-02  -1.6370186e-03   3.5747242e-04   1.4271825e-03
   5.4224926e-02   1.7700676e-01   3.2725382e-02  -1.8935629e-03   4.6433950e-04   1.3965572e-03
   4.7473032e-02   1.6758684e-01   1.5283741e-02   1.7312916e-04   6.6707015e-04   1.3679088e-03
   5.8011933e-02   1.2588296e-01  -6.6492916e-02   1.2831518e-03   4.6340348e-04   1.8499271e-03
   5.2056064e-02   1.4263338e-01  -2.5035746e-02   5.1642706e-04   7.1276180e-04   1.6260440e-03
   4.3849893e-02   1.5040406e-01  -3.6244207e-02  -1.4966885e-04   6.5169070e-04   1.2845029e-03
   5.6569128e-02   1.7445179e-01   2.1515557e-02  -6.9073604e-04   5.0495349e-04   1.4197914e-03
   5.1790089e-02   1.5816654e-01   1.2664253e-02  -6.9193329e-04   7.8273434e-04   1.3685069e-03
   4.8320777e-02   1.7444860e-01   8.4502267e-02  -7.4137224e-04   1.9302362e-04   1.6618948e-03
   8.5853280e-02   1.7443684e-01   6.5218081e-02  -2.6523641e-03   1.4004364e-03   2.3279761e-03
   1.1544008e-01   1.2785445e-01   2.3154045e-02  -3.6167433e-03  -9.8323853e-05   2.2246266e-03
   9.8431016e-02   1.3466841e-01   1.0586095e-02  -3.0965269e-03   2.0966855e-04   1.8983567e-03
   9.6774665e-02   1.3831526e-01   3.8319723e-02  -3.8705110e-03  -3.6390314e-04   1.5424024e-03
   8.0557943e-02   1.1601953e-01   4.3498490e-02  -3.7656845e-03  -2.1004737e-04   1.3013769e-03
   8.0544225e-02   1.2354675e-01   5.3128549e-02  -3.6273143e-03   3.6367866e-04   1.2130135e-03
   1.0178472e-01   1.6415623e-01   3.7118174e-02  -3.2676861e-03  -6.7568774e-05   1.9693117e-03
   1.0530821e-01   1.2633735e-01   6.1659373e-02  -3.0315341e-03   9.0552855e-04   2.4630459e-03
   1.2466311e-01   1.1381698e-01   1.3789024e-02  -3.3085008e-03   4.5610586e-04   2.8580022e-03
   8.0755903e-02   1.1944826e-01   6.6060705e-03  -3.6785131e-03   9.8335729e-04   2.5686682e-03
   1.1964719e-01   1.3332929e-01  -1.6172266e-02  -3.7294829e-03   5.1593079e-04   3.1254199e-03
   9.8284503e-02   1.3954651e-01   2.0656627e-02  -4.1044759e-03   9.0607625e-04   2.5922211e-03
   1.0301419e-01   1.7466557e-01   5.1186021e-02  -3.5967133e-03   1.0407695e-03   2.5335575e-03
   1.2535592e-01   1.7410251e-01   6.1280912e-02  -3.1330521e-03   1.0114691e-03   3.0756344e-03
   1.2026515e-01   1.8080586e-01   7.2207686e-02  -4.0545815e-03   9.0539680e-04   2.7329652e-03
   1.3160784e-01   1.5989134e-01   9.4717543e-02  -3.7310927e-03   8.3075906e-04   3.1107030e-03
   1.0816863e-01   1.4366649e-01   8.3604265e-02  -5.3213176e-03   2.6165191e-04   2.4995420e-03
   1.3341453e-01   1.5770337e-01   1.9153860e-01  -3.6991993e-03   4.0474075e-04   3.5159619e-03
   1.3199021e-01   1.4986902e-01   2.0263264e-01  -1.9930975e-03   1.2011777e-03   3.3158708e-03
   1.1799733e-01   1.3531450e-01   1.0726733e-01  -3.8065354e-03   1.3248616e-03   2.7668499e-03
   1.4553863e-01   1.6228543e-01   2.1748388e-01  -4.0023736e-03   1.4862380e-03   3.1603286e-03
   1.2897419e-01   9.9401531e-02   2.3968936e-01  -4.1304371e-03   1.4503591e-03   2.7429092e-03
   1.3163433e-01   9.7966258e-02   3.0846972e-01  -4.9622092e-03   1.1697384e-03   2.9629954e-03
   1.2262460e-01   8.5798168e-02   3.0258352e-01  -5.4682374e-03   1.2925417e-03   2.7297435e-03
   1.1817565e-01   1.2784442e-01   2.9776888e-01  -6.0232714e-03   1.5669078e-03   2.7507101e-03
   1.1549181e-01   1.8026341e-01   3.3577068e-01  -6.4751072e-03   1.6767580e-03   2.9357275e-03
   1.2141885e-01   1.4789843e-01   2.6356253e-01  -5.3375210e-03   2.0315444e-03   2.8598273e-03
   1.3054643e-01   1.6104235e-01   2.2930703e-01  -5.5101143e-03   1.7276757e-03   3.0508886e-03
   1.1605253e-01   1.3950132e-01   2.4884525e-01  -5.8292533e-03   1.9139634e-03   2.7502667e-03
   1.3365212e-01   1.4413104e-01   2.4418419e-01  -6.1985345e-03   1.5795197e-03   3.0100039e-03
   1.2254171e-01   1.4975251e-01   2.4921704e-01  -6.6020243e-03   1.8678976e-03   2.7718822e-03
   1.1732046e-01   1.4362983e-01   2.6678284e-01  -6.7945798e-03   1.6827798e-03   2.7446601e-03
   1.0233580e-01   1.8763492e-01   1.6326327e-01  -6.3195413e-03   2.5847207e-03   2.5350414e-03
   9.6119522e-02   1.7731460e-01   1.0480913e-01  -4.5010155e-03   3.4417791e-03   2.6310933e-03
   1.0031577e-01   1.8843333e-01   1.6471228e-01  -5.6669954e-03   2.7488915e-03   2.8036627e-03
   1.0485434e-01   1.8997774e-01   1.6348521e-01  -6.3201186e-03   3.1427777e-03   2.8237507e-03
   1.0670281e-01   1.8948119e-01   2.0983653e-01  -5.3852151e-03   3.3735719e-03   2.8594086e-03
   8.7116260e-02   2.0385773e-01   1.9241058e-01  -5.5371642e-03   3.3965930e-03   2.3663774e-03
   8.1234094e-02   1.9526247e-01   1.9618157e-01  -5.3274977e-03   3.5816874e-03   2.2367628e-03
   9.8468961e-02   1.8389369e-01   2.5748514e-01  -6.0384160e-03   2.9143744e-03   2.6915353e-03
   8.7942330e-02   1.8397833e-01   2.7111968e-01  -6.1551992e-03   2.7665889e-03   2.3670668e-03
   1.1149279e-01   1.8228377e-01   2.9167340e-01  -6.6087798e-03   3.0862646e-03   2.8438653e-03
   9.8679221e-02   2.1326208e-01   2.5646077e-01  -6.3583725e-03   3.0777011e-03   2.5391306e-03
   1.4172770e-01   1.8668938e-01   1.9462379e-01  -4.2439003e-03   2.5223007e-03   3.2971850e-03
   1.3451464e-01   1.8465460e-01   1.8283771e-01  -1.0587967e-03   2.2343036e-03   3.7004274e-03
   1.6705762e-01   9.7557401e-02   8.6348038e-02   6.4540537e-04   2.2773706e-03   3.8828203e-03
   1.8206113e-01   1.1812102e-01   6.4580293e-02  -2.0402617e-04   2.6721076e-03   4.4265310e-03
   1.3018851e-01   2.2119274e-01   1.6040782e-01  -6.0847119e-03   2.5180339e-03   3.5939334e-03
   7.5622517e-02   2.5250928e-01   4.7086308e-01  -1.0167882e-02   1.9715559e-03   2.0879041e-03
   5.8872149e-02   2.8094807e-01   4.4943831e-01  -8.8576703e-03   2.8886211e-03   1.6328199e-03
   6.5709805e-02   2.7265488e-01   3.7225576e-01  -9.9142669e-03   2.9436099e-03   2.1414569e-03
   6.0426332e-02   2.7806631e-01   3.8209318e-01  -1.0029483e-02   2.8479544e-03   2.0412598e-03
   3.4008134e-02   2.5491491e-01   3.5028358e-01  -9.9773881e-03   2.3179140e-03   1.9448687e-03
   4.4047457e-02   2.9617734e-01   3.6490039e-01  -1.0920810e-02   2.5128752e-03   1.7880287e-03
   4.1725624e-02   2.7959113e-01   3.4015296e-01  -1.0977313e-02   2.8745348e-03   1.8336698e-03
   3.9501534e-02   3.4232388e-01   3.1969107e-01  -1.1025171e-02   2.4520936e-03   1.7513861e-03
   4.0554759e-02   3.1203888e-01   3.9545489e-01  -1.1436857e-02   1.9395437e-03   1.8864561e-03
   1.0362619e-02   3.1747260e-01   3.4709314e-01  -1.1461921e-02   2.0246949e-03   1.2888350e-03
   1.6253214e-02   3.6169516e-01   3.7298445e-01  -1.0955824e-02   1.8383479e-03   1.4544993e-03
  -1.3035130e-03   3.0515980e-01   3.6946642e-01  -1.1524566e-02   2.3377386e-03   1.2464815e-03
   8.0408808e-03   3.2043258e-01   4.0096576e-01  -1.1038817e-02   1.8142015e-03   1.4508508e-03
   2.3564550e-02   3.1056930e-01   4.2770200e-01  -1.0403184e-02   1.6842564e-03   1.8293258e-03
   4.5426504e-02   3.2483563e-01   4.2031692e-01  -1.1929776e-02   2.2315184e-03   2.0878199e-03
   4.3664342e-02   3.8934312e-01   4.4685576e-01  -1.1491186e-02   1.1826431e-03   2.1823585e-03
   4.5543572e-02   3.5811142e-01   4.1631478e-01  -1.0757456e-02   1.4119757e-03   2.2502867e-03
   5.6280338e-02   3.4951518e-01   3.8992770e-01  -1.0949897e-02   1.6457312e-03   2.2756586e-03
   6.3485788e-02   3.6711416e-01   4.0323000e-01  -1.0633025e-02   1.5993380e-03   2.1586930e-03
   5.1373607e-02   3.5451057e-01   4.8196071e-01  -1.1747883e-02   1.4781619e-03   2.4097972e-03
   2.5140091e-02   3.4586081e-01   5.8565149e-01  -1.5164235e-02   1.3803285e-03   1.8069111e-03
   3.8570920e-02   3.4503095e-01   5.6889316e-01  -1.5234988e-02   1.2309086e-03   1.8213629e-03
   4.1704612e-02   3.4642587e-01   5.5337287e-01  -1.5284118e-02   1.3460173e-03   1.8787754e-03
   3.9928326e-02   3.6716114e-01   5.2438781e-01  -1.5060449e-02   1.0192512e-03   1.8647521e-03
   2.3454141e-02   3.8154168e-01   5.3891492e-01  -1.5112481e-02   1.2151348e-03   1.4224140e-03
   3.5172757e-02   4.0039999e-01   4.9210891e-01  -1.4102679e-02   1.1276498e-03   1.6285374e-03
   3.4980402e-03   3.6861636e-01   5.5517626e-01  -1.5071864e-02   1.1970553e-03   9.6379492e-04
   1.0881466e-03   3.6554031e-01   5.5202894e-01  -1.5174563e-02   1.0311241e-03   7.8816864e-04
   1.6049402e-02   3.7755940e-01   5.2440677e-01  -1.4963785e-02   9.1385948e-04   1.1800329e-03
   1.0728060e-02   3.5986878e-01   5.2654925e-01  -1.5164847e-02   9.0996353e-04   1.1016478e-03
   4.1670099e-03   3.6314236e-01   5.4026479e-01  -1.5437420e-02   8.7930876e-04   8.7260944e-04
  -1.5630776e-03   3.6837515e-01   5.7608741e-01  -1.5909351e-02   8.2728972e-04   6.7168557e-04
  -2.2615240e-02   4.1325557e-01   5.5133312e-01  -1.5517022e-02   9.3975660e-04   6.8739753e-04
  -2.5755298e-02   4.4071312e-01   5.1554586e-01  -1.5021719e-02   1.2664537e-03   7.3858135e-04
  -1.5148013e-03   4.2090583e-01   5.2492520e-01  -1.4832692e-02   1.6009045e-03   1.0061309e-03
   3.7437907e-03   4.1952589e-01   5.1891815e-01  -1.4756902e-02   1.5171792e-03   1.0266733e-03
   7.8812535e-03   3.8278818e-01   5.6650091e-01  -1.5616865e-02   1.6567281e-03   1.1756969e-03
  -4.7309850e-05   3.7062895e-01   5.6362664e-01  -1.5365792e-02   1.5348573e-03   1.0597010e-03
  -4.0457028e-04   3.6551785e-01   6.0375708e-01  -1.6024812e-02   1.7888599e-03   1.0657384e-03
  -1.7719315e-02   3.6920312e-01   5.4222265e-01  -1.5629954e-02   1.6038449e-03   8.1147236e-04
  -8.6196121e-03   3.7147302e-01   5.7160190e-01  -1.5663981e-02   1.5368979e-03   9.2811423e-04
  -2.1151016e-03   3.8712178e-01   5.5286112e-01  -1.6081766e-02   1.4563367e-03   1.2680541e-03
  -1.2571471e-02   3.9963324e-01   5.5099383e-01  -1.6069243e-02   1.6185886e-03   1.0099106e-03
  -4.2952435e-03   4.0709263e-01   5.3560425e-01  -1.5710146e-02   1.6036130e-03   1.1845722e-03
  -3.7736676e-03   4.1506074e-01   5.9518630e-01  -1.6345265e-02   1.7162788e-03   8.9049334e-04
   1.1435645e-02   3.7029161e-01   4.2855766e-01  -1.4021743e-02   1.6160093e-03   1.3266072e-03
   2.1181840e-01   2.8092307e-01   8.1465442e-02   4.8093959e-05   3.9489310e-03   4.9061798e-03
