   0.0000000e+00   0.0000000e+00   0.0000000e+00   0.0000000e+00   0.0000000e+00   0.0000000e+00
   4.3419051e-03   1.3187822e-02   1.4014639e-02  -3.1835399e-04  -9.6134057e-06   6.5781642e-05
   8.8332440e-03   2.7885434e-02  -1.1120689e-02   7.0602867e-05  -3.6558660e-06   2.5015576e-05
   1.3220595e-02   2.7647047e-02   5.1140172e-03  -4.8837027e-04   2.7421161e-05   9.2019357e-05
   1.7607355e-02   2.9767347e-02  -1.7193095e-02  -3.4186935e-04   9.9813397e-05   1.0780673e-05
   2.1835708e-02   5.4073241e-02  -2.9354916e-02  -2.3146368e-04  -3.7676110e-05   5.0168498e-05
   2.7051620e-02   5.1434108e-02  -2.1637790e-02  -3.6095674e-04  -1.1928096e-04   1.9300919e-04
   1.6584676e-02   6.4269185e-02  -3.5385210e-02   2.3596555e-04  -2.7388553e-04  -1.8434653e-05
   2.9398067e-02   6.5371790e-02  -2.1894502e-02   2.5699927e-04  -2.4160023e-04  -7.8567404e-06
   1.8167521e-02   7.2533557e-02  -1.8188865e-02  -1.4767531e-04  -1.2693213e-04   6.3084009e-05
   2.2282549e-02   5.5065377e-02  -2.8419298e-02   3.0437908e-04  -4.9771181e-04   7.0885782e-05
   1.5258961e-02   5.1785107e-02   9.5721144e-04  -8.3145382e-05  -4.2435090e-04  -9.2508243e-05
   2.8919106e-02   4.1378584e-02   2.4151069e-02  -2.2817316e-04  -4.4261165e-04   1.6869025e-04
   2.1713801e-02   6.5924436e-02  -8.5583369e-03   4.4614985e-04  -3.2475145e-04   4.7296239e-05
   3.2255749e-02   8.5720622e-02  -3.1853745e-02   6.8615649e-04  -4.4433027e-04   2.0921832e-04
   3.6984612e-02   6.6248756e-02   6.0886196e-03   6.0466005e-05  -3.9700861e-04   2.1565236e-04
   3.4970709e-02   9.6665528e-02  -2.7780438e-02   3.6939628e-04  -4.0973870e-04   1.3614908e-04
   4.0633205e-02   9.5023910e-02  -2.3418118e-02   1.1879416e-04  -4.3808682e-04   2.6178836e-04
   4.3380274e-02   1.1004408e-01  -5.8560676e-02   9.0418053e-04  -7.7159823e-04   3.1848150e-04
   5.5737410e-02   8.5042353e-02  -2.2870239e-02   5.8828464e-04  -1.0042348e-03   4.5943477e-04
   6.4404717e-02   7.9995445e-02   5.0292737e-03   8.7082510e-04  -6.1923341e-04   6.6597363e-04
   7.6946909e-02   1.1493480e-01  -6.3737351e-02   1.0508176e-03  -7.3706186e-04   8.7854298e-04
   6.8053389e-02   1.2792203e-01  -3.2826695e-02   4.6659411e-04  -6.8463918e-04   5.7363396e-04
   9.0728099e-02   1.1737257e-01  -1.8871166e-02   5.5601968e-04  -8.9114481e-04   1.0201199e-03
   8.5676225e-02   1.2620631e-01  -1.5141522e-02   3.5536656e-04  -7.2280554e-04   8.9467369e-04
   8.0983522e-02   1.5858919e-01  -5.3093575e-02   6.1239173e-04  -6.9774825e-04   9.4771026e-04
   9.2643572e-02   1.3145325e-01  -4.4810675e-02   6.9628362e-04  -8.4015364e-04   1.0014763e-03
   9.1229274e-02   1.4142460e-01  -4.6539367e-02   7.9656071e-04  -7.0948344e-04   1.0435876e-03
   9.0136750e-02   1.3127991e-01  -3.2531799e-02   6.2648179e-04  -8.4768936e-04   1.0532277e-03
   8.9908694e-02   1.3579596e-01  -1.2127130e-02   5.5881930e-04  -9.3830325e-04   1.1017545e-03
   9.9971953e-02   1.3822873e-01   2.9293368e-03   3.2286909e-04  -9.9150991e-04   1.0818246e-03
   7.8779855e-02   1.5038657e-01   4.7812577e-03   3.7239876e-04  -5.6680576e-04   8.0072691e-04
   8.4208674e-02   1.3183813e-01   1.8905878e-02   8.4924862e-04  -8.5814781e-04   7.2558416e-04
   9.3998979e-02   1.3708821e-01  -3.2012653e-02   7.7734505e-04  -1.0768169e-03   1.0738677e-03
   9.4905509e-02   1.4910602e-01  -4.4327516e-02   6.6838306e-04  -8.9758676e-04   1.1371058e-03
   9.3048694e-02   1.4179270e-01  -1.9762005e-02   8.2729425e-04  -7.2794567e-04   9.8617637e-04
   9.4552604e-02   1.2019279e-01   4.2489229e-02   3.7303710e-04  -8.5376382e-04   9.7432026e-04
   9.4143157e-02   1.2293070e-01   2.4608698e-02   2.5986985e-04  -8.2723079e-04   1.0681897e-03
   1.0669920e-01   1.5002721e-01  -2.9201434e-03   7.9321667e-04  -1.1514095e-03   1.3042413e-03
   1.1000172e-01   1.5502342e-01  -1.1792571e-02   9.4699514e-04  -9.2863755e-04   1.3501011e-03
   9.6716636e-02   1.4356876e-01   1.3650118e-02   4.8924454e-04  -9.0091244e-04   1.0369618e-03
   9.8278047e-02   1.4970454e-01   1.6204421e-02   5.6117734e-04  -7.6124998e-04   1.1086787e-03
   1.0106013e-01   1.2961063e-01   3.7709035e-02   4.0412168e-04  -9.2220123e-04   1.1047195e-03
   9.1358910e-02   2.5073257e-01   1.7808467e-02  -6.5717778e-04  -3.4737719e-04   1.5457267e-03
   8.7630624e-02   2.3584122e-01  -3.0328280e-02   2.4564373e-04  -2.5259128e-04   1.4262442e-03
   8.9379038e-02   1.5093877e-01  -1.0033891e-02   1.9380252e-03  -1.0142788e-03   6.5068495e-04
   1.1085846e-01   1.3585473e-01   8.2235853e-02   8.7105622e-04  -9.6058524e-04   1.2848349e-03
   8.3911816e-02   9.2494245e-02   3.8313272e-02   1.1528951e-03  -1.1857464e-03   1.1564833e-03
   7.3007474e-02   1.1541527e-01   6.7952362e-02   6.4266397e-04  -8.1363746e-04   6.2842584e-04
   7.2310790e-02   1.2272087e-01   8.4578717e-02   1.0579812e-03  -7.5440977e-04   4.9340935e-04
   8.1949505e-02   1.2295746e-01   7.8895798e-02   8.6872463e-04  -1.0055748e-03   7.9623538e-04
   7.6373948e-02   1.5160732e-01   3.6706514e-02   1.4195200e-03  -1.0558748e-03   5.8270080e-04
   7.3149750e-02   1.5232691e-01   4.6360861e-02   1.3287929e-03  -1.0505316e-03   4.5099926e-04
   6.5392756e-02   1.3213606e-01   9.2191472e-02   1.2322809e-03  -1.0471996e-03   4.4766955e-04
   6.4025290e-02   1.3626781e-01   8.3593464e-02   1.1644840e-03  -1.2258563e-03   4.0798829e-04
   6.0132865e-02   1.4044970e-01   1.1336508e-01   6.7274093e-04  -9.0009971e-04   4.0852334e-04
   6.9304331e-02   1.6652784e-01   7.5800976e-02   1.3861583e-03  -1.2153797e-03   5.2327506e-04
   6.8624797e-02   1.4880801e-01   5.9978985e-02   2.1101584e-03  -1.2826107e-03   4.8476272e-04
   6.2698632e-02   1.9053723e-01   5.5869634e-02   1.0572664e-03  -1.1205995e-03   4.0383522e-04
   6.8852185e-02   2.1091560e-01   1.3070961e-02   1.2835258e-03  -1.1904118e-03   5.4548934e-04
   6.4464074e-02   2.0084597e-01   2.4744681e-02   8.7861069e-04  -1.0289808e-03   4.8526908e-04
   6.7126095e-02   1.9320408e-01   3.2636376e-02   1.0252390e-03  -1.0982537e-03   5.2441094e-04
   7.5914000e-02   1.9177742e-01   6.4064530e-02   1.3476259e-03  -1.3220895e-03   6.5353895e-04
   6.8937487e-02   2.0722331e-01   5.2225885e-02   1.1854245e-03  -1.3233434e-03   4.8120355e-04
   7.6448692e-02   1.9232178e-01   8.5974971e-02   8.6517479e-04  -1.3527529e-03   7.1803169e-04
   7.5251230e-02   2.1614631e-01   3.5700718e-02   1.3718366e-03  -1.3162866e-03   5.7559985e-04
   3.9582936e-02   2.1146262e-01   3.9671234e-02   1.6553317e-03  -2.7475300e-04   9.1156075e-05
   4.3996289e-02   2.0938005e-01   4.6607229e-02   8.5769340e-04  -5.3985281e-04   3.6370795e-04
   4.1287413e-02   1.8660952e-01   5.6944215e-02   1.3535667e-03  -3.9235012e-04   2.0542595e-04
   6.2465637e-02   1.8975413e-01   7.1916224e-02   1.0300952e-03  -6.5455618e-04   5.4052045e-04
   5.1059626e-02   1.8197038e-01   8.3784419e-02   1.2558454e-03  -4.4641546e-04   3.3932512e-04
   5.8339351e-02   1.9159075e-01   6.7876545e-02   1.4552247e-03  -6.1999382e-04   4.9371576e-04
   6.3920850e-02   1.8722993e-01   9.4942583e-02   8.3970741e-04  -6.8160838e-04   5.8426711e-04
   7.2922569e-02   1.9620920e-01   6.0522440e-02   1.0963222e-03  -7.6086603e-04   6.9099979e-04
   7.2078494e-02   2.1495225e-01   5.0587181e-02   2.8949683e-04  -8.8670243e-04   7.4688808e-04
   6.3396795e-02   2.3740438e-01   3.3390039e-02   7.2603050e-04  -9.8495027e-04   5.3735542e-04
   6.0691534e-02   2.1576815e-01   8.3858923e-02   5.3389598e-04  -7.9133849e-04   4.9026718e-04
   6.2262947e-02   2.2257912e-01   8.4356841e-02   7.0287558e-04  -7.1157141e-04   5.3551110e-04
   5.3791273e-02   2.4733260e-01   5.9334476e-02   2.7392457e-04  -7.2539046e-04   4.8415693e-04
   4.9420941e-02   2.5550614e-01   4.0394186e-02   1.1780845e-03  -8.7040459e-04   3.3260738e-04
   5.3604200e-02   2.5032077e-01   4.8610754e-02   7.1231302e-04  -7.1531583e-04   4.3396910e-04
   4.4919276e-02   2.4445869e-01   1.6559881e-02   1.6066091e-03  -5.7772007e-04   3.6325655e-04
   4.7639728e-02   2.1429408e-01   7.9696467e-02   1.1278693e-03  -5.1059124e-04   2.3840501e-04
   4.4582418e-02   2.3588121e-01   7.2107677e-02   7.6058300e-04  -8.6317899e-04   3.9273848e-04
   2.3491536e-02   2.6843063e-01   6.5723104e-02   1.2920042e-03  -7.2255500e-04   6.1315156e-05
   4.4916881e-02   2.1788751e-01   4.8712951e-02   1.4654575e-03  -6.6447246e-04   1.7637707e-04
   3.7967170e-02   2.1662069e-01   9.3630041e-02   8.4117055e-04  -5.0742371e-04   1.6190592e-04
   2.5801674e-02   1.9829095e-01   1.2010667e-01   9.7281181e-04  -4.4829904e-04  -8.7247015e-07
   4.0333337e-02   2.0950944e-01   1.1594510e-01   3.6961718e-04  -6.6736453e-04   2.1844808e-04
   4.3812493e-02   2.3920410e-01   5.6658444e-02   1.6128577e-03  -3.6938032e-04   1.7831464e-04
   2.7271458e-02   2.3915084e-01   2.8629490e-02   2.2967044e-03  -1.8560383e-04  -6.0451607e-05
   4.2679259e-02   2.2137726e-01   7.0502813e-02   1.0282870e-03  -6.4130325e-04   6.7420089e-05
   4.3405963e-02   2.3771600e-01   9.9244672e-02   1.0744587e-03  -5.8015390e-04   1.8655732e-04
   4.9169178e-02   2.1833908e-01   1.1845019e-01   8.6450711e-04  -6.8132545e-04   2.4334801e-04
   4.3545659e-02   2.1870775e-01   1.1952016e-01   9.4198093e-04  -7.7225475e-04   2.6276184e-04
   4.9607891e-02   2.2425023e-01   7.2384269e-02   1.1102612e-03  -9.8820760e-04   4.0705052e-04
   5.4026912e-02   2.4410961e-01   6.1207899e-02   6.5702239e-04  -8.7761397e-04   2.5456120e-04
   5.5279330e-02   2.5607956e-01   1.9894568e-02   1.9240143e-03  -8.9476071e-04   2.9416598e-04
   4.7621637e-02   2.5119752e-01   4.6784676e-02   2.2356947e-03  -5.4245129e-04   2.2837243e-04
   7.2711692e-02   2.1158264e-01   9.9515463e-02   1.0355454e-03  -1.0223002e-03   6.2807553e-04
   5.9903269e-02   2.6052079e-01   5.5496950e-02   1.0897763e-03  -9.8728436e-04   3.7486948e-04
   5.9095272e-02   2.3988884e-01   1.4609916e-02   1.1429759e-03  -1.4253626e-03   5.2240636e-04
   5.3560030e-02   2.3513141e-01   4.7583583e-02   1.3158584e-03  -1.1299653e-03   3.5898361e-04
   7.7138755e-02   2.2550559e-01   5.3228378e-02   1.3817053e-03  -1.2639749e-03   7.7048186e-04
   6.7928637e-02   2.1961065e-01   1.1473705e-01   6.3879050e-04  -9.9664656e-04   7.5977464e-04
   7.2521777e-02   2.3348945e-01   5.0365713e-02   1.3605243e-03  -1.4039411e-03   7.1657261e-04
   3.3038516e-02   3.3063585e-01   1.3968119e-01   9.0358221e-04   5.3278625e-05   3.3454993e-04
  -4.9225241e-03   3.3059475e-01   1.2859858e-01   6.0829658e-04   6.0625073e-04  -3.4354943e-04
   1.0613703e-02   2.3102323e-01   1.2403735e-01   2.5410698e-03  -7.2523174e-04  -3.5594802e-04
   5.5780142e-02   2.2147671e-01   1.9467039e-01   1.3708707e-03  -9.5961900e-04   2.0602289e-04
   6.9071540e-02   2.1836703e-01   1.3836318e-01   2.4730776e-03  -9.8011426e-04   4.0980982e-04
   8.3986763e-02   1.8564081e-01   1.8828123e-01   1.8812901e-03  -1.3135777e-03   7.3901423e-04
   7.3811098e-02   1.8194135e-01   2.1795413e-01   1.8553129e-03  -7.8349105e-04   4.1709640e-04
   6.2254959e-02   1.9873582e-01   1.2863438e-01   1.4883712e-03  -1.4189246e-03   6.2327308e-04
   4.5752393e-02   2.2268356e-01  -1.9302384e-02   3.1426751e-03  -1.5717614e-03   2.1376173e-04
   6.2741608e-02   2.8010474e-01   2.3921667e-03   3.3707797e-03  -1.3580134e-03   3.1848772e-04
   6.0741786e-02   2.4153370e-01   2.6125384e-02   2.8579157e-03  -1.6071519e-03   3.4703215e-04
   7.2026795e-02   2.3607856e-01   8.9022631e-02   2.1639695e-03  -1.4958189e-03   4.3581462e-04
   6.9702511e-02   2.5059423e-01   6.7686134e-02   2.5740663e-03  -1.6039134e-03   4.6693946e-04
   6.3106685e-02   2.7364701e-01   6.5828968e-02   3.1785603e-03  -1.1740113e-03   2.1999680e-04
   7.3645109e-02   2.3053560e-01   1.2752767e-01   1.5436963e-03  -1.4327725e-03   4.5292463e-04
   7.0817278e-02   2.6048669e-01   7.7279605e-02   2.5506432e-03  -1.3018291e-03   5.0617562e-04
   8.0985447e-02   2.8548800e-01   3.5952792e-02   2.7066199e-03  -1.4332872e-03   4.4278804e-04
   8.9911822e-02   3.0499021e-01   3.1533544e-02   2.3834863e-03  -1.9100811e-03   6.9964132e-04
   1.0587723e-01   2.9762077e-01  -2.7480923e-02   3.5291130e-03  -2.1638486e-03   1.0906900e-03
   1.0580744e-01   2.9443408e-01   4.1883467e-02   2.4236762e-03  -1.8228420e-03   7.8515808e-04
   1.1822507e-01   2.7661764e-01   7.6347353e-02   2.1603882e-03  -1.8897224e-03   1.0171749e-03
   1.2110229e-01   2.5715310e-01   1.1795090e-01   1.9749308e-03  -2.0415362e-03   1.1304163e-03
   1.1679890e-01   2.7861297e-01   1.0174912e-01   1.0380431e-03  -2.0698807e-03   9.1757744e-04
   9.8281320e-02   3.1105785e-01   4.8922774e-02   2.7648374e-03  -1.8601431e-03   7.2602355e-04
   1.0308216e-01   3.1858462e-01   1.8782651e-02   2.7203603e-03  -1.7174338e-03   7.3714317e-04
   9.7954463e-02   2.9348606e-01   6.0139542e-02   1.8992237e-03  -1.8556428e-03   8.3534500e-04
   1.1580954e-01   2.9206301e-01   6.0146765e-02   1.9775856e-03  -1.7361016e-03   9.0735248e-04
   1.1888485e-01   2.8522922e-01   7.9898930e-02   1.9709007e-03  -1.7843856e-03   9.8780955e-04
   1.3520242e-01   2.9850497e-01   3.7356634e-02   2.4298937e-03  -2.1001763e-03   1.2476471e-03
   1.3543976e-01   3.0720367e-01   3.5702792e-02   1.7427579e-03  -1.9508729e-03   1.1484474e-03
   1.8139611e-01   3.0100812e-01   2.7325577e-03   1.9952624e-03  -2.5132430e-03   1.9552487e-03
   1.7256432e-01   2.9143809e-01   4.4974819e-02   1.0187681e-03  -2.4831332e-03   1.8253619e-03
   1.6042951e-01   2.8781882e-01   7.3981674e-02   9.1142965e-04  -2.6306640e-03   1.6188302e-03
   1.6919476e-01   3.3055962e-01   2.6738161e-02   8.4732506e-04  -2.8057987e-03   1.8529491e-03
   1.5659913e-01   3.4088936e-01   2.7025429e-02   1.4346361e-03  -2.7631739e-03   1.6693561e-03
   1.6819553e-01   3.4702316e-01  -4.0495854e-03   1.4575159e-03  -2.8910655e-03   2.0505885e-03
   1.5330406e-01   3.2960605e-01   6.3687365e-03   1.5168107e-03  -2.7868869e-03   1.6494916e-03
   1.6455270e-01   3.1017910e-01   3.2298168e-02   1.5228922e-03  -2.7996614e-03   1.7851563e-03
   1.5033271e-01   3.2194655e-01   4.1652760e-02   1.6384361e-03  -2.5225729e-03   1.5596439e-03
   1.4949062e-01   3.0757919e-01   6.1146733e-02   1.5670592e-03  -2.4644521e-03   1.4754352e-03
   1.6021160e-01   3.0860139e-01   5.9233312e-02   1.3188349e-03  -2.6715095e-03   1.7254311e-03
   1.6353786e-01   3.3233071e-01   3.5998091e-02   1.3698289e-03  -2.7670715e-03   1.7357787e-03
   1.5982910e-01   3.3911511e-01   2.9476877e-02   1.3407250e-03  -2.5853170e-03   1.6319027e-03
   1.4949283e-01   3.2749717e-01   5.5298842e-02   1.7235242e-03  -2.5076164e-03   1.6238174e-03
   1.7471872e-01   3.3703286e-01   4.0916579e-02   1.5889010e-03  -2.9353980e-03   2.0477808e-03
   1.6543622e-01   3.6161638e-01  -1.4994921e-02   2.2030304e-03  -2.6980829e-03   1.8008765e-03
   1.7043143e-01   3.6189180e-01  -3.2701602e-02   2.6496942e-03  -2.5050133e-03   1.7508876e-03
   1.8253003e-01   3.5071776e-01  -2.6578797e-03   1.6961961e-03  -2.8751126e-03   2.0928704e-03
   1.9194094e-01   3.4031948e-01  -8.5977298e-03   1.8165612e-03  -2.8548915e-03   2.1377824e-03
   1.9947310e-01   3.3757688e-01   4.6198032e-02   1.5294024e-03  -3.0938032e-03   2.3365354e-03
   2.0410400e-01   3.2317044e-01   4.9104655e-02   1.2384332e-03  -3.1838634e-03   2.4206332e-03
   2.0104956e-01   3.6550575e-01  -3.6989162e-02   2.2530677e-03  -2.8000156e-03   2.3234085e-03
   2.0272786e-01   3.8147671e-01  -6.5804564e-02   3.2622739e-03  -2.8165364e-03   2.3530958e-03
   2.0695836e-01   3.2898175e-01   5.0678181e-03   1.7040216e-03  -2.9414749e-03   2.4556589e-03
   2.0853229e-01   3.1599658e-01   7.2426697e-03   2.3145849e-03  -2.9951357e-03   2.5581803e-03
   2.3304759e-01   3.2107979e-01   3.6136268e-02   8.3277363e-04  -3.3447178e-03   2.9393787e-03
   2.2145339e-01   3.8532337e-01  -7.0993487e-02   1.6848350e-03  -3.1949168e-03   2.6458405e-03
   1.8289838e-01   2.9589831e-01  -7.5174347e-02   1.9795282e-03  -3.0059553e-03   2.4343874e-03
   1.9443468e-01   3.5390538e-01  -7.8841776e-02   2.1076981e-03  -3.3562405e-03   2.3963110e-03
   2.0681723e-01   3.5606354e-01  -3.2512250e-02   1.2950431e-03  -3.5362433e-03   2.6681523e-03
   2.1443251e-01   3.5728711e-01  -4.8181433e-02   1.8734803e-03  -3.5345506e-03   2.8860880e-03
   2.2604877e-01   3.5945878e-01  -4.3048122e-02   1.8163336e-03  -3.5386268e-03   3.0300793e-03
   2.1466295e-01   3.7521142e-01  -6.2661015e-02   1.9315540e-03  -3.3444580e-03   2.7708028e-03
   2.0980813e-01   3.5467581e-01  -1.8660298e-02   1.6421336e-03  -3.2260858e-03   2.6265457e-03
   1.9661814e-01   3.7079443e-01  -1.8525136e-03   1.2461992e-03  -3.5638721e-03   2.7550355e-03
   2.0584933e-01   3.6586964e-01  -1.6718609e-02   2.1299410e-03  -3.3689566e-03   2.6100304e-03
   2.2443233e-01   3.6043739e-01   3.4387447e-03   1.0325556e-03  -3.7504691e-03   2.9329754e-03
   2.1935887e-01   3.3990292e-01   4.1382250e-02   1.2917267e-03  -3.6389617e-03   2.9482646e-03
   2.2418832e-01   3.2916957e-01   5.4999321e-02   6.6370963e-04  -3.5597592e-03   2.8163535e-03
   2.3640854e-01   3.5303082e-01   3.5137496e-02   1.1030695e-03  -3.8576870e-03   3.0576584e-03
   2.3603490e-01   3.6377052e-01   1.3567210e-03   1.1658917e-03  -3.8263736e-03   3.0748102e-03
   2.1803373e-01   3.7931261e-01  -3.6045999e-02   1.1389498e-03  -3.5228565e-03   2.7657071e-03
   2.4135523e-01   3.7983729e-01  -3.8328258e-02   1.5966834e-03  -3.8763179e-03   3.0790603e-03
