   1.0742590e-14  -7.1054274e-15   7.1054274e-15  -1.9960032e-51   0.0000000e+00   0.0000000e+00
   3.9580000e-02   1.2154273e-02   3.8101799e-02   6.9045828e-04   6.8992730e-04   9.4456925e-04
   9.2720175e-02   2.8050015e-01   1.7386044e-01   4.2545104e-03   8.4009830e-04  -2.4840671e-03
   5.7636198e-02   2.6087706e-01  -1.6262028e-02   9.2336213e-03   3.5263151e-03  -2.7441188e-03
   6.3333588e-02   2.2710676e-01   1.9095577e-01   5.4901158e-03   2.6631228e-03  -3.2411291e-03
   6.9979050e-02   2.6481509e-01   9.8756356e-02   7.1398202e-03   3.0116194e-03  -2.3899005e-03
   1.6141523e-01   1.4886234e-01   2.1143291e-01   6.4608144e-03   2.9435142e-03  -1.7269501e-03
   1.7885144e-01   2.4101227e-01   3.1001008e-01   5.7313136e-03   2.4578405e-03  -1.8156084e-03
   2.1614048e-01   2.5999250e-01   3.7028334e-01   5.2091611e-03   2.8149236e-03  -1.7016028e-03
   2.5215099e-01   2.5025325e-01   4.1961995e-01   6.4932991e-03   2.8699433e-03  -1.8927217e-03
   2.7525307e-01  -5.7755380e-02   4.4574841e-02   3.9324059e-03   4.7500040e-03   2.8326811e-04
   3.3737290e-01   1.5557434e-01   2.4206894e-01   5.1026858e-03   3.8705617e-03  -1.5979068e-04
   3.2463906e-01   1.6761408e-01   3.3910822e-01   4.5193328e-03   4.7693458e-03  -4.1506680e-05
   3.2496632e-01   1.6523376e-01   4.2861960e-01   4.9640134e-03   4.5045002e-03   1.9864983e-03
   3.3783846e-01   2.5120604e-01   5.2920975e-01   4.9114614e-03   4.0608582e-03   1.4849523e-03
   3.4903294e-01   2.6211096e-01   5.8108785e-01   5.1250882e-03   4.2883743e-03   1.0442002e-03
   3.3833058e-01   2.4776417e-01   5.8733091e-01   5.7229147e-03   3.5272319e-03   8.5516040e-04
   3.4131753e-01   2.7836851e-01   5.7635912e-01   6.2937031e-03   3.7661996e-03   7.7434878e-04
   3.5720701e-01   2.7277844e-01   6.5695259e-01   5.2922584e-03   3.7909721e-03   9.1759652e-04
   3.8853772e-01   3.1958087e-01   6.6511069e-01   5.7434090e-03   4.8098752e-03   1.3414350e-03
   4.0907069e-01   3.2254537e-01   7.4727284e-01   4.5086021e-03   5.5570318e-03   9.6722356e-04
   4.2713595e-01   2.9372715e-01   6.5377502e-01   4.8918217e-03   7.0330466e-03   1.4120041e-03
   4.2129001e-01   2.9796176e-01   6.4143769e-01   4.7515430e-03   7.2675068e-03   1.6048042e-03
   4.3923711e-01   3.0314500e-01   5.4644564e-01   5.1485296e-03   6.9707400e-03   1.0910468e-03
   3.4705277e-01   3.0263076e-01   2.4002875e-01  -1.5828038e-03   6.2450851e-03  -2.9702611e-03
   3.8135923e-01   2.6888041e-01   4.0277644e-01  -4.9871986e-03   5.9642523e-03  -1.2811112e-03
   4.9656210e-01   3.5194285e-01   7.0484476e-01   2.5096855e-03   4.3194781e-03   1.0676401e-03
   6.5327495e-01   4.6445161e-01   1.1466265e+00   2.8419944e-03   6.8784269e-03   1.9946488e-03
   6.4697683e-01   4.5734324e-01   1.1810062e+00   4.6398222e-03   5.5495173e-03   1.5651436e-03
   5.3697042e-01   5.3777577e-01   1.2016422e+00   2.4865559e-03   4.6674543e-03   8.5324760e-04
   4.3767896e-01   5.6116853e-01   1.0834855e+00   1.0667751e-03   4.1409016e-03   3.5004085e-04
   5.0604240e-01   5.4861217e-01   1.1118352e+00  -3.8363581e-04   4.2367308e-03   1.9745061e-03
   5.3037123e-01   4.8742112e-01   1.1199871e+00   2.4322508e-03   5.2416779e-03   1.8153035e-03
   4.1324880e-01   6.0476510e-01   1.0256453e+00   5.2075182e-03   5.4407347e-03  -7.1405538e-04
   4.7409901e-01   6.3442774e-01   1.1848631e+00   2.0298388e-03   5.6455924e-03   8.2461097e-04
   4.4859554e-01   6.2606410e-01   1.1384421e+00   2.2877268e-03   5.9405985e-03   4.2416604e-05
   4.8270876e-01   6.3431511e-01   1.2345076e+00   1.3986218e-03   6.6169177e-03   9.4195790e-04
   4.7474600e-01   5.7239117e-01   1.1216838e+00   2.2135316e-03   6.2519477e-03  -4.5847595e-04
   5.7174019e-01   6.3441324e-01   1.3194886e+00   1.5395926e-03   6.1882507e-03  -2.2506060e-04
   5.2843024e-01   5.7949038e-01   1.0706987e+00  -9.7951044e-04   4.3269613e-03   1.7937664e-04
   5.0078456e-01   5.2710808e-01   1.1214075e+00  -7.6412251e-04   5.5389501e-03  -8.8785412e-04
   4.3695299e-01   7.2451153e-01   1.3233351e+00   2.8547167e-04   6.6230061e-03   1.1815140e-03
   2.8116651e-01   6.6143663e-01   1.1626926e+00  -3.7164201e-05   7.9864730e-03   1.1429297e-03
   2.8981641e-01   6.4015678e-01   1.3128179e+00   2.4921659e-03   8.7842263e-03  -4.9835135e-04
   2.4853103e-01   6.3743307e-01   1.2998398e+00   5.5822697e-04   8.2922385e-03  -7.2185591e-04
   2.9397507e-01   6.1744084e-01   1.3894971e+00  -2.8559704e-03   6.1970344e-03  -8.4918647e-04
   3.3372785e-01   8.2337837e-01   1.0248083e+00   5.2725041e-03   5.6241130e-03  -2.1416136e-04
   2.5835668e-01   5.0622500e-01   8.4622090e-01   7.1082855e-03   7.3297077e-03  -1.4082841e-03
   3.1615080e-01   6.9633809e-01   1.2611282e+00   1.5405769e-03   7.4494458e-03  -2.4550137e-03
   4.3337262e-01   9.9554918e-01   1.2718488e+00   1.3794126e-02   9.5097219e-03  -3.5194414e-04
   3.4681872e-01   7.8878757e-01   1.1580540e+00   1.2266263e-02   9.6623260e-03  -1.6542809e-03
   4.5778789e-01   7.6202539e-01   1.2193008e+00   1.5867165e-02   9.2890620e-03  -3.3597606e-04
   3.9000498e-01   6.1226328e-01   6.8165766e-01   1.3033160e-02   6.8931475e-03   1.8012801e-03
   3.9979115e-01   7.3311650e-01   8.8365947e-01   1.3342914e-02   7.1348887e-03   3.1244129e-04
  -1.2760339e-01  -5.7773196e-01  -1.7328579e+00   3.5752424e-02   1.0484942e-02   4.9536299e-03
  -2.8276073e-02   2.8708445e-01  -3.6616974e-01   1.2075899e-02   8.8153508e-03   3.3473644e-03
   3.1727281e-03   1.7765249e-01  -2.4357799e-01   1.8086500e-02   8.6428297e-03   2.5574812e-03
   5.5572778e-02   3.8285986e-01   1.1513918e-02   1.2043074e-02   8.1259361e-03   2.7469170e-03
   1.0675958e-01   3.5411883e-01   1.6892546e-02   1.6103016e-02   9.2567141e-03   2.4751201e-03
   1.1006128e-01   3.9798429e-01   1.1562079e-01   1.2501661e-02   8.7530483e-03   2.6595226e-03
   2.2832805e-01   4.6176014e-01   1.7661532e-01   1.3665144e-02   9.5015972e-03   3.7379903e-03
   2.1531730e-01   4.7549630e-01   2.5060755e-01   1.2081236e-02   9.3348165e-03   1.9558182e-03
   2.0211559e-01   4.4510979e-01   2.5629921e-01   1.3328812e-02   9.2917407e-03   1.9817484e-03
   1.8108491e-01   4.8084685e-01   3.0012195e-01   1.2168895e-02   9.3853863e-03   1.3446729e-03
   1.9353246e-01   4.4294955e-01   2.7036624e-01   1.2684360e-02   8.5458475e-03   1.9895531e-03
   2.3639157e-01   5.0226036e-01   5.3764681e-01   1.0741869e-02   8.8065220e-03   1.4433057e-03
   2.3782031e-01   5.3794601e-01   3.7235460e-01   1.3270294e-02   9.9167486e-03   1.6962482e-03
   2.4722328e-01   6.5965436e-01   6.5511185e-01   1.4569330e-02   7.9496361e-03  -7.3528869e-05
   4.1236827e-01   7.7143987e-01   1.0710613e+00   1.4051569e-02   6.6341902e-03  -4.9344873e-04
   4.6579147e-01   7.6809474e-01   1.0301252e+00   1.4329042e-02   7.7148980e-03  -1.3560431e-03
   4.9520335e-01   8.1654613e-01   1.1140181e+00   1.4387171e-02   7.5127519e-03  -1.2078377e-03
   5.6980587e-01   8.8082012e-01   1.2095947e+00   1.5470912e-02   7.9655637e-03   1.4714915e-05
   6.1381425e-01   8.6865413e-01   1.2380402e+00   1.6607758e-02   7.6308227e-03   8.7555570e-04
   5.5447310e-01   8.4135696e-01   1.2760767e+00   1.6322867e-02   7.8298333e-03  -6.7597400e-04
   5.6062480e-01   8.2917901e-01   1.1470015e+00   1.3424584e-02   7.7955326e-03   8.2560368e-04
   5.8505734e-01   9.2629942e-01   1.3913905e+00   1.4967701e-02   6.6242876e-03   2.0903922e-04
   5.3624296e-01   9.0416641e-01   1.5146399e+00   1.6938268e-02   7.2971672e-03   3.6506355e-04
   5.2910614e-01   9.2408381e-01   1.4302235e+00   1.5564569e-02   6.4199488e-03  -1.2702406e-04
   5.2731157e-01   9.0360614e-01   1.4935117e+00   1.6976070e-02   6.3501487e-03  -3.6949593e-04
   5.2657077e-01   9.6120070e-01   1.4685546e+00   1.5028977e-02   5.7653501e-03  -6.9341560e-04
   5.2652902e-01   9.3276633e-01   1.4795501e+00   1.6161196e-02   5.8590164e-03  -5.0942003e-04
   4.3347791e-01   8.2423560e-01   1.2650136e+00   1.5048746e-02   6.8514762e-03  -6.2314672e-04
   5.4464221e-01   9.7624328e-01   1.5677565e+00   1.4524558e-02   5.0893794e-03  -1.3434809e-04
   3.3875942e-01   9.8513604e-01   1.6658578e+00   1.1995354e-02   4.0497786e-03  -1.6439150e-03
   3.3591227e-01   9.8322749e-01   1.6407871e+00   1.6368735e-02   5.0099022e-03  -1.4482649e-03
   3.4969141e-01   9.9099391e-01   1.6883750e+00   1.4164020e-02   4.1259502e-03  -3.7750638e-03
   1.2800659e-01   9.2864348e-01   1.5255288e+00   1.2423385e-02   3.2824668e-03  -3.4394499e-03
   2.5037590e-01   1.0625988e+00   1.7916036e+00   1.6056853e-02   5.0152262e-03  -1.2380870e-03
   2.5144293e-01   1.0579345e+00   1.8129417e+00   1.5762301e-02   3.7198056e-03  -3.1014599e-03
   2.6925443e-01   1.0673937e+00   1.8474061e+00   1.5716640e-02   3.0113365e-03  -3.3376898e-03
   3.0295894e-01   1.0540334e+00   1.8623046e+00   1.6746216e-02   2.0859639e-03  -3.4255774e-03
   2.9022397e-01   1.0421081e+00   1.9022576e+00   1.5254399e-02   2.3353289e-03  -3.5215737e-03
   3.0914548e-01   1.0576114e+00   1.8773472e+00   1.5863593e-02   1.9225141e-03  -3.1413896e-03
   2.9467410e-01   1.0425526e+00   1.9082083e+00   1.5430443e-02   1.8648892e-03  -3.2186633e-03
   2.8384665e-01   1.0679605e+00   1.8828078e+00   1.6194643e-02   2.0183299e-03  -3.3507578e-03
   3.3751095e-01   1.0249469e+00   1.9505105e+00   1.5164972e-02   2.7166871e-03  -3.1557061e-03
   3.4372088e-01   1.0809011e+00   1.9381606e+00   1.5010670e-02   3.0128769e-03  -2.8079912e-03
   3.5538324e-01   1.0582436e+00   1.9108122e+00   1.4534115e-02   3.3807629e-03  -1.6552000e-03
   3.7890072e-01   1.1390987e+00   2.0294171e+00   1.2965462e-02   3.7483513e-03  -2.3914215e-03
   3.8729602e-01   1.1826547e+00   2.0538008e+00   1.3530702e-02   2.9281877e-03  -2.2375659e-03
   3.8717753e-01   1.1616237e+00   2.0630311e+00   1.3952763e-02   3.1740990e-03  -2.4021364e-03
   3.6793939e-01   1.1718279e+00   2.0224049e+00   1.4699492e-02   2.6982076e-03  -2.6721172e-03
   3.8373204e-01   1.1699070e+00   2.0629038e+00   1.3466872e-02   2.5959043e-03  -2.6643512e-03
   3.7035089e-01   1.1738807e+00   2.0997901e+00   1.4268175e-02   2.2624364e-03  -2.9114788e-03
   4.1195351e-01   1.1636091e+00   2.0935029e+00   1.4097180e-02   2.5922921e-03  -2.0670952e-03
   4.2007359e-01   1.1661201e+00   2.0702466e+00   1.4935667e-02   1.8935265e-03  -2.1241227e-03
   4.1481738e-01   1.1425225e+00   2.0927983e+00   1.5321304e-02   1.9073031e-03  -2.3825822e-03
   4.0847099e-01   1.1864446e+00   2.1302418e+00   1.4528567e-02   1.9726727e-03  -2.5021064e-03
   3.9000716e-01   1.1664788e+00   2.0869326e+00   1.4973772e-02   1.7135933e-03  -2.7135357e-03
   4.1158650e-01   1.1976474e+00   2.0788114e+00   1.4873501e-02   1.7588535e-03  -2.0035530e-03
   3.9414274e-01   1.1562739e+00   2.1153740e+00   1.5119684e-02   1.6102071e-03  -2.6465152e-03
   3.7110710e-01   1.1928172e+00   2.1686020e+00   1.4328240e-02   1.1985183e-03  -2.5968431e-03
   3.0365258e-01   1.1734053e+00   2.0999449e+00   1.3777700e-02   8.0265120e-04  -2.7157291e-03
   3.7609272e-01   1.2191916e+00   2.3275289e+00   1.2242991e-02   5.2304483e-04  -3.4881984e-03
   3.8552962e-01   1.2099755e+00   2.3343853e+00   1.3622203e-02   4.9757646e-04  -2.6996305e-03
   3.7416117e-01   1.1941696e+00   2.3546677e+00   1.3236780e-02   2.3381611e-04  -3.6046340e-03
   3.7420165e-01   1.2082552e+00   2.3539764e+00   1.3136222e-02   1.9924647e-04  -3.6299852e-03
   3.4525152e-01   1.2193293e+00   2.3272149e+00   1.2748095e-02  -1.7850777e-04  -4.2920555e-03
   3.5657745e-01   1.2116014e+00   2.2682172e+00   1.3868233e-02   9.5354683e-05  -3.8864609e-03
   3.8165107e-01   1.1871368e+00   2.2184740e+00   1.3884833e-02  -3.7425487e-04  -3.1434347e-03
   3.7132152e-01   1.2082835e+00   2.2579287e+00   1.4059578e-02  -1.8910819e-04  -3.6590882e-03
   3.7605445e-01   1.2178277e+00   2.2290167e+00   1.3843833e-02  -5.1186193e-04  -3.3903782e-03
   3.7923727e-01   1.2448327e+00   2.3160165e+00   1.3467832e-02   4.5695491e-04  -3.5973808e-03
   2.9896479e-01   1.1036285e+00   2.0550672e+00   1.0384738e-02  -9.6075748e-04  -2.6254559e-03
   3.9246216e-01   1.1660487e+00   2.1313391e+00   8.1293657e-03   4.8705594e-04  -1.8206992e-03
   4.2946824e-01   1.1621757e+00   2.1601039e+00   1.0384394e-02   3.3101333e-04  -4.9992755e-04
   4.4110906e-01   1.1678754e+00   2.2114114e+00   1.0051788e-02  -2.3163302e-04  -3.4037104e-04
   3.5557658e-01   1.2035074e+00   2.1984947e+00   9.9649763e-03   6.3123116e-05  -6.6838228e-04
   3.2795306e-01   1.2296169e+00   2.1568615e+00   9.6556189e-03  -2.6519096e-04  -7.2851609e-04
   3.7821771e-01   1.2198857e+00   2.3533359e+00   1.0822525e-02  -1.5881885e-03  -1.7121704e-03
   3.4031161e-01   1.2210131e+00   2.3179070e+00   1.1057543e-02  -1.5222165e-03  -2.5846149e-03
   3.4075780e-01   1.2153234e+00   2.3421146e+00   1.0045194e-02  -9.8655991e-04  -1.7893818e-03
   4.2677304e-01   1.1665035e+00   2.3645431e+00   9.1312114e-03   5.9712143e-04  -1.6908769e-04
   4.5448685e-01   1.2634121e+00   2.4975372e+00   1.0480183e-02  -8.6286137e-04  -1.6842730e-03
   4.7125912e-01   1.2676555e+00   2.4493478e+00   1.1382855e-02  -1.8419142e-03  -2.0774442e-03
   4.1631401e-01   1.2921564e+00   2.4944654e+00   1.1776660e-02  -9.8742120e-04  -3.2546661e-03
   4.3673270e-01   1.2599819e+00   2.4215770e+00   1.2271932e-02  -2.3989638e-03  -2.5456646e-03
   4.7078211e-01   1.2886799e+00   2.4452397e+00   1.3145022e-02  -2.7655459e-03  -2.4576019e-03
   4.3920021e-01   1.2824849e+00   2.4773202e+00   1.2691100e-02  -2.9539615e-03  -3.5545455e-03
   4.2106157e-01   1.3167070e+00   2.5285926e+00   1.2162243e-02  -2.4445399e-03  -3.5363093e-03
   4.3268909e-01   1.2993245e+00   2.4888192e+00   1.2569148e-02  -2.6420804e-03  -3.3027790e-03
   4.6435057e-01   1.3049094e+00   2.5703738e+00   1.1848221e-02  -2.2277801e-03  -2.7813860e-03
   4.2477638e-01   1.2206109e+00   2.3333273e+00   1.3313649e-02  -2.2144068e-03  -2.8802818e-03
   4.2844719e-01   1.2992197e+00   2.4054067e+00   1.3130235e-02  -1.3847489e-03  -2.7617666e-03
   4.1433851e-01   1.3216418e+00   2.4902619e+00   1.1557609e-02  -1.9541913e-03  -2.8748391e-03
   4.3579126e-01   1.3039079e+00   2.4691691e+00   1.1813260e-02  -1.9088568e-03  -2.5707553e-03
   4.2782686e-01   1.2958965e+00   2.5670869e+00   1.1565784e-02  -1.8012354e-03  -2.5383545e-03
   4.5162167e-01   1.2871151e+00   2.5330353e+00   1.1902288e-02  -2.4661212e-03  -2.5931706e-03
   4.4227100e-01   1.3165119e+00   2.5444247e+00   1.1587065e-02  -2.1269887e-03  -2.7308879e-03
   4.7486806e-01   1.3122727e+00   2.5512747e+00   1.2899813e-02  -2.5508708e-03  -2.1552774e-03
   4.4865092e-01   1.3254865e+00   2.6138777e+00   1.1668856e-02  -2.4384944e-03  -2.5696826e-03
   4.5936535e-01   1.3594284e+00   2.5500952e+00   1.1509132e-02  -2.3574009e-03  -2.4366286e-03
   4.2344354e-01   1.3704701e+00   2.4643936e+00   1.1762761e-02  -2.5349383e-03  -3.0861833e-03
   4.3551791e-01   1.3467797e+00   2.5653974e+00   1.2329610e-02  -2.3407349e-03  -3.1043626e-03
   4.5977656e-01   1.3568032e+00   2.6190195e+00   1.1329135e-02  -2.0137697e-03  -3.2090103e-03
   4.4744044e-01   1.3251528e+00   2.6498356e+00   1.1980730e-02  -2.1642234e-03  -3.4460513e-03
   4.4693574e-01   1.3750459e+00   2.6098215e+00   1.1464759e-02  -2.1449377e-03  -3.1523330e-03
   3.8867607e-01   1.3520154e+00   2.6087732e+00   1.2229053e-02  -2.6699698e-03  -3.9477124e-03
   3.7024576e-01   1.4773586e+00   2.5383886e+00   1.0937044e-02  -2.2887571e-03  -4.5632878e-03
   3.9046134e-01   1.3977650e+00   2.4669098e+00   1.2049497e-02  -2.9220325e-03  -4.2383102e-03
   3.6713608e-01   1.3509559e+00   2.5650320e+00   1.1592307e-02  -2.5974380e-03  -4.8644526e-03
   4.1859189e-01   1.3607784e+00   2.6050672e+00   1.2116129e-02  -2.1020924e-03  -4.5570139e-03
   3.5447170e-01   1.3657597e+00   2.5927161e+00   1.1692653e-02  -2.6980331e-03  -5.3947373e-03
   4.0325624e-01   1.3170968e+00   2.7206720e+00   1.2910592e-02  -2.5754184e-03  -4.3470959e-03
   1.9619632e-01   1.1714977e+00   2.1370832e+00   7.5666191e-03  -1.2838232e-03  -9.4801890e-04
   1.8305085e-01   1.1613917e+00   1.9722515e+00   8.4337881e-03  -1.6652291e-03  -1.2448070e-03
   1.9206655e-01   1.1173759e+00   2.2091791e+00   9.4133014e-03  -2.2252349e-03  -2.0775535e-03
   1.8392986e-01   1.1801214e+00   2.1772664e+00   9.1084179e-03  -2.2890990e-03  -2.1624351e-03
   1.9949760e-01   1.1904575e+00   2.2081647e+00   9.8624346e-03  -2.1440425e-03  -2.2559518e-03
   1.9445322e-01   1.2084744e+00   2.2308485e+00   8.4089771e-03  -2.9564370e-03  -2.6661145e-03
   2.1407922e-01   1.1747015e+00   2.1975754e+00   1.0037632e-02  -3.0804192e-03  -2.6081746e-03
   1.9693745e-01   1.2134756e+00   2.3361165e+00   8.5044685e-03  -2.8684641e-03  -3.6235035e-03
   1.2297329e-01   9.6235060e-01   1.9315714e+00   7.0013445e-03  -2.4801046e-03  -2.2975506e-03
   2.8044573e-01   1.1588368e+00   2.2648760e+00   7.0527144e-03  -5.6809815e-04  -2.5677193e-03
   3.2655453e-01   1.2030929e+00   2.4478854e+00   9.8870161e-03  -2.1260487e-03  -2.7793933e-03
   3.2869624e-01   1.1809055e+00   2.4217085e+00   1.0144853e-02  -2.0051603e-03  -2.6415764e-03
   3.4582038e-01   1.1924292e+00   2.5220293e+00   9.1457017e-03  -1.4833558e-03  -2.5797014e-03
   3.1858058e-01   1.2067302e+00   2.4888327e+00   8.8435111e-03  -1.6443259e-03  -2.7997500e-03
   2.9046957e-01   1.2291662e+00   2.5174109e+00   9.4741944e-03  -2.2149893e-03  -3.3714430e-03
