   0.0000000e+00   0.0000000e+00   0.0000000e+00   0.0000000e+00   0.0000000e+00   0.0000000e+00
  -1.8463003e-02   2.5761581e-02  -4.3042082e-02   6.3056592e-04   5.2185959e-05  -3.3915071e-04
  -1.8635473e-02   3.0940999e-02  -4.7681053e-02   3.6858497e-04  -9.6025424e-05  -4.9272295e-04
  -1.5745304e-02   3.5663587e-02  -4.8319536e-02   2.1552188e-04  -2.9781639e-05  -4.6875562e-04
  -3.2835654e-02   2.1136644e-02  -3.7411174e-02   3.9422165e-04  -1.3806969e-04  -6.4699770e-04
  -2.7229511e-02   2.7866042e-02  -8.7210340e-02   5.2415109e-04   1.2680763e-04  -2.6532938e-04
  -3.3330241e-02   2.2939579e-02  -5.8695375e-02   3.4857245e-04   1.6805356e-04  -3.3316855e-04
  -2.2310317e-02   2.7049389e-02  -6.2439363e-02   7.7356444e-04   6.9752930e-05  -1.2319034e-04
  -3.4657804e-02   3.9767213e-02  -6.7939732e-02   5.4217957e-04   4.5280975e-04  -3.4483866e-04
   6.4183368e-04   1.9034245e-02  -6.7789466e-02   8.8741911e-04   2.2041670e-04   2.0566773e-04
  -1.5861355e-02   2.4999956e-02  -1.1774878e-01   7.9679422e-04   5.4863475e-04  -9.9558213e-05
  -3.8860793e-02   3.3405270e-02  -1.2375958e-01   4.3468394e-04   5.3381465e-04  -2.1985178e-04
  -1.5879752e-02   2.8269372e-02  -1.0420359e-01   4.8458122e-04   2.2501485e-04  -1.4958792e-05
  -2.0440165e-02   2.8408320e-02  -9.5875414e-02   5.2941877e-04  -3.5175115e-04  -8.9840916e-05
  -2.0013371e-02   2.9969053e-02  -1.1093686e-01   3.7671638e-04  -3.4916751e-04  -1.9589443e-04
  -3.6709067e-02   4.8944030e-02  -5.1226073e-02  -2.3328428e-04  -8.2312414e-04  -1.4089688e-04
  -3.8352734e-02   5.8681523e-02  -1.1737220e-01   3.6478078e-04  -4.3295439e-04  -5.9913974e-04
  -3.5472469e-02   5.2194738e-02  -9.0705521e-02   2.1384945e-04  -5.9873378e-04  -3.7323902e-04
  -3.4696829e-02   5.6338180e-02  -1.0872774e-01   2.7572563e-04  -3.9132551e-04  -2.6506854e-04
  -3.7604678e-02   4.8977572e-02  -9.7148915e-02   4.4110646e-04  -5.5525250e-04  -4.3186749e-04
  -5.5810833e-02   5.3539934e-02  -1.1686284e-01   5.9857009e-04  -3.9095575e-04  -6.7582732e-04
  -5.9194755e-02   6.0239835e-02  -1.3503514e-01   9.4238907e-04  -3.7324524e-04  -7.5233704e-04
  -4.6895202e-02   4.5211571e-02  -1.1798663e-01   4.0832516e-04  -5.4381963e-04  -4.8842264e-04
  -4.6573184e-02   8.8095376e-02  -1.2778161e-01   2.3198124e-04  -1.3348526e-04  -7.6729346e-04
  -4.2751180e-02   1.0867970e-01  -1.1559314e-01   1.3152710e-04  -2.7913060e-04  -8.8091690e-04
  -3.7059637e-02   1.1621445e-01  -1.2173626e-01   5.9461701e-04  -5.6774835e-04  -8.2967038e-04
  -4.9180041e-02   1.3870716e-01  -1.4908182e-01   8.6061420e-04  -3.0480672e-04  -1.0193808e-03
  -4.9011046e-02   1.1856618e-01  -1.3379011e-01   4.7816094e-05  -4.9958156e-04  -8.5457789e-04
  -4.2354397e-02   1.0018420e-01  -1.6259931e-01   1.6751668e-04   5.7358336e-05  -6.4917073e-04
  -4.8333334e-02   1.3086214e-01  -1.3589385e-01   2.0845886e-04  -4.0509089e-04  -1.0545317e-03
  -3.9270067e-02   1.2202415e-01  -1.4868369e-01   2.4625035e-05  -3.3544149e-04  -7.1924616e-04
  -3.6778631e-02   1.4285854e-01  -1.4122507e-01   5.9073421e-04  -5.1304942e-04  -8.5476174e-04
  -4.0919388e-02   1.2670448e-01  -1.3759261e-01   1.0750442e-03  -6.7345737e-04  -9.5383156e-04
  -1.9782364e-02   1.2482737e-01  -1.0295608e-01   1.2514734e-04  -8.1654672e-04  -6.5637869e-04
  -2.4436527e-02   1.4225578e-01  -9.7608525e-02   3.0693484e-04  -8.6235296e-04  -8.4781732e-04
  -3.0578885e-02   1.6081685e-01  -8.1555432e-02   1.1313111e-03  -9.7162959e-04  -1.1236886e-03
  -2.2396982e-02   1.7188643e-01  -1.2016339e-01   1.5279075e-03  -7.5409166e-04  -8.6746008e-04
  -3.8886785e-02   1.5592919e-01  -5.7163866e-02   2.9652189e-04  -8.2771932e-04  -1.1345394e-03
  -4.0171970e-02   1.7482840e-01  -1.0579900e-01   9.4069515e-04  -7.3324308e-04  -1.0743317e-03
  -3.6376881e-02   1.3267571e-01  -8.9434849e-02   9.1475157e-04  -6.7374505e-04  -1.0690735e-03
  -5.4318844e-02   1.0133229e-01  -1.1449043e-01   1.5080294e-03  -6.7838523e-04  -9.3440097e-04
  -4.1279173e-02   9.3693575e-02  -9.5030127e-02   1.3282280e-03  -5.7883892e-04  -9.4183874e-04
  -3.7740689e-02   9.1042267e-02  -1.0723118e-01   1.2443752e-03  -7.8493008e-04  -7.5862044e-04
  -3.8663346e-02   1.1149304e-01  -1.2610905e-01   1.2526786e-03  -7.6740633e-04  -7.6612522e-04
  -3.9255810e-02   1.1806224e-01  -1.1378634e-01   1.2096710e-03  -7.1604631e-04  -1.0135273e-03
  -3.1572520e-02   1.3065271e-01  -1.2927768e-01   1.3756931e-03  -7.9308076e-04  -8.8914447e-04
  -5.3833418e-02   1.3972218e-01  -1.9237824e-01   1.5872211e-03  -1.0036613e-04  -1.0906379e-03
  -1.5215624e-02   1.2479054e-01  -1.1960421e-01   1.2103370e-03  -7.6312193e-04  -5.1993927e-04
  -2.8576489e-02   1.4142105e-01  -1.3999750e-01   1.4286375e-03  -5.6552477e-04  -7.7580862e-04
  -3.9082652e-02   1.5639729e-01  -1.1774468e-01   8.8696639e-04  -7.5432139e-04  -8.7855766e-04
  -4.5569907e-02   1.3987671e-01  -1.6213218e-01   1.1766953e-03  -5.3115101e-04  -1.1391262e-03
  -4.6110422e-02   1.5000013e-01  -1.2301966e-01   1.1542903e-03  -9.4683835e-04  -1.1255783e-03
  -5.0255103e-02   1.7586353e-01  -1.5509369e-01   1.1889562e-03  -6.6311308e-04  -1.2348165e-03
  -5.6484971e-02   1.6308909e-01  -8.0460244e-02   2.8054540e-04  -1.2411984e-03  -1.2126209e-03
  -4.2970527e-02   1.9789434e-01  -1.2626661e-01   8.5000284e-04  -6.9563125e-04  -1.1551096e-03
  -4.4045246e-02   2.0850878e-01  -8.5435624e-02   9.9661427e-04  -8.7716356e-04  -1.1579116e-03
  -3.6602280e-02   2.0884981e-01  -1.2670924e-01   1.5950726e-03  -1.1433068e-03  -9.3247031e-04
  -3.8792578e-02   2.0373437e-01  -1.1679478e-01   1.2406632e-03  -6.6900641e-04  -1.1469534e-03
  -3.0590361e-02   1.9624589e-01  -1.3820733e-01   1.9563251e-03  -8.5442027e-04  -8.2302614e-04
  -5.5283097e-02   1.6976847e-01  -1.2294639e-01   1.7802509e-03  -5.8447998e-04  -1.2217260e-03
  -4.9182739e-02   1.8129930e-01  -1.5077067e-01   2.0683225e-03  -5.1434746e-04  -1.1126875e-03
  -6.0970290e-02   1.7860203e-01  -1.2710718e-01   1.8558373e-03  -8.2533784e-04  -1.2856458e-03
  -3.9180125e-02   1.4455916e-01  -1.6156289e-01   2.4671100e-03  -7.2449336e-04  -9.1791149e-04
  -5.3374388e-02   1.5256887e-01  -1.5382581e-01   1.9285152e-03  -6.1962713e-04  -1.2888218e-03
  -3.5441438e-02   1.4760179e-01  -1.3505493e-01   1.7418389e-03  -1.0516941e-03  -9.5639544e-04
  -4.4192219e-02   1.7416017e-01  -1.7919035e-01   2.1770452e-03  -8.0691051e-04  -9.7042844e-04
  -1.2885558e-02   1.6599515e-01  -1.3012165e-01   1.3750726e-03  -9.8444857e-04  -7.9415023e-04
  -2.7943040e-02   1.8966785e-01  -1.1877040e-01   1.5579293e-03  -8.9157235e-04  -1.2349680e-03
  -3.0167409e-02   2.1914669e-01  -1.0904366e-01   1.8963139e-03  -1.0273997e-03  -8.8431509e-04
  -4.3972355e-02   2.3194931e-01  -1.3033110e-01   1.7398398e-03  -7.1734022e-04  -1.1468686e-03
  -5.0782906e-02   2.2529139e-01  -1.3624032e-01   1.9711838e-03  -5.6297547e-04  -1.2487024e-03
  -4.9152175e-02   2.0267233e-01  -1.6403747e-01   2.4529083e-03  -3.9299343e-04  -1.0992121e-03
  -5.0233290e-02   1.9331773e-01  -1.7425792e-01   2.8123499e-03  -3.7460066e-04  -1.2076706e-03
  -5.1793981e-02   1.4695686e-01  -1.7500100e-01   2.5348671e-03  -4.6860205e-04  -9.6699156e-04
  -4.1713800e-02   1.5802644e-01  -1.7877715e-01   2.4082909e-03   6.7107707e-05  -8.8046223e-04
  -3.2996406e-02   1.5933990e-01  -2.1141398e-01   2.5021767e-03  -1.0435525e-05  -9.3150343e-04
  -2.3139005e-02   1.6816741e-01  -2.0034481e-01   2.0264364e-03  -2.5764520e-04  -7.5652980e-04
  -3.1653236e-02   1.6714236e-01  -1.6099818e-01   2.4104116e-03  -6.6715328e-04  -8.8860381e-04
  -4.7694421e-02   1.6934439e-01  -2.3101718e-01   2.6083464e-03  -2.2949293e-04  -9.7857571e-04
  -3.7810921e-02   1.9725145e-01  -2.0675977e-01   2.5016845e-03  -5.8381123e-04  -1.1950715e-03
  -2.4956672e-02   1.9526600e-01  -2.1856216e-01   2.4204923e-03  -4.9149172e-04  -1.2074475e-03
  -1.3512210e-02   2.2631896e-01  -1.8821843e-01   2.7450731e-03  -8.1776622e-04  -1.1614921e-03
  -8.6503579e-03   2.4503272e-01  -2.0657853e-01   2.5754966e-03  -5.6091028e-04  -1.2318711e-03
  -1.5863810e-02   2.3489680e-01  -1.8015412e-01   2.4961297e-03  -8.5501653e-04  -1.3914504e-03
  -4.5012582e-03   2.3179315e-01  -2.0708252e-01   2.9365684e-03  -4.8812178e-04  -1.2151296e-03
  -1.9907103e-03   2.5198294e-01  -2.0244463e-01   2.8102132e-03  -4.5868801e-04  -1.1349719e-03
  -1.0118629e-02   2.5468503e-01  -1.9629350e-01   2.8970766e-03  -5.4209013e-04  -1.2143200e-03
  -4.0920215e-03   2.5959613e-01  -2.1696292e-01   3.4817324e-03  -6.8926516e-04  -1.1035141e-03
  -1.2626937e-02   2.5985418e-01  -2.7255470e-01   4.0612179e-03  -3.0057182e-04  -1.0530996e-03
  -6.8674658e-03   2.5501019e-01  -1.9573551e-01   3.0381872e-03  -4.1914971e-04  -8.4375220e-04
  -1.4145233e-02   2.7158861e-01  -2.3008694e-01   3.4988887e-03  -2.0004381e-04  -1.0457999e-03
  -3.1218818e-02   2.2846947e-01  -1.2788305e-01   2.9707740e-03  -4.2526995e-04  -1.0274856e-03
  -1.9839801e-02   2.0882992e-01  -2.7728940e-01   4.5202187e-03   6.8700985e-05  -9.8912839e-04
  -1.6541357e-02   2.0776946e-01  -2.4739888e-01   3.8431657e-03   8.1891120e-05  -7.2633067e-04
  -3.8990184e-02   2.1513787e-01  -2.4631161e-01   3.7136223e-03   2.2524060e-04  -1.2369102e-03
  -2.1251114e-02   2.1991588e-01  -2.5962800e-01   3.9394440e-03  -9.2378511e-06  -1.0255796e-03
  -1.0365044e-02   1.9974668e-01  -2.7663349e-01   4.0462683e-03  -3.1034884e-04  -8.1641084e-04
  -3.0770393e-02   2.0859787e-01  -2.8637791e-01   4.1158430e-03  -6.0852685e-05  -1.0412985e-03
  -9.5012812e-03   2.1148630e-01  -2.4098971e-01   3.2456951e-03  -1.9815334e-04  -9.1713849e-04
  -8.4286392e-03   3.9555246e-01  -1.2357826e-01   3.2052006e-03  -1.0853632e-03  -1.2011491e-03
  -2.0846668e-02   2.4114731e-01  -1.9343280e-01   4.8069681e-03  -7.7955409e-04  -5.4289733e-04
  -2.5340764e-02   2.4028649e-01  -2.0380219e-01   4.8324975e-03  -5.6109924e-04  -5.6252165e-04
  -3.9712403e-02   2.3607815e-01  -2.1795295e-01   5.7732684e-03  -3.7500563e-04  -7.4532782e-04
  -3.7710717e-02   2.0359879e-01  -2.2692573e-01   5.9459125e-03   1.8990701e-05  -7.6508548e-04
  -2.0777628e-02   1.8776350e-01  -1.9955020e-01   5.6232397e-03  -6.5935524e-04  -7.6286179e-04
  -2.3682490e-02   1.9723286e-01  -2.1070058e-01   5.4155413e-03  -5.4043737e-04  -7.2290299e-04
  -2.3845003e-02   2.1379984e-01  -2.3678569e-01   4.9738751e-03  -4.7437244e-04  -6.8555540e-04
  -2.8798595e-02   2.2025321e-01  -1.9997716e-01   4.7233487e-03  -7.4814474e-04  -7.6116839e-04
  -2.0600675e-02   2.4858757e-01  -2.6931725e-01   4.0276676e-03  -2.9177648e-04  -5.4481486e-04
  -2.0093100e-03   2.8224350e-01  -2.2866125e-01   3.7501098e-03  -6.4388690e-04  -7.6194772e-04
  -1.3077476e-02   2.6065178e-01  -3.0397641e-01   4.6680909e-03  -4.6248914e-04  -7.2403058e-04
  -3.0503555e-02   2.2703173e-01  -2.6737006e-01   5.1170108e-03  -2.7879915e-04  -7.9967769e-04
  -2.8209806e-02   2.7821306e-01  -3.0788734e-01   4.6320134e-03   1.6545599e-04  -7.7752851e-04
  -3.2539248e-02   2.5789529e-01  -2.8861961e-01   4.9169294e-03  -3.5536841e-05  -6.1023624e-04
  -3.2696378e-02   2.5856505e-01  -2.3769730e-01   4.7639118e-03  -1.9143840e-04  -6.5965293e-04
  -3.7543630e-02   2.8628289e-01  -3.1430630e-01   5.7899618e-03   2.9766199e-04  -8.4692225e-04
  -3.4075841e-02   2.8465371e-01  -2.5199748e-01   5.8711249e-03   1.4858443e-04  -7.5087295e-04
  -2.1570310e-02   2.8113188e-01  -3.0901581e-01   5.6930943e-03   3.2670311e-04  -5.7901590e-04
  -3.1228164e-02   2.8673016e-01  -3.4221385e-01   6.1346671e-03   5.2451378e-04  -7.9819381e-04
  -1.5938435e-02   3.0697116e-01  -3.0377844e-01   5.2268126e-03  -2.9919131e-05  -4.7542461e-04
  -4.1801195e-02   3.0583484e-01  -3.0553506e-01   5.4710292e-03  -3.0941885e-05  -9.4481189e-04
  -2.7665755e-02   2.9922421e-01  -3.4642363e-01   5.9183138e-03   1.4805940e-04  -6.2335888e-04
  -6.9349910e-02   3.0726229e-01  -3.5845902e-01   5.8833521e-03   3.8593135e-04  -1.0706134e-03
  -4.6658120e-02   2.8972829e-01  -3.1725861e-01   6.1739094e-03   2.7272169e-04  -8.1496768e-04
  -3.7453000e-02   2.9157586e-01  -3.4260396e-01   6.3267341e-03   6.0821172e-04  -8.4074084e-04
  -3.5912282e-02   2.8799994e-01  -2.6709781e-01   6.4866261e-03   2.6488048e-04  -6.6366483e-04
  -2.7318413e-02   2.9150327e-01  -3.4362412e-01   6.6470114e-03   3.3804886e-04  -6.0326488e-04
  -2.4206372e-02   2.8129983e-01  -3.3434160e-01   6.3938800e-03   2.9644248e-04  -4.9997880e-04
  -2.7724684e-02   2.7254314e-01  -3.6091166e-01   6.9714126e-03   2.7283456e-04  -6.0934959e-04
  -2.6325256e-02   2.9126604e-01  -2.8247087e-01   7.4085687e-03  -1.7954109e-04  -2.8170848e-04
  -3.2760719e-02   2.9973550e-01  -3.0462422e-01   6.1616635e-03   1.6502290e-04  -2.8376977e-04
  -3.3851072e-02   2.8710951e-01  -3.2591358e-01   6.6803305e-03   1.4630062e-04  -7.1541691e-04
  -2.7815611e-02   2.3364512e-01  -3.1923210e-01   7.2627548e-03  -1.9723750e-04  -5.5046961e-04
  -3.7352161e-02   2.5925570e-01  -3.2890411e-01   6.5463606e-03  -3.0141237e-06  -7.4206022e-04
  -2.4357599e-02   2.6348462e-01  -3.4273443e-01   6.0222574e-03   1.9000035e-04  -7.4954122e-04
  -3.7339063e-02   2.9465497e-01  -3.0241406e-01   6.2374125e-03  -3.4086585e-04  -9.9516626e-04
  -3.1340716e-02   2.7852416e-01  -3.2533921e-01   6.0300846e-03  -2.5500456e-04  -9.6799611e-04
  -3.0483167e-02   3.0676659e-01  -3.1236561e-01   5.9672224e-03  -3.0864833e-04  -9.4432817e-04
  -2.6317782e-02   2.9342124e-01  -3.1669774e-01   6.0296987e-03  -3.3825178e-04  -8.3849388e-04
  -3.4015121e-02   3.0710656e-01  -3.1459661e-01   6.8004840e-03  -4.6384458e-04  -1.1694844e-03
  -3.3159112e-02   3.3447412e-01  -3.1854907e-01   6.9294489e-03  -2.1901944e-04  -1.1812874e-03
  -4.0146739e-02   3.3975137e-01  -3.4224811e-01   7.1777489e-03  -8.9059878e-05  -1.2025268e-03
  -2.0851131e-02   3.4616458e-01  -3.2544123e-01   6.8081044e-03  -7.3576473e-05  -1.0917423e-03
  -2.2419774e-02   3.2022627e-01  -3.3816485e-01   7.7307426e-03  -3.3191192e-05  -8.4699421e-04
  -1.5139700e-02   3.4033425e-01  -3.2922327e-01   7.2662005e-03  -2.9426450e-05  -8.5403195e-04
  -2.3338859e-02   3.4984944e-01  -3.4669918e-01   7.2883750e-03  -2.3248669e-04  -9.0809408e-04
  -2.4002114e-02   3.5574709e-01  -3.1619153e-01   5.9897071e-03  -1.9395023e-04  -1.0778766e-03
  -3.2432663e-02   3.8035598e-01  -2.8176333e-01   5.3098235e-03  -3.2198119e-04  -7.7691109e-04
  -1.6921756e-02   3.2155093e-01  -3.0966219e-01   7.3919045e-03  -7.2683850e-04  -6.3990478e-04
  -1.9598094e-02   3.2810354e-01  -3.2289518e-01   7.2860065e-03  -3.2542330e-04  -9.1226442e-04
  -2.7995428e-03   3.1254249e-01  -2.6123761e-01   6.9231427e-03  -7.6007983e-04  -5.8544384e-04
  -3.2009959e-02   3.2265283e-01  -3.8054337e-01   8.0997094e-03   1.6199967e-05  -9.4451807e-04
  -1.2393172e-02   2.8908851e-01  -3.2312685e-01   8.2277728e-03  -6.7129608e-04  -1.1050858e-03
  -2.2179336e-02   2.9530167e-01  -3.4241919e-01   7.4137200e-03  -2.6818404e-04  -1.0117761e-03
  -2.5594078e-02   2.9245337e-01  -3.9574174e-01   8.0012764e-03   5.8766210e-05  -1.0067986e-03
  -3.0871627e-02   3.3776712e-01  -3.4313857e-01   7.1944574e-03   1.0656030e-05  -1.0839194e-03
  -3.6290634e-02   3.2332087e-01  -3.5226308e-01   6.9442551e-03  -3.0431577e-04  -9.6251490e-04
  -3.2613035e-02   3.6001397e-01  -3.8908109e-01   7.5798454e-03  -5.1377221e-05  -1.0384267e-03
  -1.8346648e-02   3.3747580e-01  -3.3608258e-01   7.8194762e-03  -6.3282718e-04  -1.3628690e-03
  -3.1545786e-02   3.5465235e-01  -3.1719043e-01   6.8805899e-03  -6.5290898e-04  -1.1728385e-03
  -3.8554177e-02   3.6034908e-01  -3.3414006e-01   7.1733504e-03  -3.2921928e-04  -1.2546993e-03
  -3.8845617e-02   3.7358076e-01  -3.1770366e-01   7.4611377e-03  -1.8133440e-04  -1.2587248e-03
  -2.9609683e-02   3.5607978e-01  -3.3608112e-01   7.8211491e-03  -2.3938841e-04  -1.1901423e-03
  -2.0224917e-02   3.5280943e-01  -1.9213498e-01   7.3137584e-03  -9.3840485e-04  -9.9961975e-04
  -4.5280007e-02   3.2441514e-01  -3.2501235e-01   8.3636719e-03  -8.9351535e-04  -1.0824048e-03
  -7.6430303e-02   2.8963370e-01  -3.8181739e-01   8.6255025e-03  -5.2020017e-04  -1.2266833e-03
  -6.7028526e-02   3.2219526e-01  -3.6352113e-01   8.0927008e-03  -3.9573247e-04  -1.2767533e-03
  -5.2729404e-02   3.2904044e-01  -3.0038441e-01   7.8009754e-03  -7.5787134e-04  -1.0249243e-03
  -4.7270456e-02   3.5503532e-01  -3.1067210e-01   7.9987817e-03  -4.9949809e-04  -1.1871366e-03
  -5.9469272e-02   3.7834873e-01  -3.1257536e-01   8.1406893e-03  -4.7109326e-04  -1.6117949e-03
  -3.5478373e-02   3.6485728e-01  -3.0347376e-01   8.2109091e-03  -5.5170808e-04  -1.0218556e-03
  -4.8102580e-02   3.5544393e-01  -3.1250977e-01   8.7091868e-03  -6.6667362e-04  -1.1815762e-03
  -4.7044959e-02   3.2029966e-01  -3.0160785e-01   7.9360344e-03  -8.2444946e-04  -1.1505871e-03
  -5.3118799e-02   3.7088465e-01  -2.2130766e-01   8.1833626e-03  -1.0471830e-03  -7.1256534e-04
  -7.1179778e-02   3.1470904e-01  -2.2570716e-01   8.2840426e-03  -1.4342900e-03  -6.4430339e-04
  -7.0228828e-02   3.0786180e-01  -3.6660430e-01   8.5114447e-03  -3.3827416e-04  -1.0176400e-03
  -7.8996337e-02   3.4715359e-01  -3.0978626e-01   8.5356027e-03  -7.1167636e-04  -1.1873338e-03
  -5.7429996e-02   3.3569877e-01  -3.0524240e-01   8.5086438e-03  -5.7462975e-04  -1.1724684e-03
  -4.9281963e-02   3.7304737e-01  -2.6105155e-01   8.6534824e-03  -7.0782041e-04  -1.1999001e-03
