   0.0000000e+00   0.0000000e+00   0.0000000e+00   0.0000000e+00   0.0000000e+00   0.0000000e+00
  -3.1331291e-03   4.3551887e-03   2.0760383e-02  -2.5172849e-04   2.8828917e-04  -3.5857202e-04
   2.4609070e-03   1.6233616e-02   4.8664776e-02  -2.4596840e-04  -1.6094300e-04  -1.3789849e-04
  -5.1349071e-03   6.0171645e-03   5.7018404e-02  -2.6883842e-05   2.7110668e-04   1.0659636e-04
  -5.7750476e-03   1.1205707e-03   5.0347936e-02   4.7102785e-04   1.0892935e-04  -2.1880600e-05
  -1.1185128e-02   3.2371044e-02   4.7103658e-02  -7.3816418e-05  -7.0169256e-05  -4.2392176e-05
  -1.8393064e-02   8.5165540e-03   4.5661973e-02  -5.5637686e-04   6.0825519e-04   1.9230932e-05
  -4.4485042e-03   3.6532272e-02   1.3394983e-01  -2.3192561e-03  -1.9112599e-04   6.8182152e-05
  -1.1058908e-02   3.4704052e-02   1.0600649e-01  -2.6508549e-03   2.9548307e-04   1.4760861e-04
   1.3540944e-02   3.0272234e-02   1.6465580e-01  -2.5152983e-03  -8.0787162e-04   3.3091839e-04
   7.0625038e-03   2.1669640e-02   1.6463804e-01  -2.2699932e-03  -6.3718209e-04   4.9269536e-04
  -8.0384214e-03   1.5716581e-02   1.9916955e-01  -2.2637613e-03  -6.0831118e-04   2.8725974e-04
   7.7327150e-03   5.1230771e-02   1.9706262e-01  -2.3290437e-03  -9.3927694e-04   4.3913265e-04
  -3.1862670e-02   4.9797826e-02   1.2647896e-01  -1.8213667e-03  -9.8841872e-04  -3.9547725e-04
  -2.5192517e-02   5.1971995e-02   9.3217871e-02  -8.7989841e-04  -1.0936489e-03  -3.5690148e-04
  -3.6084940e-02   5.0389487e-02   7.0864517e-02  -3.9163157e-04  -7.2555531e-04  -3.8388456e-04
   1.5055516e-03   6.6748622e-02   1.5789731e-01  -1.9102461e-03  -1.1243201e-03   2.7351521e-04
  -1.6063096e-02   4.0685600e-02   1.0916295e-01  -2.1097453e-03  -8.3207783e-04   4.2294909e-04
  -1.0560505e-02   2.5742908e-02   1.4531479e-01  -2.5465755e-03  -4.9788236e-04   3.8381757e-05
  -1.1987118e-02   5.4697872e-02   1.5613317e-01  -2.2880936e-03  -2.4499898e-04   2.9391975e-04
  -2.2519953e-02   5.7454980e-02   1.2821687e-01  -1.1661353e-03  -1.0620687e-04  -1.6435171e-04
  -1.5286320e-03   7.8533163e-02   9.7871214e-02  -4.9591501e-04  -2.9582272e-04   5.2369962e-04
  -1.6672669e-02   8.0953930e-02   1.5852726e-01  -1.3766013e-03  -2.8167915e-04  -3.1403322e-05
  -9.4796314e-03   8.3212943e-02   1.3047193e-01  -1.4793435e-03   4.9223633e-05   5.0771022e-04
  -1.2605830e-02   6.4343585e-02   1.9724713e-01  -2.2113950e-03   3.8728631e-05  -8.5490204e-05
  -4.8261882e-03   7.0883716e-02   2.4364801e-01  -3.4561086e-03  -8.5821832e-04   9.6210990e-04
  -2.2211179e-02   5.1856791e-02   2.4935548e-01  -3.6845810e-03   4.1546711e-04   3.6732872e-04
   3.8467041e-05   8.7173616e-02   3.1173647e-01  -3.9944766e-03   3.3016795e-05   4.3730847e-04
  -3.5642651e-03   8.3222891e-02   2.6814117e-01  -3.7176993e-03   3.6517384e-04   5.1324643e-04
  -2.7969947e-03   9.2973738e-02   2.9599094e-01  -3.9117971e-03   2.4195470e-04   4.1269903e-04
   2.5686363e-03   9.9476325e-02   2.6287208e-01  -4.1722727e-03   2.9831417e-04   5.7988456e-04
   1.2342957e-02   9.6966851e-02   2.8559369e-01  -3.7912377e-03  -3.1907113e-05   7.1324711e-04
   3.7024028e-03   8.3383318e-02   3.2087940e-01  -4.4286932e-03   7.4546420e-04   6.2644149e-04
   2.5768253e-02   1.0037949e-01   3.9583977e-01  -4.5381295e-03   1.2756731e-04   9.8196954e-04
   1.0083865e-02   6.9160770e-02   3.2726677e-01  -3.9843466e-03   9.6610393e-04   7.7044578e-04
   1.0750835e-02   9.2485044e-02   3.1966014e-01  -1.5233307e-03   4.8256769e-04   4.9666606e-04
  -3.2285894e-03   1.0414918e-01   3.1671636e-01  -7.3276010e-03   9.6634427e-04   7.2461700e-05
  -2.8785954e-01   4.6067339e-03   3.7245869e-03  -6.6376226e-03  -2.0574728e-03  -6.0567841e-03
  -2.2394598e-01   4.4373824e-02   2.1065639e-02  -5.7779201e-03  -3.0896650e-03  -3.5040400e-03
  -2.0144018e-01   1.8229276e-02   1.1409857e-01  -6.7480373e-03  -1.1493183e-03  -2.9633020e-03
  -1.5209770e-01   3.7833161e-02   1.7715366e-01  -6.6519167e-03  -1.9535696e-03  -1.9702927e-03
  -1.4940585e-01   5.3756522e-02   1.9807044e-01  -7.1919574e-03  -1.1966256e-03  -1.8781006e-03
  -1.4056362e-01   5.7967708e-02   1.8395634e-01  -5.5281729e-03  -1.6792553e-03  -1.8815483e-03
  -1.0935757e-01   6.7252414e-02   2.7990980e-01  -4.9143012e-03  -9.2823441e-04  -1.9781643e-03
  -1.0024199e-01   7.3872095e-02   2.5398440e-01  -4.6477572e-03  -9.7439085e-04  -1.2285643e-03
  -9.6073875e-02   7.3901943e-02   2.6558333e-01  -4.3803387e-03  -2.4064217e-04  -1.5217072e-03
  -6.5034840e-02   9.1756281e-02   3.1182408e-01  -5.6191176e-03  -1.4779681e-03  -1.1162066e-03
  -7.2841000e-02   9.2934572e-02   4.3842762e-01  -6.0685995e-03  -9.1888187e-04  -1.1861301e-03
  -3.3044220e-02   1.2945082e-01   4.4095304e-01  -4.6630795e-03  -1.7367168e-03  -4.6463201e-04
  -6.7343071e-02   1.1018737e-01   4.1478505e-01  -3.9569709e-03  -7.0350753e-04  -1.0514784e-03
  -5.5588244e-02   1.3367327e-01   4.9209551e-01  -4.6554074e-03  -7.8384336e-04  -1.1517726e-03
  -3.9102301e-02   1.6001475e-01   4.4484711e-01  -4.0798517e-03  -8.7869128e-04  -6.1688988e-04
  -5.0068112e-02   1.2037140e-01   5.1061343e-01  -4.0883063e-03  -6.7808874e-04  -1.2374199e-03
  -3.1387367e-02   1.5666131e-01   5.0820260e-01  -4.6622795e-03  -1.0871185e-03  -6.1326165e-04
  -6.1518716e-02   1.2968429e-01   5.4068272e-01  -4.4898159e-03  -9.7047981e-04  -1.3980679e-03
  -5.1870955e-02   1.5800430e-01   5.3383508e-01  -5.3158437e-03  -1.6383108e-03  -8.7428014e-04
  -5.6033591e-02   1.4928970e-01   4.8271077e-01  -4.2268287e-03  -1.0532878e-03  -8.1494728e-04
  -4.3391996e-02   1.5323680e-01   5.0166870e-01  -3.8647233e-03  -4.2389412e-04  -8.3215298e-04
  -5.1202177e-02   1.3722179e-01   5.0152999e-01  -5.3808224e-03  -6.1013612e-04  -7.2872492e-04
  -4.8457214e-02   1.3284464e-01   5.1949433e-01  -4.9349149e-03  -7.5058139e-04  -1.0281428e-03
  -4.1286707e-02   1.4859825e-01   5.3278750e-01  -4.4292409e-03  -9.3190246e-04  -2.5432942e-04
   4.7961105e-03   1.1399696e-01   6.7555952e-01  -4.9574285e-03  -1.4852872e-05   9.8130243e-05
   1.7005424e-02   1.5879708e-01   6.3420395e-01  -6.2880920e-03  -3.4796102e-04   1.9938952e-04
  -1.5125918e-02   1.6852952e-01   6.1302815e-01  -6.0881173e-03  -7.7838311e-04  -2.0628196e-04
  -3.9324811e-03   1.6652243e-01   6.2699634e-01  -5.5497804e-03  -9.2548084e-04  -1.3783744e-04
  -5.6668715e-03   1.7175993e-01   6.0181503e-01  -5.5272132e-03  -8.8823453e-04  -1.5468484e-04
   3.9116959e-03   1.7683196e-01   5.9632724e-01  -5.2814914e-03  -9.1890055e-04  -1.8296848e-04
  -1.2882281e-03   1.7503149e-01   5.6624234e-01  -5.0202145e-03  -1.0420518e-03  -8.4838820e-05
  -1.2308598e-02   1.4654814e-01   5.8509568e-01  -5.2351249e-03  -7.8263986e-04  -4.0356512e-04
  -5.3357367e-03   1.6594639e-01   6.0814010e-01  -5.3549526e-03  -1.0708422e-03  -2.4100221e-04
   2.3984660e-03   1.6466685e-01   6.3255181e-01  -5.9040798e-03  -8.0291820e-04   1.1714099e-04
  -1.5255275e-02   1.6957975e-01   6.1408725e-01  -5.8314315e-03  -1.1535406e-03  -1.9856696e-04
   3.6531489e-03   1.8393487e-01   6.1599848e-01  -6.2179815e-03  -8.0542773e-04  -5.2534390e-05
  -1.0252623e-02   1.7596734e-01   6.2988912e-01  -6.1150895e-03  -9.4210815e-04  -1.6441165e-04
  -1.9616486e-02   1.6938069e-01   6.1991174e-01  -6.1744128e-03  -7.1582836e-04  -2.6850077e-04
  -1.3807167e-02   1.7731509e-01   6.3372683e-01  -5.6910038e-03  -1.1479907e-03  -4.5282330e-04
  -9.4174274e-03   1.8936533e-01   5.7234914e-01  -5.3847839e-03  -1.1563381e-03   2.0699800e-05
  -4.5840471e-02   1.8209365e-01   6.4035591e-01  -5.9201848e-03  -1.2814846e-03  -7.6327637e-04
  -4.9393625e-02   2.1055349e-01   5.0322625e-01  -4.4439960e-03  -7.6466588e-04  -1.1478955e-03
  -5.3174072e-02   1.7789705e-01   5.4198131e-01  -4.2625674e-03  -1.8863368e-04  -1.5368170e-03
  -1.9026988e-02   1.4775513e-01   6.4185176e-01  -5.7841561e-03  -8.3907146e-04   4.6130880e-05
  -1.6104522e-02   1.9005124e-01   6.5348442e-01  -5.4210546e-03  -3.2832083e-04  -4.7153060e-05
   7.8847739e-03   1.5700878e-01   6.4123694e-01  -5.5417252e-03  -4.8928850e-05   3.9540745e-04
  -5.1558578e-02   2.8888130e-01   7.0864339e-01  -3.1002009e-03  -1.5085466e-03  -9.4207411e-04
  -2.5008439e-02   2.1588509e-01   6.8215398e-01  -3.2665996e-03  -2.1553085e-03  -1.4376601e-04
   8.7728557e-03   1.8778165e-01   6.9165768e-01  -5.1085537e-03  -1.7188954e-03   1.2194753e-03
   1.6000892e-02   1.7701094e-01   7.0139501e-01  -4.2017776e-03  -1.1412858e-03   1.1776309e-03
   6.5642619e-03   1.8270063e-01   7.6327989e-01  -5.4824378e-03  -1.1936958e-03   1.2193193e-03
   4.4178997e-03   1.5425696e-01   7.6812098e-01  -5.5252377e-03  -1.7315795e-04   6.3786263e-04
  -3.1491413e-03   1.4659559e-01   8.1619012e-01  -6.0887893e-03  -7.7330547e-04   4.7109802e-04
  -4.3622915e-04   1.7241772e-01   6.1755120e-01  -6.4091974e-03  -1.5554390e-04   7.6396489e-04
  -1.2823008e-02   2.2139571e-01   6.3929590e-01  -4.6151177e-03   4.5858025e-04   1.3623781e-04
  -3.9193429e-02   2.5206117e-01   6.3194010e-01  -2.6954151e-03  -1.7150722e-04  -1.6477921e-03
  -7.5861006e-03   2.5121701e-01   6.7073749e-01  -4.6509908e-03   8.8249169e-04  -1.4648695e-04
  -1.5488299e-02   2.4668127e-01   7.9359177e-01  -6.3810274e-03   1.0036836e-03  -3.7466528e-04
   3.4674962e-03   2.8953851e-01   8.1325373e-01  -5.1896069e-03   6.6188347e-05  -6.4466005e-04
  -1.4738743e-02   2.9286591e-01   7.7964143e-01  -6.1252725e-03   3.6057969e-04  -4.1172164e-04
   1.1311506e-03   2.8578007e-01   8.2260499e-01  -6.5406275e-03  -2.4959839e-04  -6.8687784e-06
   1.4560511e-02   2.8399951e-01   9.0771625e-01  -6.1986702e-03  -8.8141773e-04  -1.5443704e-04
   2.0105815e-02   2.7197505e-01   9.0144031e-01  -6.0968629e-03  -1.1153254e-03  -2.1269065e-04
   4.7969584e-02   2.9065362e-01   9.2438564e-01  -6.5174028e-03  -1.4842399e-03   1.9157629e-04
   4.0315373e-02   2.9265843e-01   9.3724998e-01  -7.3365552e-03  -1.3752909e-03   3.8829645e-04
   4.3801002e-02   2.6613547e-01   9.7976698e-01  -7.1627605e-03  -7.0066820e-04   3.5901300e-04
  -7.4600459e-02   3.2010269e-01   7.8732364e-01  -2.7805829e-03  -3.7903286e-03  -1.3652130e-03
  -5.3492377e-02   3.3828275e-01   7.8913159e-01  -3.4567174e-03  -3.4613855e-03  -8.4185491e-04
  -1.8063143e-02   3.3017243e-01   8.6683800e-01  -5.1614438e-03  -2.4924521e-03  -5.5911918e-04
  -8.2468736e-03   3.1585941e-01   9.0610222e-01  -4.6495440e-03  -3.1771502e-03  -4.4737895e-04
   2.7413814e-02   3.1743372e-01   9.2717522e-01  -5.8532861e-03  -1.9908613e-03   1.3344406e-05
   2.8470469e-02   3.2652689e-01   9.5610424e-01  -6.5003780e-03  -2.4837963e-03   2.2940588e-04
   3.8057938e-02   3.3733945e-01   9.4853182e-01  -6.9974896e-03  -2.7040296e-03   6.6902187e-04
   2.6942842e-02   3.2150143e-01   1.0006602e+00  -6.9799392e-03  -2.6011126e-03   3.2952588e-04
   4.7803978e-02   3.3707644e-01   9.8672003e-01  -6.9756497e-03  -2.0632829e-03   6.1138992e-04
   5.7039375e-02   3.2557663e-01   9.4512510e-01  -6.5110141e-03  -2.1503202e-03   1.0752263e-03
   6.1601881e-02   3.3859657e-01   1.0123237e+00  -8.1854466e-03  -1.4356050e-03   4.1041683e-04
   8.3538816e-02   2.9891894e-01   1.0220283e+00  -6.8017789e-03  -2.6549796e-03   1.1907062e-03
   4.1305012e-02   2.5127513e-01   8.5130383e-01  -6.0836558e-03  -2.2978696e-03   6.5440507e-04
   5.9514138e-02   2.9490244e-01   1.0406209e+00  -8.5434959e-03  -2.4927080e-03   8.8001471e-04
   7.0219733e-02   3.0350375e-01   9.3075177e-01  -7.5332282e-03  -2.4420794e-03   1.4320105e-03
   6.8642446e-02   2.9818351e-01   9.7884966e-01  -7.2884123e-03  -1.6463927e-03   9.0185656e-04
   7.0860242e-02   2.9441068e-01   1.0188799e+00  -7.9296670e-03  -1.5262391e-03   7.9189887e-04
   5.9468637e-02   3.0660214e-01   1.0587069e+00  -7.7020801e-03  -1.5851647e-03   1.0234513e-03
   8.0741561e-02   3.1175757e-01   1.0646190e+00  -8.1332992e-03  -1.4155493e-03   1.1839058e-03
   9.0157300e-02   3.1696620e-01   1.0467318e+00  -7.6523701e-03  -1.6858907e-03   1.3018902e-03
   1.0229686e-01   3.1368822e-01   1.0272425e+00  -7.3062591e-03  -1.3657404e-03   1.2652561e-03
   1.1255578e-01   3.0999557e-01   1.1143273e+00  -7.8122369e-03  -1.7350050e-03   1.6496414e-03
   9.3239159e-02   3.1162476e-01   1.0102230e+00  -7.4221549e-03  -1.8061212e-03   1.4328004e-03
   8.6711811e-02   3.1151885e-01   1.0980816e+00  -8.8788358e-03  -1.4297275e-03   9.7209846e-04
   7.5093242e-02   3.0452137e-01   1.0273248e+00  -7.9577744e-03  -1.9032062e-03   1.0562239e-03
   7.1251299e-02   3.0646672e-01   1.0774467e+00  -8.9230476e-03  -1.3115360e-03   6.2399244e-04
   3.8122033e-02   3.5530582e-01   9.2732225e-01  -6.6661566e-03  -3.4032008e-03   9.5263820e-04
   4.5297482e-02   3.0694646e-01   8.9416017e-01  -7.4206991e-03  -3.9957524e-03   6.1296745e-04
   5.7433671e-02   3.1008811e-01   1.0809275e+00  -1.0473532e-02  -2.2530382e-03   8.6487763e-04
   7.6286351e-02   3.3559388e-01   1.0519366e+00  -9.0074820e-03  -2.2715831e-03   1.2855220e-03
   6.5016062e-02   3.1287435e-01   1.1119801e+00  -1.0091435e-02  -1.8416322e-03   8.5208720e-04
   7.1261993e-02   3.2312792e-01   1.1447596e+00  -9.9418643e-03  -2.1738412e-03   9.3227755e-04
   6.2246718e-02   3.0346317e-01   1.1654997e+00  -1.0365713e-02  -2.0525393e-03   7.0783617e-04
   8.0180163e-02   3.2555301e-01   1.0249604e+00  -6.0956380e-03  -2.3986027e-03   1.0735201e-03
   8.3313884e-02   3.3737756e-01   9.6851660e-01  -6.3941329e-03  -2.1574800e-03   1.2949350e-03
   7.0299431e-02   3.3144507e-01   1.0462970e+00  -8.3792077e-03  -1.6708908e-03   6.4522760e-04
   6.8687786e-02   3.2644404e-01   1.0180900e+00  -8.0564062e-03  -1.8807726e-03   1.0234072e-03
   6.5525462e-02   3.1277570e-01   1.0261433e+00  -7.7555294e-03  -1.5264404e-03   5.1063053e-04
   9.0758621e-02   3.4275858e-01   1.1116274e+00  -8.5395820e-03  -2.0553858e-03   1.1428933e-03
   7.7165684e-02   3.3904490e-01   1.1205814e+00  -8.9270021e-03  -1.9696683e-03   9.1299864e-04
   7.0299004e-02   3.6577494e-01   1.1464721e+00  -8.2076084e-03  -2.5607927e-03   1.0356490e-03
   7.5654666e-02   3.6672625e-01   1.0850257e+00  -8.1239134e-03  -1.8939095e-03   1.2091669e-03
   7.5969968e-02   3.4536635e-01   1.0922402e+00  -9.2961671e-03  -1.5706444e-03   9.6724353e-04
   1.1433384e-01   3.5117884e-01   1.1065597e+00  -8.8148869e-03  -2.2021387e-03   1.5336739e-03
   1.1967976e-01   3.4181266e-01   1.0820616e+00  -8.4284832e-03  -2.4238804e-03   1.6661775e-03
   1.1462797e-01   3.4987061e-01   1.0642987e+00  -7.7697035e-03  -1.8710295e-03   1.3882718e-03
   9.6238338e-02   3.3345921e-01   1.1377202e+00  -9.3583945e-03  -1.7286995e-03   1.2250427e-03
   9.4700152e-02   3.3953967e-01   1.1294023e+00  -9.0753430e-03  -1.6798474e-03   1.0409946e-03
   9.7658137e-02   3.2989797e-01   1.1123812e+00  -9.0304637e-03  -2.2679078e-03   1.2097789e-03
   8.2680961e-02   3.5538789e-01   1.0972571e+00  -8.4599221e-03  -1.6948171e-03   6.4267564e-04
   1.0199256e-01   3.4100665e-01   1.1436383e+00  -1.0044964e-02  -2.5987418e-03   1.7152617e-03
   8.1746924e-02   3.5925674e-01   1.0868469e+00  -8.8805825e-03  -1.7701742e-03   1.1237851e-03
   1.0907045e-01   3.5542932e-01   1.1257647e+00  -8.9875204e-03  -2.1869122e-03   1.2744621e-03
   9.1715514e-02   3.7851288e-01   1.1231845e+00  -8.7420230e-03  -1.8513691e-03   1.1684480e-03
   1.2053260e-01   3.4587459e-01   1.1790037e+00  -1.0562959e-02  -2.0598928e-03   1.3268855e-03
   5.9865677e-02   4.6441604e-01   9.4552593e-01  -3.4770491e-04  -7.3109013e-04   1.6123656e-03
   9.1326983e-02   4.0383150e-01   8.1459528e-01   6.7656695e-04  -2.7820534e-04   2.2679500e-04
   1.1916173e-01   3.7323212e-01   1.0098806e+00  -5.5801451e-03  -2.0096175e-03   1.0533939e-03
   8.8964741e-02   3.5299899e-01   9.8524619e-01  -3.1410083e-03  -1.6561002e-03   4.7779720e-04
   7.9292717e-02   3.8246448e-01   9.1602122e-01  -2.8804606e-03  -1.8328715e-03   9.9711921e-05
   1.0248969e-01   3.6937941e-01   9.7161382e-01  -3.8438378e-03  -1.2739518e-03   6.5824736e-04
   6.3200064e-02   3.7440810e-01   1.0219713e+00  -5.6147944e-03  -8.2587301e-04  -1.7474473e-04
   8.4857467e-02   3.8352300e-01   1.0628823e+00  -5.8885228e-03  -1.0596666e-03   6.7384678e-04
   7.4926255e-02   3.7744730e-01   9.9959055e-01  -6.3347671e-03  -1.1416809e-03   3.1969889e-04
   8.1949692e-02   3.8700653e-01   9.9892123e-01  -6.1187821e-03  -1.4250575e-03   3.8843851e-04
   6.7235460e-02   3.7903939e-01   1.0451109e+00  -7.4104397e-03  -1.3575925e-03   3.7888812e-05
   7.7674706e-02   3.7455863e-01   1.0789279e+00  -7.4083096e-03  -1.1491904e-03   3.7344769e-04
   8.5879686e-02   3.6715027e-01   1.0738168e+00  -7.8072517e-03  -1.3020103e-03   5.3381513e-04
   8.2764311e-02   3.7121575e-01   1.0589946e+00  -7.3385450e-03  -1.0449728e-03   4.8431487e-04
   9.4349487e-02   3.8850483e-01   1.0428478e+00  -7.1212507e-03  -1.1012367e-03   7.6642922e-04
   9.2048419e-02   3.7865040e-01   1.0723942e+00  -7.5071183e-03  -1.0442733e-03   8.5866999e-04
   1.0055695e-01   3.9345803e-01   1.0501411e+00  -7.2854382e-03  -1.1906969e-03   6.9355144e-04
   9.7163481e-02   4.0485558e-01   1.0513070e+00  -7.4522270e-03  -1.4106640e-03   8.2525886e-04
   8.9602698e-02   3.9234716e-01   1.0475799e+00  -7.4503913e-03  -1.3950620e-03   5.8918860e-04
   8.2204289e-02   3.9438393e-01   1.0440100e+00  -7.4222276e-03  -1.4276719e-03   5.5738790e-04
   8.6216487e-02   4.0172702e-01   1.0892489e+00  -8.0606785e-03  -1.5270666e-03   5.9678291e-04
