   0.0000000e+00   0.0000000e+00   0.0000000e+00   0.0000000e+00   0.0000000e+00   0.0000000e+00
   9.0823202e-03   1.7110335e-02   6.0666815e-02  -3.3529332e-04  -4.9093798e-04   2.0359830e-04
   1.4392558e-02   5.3343539e-02   1.3478047e-01  -2.2876034e-03  -1.1526028e-03   3.0787755e-04
  -3.2426565e-02   3.9505765e-02   9.4762967e-02  -1.3381262e-03  -7.6134955e-04  -4.6803097e-05
  -5.7034691e-02   6.4274722e-02   2.3101441e-01  -2.4806166e-03  -5.2400364e-04  -1.0782495e-03
  -2.6983895e-02   7.6150195e-02   3.2919946e-01  -4.2360250e-03  -1.3722271e-03  -8.4743746e-04
  -5.8216288e-02   9.5532503e-02   2.7802907e-01  -4.9739800e-03  -1.6644766e-03  -7.7019685e-04
  -5.8419137e-02   8.4070252e-02   3.1592454e-01  -5.0846502e-03  -1.5854904e-03  -7.8084152e-04
  -7.4991568e-02   6.6425682e-02   3.2640753e-01  -5.6749896e-03  -2.0449266e-03  -9.4943532e-04
  -1.1175460e-01   7.3148178e-02   3.2240044e-01  -5.6932376e-03  -2.1928795e-03  -1.3002299e-03
  -8.9137372e-02   5.4994935e-02   3.2195730e-01  -5.1096114e-03  -1.7284741e-03  -9.6000976e-04
  -7.8350938e-02   5.8305033e-02   3.1348428e-01  -6.1784223e-03  -1.3299126e-03  -4.8621504e-04
  -8.6072295e-02   1.2367285e-01   3.6670668e-01  -5.5932060e-03  -1.4038617e-03  -7.8177895e-04
  -6.6360638e-02   1.2029224e-01   3.7945243e-01  -7.1321313e-03  -1.1148457e-03  -5.8448684e-04
  -7.9088920e-02   1.4572051e-01   3.1859110e-01  -6.3807429e-03  -9.1096823e-04  -7.7510656e-04
  -6.8685288e-02   1.0809667e-01   3.8279558e-01  -6.2945733e-03  -6.4445389e-04  -7.8551416e-04
  -9.3595529e-02   1.1319317e-01   3.6904272e-01  -5.3033246e-03  -1.0482950e-03  -8.9276842e-04
  -9.8523831e-02   9.6550759e-02   3.6696751e-01  -5.6116328e-03  -1.5308185e-03  -8.5578784e-04
  -1.0129850e-01   1.0726782e-01   4.1373376e-01  -6.6191369e-03  -1.3142265e-03  -9.2765463e-04
  -1.0111662e-01   1.3018557e-01   3.8623359e-01  -6.6951864e-03  -1.1998539e-03  -9.3370934e-04
  -1.1434154e-01   1.3447235e-01   4.3448529e-01  -6.8047107e-03  -1.0726586e-03  -9.8135345e-04
  -6.9986790e-02   1.5717573e-01   4.4845224e-01  -7.2353651e-03  -1.9793087e-04  -7.3395854e-04
  -7.8381598e-02   1.6472071e-01   4.3925209e-01  -6.3656367e-03  -6.3223246e-04  -6.2728422e-04
  -2.0871521e-02   1.5322108e-01   4.7491295e-01  -7.0809742e-03   1.1950260e-04   1.5792096e-04
  -2.4921088e-02   1.6368281e-01   5.0059460e-01  -6.1514209e-03  -5.3558826e-04   1.2492882e-04
  -7.6409736e-02   1.8089855e-01   3.8492401e-01  -1.0613300e-02   5.7054656e-04  -8.3383701e-04
  -8.2275735e-02   1.3943460e-01   3.7982041e-01  -1.3496636e-02   1.8080758e-03  -1.2093970e-03
  -6.0618749e-02   1.3688956e-01   4.5645047e-01  -1.0797830e-02   1.6671333e-03  -2.5211703e-04
  -2.3517411e-02   1.3819881e-01   4.7183543e-01  -1.1627757e-02   2.3554044e-03   1.4677939e-04
  -2.2567514e-02   1.4207651e-01   4.6993091e-01  -9.6726556e-03   1.8387527e-03   9.2615201e-06
  -1.4113604e-02   1.3210587e-01   4.3795070e-01  -1.0165123e-02   1.4824928e-03   1.9299217e-04
  -1.6308505e-02   1.4850131e-01   4.6806133e-01  -9.7316228e-03   1.1757333e-03   2.1581945e-04
  -1.3835605e-02   1.0576614e-01   4.6412434e-01  -1.0457096e-02   1.2536678e-03   6.7579202e-05
  -3.1367500e-02   1.5588146e-01   4.3420565e-01  -1.0449002e-02   1.1719346e-03   7.2422062e-05
  -4.3419571e-02   1.2996056e-01   4.2784677e-01  -1.0425097e-02   9.3535359e-04  -1.6084091e-04
  -2.5316706e-02   1.4302415e-01   4.7160257e-01  -1.0379568e-02   7.6248308e-04   1.0272151e-04
  -3.0697721e-02   1.3589270e-01   4.8071994e-01  -1.1150738e-02   8.1728554e-04  -1.4374485e-04
  -1.6915493e-02   1.8541391e-01   4.0276454e-01  -9.4628771e-03   1.1979773e-03  -3.3791831e-05
  -2.6091265e-02   1.6596822e-01   4.6247609e-01  -9.4343407e-03   5.6598190e-04   1.1545310e-04
  -1.0912279e-02   1.4936065e-01   5.1323943e-01  -9.4925949e-03   7.8444821e-04   1.2821887e-04
  -8.5971575e-03   1.8448833e-01   4.5532525e-01  -9.3128585e-03   7.9289134e-04   2.5853090e-04
   5.7304179e-02   1.5638038e-01   4.7789133e-01  -7.9423012e-03   1.1176680e-03   4.0012195e-04
   5.7051395e-02   1.9236221e-01   4.5303409e-01  -7.4627538e-03   8.2075197e-04   2.9919741e-04
   9.2867579e-02   2.4016339e-01   5.0930991e-01  -6.4049388e-03   1.1174643e-03   5.1584735e-04
   1.0691470e-01   2.1970444e-01   4.8268832e-01  -6.4963910e-03   2.2559660e-03   5.2966248e-04
   1.0949363e-01   2.5060119e-01   4.5311291e-01  -6.5882640e-03   1.4249118e-03   5.8186543e-04
   1.1174156e-01   2.3719507e-01   5.1100551e-01  -7.1540580e-03   1.6031199e-03   6.4595070e-04
   1.0301450e-01   2.5017522e-01   4.7739328e-01  -7.3376328e-03   5.6967443e-04   7.0455673e-04
   1.1009335e-01   2.1248350e-01   4.6738180e-01  -6.5080084e-03   9.3540085e-04   6.3541794e-04
   1.1247949e-01   2.1699073e-01   5.0843744e-01  -7.0556591e-03   2.0925225e-04   9.7403778e-04
   1.1145427e-01   2.3360094e-01   4.4966546e-01  -6.9124164e-03   4.5176412e-04   6.2389484e-04
   1.0795246e-01   2.5952471e-01   4.4269448e-01  -7.7261490e-03   6.5825498e-04   6.8169734e-04
   1.1583990e-01   2.5664104e-01   5.2803888e-01  -7.7206020e-03   5.5064663e-04   4.5891901e-04
   1.1607174e-01   2.4478281e-01   4.8569966e-01  -7.7688655e-03   2.1989658e-04   6.5709543e-04
   1.1909870e-01   2.6088324e-01   5.5027637e-01  -7.8879258e-03   4.1853598e-04   7.9024699e-04
   1.5539108e-01   2.5956589e-01   4.8149860e-01  -8.1636974e-03   8.0753456e-04   1.1660564e-03
   1.3695904e-01   2.7175827e-01   5.1515099e-01  -7.3151805e-03   7.8171146e-04   9.3296818e-04
   1.5115967e-01   2.5194691e-01   5.0490192e-01  -6.8265561e-03   4.9548550e-04   9.4242931e-04
   1.6515956e-01   2.6906919e-01   5.2335967e-01  -7.0415214e-03   5.2359917e-04   1.2235820e-03
   1.6818720e-01   2.6329002e-01   5.4209518e-01  -6.9260973e-03   2.8318132e-04   1.1584214e-03
   1.8650702e-01   2.6456433e-01   4.5425715e-01  -7.4134191e-03   3.3704712e-04   1.3602282e-03
   1.8461215e-01   3.1005431e-01   4.4192334e-01  -6.5110676e-03   6.2997655e-04   1.3358202e-03
   2.1632085e-01   3.1017311e-01   5.3008434e-01  -6.9103274e-03   1.0179404e-03   1.5009292e-03
   2.0709065e-01   2.8500896e-01   5.0399495e-01  -6.3938414e-03   4.6998510e-04   1.3182190e-03
   2.3468943e-01   3.4430605e-01   4.9018547e-01  -6.9592202e-03   6.5730357e-04   1.6215138e-03
   2.3430538e-01   2.8861058e-01   4.7145716e-01  -6.2945243e-03   5.1813318e-04   1.6984726e-03
   2.3734097e-01   3.1899599e-01   4.9956408e-01  -6.1563108e-03   5.1289344e-04   1.6879932e-03
   2.2556667e-01   2.8181768e-01   5.1655297e-01  -7.5367382e-03   8.9114926e-04   1.7400559e-03
   2.4711473e-01   3.2057098e-01   5.4061771e-01  -7.5630998e-03   7.2041239e-04   1.7667010e-03
   2.3706869e-01   3.0223060e-01   4.7787273e-01  -7.8088819e-03   6.7314998e-04   1.9908936e-03
   2.5158518e-01   3.4316355e-01   4.7001872e-01  -6.0389314e-03   5.2109162e-04   1.8704453e-03
   2.3442905e-01   3.1694470e-01   5.0959978e-01  -8.2885619e-03   1.6255371e-04   2.1448832e-03
   3.1803708e-01   4.2016927e-01   7.2679143e-01  -6.5568892e-03   1.5610829e-03   1.1910383e-03
   2.9769326e-01   3.9336734e-01   6.4900840e-01  -7.0895455e-03   2.3908235e-03   1.2688726e-03
   2.7251127e-01   3.7694389e-01   5.7429052e-01  -6.8212671e-03   3.0308991e-03   1.4296641e-03
   3.0485753e-01   3.2950616e-01   7.0714754e-01  -6.6264180e-03   3.3413554e-03   1.8688757e-03
   2.8913082e-01   3.4304128e-01   6.6365068e-01  -7.2155170e-03   3.2587980e-03   1.9300974e-03
   3.0322713e-01   3.5466580e-01   6.9414915e-01  -7.1951937e-03   2.7310172e-03   2.0497755e-03
   2.6405704e-01   3.5563733e-01   6.6546803e-01  -8.5266881e-03   3.0371640e-03   2.0202914e-03
   2.8432832e-01   3.6436948e-01   9.0943392e-01  -8.9283492e-03   4.4276893e-03   1.4384305e-03
   2.7633425e-01   3.8179926e-01   8.0801826e-01  -1.0589326e-02   6.1469691e-03   1.4562616e-03
   2.9761529e-01   4.0798754e-01   8.1727240e-01  -1.0079782e-02   7.4698371e-03   1.3500373e-03
   3.0061995e-01   3.6150858e-01   8.9030323e-01  -1.0397319e-02   6.6756557e-03   1.5468115e-03
   3.0869317e-01   4.0539312e-01   8.6836877e-01  -1.0123792e-02   6.8124344e-03   1.4455246e-03
   3.2119190e-01   4.1441752e-01   8.0135686e-01  -1.0044106e-02   6.0288763e-03   1.4777626e-03
   2.7554856e-01   4.6187192e-01   9.4708781e-01  -1.0455829e-02   6.5620064e-03   6.7232563e-04
   2.7417909e-01   4.4066502e-01   9.6327294e-01  -1.1085139e-02   6.8432247e-03   9.0335205e-04
   3.3969712e-01   4.7317237e-01   1.0880976e+00  -1.0288219e-02   7.1593389e-03   6.4200610e-04
   3.3589556e-01   4.4483296e-01   1.0804971e+00  -1.0598372e-02   7.8734512e-03   9.6650479e-04
   3.5102006e-01   4.5868992e-01   1.0392398e+00  -1.0975418e-02   7.9416109e-03   1.4119716e-03
   3.5223735e-01   4.4488050e-01   1.0670990e+00  -1.0728347e-02   8.0750250e-03   1.3277455e-03
   3.5086383e-01   4.7535736e-01   1.0153246e+00  -1.0758297e-02   7.9657900e-03   1.2427363e-03
   3.4916764e-01   4.6088665e-01   1.0590565e+00  -1.0740370e-02   7.8311029e-03   1.1901471e-03
   3.6176488e-01   4.4316884e-01   1.0723101e+00  -1.0770737e-02   8.2780219e-03   1.3811721e-03
   3.4636645e-01   4.3726436e-01   1.0882454e+00  -1.1637466e-02   8.4318171e-03   1.1607504e-03
   3.5032264e-01   4.7132505e-01   1.0750110e+00  -1.1458971e-02   8.3270562e-03   1.0729225e-03
   3.4029465e-01   5.0760403e-01   1.0303711e+00  -1.1573644e-02   8.3372167e-03   7.8663090e-04
   3.5576259e-01   4.7069154e-01   1.0536493e+00  -1.1424984e-02   7.6580810e-03   1.0487131e-03
   3.4029290e-01   5.0710281e-01   1.0806660e+00  -1.1249327e-02   7.8371041e-03   1.0198192e-03
   3.4395461e-01   4.8348656e-01   1.0910051e+00  -1.0839352e-02   8.1842198e-03   9.7030034e-04
   3.4889608e-01   4.8760300e-01   1.1094717e+00  -1.1292026e-02   7.8937513e-03   1.0010391e-03
   3.4602300e-01   5.1107216e-01   1.0644155e+00  -1.1176856e-02   8.0663600e-03   1.1071101e-03
   3.4987386e-01   4.9322276e-01   1.1071476e+00  -1.1348238e-02   8.0401257e-03   1.1965847e-03
   3.4675234e-01   4.9606662e-01   1.0641847e+00  -1.1192902e-02   8.0415104e-03   1.3044339e-03
   3.4668250e-01   5.0744765e-01   1.1090458e+00  -1.1400317e-02   8.0984854e-03   1.2660977e-03
   3.4962974e-01   5.1591523e-01   1.0659376e+00  -1.1744862e-02   8.2083580e-03   1.2092908e-03
   3.4012640e-01   5.3669018e-01   1.0704593e+00  -1.1317357e-02   7.8866165e-03   1.0984090e-03
   3.4940256e-01   4.8728929e-01   1.1650750e+00  -1.2640963e-02   8.3148435e-03   1.0959401e-03
   3.5271725e-01   5.3313457e-01   1.1425737e+00  -1.3102307e-02   8.2492627e-03   6.9060122e-04
   3.5266411e-01   5.4501347e-01   1.0753002e+00  -1.3037907e-02   8.2270553e-03   8.4171887e-04
   3.5692843e-01   5.4597978e-01   1.1378164e+00  -1.1975104e-02   8.2752403e-03   9.0035092e-04
   3.5065077e-01   5.1963016e-01   1.1745340e+00  -1.2078482e-02   8.2502448e-03   9.8605943e-04
   3.4654031e-01   5.5445774e-01   1.1952921e+00  -1.2403514e-02   8.0446702e-03   7.4350824e-04
   3.3654102e-01   5.3187075e-01   1.1499564e+00  -1.1426230e-02   7.9915806e-03   6.3389417e-04
   3.4829638e-01   5.6303699e-01   1.1216169e+00  -1.1103052e-02   8.3793038e-03   9.0153704e-04
   3.4608049e-01   5.2012600e-01   1.2150538e+00  -1.2147713e-02   8.0719195e-03   8.9574727e-04
   3.5009531e-01   5.5681441e-01   1.2225192e+00  -1.2911438e-02   8.1838112e-03   9.4277472e-04
   3.3901314e-01   5.6340626e-01   1.1695494e+00  -1.2953992e-02   8.3442203e-03   6.4455068e-04
   3.6097726e-01   5.8135894e-01   1.1602160e+00  -1.1713966e-02   8.6644467e-03   1.0719274e-03
   3.2604775e-01   5.5877146e-01   1.2643441e+00  -1.3050955e-02   8.5109193e-03   3.7956993e-04
   3.2417456e-01   5.7276681e-01   1.1585966e+00  -1.2559610e-02   8.0570412e-03   4.5316000e-04
   3.1767961e-01   5.4338228e-01   1.1940932e+00  -1.1728242e-02   7.8760896e-03  -3.2105958e-05
   3.3131904e-01   5.4611632e-01   1.2354962e+00  -1.1892270e-02   7.8163008e-03   1.4736903e-05
   3.2810698e-01   5.6047641e-01   1.2509666e+00  -1.1832184e-02   7.6688944e-03   9.4431047e-05
   3.2832159e-01   6.1430681e-01   1.1603582e+00  -1.1080044e-02   7.3893671e-03  -1.2810224e-05
   3.4205515e-01   5.9070387e-01   1.1340052e+00  -1.1034494e-02   7.6338304e-03   4.8858997e-04
   3.4306721e-01   5.7942984e-01   1.1900719e+00  -1.0869620e-02   7.8489884e-03   4.8277291e-04
   3.4981896e-01   5.3874019e-01   1.2248424e+00  -1.1204765e-02   7.6484689e-03   6.5540465e-04
   3.3490128e-01   5.7152366e-01   1.2242280e+00  -1.2090903e-02   7.7941530e-03  -5.8664250e-05
   3.5462850e-01   5.5143713e-01   1.2060074e+00  -1.1189348e-02   7.7399320e-03   3.8384940e-04
   3.6827588e-01   5.7261649e-01   1.2247359e+00  -1.2334815e-02   7.3179652e-03   2.8398682e-04
   3.5977072e-01   5.8497326e-01   1.2052328e+00  -1.2407760e-02   7.2129881e-03   1.1454498e-04
   3.5137406e-01   6.0636453e-01   1.2210090e+00  -1.2765917e-02   7.1109280e-03   1.4936931e-04
   3.5360506e-01   5.9440331e-01   1.2231403e+00  -1.2793553e-02   7.2871001e-03   9.0432740e-05
   3.4770665e-01   5.9745654e-01   1.2196061e+00  -1.2212631e-02   7.4625497e-03   7.2054969e-05
   3.5307141e-01   5.6886178e-01   1.2248480e+00  -1.1846193e-02   7.4904178e-03   1.1174152e-04
   3.6425486e-01   5.8810524e-01   1.2725695e+00  -1.2986846e-02   7.4182431e-03   1.7798697e-04
   3.6364543e-01   5.7369485e-01   1.2529616e+00  -1.3278331e-02   7.1769967e-03   9.8295456e-05
   3.5350766e-01   6.2651390e-01   1.2315996e+00  -1.3509916e-02   7.5656607e-03  -1.7968560e-04
   3.7496751e-01   5.9852354e-01   1.2331384e+00  -1.2226076e-02   7.3979317e-03   9.0178182e-05
   3.6086443e-01   5.9508046e-01   1.2432671e+00  -1.2255707e-02   7.3037051e-03  -1.0069717e-04
   3.4542676e-01   5.9366220e-01   1.2925090e+00  -1.3487673e-02   7.3894833e-03  -2.0085233e-04
   3.4963515e-01   6.0674546e-01   1.2783927e+00  -1.4789700e-02   7.3804345e-03  -4.6060268e-04
   3.6373179e-01   6.3385304e-01   1.2644265e+00  -1.4134195e-02   7.4903833e-03  -4.6313123e-04
   3.5869755e-01   5.9226476e-01   1.3143264e+00  -1.3437483e-02   7.3644398e-03  -4.9087139e-04
   3.5934079e-01   5.8936248e-01   1.3662415e+00  -1.4003920e-02   6.6038498e-03  -8.1808957e-04
   3.6110681e-01   6.2103010e-01   1.3108957e+00  -1.4252601e-02   6.4908553e-03  -7.7127883e-04
   3.7121298e-01   6.2094529e-01   1.3103340e+00  -1.4398985e-02   6.8230350e-03  -5.2236891e-04
   3.6098344e-01   6.3288027e-01   1.3615058e+00  -1.4940468e-02   6.3517358e-03  -7.3101690e-04
   4.0818487e-01   5.8314965e-01   1.2629820e+00  -1.4081004e-02   6.2920322e-03   7.8744583e-04
   3.8018821e-01   5.9313546e-01   1.1755917e+00  -1.3585794e-02   5.3234207e-03   7.7785392e-04
   3.7779017e-01   6.0500202e-01   1.2730609e+00  -1.3717700e-02   5.3807554e-03   4.4970871e-04
   3.7630264e-01   6.0195118e-01   1.3027127e+00  -1.3531524e-02   4.8986427e-03  -4.6654435e-05
   3.6167322e-01   6.4080281e-01   1.2943946e+00  -1.3807506e-02   5.3640503e-03  -1.3018839e-04
   3.7098519e-01   6.4270555e-01   1.2515530e+00  -1.3120899e-02   5.3732959e-03  -1.5918718e-04
   3.7665471e-01   6.3812457e-01   1.2863108e+00  -1.3888154e-02   5.3042977e-03   2.7924916e-04
   3.7957190e-01   6.1242029e-01   1.2895560e+00  -1.3716900e-02   5.3997409e-03   1.5296878e-04
   3.7104828e-01   6.3250323e-01   1.3373462e+00  -1.4420488e-02   5.9271403e-03   4.8994202e-05
   3.7240095e-01   6.1238644e-01   1.2992284e+00  -1.5133037e-02   5.6860976e-03   4.0715943e-05
   3.6496196e-01   6.5508231e-01   1.2882454e+00  -1.5311438e-02   5.8820795e-03  -1.2572440e-04
   3.8680640e-01   6.4446077e-01   1.3181375e+00  -1.5053417e-02   5.5946520e-03   1.0736171e-04
   3.8420040e-01   6.5223744e-01   1.2904076e+00  -1.4724571e-02   5.7743890e-03  -3.0184525e-05
   3.8867832e-01   6.5114472e-01   1.3019219e+00  -1.4463097e-02   5.5631490e-03   1.2072329e-04
   3.7965656e-01   6.3972881e-01   1.3180725e+00  -1.4700570e-02   5.3361120e-03   4.8623554e-05
   3.3778739e-01   6.4426279e-01   1.3577005e+00  -1.6359409e-02   4.7453635e-03  -4.5056039e-04
   3.6680585e-01   6.5176095e-01   1.2960839e+00  -1.4945566e-02   5.4402772e-03  -1.9496080e-04
   3.7212327e-01   6.4163160e-01   1.3719781e+00  -1.5754376e-02   5.1274433e-03  -1.9783571e-04
   3.6502381e-01   6.1823503e-01   1.3211784e+00  -1.5588472e-02   5.5835851e-03  -1.0871224e-04
   3.7358368e-01   6.6531539e-01   1.3354861e+00  -1.5684443e-02   5.4971207e-03  -2.8396773e-04
   3.6735270e-01   6.5017529e-01   1.3590057e+00  -1.6382152e-02   5.5438639e-03  -9.6536456e-05
   3.7225510e-01   6.6332172e-01   1.3256877e+00  -1.5314859e-02   5.6868055e-03   3.8981960e-05
   3.6661790e-01   6.1631604e-01   1.3576415e+00  -1.6090387e-02   5.5495123e-03  -1.4291254e-04
   3.7001229e-01   6.5501857e-01   1.2732810e+00  -1.5582086e-02   5.4973762e-03   4.2370748e-05
   3.7738172e-01   6.5843117e-01   1.3031350e+00  -1.5468983e-02   5.5597525e-03  -2.4527998e-04
   3.8657957e-01   6.7362194e-01   1.3044038e+00  -1.5061014e-02   5.3958929e-03   2.2733319e-04
   3.8710471e-01   6.8454824e-01   1.3508867e+00  -1.4911878e-02   5.3892298e-03   2.7198563e-05
   3.6341421e-01   6.6953193e-01   1.2985683e+00  -1.5714166e-02   4.5080627e-03   1.1009138e-04
   3.4968597e-01   6.3600143e-01   1.1738457e+00  -1.3215988e-02   4.2317684e-03  -1.7618538e-04
   3.6354617e-01   6.3384846e-01   1.2345577e+00  -1.3174572e-02   4.4174342e-03  -1.6634803e-04
