   0.0000000e+00   0.0000000e+00   0.0000000e+00   0.0000000e+00   0.0000000e+00   0.0000000e+00
  -2.8815352e-02   4.6533751e-03  -1.0779211e-01   4.8176463e-05  -1.3462106e-03  -3.3819517e-04
  -6.3402100e-02  -4.0525012e-02  -6.1816224e-02  -1.1468631e-03  -1.1359457e-03  -4.4573659e-04
   1.3702543e-02  -4.3201592e-02  -7.6080566e-03  -7.1330450e-04  -6.6014600e-04   5.1701027e-04
  -8.5552273e-03  -2.1888312e-02  -1.4257131e-02  -1.4321928e-03  -6.3225470e-04   7.6122468e-05
   1.7568476e-02  -2.3929818e-02  -3.6478872e-02  -9.9686790e-04  -1.0983629e-03   3.5818920e-04
   4.0942542e-03  -1.3240852e-02  -1.1019403e-02  -9.7558823e-04  -3.3349996e-04   2.3942383e-05
   2.1460046e-02   7.8506710e-03   7.6346733e-04  -1.7674374e-03  -1.2475801e-03   4.9615339e-04
   1.0137785e-02   2.2795159e-02  -1.9299435e-02  -8.6144367e-04  -4.7212401e-04   2.0646145e-04
   3.2414014e-02   8.8521209e-03  -4.5142687e-02  -8.5527848e-04  -1.1997909e-03   8.0456070e-04
   6.5236959e-03   6.4343568e-02  -8.4146757e-02   5.5450302e-05  -3.2332292e-04   1.4222802e-04
  -3.6958236e-02   4.8157066e-02  -1.1758224e-01   1.3305046e-04  -8.0180520e-04  -2.8882550e-04
  -5.9702673e-02   4.5187056e-02  -2.6503038e-02  -9.0664220e-04  -1.6126658e-05  -2.4183002e-04
  -2.3083126e-02   4.2754946e-02   4.3002748e-02  -9.6617585e-04   9.3918757e-05  -8.5772029e-05
  -1.9289146e-02  -1.7256956e-02   6.5570312e-02  -1.8426851e-03  -1.3042272e-03  -5.6293661e-05
  -4.6174168e-02   3.7594969e-02   1.2991818e-02  -8.5759006e-04  -1.2940934e-04  -4.9678666e-04
  -1.6764503e-04  -4.9345189e-03   1.4701674e-01  -2.7457935e-03  -9.6254768e-04   6.4350884e-04
  -6.6644489e-02   5.9892930e-02   4.2965788e-02  -1.5444178e-03  -3.8049053e-04  -2.7264184e-04
  -2.6317658e-02   1.3942401e-02   1.4427607e-01  -2.8631909e-03  -9.9934098e-04   5.5924652e-04
  -7.5191496e-02   8.8715951e-02   1.6938739e-02  -6.3666668e-04  -5.0550780e-04  -5.8887591e-04
  -1.0066714e-01   6.3550089e-02  -2.6853522e-04  -8.6861745e-04  -6.3755645e-04  -8.2522884e-04
  -3.6393385e-02   5.7229752e-02   7.1774751e-02  -2.1277522e-03  -1.3576382e-03   4.0889304e-04
  -7.6180670e-02   3.7950578e-02   2.5162356e-02  -1.8720281e-03  -1.4572625e-03  -2.2464090e-04
  -5.9103686e-02   6.8102758e-02   4.4271097e-02  -1.9935930e-03  -1.4719509e-03   3.4404645e-05
  -3.6986593e-03   3.0436315e-03   6.5564524e-02  -1.0589274e-03  -1.9769911e-03   6.7393152e-04
  -7.2531454e-02   2.1617971e-02   9.7971480e-02  -3.1674516e-03  -1.1318047e-03  -6.2806771e-04
  -9.3234639e-02   7.3763881e-02   8.2564289e-02  -3.7276968e-03  -1.9194257e-03  -6.1027868e-04
  -7.1973191e-02   5.8219440e-02   7.2643953e-02  -1.7197019e-03  -8.8944916e-04  -2.1413086e-04
  -6.3458619e-02   3.5984526e-02   1.1035813e-01  -2.8412923e-03  -1.2364203e-03  -5.2770161e-05
  -7.6072402e-02   6.8802712e-02   7.6900284e-02  -2.3537141e-03  -9.8149441e-04  -1.6642474e-04
  -7.5742210e-02   6.3235122e-02   4.8961104e-02  -2.3823230e-03  -1.2341569e-03  -2.5403116e-04
  -1.1027616e-01   8.4232677e-02   4.9256665e-02  -2.7563890e-03  -9.7021223e-04  -8.0575125e-04
  -7.5584021e-02   6.4376054e-02  -1.4649823e-02  -2.1277483e-03  -1.7635652e-03  -3.0761702e-04
  -9.3798858e-02   1.0856691e-01  -3.8390654e-02  -1.6944096e-03  -1.9821074e-03  -2.3574120e-04
  -1.1114519e-01   6.2888426e-02  -8.8631920e-03  -2.4140687e-03  -8.9638660e-04  -7.2453322e-04
  -1.1711143e-01   9.0869879e-02  -8.9901562e-03  -1.8912110e-03  -9.0352999e-04  -7.4104845e-04
  -1.3093994e-01   6.7107221e-02  -2.4909011e-02  -1.9555637e-03  -9.6609770e-04  -1.0461743e-03
  -1.5619792e-01   9.3478433e-02  -1.2483869e-02  -1.8053267e-03  -1.0984800e-03  -1.3550817e-03
  -1.2351628e-01   8.7871831e-02  -8.4418157e-02  -9.2691658e-04  -1.0085588e-03  -8.9477128e-04
  -1.2237156e-01   1.0490267e-01  -1.9236707e-01   8.3154481e-04  -1.2685259e-03  -8.5593132e-04
  -1.6472743e-01   1.2554241e-01  -1.8239367e-01   7.3476388e-04  -5.5764702e-04  -1.1025300e-03
  -1.1482313e-01   1.0035049e-01  -8.5151657e-02  -2.1660523e-04  -1.7650046e-03   2.0532436e-05
  -1.0717693e-01   9.3986381e-02  -1.4145953e-01  -3.4344393e-04  -1.3813616e-03  -1.2172173e-04
  -1.5843057e-01   1.0084196e-01  -1.0770550e-01  -1.0982589e-04  -7.7962184e-04  -9.1222577e-04
  -1.4778011e-01   1.1898825e-01  -1.9600830e-01   6.2798295e-04  -8.3256327e-04  -7.8379268e-04
  -1.5631008e-01   1.2566135e-01  -1.3659752e-01   5.2098512e-04  -1.1221960e-03  -1.1084071e-03
  -2.0943935e-01   2.1957833e-01  -2.8308497e-02  -8.6688323e-04  -1.9073816e-03  -1.2640401e-03
  -2.1579835e-01   1.1499320e-01  -6.8364983e-02  -4.7914922e-04  -1.2642034e-03  -1.2159346e-03
  -1.8936763e-01   1.6998650e-01  -1.1829253e-01   6.2798221e-04  -1.0151960e-03  -1.4373650e-03
  -1.9356627e-01   1.0954840e-01  -7.7372018e-02   6.1605904e-04  -7.4887188e-04  -1.4631013e-03
  -1.4710590e-01   1.4313390e-01  -1.2728260e-01   9.8468850e-04  -8.8046290e-04  -8.1324991e-04
  -1.4570208e-01   1.2500603e-01  -5.0786387e-02   5.5202083e-04  -1.7103558e-03  -6.3970615e-04
  -1.8863873e-01   1.6512523e-01  -1.1444934e-01   1.8977670e-04  -5.6425478e-04  -1.4076096e-03
  -1.8484421e-01   1.0572057e-01   2.2000557e-03  -4.4742969e-04  -1.1720820e-03  -1.1798793e-03
  -1.7421213e-01   1.6028866e-01  -3.3937403e-01  -1.0175141e-03  -8.7465231e-04  -1.5207931e-03
  -1.3963796e-01   8.0981175e-02  -4.1881772e-01  -3.4422121e-03  -1.0633088e-03  -9.2762484e-04
  -2.0594870e-01   9.5164828e-02  -4.0003317e-01  -7.4807460e-04  -1.2101677e-03  -2.5487842e-03
  -2.1587358e-01   1.3415032e-01  -4.7449759e-01  -3.0233075e-04  -9.9762502e-04  -2.7579463e-03
  -1.6355546e-01   8.2631414e-02  -3.2556310e-01  -1.3988408e-03  -1.5513792e-03  -1.7068024e-03
  -1.8634610e-01   1.1243382e-01  -3.2181587e-01  -1.2838198e-03  -1.6324508e-03  -1.7923822e-03
  -2.0234109e-01   9.8712109e-02  -2.9930167e-01  -1.9907931e-03  -1.1559230e-03  -1.9809196e-03
  -1.9014320e-01   1.3401497e-01  -2.6428396e-01  -1.9122517e-03  -1.2609554e-03  -1.8155065e-03
  -1.9879609e-01   1.6489807e-01  -3.1185808e-01  -1.8300046e-03  -1.5201824e-03  -2.1921598e-03
  -2.1467882e-01   1.5178963e-01  -4.1864656e-01  -1.2221038e-03  -1.9500626e-03  -2.4629201e-03
  -2.2732965e-01   1.3008686e-01  -3.7660842e-01  -1.2835708e-03  -1.1486811e-03  -2.4548985e-03
  -1.6864357e-01   1.4014297e-01  -4.4372378e-01   1.0231232e-03  -1.8685608e-03  -1.8459800e-03
  -2.0500776e-01   1.2795718e-01  -4.0419203e-01   7.5842548e-04  -1.5013175e-03  -2.1922785e-03
  -2.6415460e-01   1.7803565e-01  -3.4538474e-01   1.3204359e-03  -4.9227357e-04  -3.1989042e-03
  -2.1417986e-01   1.5584761e-01  -3.0752809e-01   8.6762893e-04  -1.0732340e-03  -1.9488445e-03
  -2.0933947e-01   2.0942686e-01  -3.2480410e-01   1.2323241e-03  -1.1820532e-03  -1.9360221e-03
  -1.5518804e-01   1.5577426e-01  -3.1486154e-01   9.6189949e-04  -1.5543935e-03  -1.3383846e-03
  -2.6604620e-01   1.8520838e-01  -3.3881904e-01   1.5145020e-03  -7.0559275e-04  -2.9416957e-03
  -2.4623417e-01   1.7659548e-01  -3.6072726e-01   2.2777617e-03  -1.4132002e-03  -2.8845074e-03
  -2.1276625e-01   1.8929687e-01  -4.0567248e-01   2.2503897e-03  -1.6603946e-03  -2.1219370e-03
  -2.2680680e-01   1.7731224e-01  -3.2253547e-01   1.3829507e-03  -1.4012171e-03  -2.2662095e-03
  -2.1789373e-01   2.0206789e-01  -3.1199384e-01   1.3058199e-03  -1.8161366e-03  -2.2116838e-03
  -1.9473597e-01   1.7947707e-01  -3.1221976e-01   2.0480364e-03  -1.6212129e-03  -1.7816164e-03
  -2.3798394e-01   1.9162438e-01  -3.0122886e-01   1.9613096e-03  -1.2219048e-03  -2.5959871e-03
  -2.2352683e-01   1.6851212e-01  -2.8319932e-01   1.8605059e-03  -1.2818612e-03  -2.2851554e-03
  -2.4323443e-01   2.0524104e-01  -3.0116584e-01   1.7966847e-03  -1.6778477e-03  -2.4135223e-03
  -2.4270444e-01   2.2473275e-01  -3.0029357e-01   2.1447822e-03  -1.6186490e-03  -2.1589956e-03
  -2.4423058e-01   2.4023154e-01  -2.3790217e-01   1.7719823e-03  -1.3634405e-03  -2.2821334e-03
  -2.1995602e-01   2.0235416e-01  -1.4104305e-01   7.0748984e-04  -1.0727772e-03  -2.5583673e-03
  -1.9376047e-01   2.0147279e-01  -2.3241135e-01   1.9101472e-03  -2.0013040e-03  -1.4915690e-03
  -1.7216362e-01   2.0993016e-01  -2.6065120e-01   2.1345887e-03  -2.1050190e-03  -1.2039655e-03
  -1.9965929e-01   2.1006594e-01  -2.3750755e-01   2.0834578e-03  -1.9295375e-03  -1.5795784e-03
  -1.9090754e-01   2.4605486e-01  -2.4775989e-01   1.8561918e-03  -2.0100848e-03  -1.4650780e-03
  -2.3199504e-01   2.0707491e-01  -3.1052115e-01   2.2778843e-03  -1.4135218e-03  -2.3729927e-03
  -2.2368244e-01   2.1090094e-01  -2.9680410e-01   2.5256792e-03  -2.2843053e-03  -2.0332202e-03
  -2.4263905e-01   2.1970957e-01  -2.7555856e-01   2.6747837e-03  -1.1246040e-03  -2.5864904e-03
  -1.8686745e-01   2.0423850e-01  -1.8885958e-01   1.9700401e-03  -1.8331400e-03  -1.4189401e-03
  -2.1203570e-01   2.2070540e-01  -2.6752550e-01   3.8287174e-03  -7.4375467e-04  -2.4331624e-03
  -2.2124397e-01   1.9868489e-01  -3.1916246e-01   2.8267169e-03  -1.9087215e-03  -2.1951326e-03
  -2.2553568e-01   2.0003613e-01  -2.7940744e-01   2.0188854e-03  -8.2684507e-04  -2.2920101e-03
  -1.9586423e-01   2.5745340e-01  -3.4496484e-01   3.4663675e-03  -1.1714129e-03  -1.9906897e-03
  -1.9708990e-01   2.6089253e-01  -2.7302552e-01   1.8116396e-03  -1.4565814e-03  -1.8457354e-03
  -1.8283817e-01   2.2512485e-01  -2.6687777e-01   2.3579146e-03  -1.4974607e-03  -1.7763131e-03
  -2.0514406e-01   2.4070103e-01  -2.6856295e-01   1.8620640e-03  -8.5614147e-04  -2.1527185e-03
  -1.6411942e-01   2.5951036e-01  -2.8550333e-01   3.2385562e-03  -1.4928042e-03  -1.4563993e-03
  -1.9158304e-01   2.2718097e-01  -2.3890316e-01   1.8149606e-03  -1.2920757e-03  -1.7811095e-03
  -1.7832225e-01   2.3592881e-01  -2.7418570e-01   2.7616668e-03  -1.2618216e-03  -1.5188184e-03
  -1.8868054e-01   2.7372902e-01  -2.4153285e-01   2.1018191e-03  -1.4818456e-03  -1.6160082e-03
  -2.0091090e-01   2.7567277e-01  -2.8829827e-01   2.9700305e-03  -8.7880957e-04  -2.0892512e-03
  -2.3886091e-01   2.6753429e-01  -3.2545446e-01   2.8350922e-03  -1.3278184e-03  -2.4605712e-03
  -1.9928040e-01   2.8162830e-01  -3.1350078e-01   2.3478127e-03  -1.2300960e-03  -1.7953922e-03
  -1.9144729e-01   2.8386968e-01  -2.8581218e-01   2.6263184e-03  -1.1004704e-03  -1.8366904e-03
  -1.8973860e-01   2.6421775e-01  -2.7418240e-01   2.2967175e-03  -9.3552487e-04  -1.8317573e-03
  -1.9942756e-01   2.7560126e-01  -3.1174005e-01   3.1640750e-03  -7.6501629e-04  -2.1639678e-03
  -1.7577680e-01   2.7074770e-01  -2.9402982e-01   2.7739965e-03  -7.9865682e-04  -1.6563181e-03
  -2.0699102e-01   2.8275081e-01  -2.2192691e-01   1.3821425e-03  -1.0564838e-03  -2.1629308e-03
  -2.2467702e-01   2.6951486e-01  -3.6941575e-01   5.0207046e-03  -8.8884249e-04  -2.5553929e-03
  -2.0845796e-01   2.7035059e-01  -3.1169896e-01   3.8223121e-03  -1.4596057e-04  -2.0048054e-03
  -1.5195511e-01   2.5726341e-01  -2.4904165e-01   2.9549150e-03  -1.9182112e-03  -9.0741247e-04
  -1.4232591e-01   2.5914480e-01  -2.7596645e-01   3.2452972e-03  -1.6296866e-03  -7.4040698e-04
  -1.9924744e-01   2.7516899e-01  -2.4470167e-01   3.0164977e-03  -5.5054197e-04  -2.0044423e-03
  -1.7944691e-01   2.8222663e-01  -2.2069435e-01   2.7778582e-03  -5.1808490e-04  -1.5952736e-03
  -1.7653319e-01   2.7217384e-01  -2.3371472e-01   2.5838242e-03  -5.7245092e-04  -1.7387791e-03
  -1.6817089e-01   2.9736296e-01  -2.7728213e-01   3.5635111e-03  -7.2298155e-04  -1.3121712e-03
  -1.8967905e-01   2.7976149e-01  -2.9204772e-01   3.2806980e-03  -9.7369504e-04  -1.6102128e-03
  -1.8416601e-01   3.0067773e-01  -2.9069024e-01   3.3839681e-03  -1.1407306e-03  -1.4730823e-03
  -1.3714422e-01   3.1606715e-01  -2.8779942e-01   2.7311126e-03  -8.2731235e-04  -1.3816528e-03
  -1.2156852e-01   3.0010202e-01  -3.6859198e-01   4.2200872e-03  -2.4922578e-04  -1.3903748e-03
  -1.2641792e-01   3.2274819e-01  -3.2124818e-01   4.1141652e-03  -5.2388339e-04  -1.2024965e-03
  -1.0277312e-01   2.9643761e-01  -3.6398094e-01   5.4840375e-03   8.4847226e-05  -6.9597680e-04
  -1.3811565e-01   3.2555572e-01  -3.3287471e-01   5.3882680e-03   2.9296408e-04  -1.1468655e-03
  -1.1291299e-01   2.9406107e-01  -2.3477762e-01   4.2281607e-03  -4.6480031e-04  -6.8398513e-04
  -1.1982693e-01   3.1109111e-01  -2.9500907e-01   4.7517370e-03  -3.8478770e-05  -9.8713202e-04
  -8.2398300e-02   3.2835598e-01  -3.0954272e-01   4.5142322e-03  -9.4809736e-04  -4.1584353e-04
  -8.7524347e-02   3.4643956e-01  -3.7133809e-01   5.4625429e-03  -9.9039509e-04  -5.8716284e-04
  -1.0692108e-01   3.3962454e-01  -2.8912108e-01   4.5068734e-03  -2.0137815e-04  -8.2825965e-04
  -9.0037261e-02   3.3132545e-01  -3.2478764e-01   5.2894740e-03  -3.7731943e-04  -7.5547684e-04
  -1.1132259e-01   3.3455266e-01  -3.0626627e-01   4.8509770e-03  -1.6120245e-04  -1.1802928e-03
  -6.8469570e-02   3.2624767e-01  -2.7764603e-01   4.4341351e-03  -1.4499214e-04  -7.3692070e-04
  -9.9947976e-02   3.3680572e-01  -2.9042802e-01   4.2807429e-03   3.1895400e-04  -1.1721993e-03
  -7.7380415e-02   3.5804931e-01  -3.4602200e-01   4.4843608e-03   2.4373717e-05  -8.7108586e-04
  -7.7430858e-02   3.3803120e-01  -3.1810435e-01   3.9724091e-03  -6.2437528e-04  -7.9889713e-04
  -3.4752141e-02   3.6219068e-01  -3.6945601e-01   5.3187652e-03  -4.3367544e-04  -4.1642003e-04
  -9.0286029e-02   3.3986025e-01  -3.9097994e-01   5.8288836e-03   4.7051551e-04  -1.3976721e-03
  -5.0972040e-02   3.6420538e-01  -4.2127883e-01   6.2985753e-03  -1.9915017e-04  -8.6851687e-04
  -4.1406134e-03   3.3750702e-01  -3.8826805e-01   4.9882375e-03  -6.8892739e-04   4.1772421e-04
  -4.4889001e-02   3.5916834e-01  -3.5445844e-01   5.3820832e-03  -6.0690075e-04  -9.6326859e-04
  -9.6069106e-02   4.3025076e-01  -2.4030622e-01   5.8872764e-03  -1.7129177e-03  -1.0595525e-03
  -1.5242337e-01   3.2365918e-01  -3.5927435e-01   5.4912924e-03  -4.8633068e-04  -1.5324381e-03
  -1.0996676e-01   3.4967187e-01  -3.2702310e-01   4.4159294e-03  -9.6130877e-04  -9.7026992e-04
  -1.6516828e-01   3.4638426e-01  -3.3665755e-01   4.8194286e-03   2.9086733e-04  -1.8243905e-03
  -1.2744013e-01   3.8203208e-01  -2.9298230e-01   4.8707615e-03   1.7597248e-04  -1.3651382e-03
  -1.2994128e-01   3.3449302e-01  -2.3406135e-01   4.1599592e-03   3.6998826e-04  -1.2128815e-03
  -8.9727825e-02   4.2459984e-01  -2.9377877e-01   4.7336811e-03  -1.4822340e-04  -8.3280883e-04
  -4.8291222e-02   3.9428500e-01  -2.5531860e-01   3.9406291e-03  -7.1264337e-04  -6.9215623e-04
  -5.0415680e-02   3.5633081e-01  -2.8134503e-01   3.3212378e-03   4.1350203e-04  -5.2359544e-04
  -3.9698510e-02   3.3088379e-01  -3.3747389e-01   4.4360139e-03   8.1377892e-04  -3.9519748e-04
  -4.7211650e-02   3.4153783e-01  -2.8732412e-01   3.8427902e-03   9.5831008e-04  -2.2835721e-04
  -4.6698527e-02   3.8004803e-01  -3.2035171e-01   5.5803088e-03   1.5187545e-03  -4.8358668e-04
  -4.3982941e-02   3.6448188e-01  -3.0377821e-01   5.1705671e-03   1.6237829e-03  -4.4178716e-04
  -1.6013586e-02   3.4824910e-01  -2.7081622e-01   4.3706440e-03   1.5183125e-03   1.6821020e-04
   1.1289835e-02   3.7715143e-01  -2.5710875e-01   4.2510767e-03   1.0808086e-03   5.0994910e-04
   1.5098899e-02   3.4291377e-01  -2.6279276e-01   4.2823602e-03   1.0844042e-03   6.3519827e-04
   3.0100035e-02   3.6414641e-01  -2.1504861e-01   2.9557963e-03   7.7121440e-04   8.6889320e-04
  -3.3166798e-04   3.5936298e-01  -2.7330354e-01   4.0918411e-03   1.1437551e-03   1.7469166e-04
   7.3167383e-03   3.7457537e-01  -3.1291840e-01   5.1223772e-03   1.0965816e-03   2.3591981e-04
   5.6254530e-02   3.4788622e-01  -2.3968168e-01   3.9336178e-03   6.0085465e-04   1.2844788e-03
   7.7582297e-03   3.8321667e-01  -2.9659612e-01   3.7542972e-03   5.0900539e-04   4.3392064e-04
   2.9791959e-02   3.7326227e-01  -2.8752966e-01   4.0145303e-03   3.9475199e-04   8.6184824e-04
   2.2960004e-03   3.8678094e-01  -2.9630271e-01   4.0573663e-03  -2.8454171e-05   6.5601956e-04
  -6.6487250e-03   3.7831010e-01  -2.9284947e-01   4.0185657e-03   3.3760517e-04   3.4105701e-04
  -1.0585633e-02   3.9192527e-01  -3.1541621e-01   4.7188460e-03   5.4246752e-04   2.9592254e-05
   2.6125730e-02   3.6426053e-01  -2.8804178e-01   4.0289925e-03  -1.2868644e-06   8.6238891e-04
  -1.3245826e-03   3.9387973e-01  -3.0624209e-01   4.1947708e-03  -4.8312451e-04   4.1995203e-04
   2.7879153e-02   3.8765652e-01  -3.0002856e-01   4.0390283e-03  -2.8634694e-05   8.0716319e-04
   5.2281682e-03   4.1884710e-01  -3.6856404e-01   5.9436129e-03   7.7105248e-04   8.9291499e-05
  -1.5752569e-02   3.7065298e-01  -3.8261035e-01   4.9332316e-03  -5.7604293e-04   2.4619049e-04
   3.1288479e-02   3.7706941e-01  -3.5260248e-01   5.0940281e-03  -7.8658139e-04   9.4591181e-04
   2.1695879e-02   3.7828113e-01  -3.2076251e-01   4.2307831e-03  -7.6342406e-04   9.3968448e-04
   2.4430398e-02   3.7226869e-01  -2.9145016e-01   4.6497761e-03  -6.2847319e-04   8.8391478e-04
   2.7001475e-02   3.8151888e-01  -3.2643097e-01   4.8366035e-03  -4.1835899e-04   1.0467716e-03
   2.2860496e-04   4.0828610e-01  -3.3056539e-01   5.4143301e-03  -1.1071250e-03   1.2364074e-04
  -2.8051986e-02   5.3618181e-01  -2.4956314e-01   6.4520414e-03  -1.7343211e-03  -4.4914473e-04
  -2.0775881e-02   3.7273253e-01  -3.3183475e-01   5.2232879e-03  -2.1426415e-04   2.0757926e-04
  -5.5916572e-02   4.3090497e-01  -3.7996789e-01   6.8742764e-03   4.8376192e-04  -8.6874496e-04
