   0.0000000e+00  -1.2028789e-14   7.1054274e-15   0.0000000e+00   0.0000000e+00  -5.6317920e-18
   4.4730571e-03   7.3858393e-02   6.3313105e-03   2.6472590e-04   4.5732438e-04   5.6207343e-04
   4.8099544e-04   6.5322661e-02   4.9578380e-02  -7.3957502e-04   5.4899046e-04   5.4684873e-04
  -3.0035780e-03   8.6321852e-02   4.6996172e-02   2.9680890e-04   1.4437615e-04   6.2706757e-04
   6.0124332e-03   6.0729159e-02   6.7275989e-02  -5.8481026e-06   5.9136633e-04   8.4221509e-04
  -6.7394116e-03   9.5008830e-02   5.2901575e-02  -1.5638827e-04   3.7604043e-04   2.6583192e-04
  -1.4409055e-02   2.7195565e-02   5.9943444e-02  -7.1667136e-05  -1.1245414e-03   6.0945269e-04
  -5.8041769e-02   3.4035036e-02   4.5443896e-02  -1.1850087e-03  -5.6090959e-04   3.1504829e-04
  -6.6964348e-02   1.0997075e-01   1.1289720e-01  -1.6991730e-03  -1.9204042e-04   9.8810415e-05
  -5.7188777e-02   5.6180338e-02   1.3399233e-01  -2.0295347e-03   3.0163507e-05   4.5820594e-04
  -6.4198259e-02   1.1656087e-01   1.1746712e-01  -2.6333971e-03   3.0787928e-04   1.9731259e-04
  -2.7011904e-02   7.2925357e-02   1.7564754e-01  -2.2449159e-03   3.9951925e-04   8.3193479e-04
  -1.4204908e-02   9.9112572e-02   1.5463778e-01  -2.6373662e-03   9.6599561e-04   1.0384866e-03
  -6.2887243e-03   9.2283340e-02   1.9453109e-01  -2.6169803e-03   2.7591116e-04   9.4291533e-04
  -2.1850116e-02   8.1000752e-02   1.8136177e-01  -2.6049285e-03   6.1597266e-04   7.9135368e-04
  -3.6889825e-02   9.4387223e-02   1.9390470e-01  -2.7563312e-03   1.3039328e-04   5.4123775e-04
  -3.8999770e-02   1.0664827e-01   2.2886490e-01  -3.4819665e-03   6.0764120e-04   3.4071236e-04
  -2.9506907e-02   1.1176368e-01   2.2257960e-01  -3.7451571e-03   3.5037805e-04   4.8187669e-04
  -1.3039823e-02   1.3697370e-01   2.1850923e-01  -3.4209585e-03   7.6168301e-04   5.9148148e-04
  -2.2302058e-02   1.0837608e-01   2.4973284e-01  -3.6339313e-03   2.9516341e-05   6.3451317e-04
  -1.7004688e-02   1.3013401e-01   2.6360779e-01  -3.4337754e-03   2.6089002e-04   5.9809920e-04
  -2.1407250e-02   1.0822394e-01   2.5583414e-01  -3.4851389e-03   2.4996627e-04   6.2773443e-04
  -2.9455006e-02   1.3280476e-01   3.0030635e-01  -4.0919551e-03   1.6971186e-04   3.8542811e-04
   2.7659836e-03   1.4606808e-01   3.2806256e-01  -4.0776336e-03  -5.3536036e-05   1.1904070e-03
   3.9792699e-02   1.4034374e-01   2.9142345e-01  -3.3185724e-03   1.1195394e-04   1.4549651e-03
   4.6242395e-02   1.3187637e-01   3.2776237e-01  -3.4126289e-03  -1.1389022e-03   1.8370735e-03
   3.2265843e-02   1.2273230e-01   3.0246116e-01  -2.8258271e-03  -1.6100155e-03   1.6730702e-03
   7.7826113e-03   1.4104366e-01   3.6563278e-01  -3.7848743e-03  -1.3860584e-03   1.1898563e-03
   1.9748238e-02   1.6817384e-01   3.4924282e-01  -3.1336752e-03  -1.3485658e-03   1.2794646e-03
   8.4815551e-02   1.6915554e-01   3.6684999e-01  -3.6296234e-03  -4.2506255e-04   2.2511566e-03
   8.5968016e-02   1.6010134e-01   3.0940625e-01  -3.5801362e-03  -3.3792270e-04   2.3258831e-03
   1.0870234e-01   2.0669769e-01   3.4871239e-01  -2.8821678e-03  -2.8348868e-04   2.6466217e-03
   1.2807477e-01   2.1742593e-01   2.8082525e-01  -2.2885116e-03  -5.1664305e-04   3.4639182e-03
   1.6726807e-01   1.8265529e-01   3.1778911e-01  -2.7438939e-03  -5.5718528e-04   3.9940419e-03
   1.5189348e-01   1.9823893e-01   3.5692019e-01  -3.2695465e-03   4.2838435e-04   3.9019139e-03
   1.5541074e-01   1.7723230e-01   4.0805004e-01  -3.4274204e-03   3.3130756e-04   4.0301298e-03
   1.6500058e-01   1.7316145e-01   3.5360963e-01  -3.1831798e-03   6.0268618e-04   4.2091853e-03
   1.6833482e-01   2.2092501e-01   3.5383274e-01  -2.9978683e-03   4.1444045e-04   4.2939699e-03
   1.5277292e-01   1.9861758e-01   3.6163249e-01  -3.0011002e-03   5.7960545e-04   4.0773836e-03
   1.7712380e-01   2.2115334e-01   3.4911738e-01  -3.3280874e-03   9.2880189e-04   4.3568991e-03
   1.6332513e-01   1.9968051e-01   3.7221728e-01  -3.4326803e-03   7.0734875e-04   4.1808078e-03
   1.7533923e-01   2.2350882e-01   3.8164126e-01  -3.4068925e-03   7.4580578e-04   4.2544351e-03
   1.6978246e-01   1.9549378e-01   3.7631698e-01  -3.5113394e-03   8.0650815e-04   4.2274976e-03
   1.8019530e-01   2.4134204e-01   3.5456613e-01  -2.8212075e-03   7.9730063e-04   4.0811911e-03
   1.7079570e-01   2.1384250e-01   3.6788226e-01  -2.5709997e-03   8.6630414e-04   4.3135311e-03
   1.7703576e-01   2.2973743e-01   3.3600981e-01  -2.4091362e-03   1.0641093e-03   4.4802891e-03
   1.7295312e-01   2.2263599e-01   3.7814243e-01  -2.3305969e-03   1.0681451e-03   4.4101743e-03
   1.8442650e-01   2.0310229e-01   3.8497008e-01  -2.7075047e-03   1.0186818e-03   4.5627874e-03
   2.1721998e-01   2.2193289e-01   3.9967681e-01  -3.0745161e-03   7.4215347e-04   4.8962774e-03
   2.0624785e-01   2.2452323e-01   3.7883726e-01  -2.6447030e-03   3.5620671e-04   4.7586656e-03
   2.0677601e-01   2.4042780e-01   4.3413346e-01  -3.0900347e-03   2.5436503e-04   4.8292084e-03
   1.9409847e-01   2.2145484e-01   4.0238781e-01  -2.7891732e-03   6.2367459e-04   4.8137624e-03
   1.9267801e-01   2.2717450e-01   3.9464553e-01  -2.9215844e-03   7.8471933e-04   4.6392220e-03
   1.9497171e-01   2.4044584e-01   4.3633447e-01  -3.3036376e-03   4.2913684e-04   4.7759795e-03
   1.9163651e-01   2.1722754e-01   4.4790451e-01  -3.6597145e-03   4.0436504e-04   4.4097116e-03
   1.9303183e-01   2.5984531e-01   4.0308054e-01  -3.8378452e-03   4.8090952e-04   4.5020059e-03
   1.9209867e-01   2.4178682e-01   4.4905854e-01  -3.6132100e-03   5.3845933e-04   4.6062211e-03
   1.9343449e-01   2.2798400e-01   4.5576196e-01  -3.2910193e-03   1.2695520e-04   4.5512620e-03
   1.9022412e-01   2.4954224e-01   4.7537651e-01  -3.7910639e-03   1.6833556e-04   4.5280908e-03
   1.8741849e-01   2.4495692e-01   4.3529791e-01  -3.7191170e-03   5.6492920e-04   4.5762457e-03
   1.8696372e-01   2.6878394e-01   5.0776729e-01  -3.3481462e-03   2.7209826e-04   4.4789930e-03
   1.8261210e-01   2.4345710e-01   5.2037238e-01  -3.9091877e-03   7.1702806e-05   4.4344155e-03
   2.0814321e-01   2.7158775e-01   4.7330621e-01  -4.2524429e-03  -2.9249582e-04   4.7056363e-03
   1.8783896e-01   3.0056691e-01   4.8247962e-01  -4.5504320e-03   4.2189712e-04   4.3242708e-03
   1.9701103e-01   2.8136740e-01   5.4514762e-01  -4.1216822e-03  -1.4745750e-04   4.3515801e-03
   1.9790594e-01   2.7143461e-01   5.4678658e-01  -3.8848995e-03  -1.7322030e-04   4.6348840e-03
   2.2272188e-01   2.6719898e-01   6.0544299e-01  -3.9598380e-03  -8.1541527e-06   4.5667864e-03
   2.1674008e-01   2.7273050e-01   6.3088773e-01  -5.6825537e-03   4.8641705e-04   4.9458242e-03
   1.8798371e-01   3.0588295e-01   6.3306419e-01  -4.9488486e-03   5.3491129e-04   4.5433880e-03
   1.9918442e-01   2.8914211e-01   7.1244041e-01  -5.8088905e-03   9.7106148e-04   4.3465565e-03
   2.1942729e-01   3.0159492e-01   7.5072597e-01  -6.2215571e-03   1.3968784e-03   4.9613663e-03
   2.1823483e-01   3.1831220e-01   7.2529403e-01  -6.2859135e-03   9.7308656e-04   5.0123523e-03
   2.0880785e-01   3.0468692e-01   7.2865052e-01  -6.2266500e-03   1.2152822e-03   4.7717910e-03
   2.2290223e-01   3.2669402e-01   7.2138066e-01  -6.0886533e-03   9.7926330e-04   5.0489519e-03
   2.3970969e-01   2.6036722e-01   7.8269771e-01  -6.0974667e-03   1.5249125e-03   5.2892271e-03
   2.6251823e-01   3.3259720e-01   7.5014126e-01  -6.0264719e-03   2.2685596e-03   4.9265370e-03
   2.6814764e-01   3.3535514e-01   8.2752221e-01  -5.7065759e-03   2.5787747e-03   4.9637095e-03
   2.6165572e-01   3.1342518e-01   8.6728708e-01  -6.8241032e-03   2.6568418e-03   4.8370935e-03
   2.6207506e-01   3.5991609e-01   7.7235587e-01  -5.7178307e-03   2.8926303e-03   4.8758286e-03
   2.7080889e-01   3.3707967e-01   8.2088566e-01  -6.8776436e-03   2.9604055e-03   4.9022126e-03
   2.7926335e-01   3.8427569e-01   8.8366285e-01  -6.6461967e-03   2.9812729e-03   4.8021388e-03
   2.5130617e-01   3.2461005e-01   8.6395039e-01  -7.4060552e-03   3.7189617e-03   4.5574285e-03
   2.6152513e-01   3.5905794e-01   9.2886718e-01  -6.7730359e-03   3.7390229e-03   4.4183081e-03
   2.5164752e-01   3.1212295e-01   9.2891719e-01  -8.1631590e-03   3.4696194e-03   4.6302195e-03
   2.8466748e-01   3.8193586e-01   1.0839784e+00  -5.9899821e-03   4.1513117e-03   4.0743770e-03
   3.4711056e-01   3.6382875e-01   1.0744697e+00  -5.8968454e-03   4.4864054e-03   4.1109792e-03
   3.4865222e-01   3.5484237e-01   1.0515633e+00  -7.5033955e-03   5.3707599e-03   4.6762157e-03
   3.4868781e-01   3.6174094e-01   1.1439631e+00  -7.2818971e-03   5.7973596e-03   4.6913670e-03
   3.2467480e-01   3.6943543e-01   1.1062852e+00  -7.6329453e-03   6.1852520e-03   4.8147197e-03
   3.1898344e-01   3.7794967e-01   1.1100108e+00  -7.4334075e-03   5.9446932e-03   4.3900461e-03
   3.2320416e-01   3.8369267e-01   1.1249302e+00  -7.2073616e-03   6.1037020e-03   4.5735121e-03
   2.4917505e-01   4.4237921e-01   1.1352062e+00  -1.1089679e-02   5.5355412e-03   3.4443854e-03
   2.4722646e-01   3.4632363e-01   1.0269554e+00  -1.5821358e-02   4.7410420e-03   3.0037557e-03
   2.7548717e-01   2.6650003e-01   1.1099333e+00  -1.5491967e-02   5.0737346e-03   3.4787903e-03
   2.7604174e-01   3.0424787e-01   1.0646170e+00  -1.5399802e-02   5.4046136e-03   3.3201045e-03
   2.7042189e-01   3.0874077e-01   1.0900133e+00  -1.4817089e-02   4.9966565e-03   3.3055020e-03
   2.7601289e-01   3.0901779e-01   1.0595594e+00  -1.4055297e-02   4.8179926e-03   3.4373803e-03
   2.3989663e-01   3.0293042e-01   1.0940379e+00  -1.4351527e-02   5.4389869e-03   2.9567154e-03
   2.3861139e-01   3.1636284e-01   1.0647418e+00  -1.4600084e-02   5.0920222e-03   2.9538878e-03
   2.2261421e-01   3.2969607e-01   1.1406135e+00  -1.4139130e-02   5.3980984e-03   2.5625642e-03
   2.1703844e-01   3.2227609e-01   1.0903564e+00  -1.3413061e-02   5.5640534e-03   2.8620948e-03
   2.2041653e-01   3.4459957e-01   1.1033988e+00  -1.3117153e-02   5.7246976e-03   2.6855720e-03
   2.1403692e-01   3.4059801e-01   1.1098822e+00  -1.3292707e-02   5.5546019e-03   2.5693311e-03
   2.2739992e-01   3.0933658e-01   1.1686636e+00  -1.3612276e-02   5.2559459e-03   2.8103794e-03
   2.0621467e-01   3.6754287e-01   1.2023329e+00  -1.3670289e-02   5.1515119e-03   2.6540049e-03
   2.0331702e-01   3.8329485e-01   1.2267086e+00  -1.3616031e-02   5.6186920e-03   2.4982766e-03
   2.0651385e-01   3.3745978e-01   1.2550873e+00  -1.3721817e-02   5.3684061e-03   2.6609789e-03
   1.9815226e-01   3.7356082e-01   1.2392315e+00  -1.4159523e-02   5.7101299e-03   2.3830593e-03
   2.0214325e-01   3.8318768e-01   1.2285891e+00  -1.4128655e-02   6.0804771e-03   2.4543306e-03
   2.0880796e-01   3.9398810e-01   1.2485391e+00  -1.3404138e-02   5.9803933e-03   2.3330477e-03
   2.0305886e-01   3.8127371e-01   1.3144762e+00  -1.4240682e-02   6.1267609e-03   2.2719597e-03
   2.0980277e-01   3.9172906e-01   1.2876110e+00  -1.3902051e-02   6.0837383e-03   2.2315787e-03
   2.1128913e-01   3.7591461e-01   1.3277529e+00  -1.4300386e-02   5.9282765e-03   2.3971740e-03
   2.1038974e-01   3.9025599e-01   1.2897992e+00  -1.4062503e-02   6.1196312e-03   2.3621302e-03
   2.0433185e-01   3.9625933e-01   1.3301020e+00  -1.4506653e-02   6.2016847e-03   2.3195195e-03
   2.0685512e-01   3.8846158e-01   1.2994521e+00  -1.3938409e-02   6.0777655e-03   2.2262420e-03
   1.9666347e-01   3.9358786e-01   1.3325243e+00  -1.4818294e-02   5.7553214e-03   2.0870343e-03
   2.1084358e-01   3.9939596e-01   1.3254023e+00  -1.4695257e-02   6.1616731e-03   2.3204301e-03
   2.4217526e-01   3.9190534e-01   1.2772728e+00  -1.4107162e-02   5.6042328e-03   2.7541181e-03
   2.1856582e-01   4.3132303e-01   1.2068042e+00  -1.3391568e-02   5.3058481e-03   2.5447319e-03
   1.9612090e-01   4.1578038e-01   1.2714541e+00  -1.3541449e-02   5.6202268e-03   2.1632935e-03
   2.0079713e-01   4.0762262e-01   1.3559129e+00  -1.3821908e-02   5.6756578e-03   2.1288648e-03
   2.0267634e-01   3.9879403e-01   1.3538709e+00  -1.5043733e-02   5.9904095e-03   2.0458121e-03
   1.9436896e-01   4.2883364e-01   1.3175098e+00  -1.4242247e-02   5.9087594e-03   1.9126126e-03
   1.8735743e-01   4.2366069e-01   1.3408221e+00  -1.4565614e-02   5.8773305e-03   1.8640402e-03
   1.9916954e-01   4.3516596e-01   1.3172798e+00  -1.4431903e-02   6.1473404e-03   2.1396480e-03
   2.0882985e-01   4.3740051e-01   1.3038192e+00  -1.4157866e-02   6.2899041e-03   2.3392733e-03
   1.9432929e-01   4.1764857e-01   1.3230365e+00  -1.4237115e-02   6.2288616e-03   2.2516586e-03
   2.0065324e-01   4.5629941e-01   1.3317109e+00  -1.4699370e-02   6.4037125e-03   2.4242581e-03
   2.1489149e-01   4.1269981e-01   1.3476709e+00  -1.4201486e-02   6.5691932e-03   2.4918363e-03
   2.1395986e-01   4.3623606e-01   1.3360101e+00  -1.4558206e-02   6.5927770e-03   2.3848925e-03
   1.9210558e-01   4.2252282e-01   1.3484666e+00  -1.4914633e-02   6.5473619e-03   1.9098387e-03
   2.0123254e-01   4.5889144e-01   1.3515580e+00  -1.5211844e-02   7.1296176e-03   1.9825096e-03
   2.0013335e-01   4.1396364e-01   1.3803701e+00  -1.5306425e-02   6.8549045e-03   1.9988488e-03
   1.8891319e-01   4.3247834e-01   1.3676734e+00  -1.4846914e-02   6.7156845e-03   1.7573782e-03
   1.8958278e-01   4.5009387e-01   1.3931959e+00  -1.5394987e-02   7.0227450e-03   1.7597426e-03
   2.0983998e-01   4.3176420e-01   1.3804925e+00  -1.5404103e-02   7.1497454e-03   1.9420882e-03
   2.0608947e-01   4.4528718e-01   1.3792262e+00  -1.5374350e-02   7.1720317e-03   1.9262797e-03
   2.0379657e-01   4.3378881e-01   1.4194908e+00  -1.5250810e-02   6.9619049e-03   1.8726712e-03
   1.9980109e-01   4.5545636e-01   1.3852732e+00  -1.5433882e-02   7.0045583e-03   1.8088702e-03
   1.9326996e-01   3.9223676e-01   1.4312675e+00  -1.5916183e-02   6.7183709e-03   1.4691965e-03
   1.9067623e-01   4.2479620e-01   1.3976027e+00  -1.6433428e-02   7.3436069e-03   1.4489644e-03
   1.9880407e-01   4.5605852e-01   1.4283592e+00  -1.5584321e-02   6.9905864e-03   1.5624254e-03
   2.0189279e-01   4.5632306e-01   1.4937437e+00  -1.5679545e-02   6.9638889e-03   1.4591728e-03
   2.0114960e-01   4.6086325e-01   1.4543037e+00  -1.5203133e-02   6.9556179e-03   1.5752628e-03
   2.0002816e-01   4.3599204e-01   1.4659460e+00  -1.5460280e-02   6.7474423e-03   1.7000265e-03
   1.7811929e-01   4.6302595e-01   1.4875347e+00  -1.6008118e-02   7.2242550e-03   1.4094270e-03
   1.8663583e-01   4.6484352e-01   1.4819421e+00  -1.5834639e-02   7.0754213e-03   1.1576795e-03
   1.8012008e-01   4.7991545e-01   1.4934482e+00  -1.6395943e-02   7.3208805e-03   1.1779985e-03
   1.9463838e-01   4.5966142e-01   1.4736062e+00  -1.5466813e-02   7.6041718e-03   1.3845416e-03
   1.9951380e-01   4.6621143e-01   1.5046539e+00  -1.5620682e-02   7.6114077e-03   1.4669628e-03
   2.0723138e-01   4.3812902e-01   1.5139985e+00  -1.5966741e-02   7.6040209e-03   1.4230796e-03
   2.0702381e-01   4.5878943e-01   1.4680297e+00  -1.5867241e-02   7.6151429e-03   1.2875807e-03
   1.8696952e-01   4.6343179e-01   1.5289824e+00  -1.6129514e-02   7.2959227e-03   1.2031940e-03
   1.8014346e-01   4.4327734e-01   1.5075448e+00  -1.6121093e-02   7.3580723e-03   9.7098177e-04
   1.8829985e-01   4.7559041e-01   1.4422269e+00  -1.5446160e-02   7.8968525e-03   7.5946125e-04
   1.8887186e-01   4.8261574e-01   1.4667704e+00  -1.4427418e-02   7.9002582e-03   8.1583891e-04
   1.9354600e-01   4.4882585e-01   1.4776353e+00  -1.4491747e-02   7.7578150e-03   7.9248067e-04
   1.8870350e-01   4.7042274e-01   1.4868790e+00  -1.4403741e-02   7.8381032e-03   7.4381101e-04
   1.7851833e-01   4.5064081e-01   1.4719651e+00  -1.4900079e-02   7.6295509e-03   5.6875524e-04
   1.8700208e-01   4.8067712e-01   1.4634963e+00  -1.5418824e-02   7.9201482e-03   6.5667528e-04
   1.9144221e-01   4.5464923e-01   1.5296680e+00  -1.5444257e-02   7.6900080e-03   7.3603237e-04
   1.9188955e-01   4.4993146e-01   1.4972912e+00  -1.5211055e-02   7.8785142e-03   6.9261673e-04
   2.0257690e-01   4.5962211e-01   1.5238310e+00  -1.6314374e-02   7.7662709e-03   8.5051248e-04
   2.0223708e-01   4.5644941e-01   1.5143428e+00  -1.5898550e-02   7.5868776e-03   8.6888196e-04
   2.1783669e-01   4.6959819e-01   1.5747079e+00  -1.6543007e-02   8.0548405e-03   9.9890279e-04
   1.9902064e-01   4.6111491e-01   1.5481565e+00  -1.6773193e-02   7.8654315e-03   8.0476700e-04
   1.9012754e-01   4.5822429e-01   1.5507680e+00  -1.5886856e-02   7.7339852e-03   5.9444508e-04
   1.9203656e-01   4.6413082e-01   1.5869343e+00  -1.6336878e-02   7.7012274e-03   6.9629375e-04
   1.8936910e-01   4.6007387e-01   1.6132953e+00  -1.6706490e-02   7.2092808e-03   5.5469973e-04
   2.0194105e-01   4.7295912e-01   1.6171085e+00  -1.7258161e-02   7.3386247e-03   7.4699189e-04
   1.9790749e-01   4.8737891e-01   1.6254472e+00  -1.6971097e-02   7.3707842e-03   7.0931055e-04
   1.9361075e-01   4.6929487e-01   1.6595248e+00  -1.6702945e-02   7.0559591e-03   5.6921115e-04
   2.0179781e-01   4.9236653e-01   1.6651889e+00  -1.7552012e-02   7.2766203e-03   5.4259805e-04
   1.8527571e-01   4.9789908e-01   1.6028155e+00  -1.7272436e-02   7.0277949e-03   5.0841598e-04
   2.0835355e-01   5.3906396e-01   1.6011122e+00  -1.6561114e-02   7.1031596e-03   6.2242148e-04
   1.9838709e-01   4.9318748e-01   1.6571152e+00  -1.7135182e-02   7.1389293e-03   5.7630962e-04
   2.0061995e-01   4.8057565e-01   1.6002597e+00  -1.6035673e-02   7.0926474e-03   7.3518387e-04
   2.0019443e-01   4.9165103e-01   1.6338114e+00  -1.6449582e-02   7.2595251e-03   6.6557811e-04
