   0.0000000e+00   0.0000000e+00  -7.1054274e-15   0.0000000e+00   0.0000000e+00   0.0000000e+00
  -2.8118299e-02  -1.4644783e-02  -5.3065498e-02   2.2536745e-04  -8.8019402e-05  -8.4081111e-04
  -1.3071122e-03  -1.0414186e-03  -6.0589068e-02   7.0408974e-04  -5.3474435e-04  -1.1074271e-04
  -3.0944665e-02  -3.2535910e-02  -2.1162639e-02   1.4042052e-05  -4.1264429e-04  -6.4381071e-04
  -1.6833833e-03  -3.8606379e-02  -2.2591496e-02   4.8747823e-04  -7.5155034e-04  -9.3527722e-05
   5.8483708e-03  -3.9365143e-05  -4.5465212e-02   1.9348473e-04  -9.1927289e-04   2.4311584e-04
   9.2207038e-04  -5.6879558e-03  -5.7728726e-02   7.2331082e-04  -1.3256152e-03   1.4138033e-04
   7.8688771e-03   2.2899120e-02  -4.1806130e-02  -2.3740868e-04  -1.6193248e-03   2.5598711e-04
   1.4217248e-02   8.7168819e-03  -4.8788863e-02  -1.7560251e-04  -1.4445079e-03   1.8809066e-04
  -4.2090500e-03   1.4405733e-02  -9.2807911e-03  -5.8399081e-04  -1.6508634e-03  -2.1421625e-04
   8.1482293e-03   1.0945139e-02  -1.1516637e-02  -5.2089255e-04  -1.7727480e-03  -4.5328183e-05
   1.2585610e-02   1.1649305e-02  -5.1335466e-04  -2.7817197e-04  -1.9715371e-03   3.4471300e-06
   2.2396964e-02  -1.2079766e-02  -1.2367729e-03  -2.6702616e-04  -1.4594146e-03   9.6747310e-05
   2.1603679e-02   3.2931665e-02   1.7458312e-02  -9.2829396e-04  -1.8932913e-03   6.6852128e-05
   2.0982708e-02   3.1711668e-02  -3.6256627e-03  -6.5813257e-04  -1.6309486e-03   2.0314835e-04
   2.7286466e-02   5.4438909e-02   4.0221077e-02  -1.3616339e-03  -2.0326216e-03   4.3168713e-04
   3.4016092e-02   6.2137620e-02   2.1073024e-02  -8.0263814e-04  -1.7868271e-03   3.3047373e-04
   3.4947050e-02   4.7582419e-02   3.1808744e-02  -1.2100074e-03  -1.8659848e-03   2.7435929e-04
   2.3740308e-02   3.8726925e-02   5.3885582e-02  -1.1413120e-03  -1.7528945e-03   4.4933626e-04
   3.3975605e-02   3.4431569e-02   3.8503591e-02  -8.5480800e-04  -2.0050559e-03   7.9705113e-04
   1.4520852e-03   3.3519337e-02   9.0074730e-02  -1.6618530e-03  -1.6676065e-03   2.4840077e-04
   1.3161385e-02   5.8962848e-02   8.0802155e-02  -1.2439429e-03  -1.8579790e-03   5.4655107e-04
   3.8631814e-03   4.6998020e-02   9.4574286e-02  -1.3725832e-03  -1.9296629e-03   3.1957702e-04
   2.4467017e-03   7.2738582e-02   7.9656854e-02  -1.0648498e-03  -1.8769648e-03   1.5634505e-04
   2.0496509e-02   7.7069597e-02   3.1709386e-02  -1.6639609e-04  -1.8357434e-03   5.8630498e-04
   3.2672820e-02   8.5266294e-02   2.9895342e-02   3.4161075e-05  -1.9567238e-03   8.2008535e-04
   2.3530326e-02   7.4516581e-02   7.7822495e-02  -6.1331315e-04  -1.9119978e-03   4.8739243e-04
   1.0674892e-02   7.6751128e-02   4.1782016e-02   1.1173051e-04  -2.1899675e-03   3.1896428e-04
   9.1875155e-03   6.1135726e-02   2.0860377e-02   8.2917763e-04  -1.9214136e-03   5.5131071e-04
   6.4361195e-04   8.5867467e-02   1.0186379e-01   1.5008930e-04  -2.1136143e-03   3.9221265e-04
   7.1166589e-03   8.1534477e-02   1.0014608e-01   1.8115392e-04  -1.8345936e-03   4.1645017e-04
   1.1348385e-02   9.6437740e-02   7.8142030e-02   1.0858926e-03  -2.0844812e-03   3.7422102e-04
   9.6163397e-03   1.1058389e-01   1.1808811e-01  -5.0216456e-04  -2.4712197e-03   1.8211647e-04
  -5.9639029e-03   1.1356331e-01   1.1239146e-01   1.0657010e-04  -2.6755554e-03  -2.0349804e-04
  -1.2140489e-02   1.2280953e-01   9.0053274e-02  -2.3804017e-04  -3.0934752e-03  -3.7718220e-04
  -3.3488575e-02   1.0281192e-01   1.3394211e-01  -1.7771154e-04  -2.6978873e-03  -5.9340256e-04
  -4.5691072e-02   1.1824666e-01   1.4300211e-01  -4.0097725e-05  -2.8038581e-03  -8.5985002e-04
  -3.3188693e-02   9.8666150e-02   1.4548861e-01  -5.3253203e-04  -2.6259706e-03  -7.7752158e-04
  -4.0066716e-02   1.1778812e-01   1.0978984e-01   1.0598765e-04  -2.7115648e-03  -9.6867217e-04
  -3.7770655e-02   1.2262364e-01   1.0975309e-01  -2.0098124e-04  -2.7680572e-03  -6.8537277e-04
  -2.4002438e-02   1.3683091e-01   1.0277829e-01   1.4696625e-03  -2.7814436e-03  -7.3837784e-04
  -2.2352400e-02   1.2956333e-01   1.2385298e-01   1.0688400e-03  -3.0150996e-03  -4.6786732e-04
  -2.4790185e-02   1.3806905e-01   1.2679334e-01   1.0796503e-03  -2.9090600e-03  -4.7426669e-04
  -2.4955048e-02   1.2719908e-01   1.3781410e-01   1.1960127e-03  -3.0089967e-03  -5.6536185e-04
  -1.8737135e-02   1.2840217e-01   1.4858676e-01   7.7791362e-04  -2.8981692e-03  -3.2121693e-04
  -2.1748431e-02   1.1237360e-01   1.8354089e-01  -1.2193829e-05  -3.2303671e-03  -6.2534281e-04
  -1.7863963e-02   1.1247965e-01   2.2331692e-01  -5.9470666e-04  -3.4239786e-03  -5.3531543e-04
  -3.3573884e-03   1.4037968e-01   2.1598851e-01   1.7903737e-04  -3.6197506e-03  -9.6705488e-05
  -1.5772892e-02   1.5426378e-01   1.9023105e-01   8.1994684e-04  -3.6652964e-03  -3.1302152e-04
  -2.1399552e-03   1.5034179e-01   1.8193713e-01  -4.4342090e-04  -3.6581123e-03  -1.7102828e-04
  -1.3080679e-02   1.6632120e-01   1.7546399e-01  -9.1521560e-04  -3.5916148e-03  -2.7350717e-04
  -3.1026289e-02   1.3773793e-01   2.2669326e-01  -1.0175075e-03  -3.3601773e-03  -4.0449008e-04
  -1.4971305e-02   1.6437280e-01   2.6122054e-01  -1.2724455e-03  -3.1616096e-03  -3.2028876e-04
  -1.0447603e-02   1.5973756e-01   2.4981117e-01  -1.1640085e-03  -3.7187053e-03   5.7528350e-05
  -2.7312442e-02   1.7524100e-01   2.5062701e-01  -1.2382691e-03  -3.8232056e-03  -3.3850796e-04
  -3.0705269e-02   1.6239957e-01   2.6056457e-01  -7.7008860e-04  -3.6162066e-03  -4.4278795e-04
  -3.2670703e-02   1.6686161e-01   2.1365305e-01   1.8364828e-04  -3.2147856e-03  -5.7884450e-04
  -4.3950680e-02   1.6420576e-01   3.5654975e-01  -9.3272696e-04  -3.4287959e-03  -5.2484272e-04
  -7.1637109e-02   1.1436593e-01   1.4620655e-01   2.4734692e-04  -3.1146132e-03  -9.5242556e-04
  -9.8489841e-02   1.3518930e-01   1.9468577e-01  -7.5842800e-04  -2.6672409e-03  -1.5111543e-03
  -6.0973334e-02   1.6284690e-01   2.3265495e-01  -5.7396549e-04  -3.1416928e-03  -9.8923637e-04
  -7.1231974e-02   1.7584056e-01   3.3885750e-01  -1.2820516e-03  -3.1622477e-03  -8.3282122e-04
  -9.7146913e-02   1.8436370e-01   3.3088889e-01   4.3022516e-04  -3.4593451e-03  -1.1071924e-03
  -8.0521288e-02   1.9499393e-01   3.3631087e-01   1.6473730e-04  -4.0332831e-03  -1.0445417e-03
  -1.2690876e-01   1.8811915e-01   3.6198052e-01   2.4244871e-04  -4.0844205e-03  -2.0026226e-03
  -1.0055806e-01   1.7616200e-01   4.3845142e-01  -1.7077272e-03  -3.8665442e-03  -9.1877948e-04
  -1.2411453e-01   1.7887375e-01   4.4194445e-01  -2.2124505e-03  -3.8905994e-03  -1.3524916e-03
  -9.9696157e-02   1.9574755e-01   4.0863689e-01  -1.7788742e-03  -3.8406694e-03  -9.2909495e-04
  -1.1222349e-01   2.1615338e-01   4.0905044e-01  -1.5447823e-03  -4.4074865e-03  -1.1940439e-03
  -9.7074758e-02   2.1194841e-01   3.7264094e-01  -7.7309431e-04  -4.7799763e-03  -8.5700834e-04
  -9.9517541e-02   2.1190821e-01   3.8722180e-01  -6.1475307e-04  -4.4346598e-03  -8.3677489e-04
  -1.0310715e-01   2.1874415e-01   3.8662370e-01  -7.0402621e-04  -4.3428188e-03  -8.7021779e-04
  -1.1808864e-01   2.1281629e-01   4.0292001e-01  -7.9630714e-04  -4.3447133e-03  -1.2611088e-03
  -1.1368254e-01   2.0127550e-01   4.1910737e-01  -1.6699266e-03  -4.3662994e-03  -1.3371239e-03
  -1.1711407e-01   2.1195187e-01   4.6374453e-01  -1.5900322e-03  -4.6145479e-03  -1.2117290e-03
  -1.1643546e-01   2.2734489e-01   4.4847981e-01  -2.7870779e-03  -4.4426859e-03  -1.2585543e-03
  -1.1587538e-01   2.0667976e-01   4.8624920e-01  -2.6442955e-03  -4.4875777e-03  -1.1635296e-03
  -1.0899848e-01   2.1015474e-01   5.1290159e-01  -4.1211174e-03  -4.5033578e-03  -1.0591235e-03
  -9.4949719e-02   1.9095933e-01   5.5385332e-01  -3.7707145e-03  -4.8236335e-03  -1.1357911e-03
  -9.1617726e-02   2.0030984e-01   5.5916765e-01  -4.5053251e-03  -5.0403422e-03  -1.0222676e-03
  -1.0259445e-01   1.9388001e-01   5.4024075e-01  -3.2252126e-03  -5.1073137e-03  -1.3647856e-03
  -1.2004649e-01   2.0396710e-01   4.6450570e-01  -4.2790481e-03  -5.1047482e-03  -1.4869194e-03
  -1.4566027e-01   2.0921962e-01   4.9865788e-01  -2.9294669e-03  -4.8511241e-03  -2.2432205e-03
  -1.1019036e-01   2.4498471e-01   4.7782913e-01  -4.3576474e-03  -4.9373408e-03  -1.5892220e-03
  -8.0689208e-02   3.0351093e-01   4.4116382e-01  -2.7926909e-03  -5.2472747e-03  -4.1753443e-04
  -8.0690222e-02   2.0194464e-01   4.5593639e-01  -1.4502230e-03  -5.1284976e-03  -7.0701980e-04
  -1.3338765e-01   3.6389514e-01   5.2874748e-01  -7.2819261e-04  -5.3707413e-03  -1.5636829e-03
  -1.0975677e-01   2.3104222e-01   2.5987350e-01   1.5394171e-03  -5.5654360e-03  -7.1426287e-04
  -5.5548917e-02   2.2869731e-01   2.8574791e-01   8.9035982e-04  -5.4725591e-03   4.9505788e-04
  -2.5733614e-02   2.6820190e-01   3.4386665e-01   1.7102547e-03  -5.1647359e-03   1.2193788e-03
  -3.9379052e-02   2.5444930e-01   4.6280818e-01   1.1286554e-03  -5.6042912e-03   1.1639735e-03
  -5.5121893e-02   2.5458700e-01   4.4047332e-01   1.0907922e-03  -5.0931338e-03   7.4973915e-04
  -2.7104657e-02   2.6675035e-01   4.1838934e-01   1.1529146e-03  -5.2367481e-03   1.4669370e-03
  -4.6588425e-02   2.7516618e-01   4.3826476e-01   5.6408845e-04  -5.5311417e-03   7.8811197e-04
  -3.2227832e-02   2.4391979e-01   4.5422018e-01   3.4020723e-04  -5.2234766e-03   1.3842755e-03
  -2.7485302e-02   2.7825534e-01   4.4863729e-01  -5.6897291e-04  -4.9984713e-03   1.2882339e-03
  -2.4345258e-02   2.7021209e-01   4.3684717e-01  -8.9419396e-04  -5.0314603e-03   1.5804455e-03
  -3.5432060e-02   2.6772921e-01   4.4670077e-01  -3.6251702e-04  -5.3248205e-03   1.1372804e-03
  -4.7315663e-02   2.5400880e-01   4.7664159e-01  -1.5737957e-03  -5.4596742e-03   1.2358017e-03
  -5.9557088e-02   2.6221333e-01   4.8056427e-01  -8.1965346e-04  -5.6528686e-03   8.5256875e-04
  -6.7204552e-02   2.9106645e-01   4.5405450e-01  -5.1224744e-04  -5.6520694e-03   1.0446430e-03
  -6.3022255e-02   2.8423844e-01   4.5972916e-01  -1.1527112e-03  -5.5023519e-03   7.9047064e-04
  -6.6465668e-02   3.0540482e-01   4.6256972e-01  -5.2353513e-05  -5.6655141e-03   1.0585143e-03
  -6.4126646e-02   2.9090366e-01   4.6342001e-01  -9.6948562e-04  -5.6413222e-03   9.7356409e-04
  -5.6040780e-02   2.7679579e-01   3.8398633e-01   5.7258213e-04  -6.8052234e-03   1.4914908e-03
  -8.0594756e-02   2.7803991e-01   4.8271604e-01  -9.6043489e-04  -6.3807548e-03   7.2982259e-04
  -5.3149727e-02   2.2137393e-01   4.5949319e-01  -8.0053130e-04  -6.3193522e-03   1.7353808e-03
  -1.5813939e-01   2.4733222e-01   2.8410589e-01   2.0202094e-03  -6.3102771e-03  -1.6098145e-03
  -1.7592137e-01   3.0583657e-01   3.8696906e-01  -1.9588615e-03  -7.0843754e-03  -8.0279380e-04
  -9.0537162e-02   2.6499144e-01   4.0757906e-01  -3.0379219e-03  -7.0320789e-03   1.0667694e-03
  -1.0489170e-01   2.6243560e-01   4.7333629e-01  -4.4360007e-03  -6.4253084e-03   8.9042516e-04
  -6.8271344e-02   2.7853401e-01   4.4215994e-01  -2.2940311e-03  -6.3645078e-03   1.6419411e-03
  -5.9826832e-02   2.8164438e-01   4.7121502e-01  -3.3709024e-03  -6.4672991e-03   1.4352921e-03
  -1.5105650e-02   2.6109989e-01   4.9659211e-01  -2.5035526e-03  -6.1199641e-03   2.4565169e-03
  -6.5711870e-02   2.7669801e-01   5.0195056e-01  -2.9546024e-03  -6.3556618e-03   1.7124096e-03
  -3.2998695e-02   2.7608326e-01   4.6873449e-01  -1.8836494e-03  -5.8826099e-03   1.8848153e-03
  -2.3605706e-02   3.0321399e-01   5.0871088e-01  -3.2627014e-03  -6.6826477e-03   2.1058724e-03
  -1.6261203e-02   2.7894904e-01   4.5053351e-01  -2.6290444e-03  -5.7907909e-03   1.9404371e-03
  -4.1515147e-02   3.1693613e-01   5.1829160e-01  -1.8415755e-03  -6.8481088e-03   2.1587874e-03
  -1.5924668e-02   2.6841638e-01   4.9231336e-01  -1.5790587e-03  -6.4237432e-03   2.3395522e-03
  -4.1842144e-02   2.8524737e-01   5.7916733e-01  -2.8649597e-03  -6.3843309e-03   1.9052777e-03
  -5.5029533e-02   2.8032925e-01   5.9584635e-01  -2.7383657e-03  -6.9239267e-03   1.9183397e-03
  -5.6779798e-02   2.7693420e-01   6.0801202e-01  -3.2643749e-03  -7.1379802e-03   1.4087101e-03
  -6.4235516e-02   3.0380859e-01   5.5962052e-01  -2.4893700e-03  -7.3609947e-03   1.8181039e-03
  -7.2588548e-02   2.9721004e-01   5.8533419e-01  -2.5402906e-03  -7.0648028e-03   1.1863755e-03
  -6.1420671e-02   2.6537555e-01   5.9876214e-01  -3.6614162e-03  -6.8406803e-03   1.4961575e-03
  -8.7201422e-02   2.6184514e-01   6.8078572e-01  -4.4507520e-03  -7.1001878e-03   8.3182943e-04
  -6.5010491e-02   2.7269394e-01   6.3901711e-01  -5.3007218e-03  -7.6052963e-03   1.4340299e-03
  -4.2759895e-02   2.7912601e-01   6.0782720e-01  -4.9685779e-03  -6.9191729e-03   1.5519659e-03
  -6.9157648e-02   2.8445745e-01   6.5541197e-01  -5.2780950e-03  -7.1779248e-03   1.3368924e-03
  -7.8297227e-02   2.7427077e-01   6.3356673e-01  -4.9638019e-03  -6.8876540e-03   1.0038226e-03
  -6.3557456e-02   2.9066896e-01   6.6894275e-01  -5.6275128e-03  -7.5562127e-03   1.2480289e-03
  -8.2457228e-02   2.6570403e-01   6.9409106e-01  -6.2637644e-03  -7.2777523e-03   8.9919501e-04
  -7.8869201e-02   2.8307234e-01   6.9449255e-01  -5.8903837e-03  -7.4071125e-03   1.0292816e-03
  -1.1410997e-01   2.4925411e-01   6.8324430e-01  -6.0860058e-03  -7.5170948e-03   6.1394156e-04
  -1.1043071e-01   2.7726330e-01   6.8350809e-01  -5.9458438e-03  -7.8668039e-03   5.1943373e-04
  -9.2319862e-02   2.5768703e-01   6.6453748e-01  -5.9752999e-03  -7.5372792e-03   5.7215846e-04
  -1.1236638e-01   2.6024329e-01   6.9124256e-01  -6.6152991e-03  -7.5544905e-03   2.0601473e-04
  -9.0279384e-02   2.7394460e-01   6.7582516e-01  -6.8453393e-03  -7.6913017e-03   6.0849701e-04
  -1.2283251e-01   2.7604175e-01   7.1319015e-01  -7.0338394e-03  -7.7060138e-03  -2.1475027e-04
  -1.0416244e-01   2.7685244e-01   6.8834286e-01  -7.3848230e-03  -7.5561604e-03   2.6700294e-04
  -9.7632513e-02   2.7697521e-01   7.3399896e-01  -7.1521075e-03  -7.3675932e-03   4.8524840e-04
  -1.1063792e-01   2.8230005e-01   7.2376425e-01  -7.7220244e-03  -8.0392462e-03   4.4462188e-04
  -8.6029833e-02   2.8736843e-01   6.7259946e-01  -7.0661242e-03  -7.2580737e-03   5.6321222e-04
  -8.0068184e-02   2.7470420e-01   6.8147753e-01  -6.7062263e-03  -7.6137556e-03   7.1669824e-04
  -8.1827227e-02   2.6413294e-01   7.0395302e-01  -8.2234666e-03  -7.7295900e-03   6.2845436e-04
  -6.3626989e-02   2.8632823e-01   6.8311838e-01  -7.5832282e-03  -7.7785766e-03   9.3604590e-04
  -7.0482501e-02   2.9722978e-01   6.6846925e-01  -7.9110650e-03  -7.7735713e-03   1.0132069e-03
  -8.3330382e-02   2.9228766e-01   6.6743200e-01  -6.8047588e-03  -7.5555378e-03   5.5977851e-04
  -8.9447222e-02   3.1937576e-01   7.0168649e-01  -7.5183284e-03  -7.6721599e-03   6.8227013e-04
  -7.0290716e-02   3.1801430e-01   6.5557565e-01  -5.9700474e-03  -8.9557951e-03   1.3435666e-03
  -3.6301178e-02   3.0226413e-01   6.5435932e-01  -5.9352337e-03  -8.4907843e-03   1.7432694e-03
  -3.6842500e-02   2.9797836e-01   6.6491461e-01  -6.2430110e-03  -8.1989394e-03   1.6210840e-03
  -4.9527848e-02   2.7554787e-01   7.3467483e-01  -6.3270271e-03  -7.5928157e-03   1.3911237e-03
  -4.5579752e-02   3.0839248e-01   7.7804255e-01  -7.9830967e-03  -7.6239803e-03   1.2096305e-03
  -7.7933861e-02   2.9482683e-01   6.9293646e-01  -6.4144264e-03  -6.9013955e-03   1.2777587e-03
   7.5769981e-03   3.0198308e-01   6.9454221e-01  -7.3720317e-03  -6.1352498e-03   2.9635702e-03
  -6.8365833e-02   3.0607739e-01   6.9138886e-01  -8.2717063e-03  -6.8707525e-03   1.8234160e-03
  -4.4236540e-02   2.6981435e-01   6.9221400e-01  -6.4762695e-03  -6.4770940e-03   1.5892834e-03
  -3.2108569e-01   3.3474273e-01   6.5135936e-01  -1.0173374e-02  -8.5428840e-03   1.3614177e-04
  -3.4511945e-01   2.8828264e-01   8.3594819e-01  -1.5122891e-02  -8.2612963e-03  -7.0498857e-04
  -2.1949609e-01   2.5482428e-01   7.6863621e-01  -1.1026463e-02  -8.4165495e-03   4.2351498e-04
  -1.9848461e-01   3.1069590e-01   8.4523765e-01  -1.0645673e-02  -8.3783883e-03   7.5905613e-04
  -1.8328810e-01   2.6995935e-01   8.4552889e-01  -9.5882098e-03  -8.2622099e-03   5.2211061e-04
  -1.7327694e-01   2.6943789e-01   8.7861735e-01  -1.1130962e-02  -8.6006039e-03   5.9905593e-04
  -1.5964996e-01   2.9183310e-01   8.4972072e-01  -9.8707199e-03  -8.6715733e-03   7.3872215e-04
  -1.6960985e-01   2.8384799e-01   8.5159813e-01  -1.0428986e-02  -8.6245213e-03   7.0485151e-04
  -1.5264922e-01   2.9120110e-01   8.4139074e-01  -9.8699545e-03  -8.6687141e-03   8.6967540e-04
  -1.6050389e-01   3.0348221e-01   8.7326428e-01  -1.0588639e-02  -8.7345404e-03   7.4694747e-04
  -1.6495260e-01   2.6732776e-01   8.6301196e-01  -1.0391764e-02  -8.9740464e-03   3.5607763e-04
  -1.8600188e-01   2.6214196e-01   8.9447857e-01  -1.1055706e-02  -8.9075936e-03   1.4508362e-04
  -1.5619136e-01   3.0584444e-01   8.5134653e-01  -1.0985657e-02  -8.9714092e-03   8.2676897e-04
  -1.3876087e-01   2.9968879e-01   8.7485205e-01  -1.1047259e-02  -8.9699625e-03   8.7483154e-04
  -1.4417596e-01   3.0236345e-01   8.6728216e-01  -1.0699675e-02  -9.3121679e-03   7.1785123e-04
  -1.7339074e-01   3.0692580e-01   8.9974140e-01  -1.1192071e-02  -9.6317661e-03   4.3369340e-04
  -1.5415720e-01   3.1155736e-01   8.9056988e-01  -1.0794232e-02  -9.7119102e-03   6.3174945e-04
  -1.4002222e-01   2.5186394e-01   8.7133781e-01  -1.1394336e-02  -8.9164081e-03   9.3499870e-04
  -1.3800290e-01   2.2925797e-01   9.1884966e-01  -1.1777509e-02  -9.0722476e-03   9.3605565e-04
  -1.7011808e-01   2.7046818e-01   8.8819765e-01  -1.1761612e-02  -9.0225323e-03   4.7959020e-04
