   0.0000000e+00  -1.1143431e-14  -6.4314986e-15  -5.4824395e-17  -1.1525547e-17  -4.0122781e-18
  -1.5421130e-02   5.9600529e-02   8.3345264e-02  -3.2781650e-04  -3.2066486e-04  -1.2804374e-04
   1.6677928e-03   6.2018359e-02   6.4107696e-02  -4.1861124e-04  -2.6868155e-04  -5.0219209e-05
   9.3674888e-03   4.4280049e-02   4.1471218e-02  -1.1293936e-03  -1.3025469e-04   2.8796320e-05
   5.6171795e-03   2.0133213e-02   4.0923598e-02  -1.3007767e-03  -1.1372005e-04   1.5112870e-04
  -1.2941252e-03   2.7416579e-02   7.8109575e-02  -8.2891917e-04  -1.3624383e-04   3.2667385e-04
   2.3837877e-02  -1.8661725e-03   4.4710372e-02  -1.2064526e-03   4.1906420e-06   2.8535035e-04
   1.3968071e-02   3.2885870e-02   7.1396578e-02  -7.4004983e-04  -7.8220988e-05   5.0285731e-04
   2.8011602e-03   5.5594930e-02   7.9640896e-02  -1.1208587e-03  -5.7376183e-06   2.8714587e-04
   2.7186425e-03   6.1868939e-02   1.0197808e-01  -9.3401027e-04  -2.0834227e-04   2.5038591e-04
  -2.4594628e-03   3.0000902e-02   4.9607838e-02  -7.0953142e-04  -1.6905049e-04   5.6938949e-04
   1.1846694e-02   1.7959319e-01   2.1382429e-01  -1.1303675e-03   2.3732005e-04   6.4264101e-04
  -1.1138466e-02   8.1052437e-02   1.1278297e-01  -1.0918647e-03  -1.6333420e-05   2.6672391e-05
   8.5193692e-03   3.1559188e-04   8.8942771e-02  -7.3005768e-04  -1.8487621e-04   1.7488183e-04
   6.4081681e-03   3.4237493e-03   4.4180851e-02  -5.3590936e-04  -4.2218769e-04   2.6160786e-04
   1.8348706e-02   4.3183971e-02   5.2499629e-02  -5.7981342e-05  -4.2090553e-04   5.1010891e-04
   1.4070404e-02   5.1772291e-02   1.2753804e-01  -6.6063254e-04  -2.8885680e-04   3.0702096e-04
   1.5676662e-02   6.2869652e-02   9.0090860e-02  -4.4475986e-04  -4.5982455e-04   2.9602693e-04
   1.8562882e-02   2.8159584e-02   1.1782496e-01  -4.6078843e-04  -3.7142102e-04   3.4023871e-04
   8.1864861e-04   7.7315793e-02   9.5811388e-02  -4.4149843e-04  -4.5394213e-04   8.7794690e-05
   4.5433656e-03   9.5806786e-02   1.1167666e-01  -7.5693718e-04  -3.2541849e-04   3.4588909e-04
   1.0954543e-02   1.0002213e-01   1.1645797e-01  -2.2405725e-04  -3.1362210e-04   4.8415352e-04
   4.1882235e-03   9.1365943e-02   1.2064691e-01  -2.7641877e-04  -2.7257321e-04   5.0172845e-04
   8.2811977e-03   1.1026689e-01   1.3099657e-01  -8.4521723e-05  -3.8380896e-04   5.5796736e-04
  -4.7838664e-04   1.1508602e-01   1.5960613e-01  -1.1703848e-04  -4.6349761e-04   3.7283021e-04
  -1.0648849e-02   1.3560447e-01   1.7071404e-01  -1.0493687e-04  -4.8243473e-06   3.6491731e-04
  -5.5631912e-03   1.1169030e-01   5.9720192e-02  -1.1121307e-04  -8.2566650e-05   1.9010567e-05
  -1.4187893e-02   1.4238138e-01   1.3716244e-01   8.8157408e-05  -4.4285733e-04   5.1994542e-04
   1.2147747e-03   9.3528914e-02   2.0759710e-01   5.6172513e-04  -3.8905896e-04   1.0206298e-03
  -2.9947986e-03   7.6750552e-02   1.9018726e-01   7.1003265e-04  -4.0605551e-04   9.5071928e-04
  -8.2967987e-04   9.5073223e-02   2.0552990e-01   2.6938053e-04  -3.1382785e-04   1.1873532e-03
  -1.8981007e-02   1.1153022e-01   1.9495936e-01  -3.9574303e-06  -2.0561300e-04   1.0582897e-03
  -1.2770447e-02   9.4095267e-02   2.3155915e-01  -3.8890184e-04  -2.0581387e-04   1.0664193e-03
  -2.0988536e-02   7.4475624e-02   2.7409975e-01  -7.5069616e-04   1.9344463e-05   9.8371533e-04
  -1.8631724e-02   5.8688008e-02   2.9072455e-01  -6.6777887e-04   3.4063366e-05   1.3294203e-03
  -1.8041296e-02   6.2727685e-02   3.0121344e-01  -3.7818947e-04   1.1705252e-04   1.3304800e-03
  -5.2447215e-03   5.9292660e-02   3.2612001e-01  -1.6076393e-04   3.5178123e-04   1.6719951e-03
  -9.9113522e-03   5.2750543e-02   3.2224742e-01  -1.1790689e-04   4.2279829e-04   1.6294753e-03
  -2.6019994e-02   7.3423426e-02   3.3426051e-01  -1.3576941e-04   7.2490670e-04   1.4697003e-03
  -1.3604317e-02   8.6764867e-02   3.5737273e-01  -3.4147130e-04   3.1538125e-04   2.0054405e-03
  -8.1525756e-03   8.6465614e-02   3.5348885e-01   3.1402148e-04   4.7733508e-04   1.7993790e-03
   1.1272643e-02   1.0481532e-01   3.3742468e-01   2.8824392e-04   1.8625395e-04   2.1146909e-03
   3.1684939e-03   1.2337558e-01   3.3180380e-01   7.1921369e-04   3.1263413e-04   1.9952912e-03
   1.9597766e-03   9.7693724e-02   2.9827219e-01   1.3401045e-03   1.7280821e-04   2.1432329e-03
  -2.9538304e-02   1.1874305e-01   3.4045518e-01   6.9220315e-04   1.7581091e-04   1.6831909e-03
  -7.9385385e-03   1.1662093e-01   3.5261297e-01   1.0590437e-03   6.0533958e-05   1.9547869e-03
   4.0357173e-03   1.0419279e-01   3.6040318e-01   1.2652783e-03   3.6828445e-05   2.0038003e-03
   2.8276043e-02   1.4665650e-01   3.4729580e-01   1.5978046e-03   2.0316555e-05   2.2530474e-03
   2.4843037e-02   1.2464623e-01   3.4646016e-01   1.7615519e-03  -9.1151575e-05   2.3153977e-03
   6.7539517e-02   8.9610989e-02   3.0191165e-01   2.6977270e-03  -1.0639074e-04   3.1759320e-03
   3.8746189e-02   5.6630788e-02   3.3725574e-01   3.3995710e-03   1.5482968e-04   2.8395678e-03
   2.4173570e-02   1.1612890e-01   3.1869266e-01   2.5311090e-03   1.6255202e-06   2.4833650e-03
  -3.9022549e-03   1.3632494e-01   3.0071223e-01   2.0198602e-03   5.2791195e-04   2.2314737e-03
  -4.5001579e-03   1.1629932e-01   2.9911147e-01   2.2786394e-03   3.3338508e-04   2.2709180e-03
   3.4998579e-02   8.7043111e-02   2.2687007e-01   2.0627677e-03   6.9388961e-04   2.3105126e-03
  -5.9947810e-03   1.1486282e-01   2.6111646e-01   2.3606080e-03   1.4408335e-03   2.0659154e-03
  -1.5428597e-02   1.0200013e-01   3.4811610e-01   1.9997521e-03   1.0904499e-03   2.0928482e-03
  -2.4514674e-02   9.7603773e-02   2.9884935e-01   2.8151372e-03   1.2618221e-03   2.0414566e-03
   4.3256086e-03   9.9324256e-02   3.6194204e-01   1.8766949e-03   1.3802683e-03   2.3606818e-03
   1.2899882e-03   7.3136417e-02   3.3131285e-01   2.1637504e-03   1.2466183e-03   2.5028674e-03
  -4.4634207e-02   7.4834435e-02   4.0211919e-01   1.3274416e-03   1.5436820e-03   1.8044667e-03
  -1.8055365e-01   1.8153178e-01   1.2855312e-01   2.8207187e-03   1.2609536e-03  -2.0155865e-04
  -8.7105583e-02   1.3397287e-01   2.5840541e-01   1.8957262e-03   1.8675538e-03   1.0257034e-03
  -7.5595003e-02   3.9432215e-01   6.1914211e-01   1.0543531e-03   2.1992763e-03   5.2021443e-04
  -2.3740919e-02   2.5009077e-01   2.8449655e-01   3.3612891e-03   7.0548489e-04   1.3048723e-03
  -6.4018274e-03   5.5648071e-02   2.0236636e-01   2.9674352e-03   9.8249003e-04   1.6312713e-03
  -9.8916337e-02   3.0837732e-02   1.9256416e-01   2.7313713e-03   1.2221577e-03   4.9959412e-04
  -1.3602347e-01  -5.5366622e-03   1.9411668e-01   3.5537199e-03   1.0786780e-03  -1.7403279e-04
  -1.3430691e-01   6.8922107e-02   2.1233355e-01   3.3789780e-03   1.0864928e-03  -4.4137484e-04
  -1.3902071e-01   1.0940062e-01   1.7439521e-01   2.9824744e-03   1.5377482e-03  -1.0505971e-03
  -1.4654985e-01   1.2496358e-01   1.0190860e-01   4.1919621e-03   9.4035075e-04  -1.3007473e-03
  -1.4797208e-01   1.5857388e-01   1.6682075e-01   3.1371831e-03   1.4167326e-03  -1.5178323e-03
  -1.6464182e-01   1.8138680e-01   1.6327620e-01   2.8464874e-03   1.4015744e-03  -1.9355996e-03
  -2.1221038e-01   1.9248142e-01   2.0302611e-01   2.1608433e-03   1.6682739e-03  -2.5662028e-03
  -2.0054111e-01   1.7287449e-01   1.7544537e-01   1.5910824e-03   1.5839143e-03  -2.3421283e-03
  -2.1938192e-01   1.8287391e-01   1.8611620e-01   1.4207927e-03   1.7470117e-03  -2.5907269e-03
  -2.1583525e-01   1.6289521e-01   2.1774777e-01   1.2045738e-03   1.5972638e-03  -2.4331381e-03
  -2.1612923e-01   1.5468099e-01   1.9454016e-01   1.7249805e-03   1.5623746e-03  -2.5453994e-03
  -2.2186002e-01   1.4907263e-01   2.2609725e-01   1.1780561e-03   1.6318469e-03  -2.6288589e-03
  -2.3175579e-01   1.1246914e-01   2.4906037e-01   1.6595934e-03   1.7875744e-03  -2.4168007e-03
  -2.1307606e-01   1.1268380e-01   2.4878428e-01   1.2512642e-03   1.5788223e-03  -1.9739957e-03
  -2.4370185e-01   1.0675901e-01   2.0782966e-01   1.9834458e-03   1.7499882e-03  -2.4649026e-03
  -2.3507824e-01   1.3020049e-01   2.4771810e-01   2.7077476e-03   1.9454812e-03  -2.2194701e-03
  -2.2856267e-01   1.5541276e-01   2.9080543e-01   1.3782431e-03   1.6025026e-03  -2.0507989e-03
  -2.3971261e-01   1.8401347e-01   2.5631815e-01   1.4611680e-03   1.7022215e-03  -2.2211288e-03
  -2.2818303e-01   2.1091811e-01   2.2386306e-01   2.6412590e-03   1.5594247e-03  -2.0603336e-03
  -2.3377925e-01   2.2184792e-01   1.8263429e-01   3.5384350e-03   1.3327808e-03  -2.1974457e-03
  -2.5021529e-01   2.3152595e-01   2.6009206e-01   1.9911222e-03   1.6249529e-03  -2.5582063e-03
  -2.5609121e-01   2.5615052e-01   2.2116873e-01   2.5361362e-03   1.6611375e-03  -2.6192221e-03
  -2.3742626e-01   2.3978775e-01   2.5008615e-01   2.0828407e-03   1.5225386e-03  -2.2446170e-03
  -2.4576247e-01   2.5704931e-01   2.1541999e-01   1.8074183e-03   1.5158213e-03  -2.2345742e-03
  -2.3379761e-01   2.7160365e-01   2.2172141e-01   1.4784622e-03   1.6644620e-03  -2.5277169e-03
  -2.2585185e-01   2.1485048e-01   1.1184219e-01   3.3318665e-03   1.2464185e-03  -2.1827495e-03
  -2.3089561e-01   2.3172006e-01   1.8992699e-01   2.6637247e-03   1.0051655e-03  -2.1952968e-03
  -2.3938944e-01   2.5021096e-01   1.9663908e-01   2.6497820e-03   1.1436279e-03  -2.2356969e-03
  -2.4515719e-01   2.5580832e-01   1.9042908e-01   2.2144879e-03   1.1144879e-03  -2.3708721e-03
  -2.6397308e-01   2.5838306e-01   1.8825084e-01   1.5867074e-03   1.3395473e-03  -2.3344933e-03
  -2.5974069e-01   2.1567053e-01   2.0990113e-01   1.2327811e-03   1.4106120e-03  -2.4986297e-03
  -2.5426681e-01   1.8234369e-01   2.3436448e-01   1.6933243e-03   1.2405730e-03  -2.1670203e-03
  -2.7218331e-01   1.8068141e-01   2.5368676e-01   1.5134073e-03   1.3565568e-03  -2.2975841e-03
  -2.6777873e-01   1.7444196e-01   2.4874994e-01   2.0630652e-03   1.0538094e-03  -2.1712009e-03
  -2.7538697e-01   2.0025694e-01   2.8413747e-01   1.7917373e-03   8.4509915e-04  -2.1568492e-03
  -2.5813202e-01   1.8987012e-01   2.6606721e-01   1.7311994e-03   6.9789154e-04  -2.0334850e-03
  -2.7233391e-01   2.0534518e-01   2.8321327e-01   1.6489965e-03   7.5632840e-04  -2.0974161e-03
  -2.6121891e-01   2.3301513e-01   2.6596647e-01   1.8632259e-03   7.3865370e-04  -2.0601050e-03
  -2.7838417e-01   2.5434838e-01   2.2705329e-01   1.8184612e-03   4.6678590e-04  -2.1461891e-03
  -2.8017298e-01   2.6566766e-01   2.3200182e-01   2.1123275e-03   6.9241540e-04  -2.2298051e-03
  -2.6725844e-01   2.7182924e-01   2.7379271e-01   1.6260445e-03   6.2251478e-04  -1.9701746e-03
  -2.6129311e-01   2.5774329e-01   2.3491408e-01   1.8784825e-03   5.9232187e-04  -2.0195399e-03
  -2.7183539e-01   2.5490854e-01   2.5499619e-01   1.5567763e-03   4.7448515e-04  -2.0889938e-03
  -2.6534344e-01   2.3895059e-01   2.4983080e-01   1.5988822e-03   4.8082377e-04  -1.9062029e-03
  -2.7463411e-01   3.0064766e-01   3.4353630e-01   1.4046247e-03   8.1098856e-04  -2.1064260e-03
  -2.6406436e-01   2.6121272e-01   2.7516420e-01   1.6261147e-03   7.3476775e-04  -1.8894086e-03
  -2.6426563e-01   2.4147580e-01   2.5106269e-01   1.7838907e-03   4.9665973e-04  -2.1702382e-03
  -2.6314842e-01   2.0945426e-01   2.5142024e-01   1.5836100e-03   4.8339515e-04  -2.0948596e-03
  -2.6276890e-01   2.1320538e-01   2.6422869e-01   1.7566486e-03   3.2805711e-04  -1.8803671e-03
  -2.6133003e-01   2.4306982e-01   2.5102221e-01   2.3743702e-03   3.2326431e-04  -1.7930032e-03
  -2.7820186e-01   2.5276505e-01   2.5088624e-01   1.5264130e-03   6.7891394e-04  -2.0774147e-03
  -2.6687158e-01   2.6719161e-01   2.6598930e-01   1.6550631e-03   4.9855238e-04  -1.8166083e-03
  -2.8742738e-01   2.7294819e-01   2.6570076e-01   9.0427087e-04   7.9297749e-04  -2.0706692e-03
  -2.8340966e-01   3.1909364e-01   2.9534387e-01   1.1638000e-03   8.5526223e-04  -2.0728930e-03
  -2.9831302e-01   2.6305640e-01   2.0058413e-01   1.6012390e-03   2.0674720e-04  -2.3121833e-03
  -2.7138046e-01   1.8751659e-01   1.5199460e-01   2.1649674e-03   6.4841908e-05  -2.4147649e-03
  -2.9826507e-01   2.7728931e-01   2.6263563e-01   3.2300719e-04   3.5615904e-04  -2.7805521e-03
  -2.9708245e-01   2.6734740e-01   2.8118427e-01   2.2520201e-04   2.2151336e-04  -2.9486844e-03
  -2.9712394e-01   2.4771052e-01   3.3749910e-01   1.0610869e-04   1.6349726e-04  -2.7335465e-03
  -3.1805185e-01   2.5247109e-01   3.3624014e-01   1.7963391e-04   2.7596568e-04  -2.9390153e-03
  -3.0971452e-01   2.2135396e-01   3.8323828e-01  -3.1505056e-04   3.9367916e-04  -2.7862565e-03
  -3.4031144e-01   2.2428789e-01   4.0622945e-01  -1.3615591e-04   2.2913423e-04  -2.9686492e-03
  -3.2255171e-01   2.6502870e-01   3.8510261e-01  -3.3781817e-04   1.3773425e-04  -2.6921825e-03
  -3.3104640e-01   2.6296528e-01   4.1174481e-01  -4.1302344e-04   4.3743084e-04  -2.9497596e-03
  -3.2110403e-01   2.5462050e-01   3.8818830e-01  -4.5665984e-05   4.6388118e-04  -2.8077024e-03
  -3.2146040e-01   2.3581210e-01   4.6852635e-01  -4.4687977e-04   8.6580527e-04  -2.5131339e-03
  -3.2526817e-01   2.3023033e-01   4.5213665e-01  -9.1930869e-05   5.8304184e-04  -2.6020470e-03
  -2.8993945e-01   2.5499286e-01   4.1252953e-01   2.5529789e-04   4.9206466e-04  -2.0694328e-03
  -2.9628214e-01   2.6966469e-01   4.2835499e-01   3.2802257e-04   8.8303767e-04  -2.1708354e-03
  -2.5122941e-01   2.2896434e-01   4.1093364e-01   7.8848086e-04   6.1301659e-04  -1.3561353e-03
  -2.3492174e-01   2.1993900e-01   3.3350876e-01   1.2194083e-03   3.5474382e-04  -9.1758130e-04
  -2.4765043e-01   2.8312629e-01   3.7986586e-01   6.7086007e-04   8.0182155e-04  -1.1858303e-03
  -2.6076479e-01   2.1035073e-01   3.3601839e-01   1.8992402e-03   9.6144060e-04  -1.2180422e-03
  -2.5954827e-01   2.8918431e-01   3.4868219e-01   1.9978436e-03   9.2115184e-04  -1.2477644e-03
  -2.6269344e-01   2.9547522e-01   3.8011811e-01   1.0145287e-03   6.3034886e-04  -1.1096719e-03
  -2.6605521e-01   3.1093430e-01   3.9238087e-01   4.2427359e-04   9.1817718e-04  -1.2513061e-03
  -2.6476408e-01   3.0206128e-01   4.1640484e-01  -2.7291844e-04   8.0490537e-04  -1.2830916e-03
  -2.7623873e-01   3.0630776e-01   4.1020021e-01  -4.1023126e-04   7.5064997e-04  -1.2734717e-03
  -2.7127272e-01   2.7315685e-01   4.5362714e-01  -8.2276161e-04   7.7349169e-04  -1.2644958e-03
  -2.6661175e-01   2.7457810e-01   4.2384374e-01  -3.5229129e-04   7.7086322e-04  -1.1488906e-03
  -2.8042601e-01   2.7568150e-01   4.6074200e-01  -4.7104972e-04   9.1419176e-04  -1.2403295e-03
  -2.5533183e-01   2.7026580e-01   4.4043126e-01   4.5654182e-04   7.1787377e-04  -6.0064794e-04
  -2.3813791e-01   2.6768703e-01   4.7508442e-01   8.1585076e-04   9.7906598e-04  -1.0469412e-04
  -2.5671312e-01   2.7677913e-01   3.8253256e-01   1.9236118e-04   1.0033566e-03  -1.2105953e-03
  -2.9223296e-01   2.7402703e-01   4.7957069e-01  -7.9099928e-04   9.9395085e-04  -1.1710233e-03
  -2.7901027e-01   2.6456724e-01   4.8909461e-01  -5.4983813e-04   1.2018652e-03  -1.1124780e-03
  -2.9582682e-01   2.4322046e-01   5.1085605e-01  -7.7357246e-04   1.3638749e-03  -1.2953040e-03
  -2.9081011e-01   2.3935465e-01   4.6120451e-01   2.9599330e-04   1.3704700e-03  -1.2684369e-03
  -2.7057149e-01   2.4163784e-01   5.1823177e-01  -1.9331000e-04   9.4329646e-04  -7.6045475e-04
  -2.9053387e-01   2.3553509e-01   4.5168860e-01   1.1626351e-03   1.2010808e-03  -1.0694092e-03
  -3.0635336e-01   2.2077848e-01   5.2288030e-01   1.2507040e-03   1.6720315e-03  -1.1173623e-03
  -2.8485386e-01   2.6228737e-01   5.7334581e-01  -1.2561864e-04   1.4536362e-03  -6.1544459e-04
  -2.9179212e-01   2.8742705e-01   5.0009164e-01  -1.9586501e-06   1.4430028e-03  -7.5378343e-04
  -2.9384994e-01   3.2454610e-01   4.7479910e-01   3.4655808e-04   1.4053027e-03  -7.3830701e-04
  -2.9740049e-01   3.2837604e-01   4.7381652e-01   1.1688421e-04   1.4316777e-03  -7.5488790e-04
  -2.9204658e-01   3.4712868e-01   5.0897234e-01  -6.5947003e-05   1.4016163e-03  -7.0408746e-04
  -3.0686601e-01   3.6519570e-01   5.4657618e-01  -4.3949521e-04   1.5685113e-03  -9.5533224e-04
  -3.0642592e-01   3.0504762e-01   5.3075530e-01  -6.7868906e-04   1.7340635e-03  -9.5820087e-04
  -3.0781395e-01   3.1179491e-01   5.5838297e-01  -8.9739684e-04   1.6553335e-03  -8.4877536e-04
  -3.1794641e-01   3.0062877e-01   5.5087999e-01  -1.1473135e-03   1.8901905e-03  -1.0790090e-03
  -3.0984596e-01   3.0742095e-01   5.8848438e-01  -1.5913682e-03   1.8361594e-03  -9.7614941e-04
  -3.1380669e-01   2.9974122e-01   5.1706892e-01  -8.3636546e-04   1.5535509e-03  -9.5419102e-04
  -3.3463017e-01   4.2940325e-01   7.7403237e-01  -1.5434843e-03   2.3235105e-03  -1.1509197e-03
  -3.1199370e-01   5.7427727e-01   1.0418578e+00  -3.0943368e-03   2.4412108e-03  -1.0516855e-03
  -2.7363050e-01   2.9800630e-01   8.0616056e-01  -5.0060957e-04   1.5799338e-03  -6.0380247e-04
  -2.9088214e-01   2.1500052e-01   6.7730356e-01  -6.9072899e-04   1.4529236e-03  -1.0734827e-03
  -2.8950104e-01   2.7482955e-01   6.2159118e-01  -9.5044258e-04   1.3777562e-03  -1.1957469e-03
  -2.8985200e-01   2.1350177e-01   6.1814969e-01  -3.4669360e-04   9.2245161e-04  -9.6579759e-04
  -3.0015090e-01   2.3479848e-01   6.0085688e-01  -6.1830556e-04   9.7385830e-04  -1.1348240e-03
  -3.1551090e-01   2.6186734e-01   6.8306517e-01  -2.2337073e-03   1.5396205e-03  -1.1761317e-03
  -3.3160731e-01   3.5646598e-01   6.5732334e-01  -1.0850442e-03   1.5850087e-03  -1.0761870e-03
  -3.6981165e-01   3.4801294e-01   5.3090893e-01  -1.0143670e-03   2.0797511e-03  -1.6080616e-03
