   1.1174273e-14   0.0000000e+00   7.1054274e-15  -4.2027673e-51   1.9259299e-34  -1.5407440e-33
  -9.2352444e-03   1.1036211e-02  -1.8128317e-02  -1.2104619e-04  -2.9953810e-04   7.4062020e-05
  -6.2648700e-03   2.2138959e-03  -2.4679089e-02   2.3058466e-04  -3.9296890e-04   4.1486383e-04
  -7.1818636e-03   4.6393513e-03  -1.9963018e-02  -1.9937212e-04  -1.9823654e-04   5.1141846e-04
  -3.5678462e-02   1.5409546e-02   2.0295668e-02  -1.2269152e-03  -6.3205615e-04   1.7048997e-04
  -2.3289884e-02   1.3655647e-02   8.2504660e-04  -1.1341451e-03  -3.5182860e-04   8.3005442e-04
  -1.6207849e-02   1.2391749e-02  -8.9526391e-03  -9.3438950e-04  -9.2413522e-04   4.5321988e-04
  -2.9535532e-02   2.6309316e-02  -1.0384665e-02  -4.6857687e-04  -8.5470664e-04   3.0804452e-04
  -1.1855316e-02   2.2117128e-02   4.7040626e-02  -1.0634528e-03  -5.3985203e-04   5.6553667e-04
  -2.2495011e-02  -1.2037896e-02   1.1340598e-01  -2.8695299e-03  -6.8717265e-05   5.5621357e-04
  -8.5082034e-03   3.1368761e-02   1.1224894e-01  -2.7058660e-03   2.3041281e-04   1.0551613e-03
   7.4287625e-03   1.7731535e-02   1.3468694e-01  -3.1717234e-03  -3.5795760e-04   7.2778999e-04
   1.1927109e-02   3.5413272e-02   1.1805791e-01  -2.6108371e-03  -2.1011737e-04   9.7275599e-04
   3.2934600e-03   5.1660014e-02   9.7521150e-02  -2.6290851e-03   2.3658214e-04   5.3122862e-04
   3.5921469e-04   6.1559350e-02   1.2353782e-01  -2.9058843e-03  -2.3814317e-04   6.3918026e-04
  -1.1723697e-02   5.2435951e-02   1.2942263e-01  -2.8336060e-03   6.8044786e-06   6.8925705e-04
  -1.3865403e-02   6.1285797e-02   1.1210358e-01  -3.8065164e-03   2.7482017e-04   5.6075997e-04
  -2.8895537e-02   5.5490190e-02   1.0782254e-01  -2.9789387e-03  -2.1351370e-04   4.0481406e-04
  -1.0615940e-02   4.7770841e-02   1.6362310e-01  -4.4879662e-03  -6.4901096e-04   7.6393898e-04
   1.1778477e-03   7.1900724e-02   1.2355887e-01  -3.2356321e-03  -6.5580691e-04   9.5299338e-04
   1.0286456e-02   1.5394946e-01   1.5256935e-01  -2.6139870e-03  -3.0674971e-04   1.1348758e-03
  -1.7216193e-02   1.0617320e-01   1.5109114e-01  -3.9592327e-03  -2.2178548e-04   1.0379330e-03
  -2.0291677e-02   9.0554115e-02   1.7200168e-01  -5.0559804e-03  -1.9991974e-04   6.8265820e-04
  -8.7785730e-03   6.0121828e-02   1.9678085e-01  -5.4806183e-03  -2.0499165e-04   9.8479173e-04
  -3.7246294e-03   9.4900310e-02   1.6165916e-01  -4.1672959e-03   1.2232750e-04   9.8662501e-04
  -2.6055505e-03   8.9655944e-02   1.9311379e-01  -5.3720553e-03   1.1064895e-04   9.1094848e-04
   1.5253047e-04   9.2424911e-02   2.4262996e-01  -6.2744301e-03   3.9575864e-04   1.0408522e-03
  -1.7515100e-02   7.0048500e-02   2.2497182e-01  -5.9694547e-03   2.8029904e-04   7.8371352e-04
   1.1384820e-02   8.9197852e-02   1.7927568e-01  -5.4242790e-03   6.0706384e-04   1.3205152e-03
   1.9137740e-02   9.9549471e-02   2.2241055e-01  -6.3395943e-03   4.7702707e-04   1.2539238e-03
   1.4201763e-02   9.1756460e-02   2.3581471e-01  -6.6752268e-03   6.8664168e-04   1.4162912e-03
   8.6928112e-03   1.0019855e-01   1.8872644e-01  -6.0571140e-03   3.6571145e-04   1.3309242e-03
   6.6196937e-03   1.0238837e-01   1.6843146e-01  -5.8556922e-03   5.7432142e-05   1.6033224e-03
   2.4413825e-03   1.0461764e-01   1.5189519e-01  -5.3302036e-03   8.3249208e-05   1.3847513e-03
   6.7068408e-03   1.2292431e-01   1.6388170e-01  -5.2437341e-03   3.7771290e-04   1.5792897e-03
  -1.6754742e-03   8.1379459e-02   2.2618623e-01  -6.7198343e-03   1.9975364e-04   1.2806863e-03
   2.0866861e-02   8.7612753e-02   2.1478360e-01  -6.3014293e-03   4.3946157e-04   1.6911505e-03
   1.0879107e-02   9.5347932e-02   2.3608539e-01  -7.1210467e-03   2.3569740e-04   1.4846986e-03
   3.9089815e-02   2.0763206e-01   4.1226713e-01  -5.5344458e-03  -5.7061051e-04   2.0443656e-03
   2.3936682e-02   1.3105707e-01   3.1511576e-01  -2.8775853e-03  -8.8699092e-04   1.1965311e-03
  -4.4643033e-03   1.4338359e-01   3.5112176e-01  -2.9926462e-03  -1.7819546e-03   2.3887488e-04
   1.1072425e-02   1.4079663e-01   3.8899598e-01  -2.8388127e-03  -1.7424297e-03   7.3880106e-04
   3.4320697e-02   1.4154739e-01   3.8098266e-01  -2.7985154e-03  -1.2805837e-03   6.6598477e-04
   1.8862948e-02   1.5515594e-01   4.0677620e-01  -2.8616349e-03  -1.5013254e-03   3.0249456e-04
   2.9211057e-02   1.4316926e-01   3.7307716e-01  -3.4854555e-03  -1.2545338e-03   7.7894619e-04
   3.7545841e-02   1.6706945e-01   3.2398895e-01  -3.7555417e-03  -5.4789618e-04   9.0351458e-04
   3.1157934e-02   1.6377342e-01   3.4566559e-01  -4.2583543e-03  -1.9151687e-04   7.3284948e-04
   2.6479219e-02   1.4332668e-01   3.7111398e-01  -4.6988555e-03  -3.8185327e-04   6.4149256e-04
   3.5948160e-02   1.5132929e-01   3.3140423e-01  -4.5084954e-03  -4.1440738e-04   7.3220887e-04
   5.0481818e-02   1.6485571e-01   3.3068500e-01  -4.3978575e-03  -2.6515399e-05   7.5861530e-04
   4.5631881e-02   1.4959336e-01   3.8156918e-01  -4.6326573e-03  -9.5023867e-05   8.7778051e-04
   4.4579634e-02   1.7170030e-01   3.3817440e-01  -4.6739377e-03   2.5204175e-04   7.4558655e-04
   4.1120738e-02   1.7558793e-01   3.4406961e-01  -4.5796380e-03   6.4472055e-05   8.2191667e-04
   4.6755900e-02   1.6019240e-01   3.9133318e-01  -5.6378885e-03   9.2216443e-05   1.1398973e-03
   5.2082363e-02   1.8738400e-01   3.4962971e-01  -4.7369143e-03   2.8969570e-04   1.2119087e-03
   4.7509865e-02   1.8127582e-01   3.9794917e-01  -5.2545222e-03   1.4605166e-04   9.8424921e-04
   5.0923298e-02   1.7442825e-01   3.6407579e-01  -4.8372415e-03   1.9731085e-04   1.4126273e-03
   5.2458712e-02   1.9442955e-01   3.7724049e-01  -5.4719934e-03   1.1767924e-04   1.3522430e-03
   5.1452870e-02   1.6948931e-01   3.5753272e-01  -5.3023222e-03  -1.5875913e-05   1.3417225e-03
   5.7783222e-02   1.8267394e-01   3.7846055e-01  -5.1536829e-03  -1.6879069e-04   1.3087717e-03
   6.0059168e-02   1.7339343e-01   3.4192995e-01  -4.4964296e-03  -1.8702104e-04   1.4680245e-03
   6.2216045e-02   1.8614934e-01   3.1941762e-01  -3.1338492e-03  -2.9772537e-04   1.5225320e-03
   5.7424943e-02   1.5890819e-01   3.2074963e-01  -3.6758602e-03  -2.9138603e-05   1.4325401e-03
   7.0017918e-02   1.8436204e-01   3.0198008e-01  -3.5083241e-03  -1.9054450e-04   1.6702914e-03
   7.4521563e-02   1.7720732e-01   2.9326140e-01  -3.9126582e-03  -3.4110876e-04   1.8621589e-03
   8.1154334e-02   1.9655329e-01   2.7510800e-01  -2.9921370e-03  -3.4664052e-04   1.8653719e-03
   9.2821071e-02   1.6321132e-01   3.5029033e-01  -4.1560000e-03  -3.0596431e-04   1.7018395e-03
   9.6161661e-02   2.3672845e-01   3.4894009e-01  -2.8705028e-03  -1.8643471e-04   2.2720507e-03
   1.1045801e-01   1.9900133e-01   3.1083445e-01  -2.9451999e-03  -4.3624330e-04   2.0382373e-03
   1.1022957e-01   1.5865217e-01   3.3511857e-01  -4.0646879e-03   2.3441665e-05   1.8047155e-03
   1.1761053e-01   1.6518772e-01   3.0961844e-01  -3.5250070e-03  -5.7941371e-05   2.0152825e-03
   1.1680404e-01   1.8604444e-01   3.0591872e-01  -4.0757665e-03  -2.3983358e-04   2.1096632e-03
   9.4194746e-02   1.7072949e-01   3.2191230e-01  -3.8693968e-03  -3.5401373e-05   1.8156860e-03
   1.1630320e-01   1.9535791e-01   2.8333078e-01  -3.3004365e-03   1.0629661e-04   1.9087939e-03
   1.1163641e-01   1.9236555e-01   3.2224615e-01  -3.9116945e-03   1.5685397e-04   1.6741720e-03
   1.1438264e-01   1.6323867e-01   3.2506123e-01  -3.8630020e-03  -3.5109008e-05   1.9387382e-03
   1.2535325e-01   1.6829510e-01   3.1155266e-01  -3.6472689e-03   3.3701440e-04   1.9473940e-03
   1.2195442e-01   1.8259168e-01   3.3433086e-01  -3.7279813e-03   3.8230627e-04   1.7248440e-03
   1.1922378e-01   1.7894845e-01   3.3376755e-01  -3.9466657e-03   3.6924896e-05   1.5121643e-03
   1.0328779e-01   2.0414591e-01   2.5684977e-01  -2.5639302e-03  -6.7191820e-04   1.5703813e-03
   8.2293667e-02   2.2069801e-01   3.5334748e-01  -4.7588742e-03  -7.8212513e-04   8.6012285e-04
   1.0453633e-01   2.1202113e-01   2.3620049e-01  -2.6750673e-03  -3.2412380e-04   1.7267550e-03
   8.2200303e-02   2.2152087e-01   2.6043983e-01  -3.2079515e-03  -5.8616089e-04   1.4250268e-03
   7.1226884e-02   2.2732484e-01   2.4946637e-01  -1.6559969e-03  -1.1674955e-03   1.2130829e-03
   6.6125031e-02   2.3562458e-01   2.1809756e-01  -8.0678544e-04  -1.8192740e-03   8.9244766e-04
   8.3106668e-02   2.2697092e-01   2.3984252e-01  -1.9041135e-03  -1.6866375e-03   1.3404696e-03
   6.6151360e-02   2.2227709e-01   2.6008244e-01  -2.6987395e-03  -1.4741892e-03   1.0356156e-03
   7.3410194e-02   1.9545584e-01   3.0166983e-01  -3.2071162e-03  -1.0080641e-03   1.2283538e-03
   8.6095450e-02   2.1383577e-01   2.5311366e-01  -2.2768661e-03  -1.0930425e-03   1.4476466e-03
   8.2214812e-02   2.3415271e-01   2.8477613e-01  -3.0963911e-03  -8.7142473e-04   1.5652689e-03
   9.5436060e-02   2.4100600e-01   2.9467398e-01  -3.0873267e-03  -9.8572877e-04   1.7712210e-03
   9.6771500e-02   3.2389237e-01   3.9826506e-01  -3.1503169e-03  -1.2759887e-03   4.6840886e-04
   1.1980915e-01   2.4213339e-01   3.2391966e-01  -2.1510589e-03  -8.7058822e-04   1.3391185e-03
   1.1125962e-01   2.3485330e-01   3.1791168e-01  -3.0502985e-03  -1.4559095e-03   1.6166001e-03
   1.1356474e-01   2.3585805e-01   3.0675644e-01  -2.0752559e-03  -1.4335151e-03   1.5806167e-03
   1.0847296e-01   2.3761091e-01   2.9531234e-01  -1.4568163e-03  -1.1764559e-03   1.6738871e-03
   1.2455957e-01   2.1954943e-01   2.8979060e-01  -5.4673225e-04  -1.3933670e-03   1.9369038e-03
   1.0794271e-01   2.2123198e-01   3.5431320e-01  -3.5637001e-03  -9.7003232e-04   1.5480705e-03
   1.0483960e-01   2.1572848e-01   2.8995448e-01  -1.6679353e-03  -1.3020060e-03   1.6364602e-03
   1.0709545e-01   2.4216864e-01   2.6365206e-01  -2.3487438e-03  -1.3743357e-03   1.3743464e-03
   1.2474024e-01   2.4196497e-01   2.3623145e-01  -1.2576488e-03  -1.8492688e-03   1.9178216e-03
   1.2912451e-01   2.3094070e-01   2.9119524e-01  -2.3927051e-03  -1.3671508e-03   1.7315142e-03
   1.4334047e-01   2.3302518e-01   2.7425840e-01  -1.5916368e-03  -1.5347286e-03   2.2040919e-03
   1.1496204e-01   2.6952826e-01   2.7426967e-01  -3.7128063e-03  -1.6066865e-03   1.5931117e-03
   9.5238858e-02   2.5376099e-01   2.5814136e-01  -3.3558785e-03  -1.9622116e-03   1.4670509e-03
   1.1134908e-01   2.5920691e-01   2.4564666e-01  -3.7830797e-03  -2.5609730e-03   1.6813079e-03
   1.1003099e-01   2.7548521e-01   2.3015650e-01  -3.0408044e-03  -2.3499513e-03   1.6358126e-03
   9.0195011e-02   2.5271823e-01   3.0792833e-01  -4.3104368e-03  -2.8807705e-03   1.3701483e-03
   6.3750016e-02   2.4059644e-01   2.4292571e-01  -4.6508437e-03  -2.0183942e-03   1.4241990e-03
   5.6025304e-02   2.6332313e-01   2.1599284e-01  -3.7970120e-03  -2.4606959e-03   1.3036604e-03
   7.3908791e-02   2.5269980e-01   2.4570755e-01  -4.3787281e-03  -2.4870773e-03   1.6233974e-03
   9.2787613e-02   2.4120381e-01   2.2306160e-01  -3.8145022e-03  -2.7588043e-03   2.0729221e-03
   1.2074853e-01   2.5901280e-01   2.8317728e-01  -3.5824731e-03  -2.2406076e-03   2.0690980e-03
   8.9363757e-02   2.3065071e-01   2.7140732e-01  -4.9236068e-03  -2.3936516e-03   1.6815063e-03
   1.0252716e-01   2.4046064e-01   2.3014444e-01  -3.9517207e-03  -3.2027393e-03   2.0036749e-03
   8.4389077e-02   2.3324608e-01   2.1608208e-01  -4.2296299e-03  -2.9307333e-03   2.0559703e-03
   1.0912312e-01   2.5882023e-01   1.8704492e-01  -4.1384938e-03  -2.9744493e-03   2.2868056e-03
   9.9010521e-02   2.4538443e-01   2.5626729e-01  -5.6531514e-03  -3.1006439e-03   1.8583599e-03
   1.0371040e-01   2.2467567e-01   2.6243030e-01  -5.3837469e-03  -3.0271151e-03   2.2577999e-03
   1.1114630e-01   2.5099974e-01   1.7309161e-01  -4.2256681e-03  -3.0668916e-03   2.3292557e-03
   9.9717807e-02   2.4895501e-01   2.2876325e-01  -5.0322555e-03  -2.9548320e-03   2.0246292e-03
   8.3708852e-02   2.3422483e-01   2.2070982e-01  -5.2567820e-03  -3.0805541e-03   1.9536910e-03
   6.2066273e-02   2.2597013e-01   3.3719027e-01  -6.3966122e-03  -3.1724820e-03   8.7006719e-04
   9.2623451e-02   2.4702729e-01   2.9727174e-01  -6.0616977e-03  -2.6984546e-03   1.6665713e-03
   1.0928953e-01   2.3193565e-01   2.8735144e-01  -4.2327793e-03  -2.0905299e-03   2.2402618e-03
   1.2379850e-01   2.9410271e-01   3.1494318e-01  -3.5740215e-03  -2.6117123e-03   1.2718748e-03
   1.2264029e-01   2.6943672e-01   3.5467664e-01  -5.1291197e-03  -2.7721605e-03   1.3817621e-03
   1.3070842e-01   2.7718992e-01   3.2069370e-01  -3.3799447e-03  -2.3424058e-03   1.5330855e-03
   1.2780520e-01   2.9384637e-01   3.1086126e-01  -4.1857513e-03  -2.2924429e-03   1.4058839e-03
   1.3122343e-01   2.6551194e-01   3.0803662e-01  -4.0201064e-03  -2.6790038e-03   1.8575191e-03
   1.4677541e-01   3.3400571e-01   2.5750001e-01  -2.8420527e-03  -2.0473736e-03   1.8468395e-03
   1.5366199e-01   3.1942463e-01   3.1060724e-01  -3.0998641e-03  -2.5898630e-03   1.9118439e-03
   1.5028455e-01   2.5321943e-01   3.1850741e-01  -4.0249159e-03  -2.7245488e-03   1.6784063e-03
   1.6803406e-01   2.4886051e-01   2.4959017e-01  -2.9855383e-03  -2.5397564e-03   2.3083221e-03
   1.6338804e-01   2.9453728e-01   2.5007091e-01  -3.3836578e-03  -2.4183481e-03   2.1850117e-03
   1.6689481e-01   2.7677212e-01   3.3194833e-01  -4.2166293e-03  -2.7764154e-03   2.0303439e-03
   1.5997557e-01   2.8851581e-01   3.1435112e-01  -4.8461006e-03  -2.2287995e-03   1.6887186e-03
   1.6651735e-01   2.8915073e-01   3.2662774e-01  -5.0584288e-03  -2.4136999e-03   1.8663600e-03
   1.6926037e-01   2.6116789e-01   3.5122339e-01  -5.4890050e-03  -2.3504324e-03   1.9263143e-03
   1.8895784e-01   2.8387028e-01   3.1116129e-01  -4.7404456e-03  -2.3925100e-03   2.0558409e-03
   1.8839383e-01   2.6350532e-01   3.7706925e-01  -5.6937232e-03  -2.5159769e-03   2.1949513e-03
   1.9746315e-01   2.6549803e-01   3.4787698e-01  -5.7496630e-03  -2.5165286e-03   2.5763152e-03
   1.9448131e-01   2.8502657e-01   3.0946150e-01  -5.0576223e-03  -2.4545937e-03   2.3637035e-03
   1.8854837e-01   2.7728092e-01   3.4341777e-01  -5.7633395e-03  -2.5588123e-03   2.3963055e-03
   2.0242064e-01   2.5396710e-01   3.3929008e-01  -5.6867163e-03  -2.3791441e-03   2.4063465e-03
   1.8443339e-01   2.7841977e-01   3.5090495e-01  -5.7471368e-03  -2.4136772e-03   2.0422411e-03
   1.8872401e-01   2.9290214e-01   3.3404798e-01  -5.6236752e-03  -2.1523487e-03   2.2392297e-03
   1.3428839e-01   2.8342614e-01   4.0047220e-01  -8.0827279e-03  -1.7866845e-03   1.5548939e-03
   1.6173862e-01   2.8849688e-01   3.7564036e-01  -7.6949113e-03  -1.9674686e-03   1.8582183e-03
   1.5641030e-01   3.1275309e-01   2.9402463e-01  -4.9659685e-03  -2.5785299e-03   1.3848136e-03
   9.9857452e-02   3.0900761e-01   2.1232115e-01  -3.7004127e-03  -2.9587702e-03   6.2655395e-04
   1.1123061e-01   3.1927471e-01   2.6459468e-01  -4.5860590e-03  -3.0174591e-03   1.0471538e-03
   1.4451843e-01   3.1586110e-01   2.8844311e-01  -4.1038326e-03  -2.6023707e-03   1.3091301e-03
   1.6951643e-01   3.5023373e-01   2.4794940e-01  -3.3796248e-03  -2.2973518e-03   1.5029527e-03
   1.8174317e-01   3.2632399e-01   2.7678973e-01  -4.9891227e-03  -2.1491729e-03   1.3943846e-03
   1.7722533e-01   3.1015071e-01   2.3944097e-01  -4.2325595e-03  -2.3783610e-03   1.7423827e-03
   1.7180716e-01   3.0674774e-01   2.4228419e-01  -5.1777638e-03  -2.4250304e-03   1.5145876e-03
   2.0544342e-01   3.5075492e-01   2.5369958e-01  -4.5137497e-03  -1.7232794e-03   1.7540722e-03
   2.0612848e-01   2.9222084e-01   2.8763070e-01  -5.0650118e-03  -2.2225104e-03   1.9198994e-03
   1.9674316e-01   3.0078044e-01   2.2579651e-01  -4.0904548e-03  -1.7967501e-03   1.8109928e-03
   1.8995398e-01   2.8716363e-01   2.3780423e-01  -4.7681602e-03  -1.9766334e-03   1.3303333e-03
   1.7975952e-01   2.7227682e-01   2.9552240e-01  -6.5655506e-03  -2.1931715e-03   1.3097186e-03
   1.7204367e-01   3.3131630e-01   2.3369004e-01  -4.5059836e-03  -2.4509724e-03   1.0009016e-03
   1.8438533e-01   3.1358466e-01   2.7283491e-01  -5.9403815e-03  -2.4434742e-03   1.1840157e-03
   1.7955687e-01   3.1473197e-01   2.5445836e-01  -5.7279354e-03  -2.5390442e-03   1.1294738e-03
   2.0133999e-01   3.5939311e-01   2.5913256e-01  -5.3967982e-03  -2.9687152e-03   1.2472361e-03
   2.0461109e-01   3.0468746e-01   2.8947037e-01  -6.3747201e-03  -2.5304941e-03   1.2647526e-03
   2.1045335e-01   3.1532428e-01   2.7732175e-01  -6.1454889e-03  -2.6719039e-03   1.4775022e-03
   2.3319404e-01   3.2200138e-01   2.4518791e-01  -6.0236660e-03  -2.4051732e-03   1.8797282e-03
   2.1135985e-01   2.8236946e-01   3.6007370e-01  -7.3412458e-03  -2.8450861e-03   1.5103778e-03
   2.1508202e-01   3.8293565e-01   4.0510170e-01  -4.5914256e-03  -3.3710345e-03   9.3874757e-04
   2.3124441e-01   3.1491036e-01   3.8922171e-01  -3.8416275e-03  -3.3585641e-03   1.2122884e-03
   2.3241043e-01   3.2686400e-01   4.1737007e-01  -4.6942083e-03  -3.2464064e-03   1.0512983e-03
   2.4859640e-01   3.0780624e-01   4.4020981e-01  -4.6410473e-03  -2.6996824e-03   1.4726910e-03
   2.5517647e-01   2.8509309e-01   4.8225267e-01  -5.5406182e-03  -2.2807208e-03   1.6981100e-03
   2.5545938e-01   2.7733056e-01   4.4802405e-01  -6.1943720e-03  -2.5645867e-03   1.6007155e-03
   2.7130952e-01   2.5718989e-01   4.2091445e-01  -6.2399545e-03  -1.9996601e-03   1.8739576e-03
   2.6982431e-01   2.8412960e-01   4.1178917e-01  -6.5756936e-03  -2.1153723e-03   1.8643505e-03
   2.6439502e-01   2.6783670e-01   4.0694447e-01  -6.7889540e-03  -2.7363177e-03   1.5266285e-03
