   0.0000000e+00   0.0000000e+00   0.0000000e+00   0.0000000e+00   0.0000000e+00   0.0000000e+00
  -1.9437023e-02   2.1024636e-02  -1.1901490e-01   3.0800700e-03   7.1062905e-05  -5.0363392e-04
  -8.2545902e-03   1.4881413e-01  -5.3185100e-02   3.7652673e-03   7.1939640e-04  -1.7334312e-03
  -3.8851269e-02   1.5992866e-01  -1.2913643e-01   2.4546926e-03   1.0573748e-03  -9.3080997e-04
  -2.9485217e-02   1.1174888e-01  -1.0084650e-01   8.9099815e-04   1.4091887e-03  -4.1024653e-04
   6.5637884e-03   7.9366237e-02  -7.2200761e-02   1.9491834e-04   7.0595222e-04  -7.5009533e-04
  -1.5984082e-02   1.1139668e-01  -1.0932354e-01   1.6948632e-03   1.0959863e-03  -4.0283360e-04
  -6.5750483e-03   1.3633572e-01  -9.8803380e-02   1.2204451e-04   8.8924950e-04  -6.3956566e-04
  -1.0864024e-02   7.9868243e-02  -5.9241184e-02   3.3109379e-04   1.2581634e-03  -1.5158801e-04
   9.0344750e-03   8.4532935e-02  -1.2196677e-01   1.6628129e-03   4.9336581e-04  -1.0357338e-04
   8.8223415e-03   9.6740348e-02  -1.2234181e-01   1.4744308e-03   6.8424083e-04   2.5986853e-05
   7.4839240e-03   5.5174464e-02  -7.9145043e-02  -5.1594344e-04   9.2367697e-04  -4.4092978e-04
   1.8783949e-02   1.1476055e-01  -1.2654540e-01   1.3985114e-04   2.6249430e-04   3.8914844e-04
   1.5787457e-02   9.9263595e-02  -6.4457964e-02   3.2643507e-04   4.7381168e-04  -4.9789676e-04
   1.6674474e-02   1.4128468e-01  -1.1322975e-01  -7.0809368e-05   4.1113799e-04  -6.6116439e-05
   1.2134279e-02   9.0872543e-02  -5.6861740e-02  -7.1614919e-04   1.8560823e-04   1.4270233e-05
   1.2566856e-02   1.1672582e-01  -8.1412605e-02  -1.1649059e-03   5.9288031e-05  -2.2361322e-05
   3.2243292e-03   7.8727730e-02  -7.7625291e-02   3.9898630e-04   3.0789438e-04  -2.8827552e-04
   7.2072705e-03   8.9865406e-02  -1.0662640e-01  -5.1323789e-04   9.0211715e-05  -3.1725551e-04
   1.0398048e-02   1.3363924e-01  -1.1644709e-01   1.7599037e-03   1.2508706e-04   7.5454645e-05
   1.2601959e-02   1.6224633e-01  -1.0713607e-01  -4.0170423e-04   1.4236822e-04   1.3160873e-04
   7.0900053e-03   1.2338841e-01  -6.5108195e-02  -1.3288855e-03  -1.2422744e-04   3.7067591e-04
   3.2626866e-03   9.0787034e-02  -9.1767165e-02  -1.2050070e-03   4.5665940e-04   1.2350952e-04
  -1.0189521e-03   1.0708541e-01  -5.1784712e-02  -1.8648144e-03   4.1421638e-04   4.9605062e-05
   3.2071652e-03   1.1666820e-01  -8.5163028e-02  -1.2294839e-04   3.4258930e-04   6.1501337e-05
  -5.7199049e-03   1.0300498e-01  -3.3243663e-02  -3.2474020e-03   3.0259575e-04  -2.2153434e-04
   1.0760099e-02   9.8015315e-02  -6.9977031e-02  -7.9711419e-04  -3.4589213e-05   4.6066043e-04
   1.6026811e-02   1.2938961e-01  -1.3467306e-01   8.4450746e-05  -2.5859075e-05   6.1319469e-04
   6.8576990e-03   9.8444847e-02  -1.2026611e-01  -1.6564538e-03   3.2020521e-04   3.7794144e-05
   6.7723074e-03   1.1143431e-01  -9.1785670e-02  -6.3610252e-04   2.7023093e-04   1.9477453e-04
   8.6352868e-03   1.1279378e-01  -8.6747595e-02  -1.4087122e-03   4.8410529e-05  -2.0059788e-04
  -6.3390022e-04   1.1144852e-01  -6.3294874e-02  -2.3317864e-04   6.8960602e-04   1.7785974e-04
   1.0250865e-03   1.0822931e-01  -1.0699839e-01  -1.8470569e-03   7.9622662e-05  -2.9176265e-05
  -2.5560851e-03   9.7835740e-02  -7.6150812e-02  -7.9236140e-04   4.6585833e-04   1.9396504e-04
   1.3172830e-03   1.3702613e-01  -7.8329760e-02  -1.8590847e-03   3.8106652e-04   1.7999455e-04
   4.1713835e-03   8.6141445e-02  -8.2880958e-02  -2.0175911e-03   3.2650213e-04   1.7683035e-04
   2.3794907e-03   1.4752463e-01  -1.3947824e-01  -5.3126119e-04   1.3425170e-04   2.4352424e-04
   2.1782026e-02   1.3130667e-01  -1.0848163e-01  -3.0780113e-04   3.7448311e-04   2.4404610e-04
   1.4164620e-02   1.5310241e-01  -1.2095140e-01  -3.7438518e-04   3.9393566e-04   4.0341213e-04
   3.6291785e-03   1.6474386e-01  -7.8121233e-02  -1.8365213e-03   3.4634854e-04   2.8696147e-04
   7.4734630e-03   1.6819365e-01  -9.3896380e-02  -2.6806933e-03   4.2944966e-04   3.1990264e-04
   1.0083192e-02   1.1892146e-01  -6.3471751e-02  -2.4044185e-03   2.2459579e-04   4.1634992e-04
   8.7493970e-03   1.0947849e-01  -8.8897752e-02  -1.8437693e-03   4.5711754e-04   1.8065025e-04
   8.9833088e-03   1.2916356e-01  -7.6157829e-02  -1.5333482e-03   5.9024353e-04  -8.6656481e-06
   6.9009627e-03   1.6421939e-01  -1.5424677e-01  -2.7241280e-04   3.1388561e-04   1.8035194e-04
   4.9502526e-03   2.3181378e-01  -1.2133572e-01  -8.7786692e-04   2.5101916e-04   5.6549306e-04
   1.5709384e-02   1.8951725e-01  -1.0193800e-01  -1.8417934e-03   3.1136424e-04   6.9867280e-04
   1.7750100e-02   1.4630784e-01  -7.2599035e-02  -2.2477587e-03   1.0072095e-04   8.5609741e-04
   2.4983514e-02   1.6844975e-01  -8.5074025e-02  -3.6912856e-03  -1.2629606e-04   3.2360803e-04
   2.4492360e-02   1.5286691e-01  -1.1528538e-01  -3.2018562e-03  -1.2099384e-04   6.0529045e-04
   2.2563439e-02   1.3598208e-01  -1.4897780e-01  -1.7946336e-03  -1.0621393e-04  -1.2135067e-05
   1.0391488e-02   1.6043024e-01  -1.0933879e-01  -1.8864385e-03  -8.5192174e-05  -1.6663615e-04
   1.9157977e-02   1.9414029e-01  -1.2328480e-01  -2.0006286e-03  -2.6337014e-04   2.0460483e-04
   1.3642743e-02   1.7338827e-01  -5.9859903e-02  -3.7472657e-03  -1.9864302e-04   4.2109677e-04
   5.1400989e-03   2.5227583e-01  -1.3780302e-01  -8.2277899e-04  -1.7130235e-04  -4.2840772e-04
  -1.0618923e-02   2.1085753e-01  -2.5371126e-01   4.7874971e-03   5.7273091e-04  -1.3377569e-03
   7.2669625e-03   2.5961462e-01  -1.3613616e-01  -1.2502867e-03   9.1584333e-04  -1.1563862e-03
   2.0934376e-02   2.2290349e-01  -1.4102178e-01   6.2149897e-04   4.2449242e-04  -2.5435772e-04
   2.5959101e-02   2.2221941e-01  -1.3172962e-01  -3.3624058e-05   4.3916873e-04  -7.0000076e-05
   1.7948982e-02   1.4575506e-01  -1.0905365e-01  -2.2239580e-03  -6.1710954e-05  -4.5056837e-04
   1.2350958e-02   2.0086162e-01  -1.4674185e-01  -2.0467710e-03  -2.2683984e-04  -6.0663409e-04
   2.8057785e-02   2.4357925e-01  -1.4156326e-01  -2.3356985e-03  -6.8653799e-04  -3.7897148e-04
   3.5517563e-02   2.1638177e-01  -1.3174632e-01  -2.8599118e-03  -4.0027691e-04  -6.1325934e-04
   4.5246336e-02   1.7055120e-01  -9.7710205e-02  -5.0424997e-03  -1.1957354e-03   1.4057633e-04
   4.5404876e-02   1.5645590e-01  -7.4065803e-02  -5.3035140e-03  -7.9553991e-04   1.0150095e-05
   4.1585003e-02   1.7124251e-01  -1.4347244e-01  -5.4990158e-03  -1.0450319e-03   3.0631021e-04
   3.9179149e-02   1.5560522e-01  -1.6298349e-01  -3.4391599e-03  -1.2555607e-03   8.1831545e-05
   3.8857233e-02   1.8011057e-01  -1.4077311e-01  -6.2869888e-03  -1.2812201e-03  -1.8633274e-04
   3.4647956e-02   1.6438539e-01  -1.4863651e-01  -2.6745643e-03  -1.0772374e-03  -3.1953730e-04
   2.3481996e-02   2.4771825e-01  -1.5610082e-01  -5.3723160e-03  -4.8776783e-04  -8.8747347e-04
   2.3589601e-02   2.0694888e-01  -1.7741220e-01  -3.9625462e-03  -1.0427428e-03   4.8432372e-05
   1.6011233e-02   1.6570755e-01  -1.2558789e-01  -4.5997592e-03  -7.6350129e-04  -7.1792278e-04
   3.3714728e-02   1.8605425e-01  -1.5716961e-01  -4.5243904e-03  -8.4339931e-04   1.3266308e-06
   3.7040282e-02   1.4907867e-01  -1.3112530e-01  -5.3502736e-03  -9.8698207e-04  -2.8057931e-04
   4.4410938e-02   2.3692051e-01  -1.7980556e-01  -5.0164729e-03  -8.0063238e-04  -8.6418415e-05
   3.9972115e-02   1.9222572e-01  -1.4121996e-01  -3.3241671e-03  -3.2661947e-04   3.8686795e-05
   5.0260538e-02   2.0889968e-01  -1.7950668e-01  -3.4301647e-03  -2.5750046e-04   6.6911640e-04
   6.2859033e-02   2.7149190e-01  -2.0657978e-01  -3.1032613e-03  -3.4624096e-04   7.2640122e-04
   5.6888751e-02   2.2903699e-01  -1.8241393e-01  -4.4522881e-03  -3.5938441e-04   2.6938119e-04
   5.1545346e-02   2.2080315e-01  -1.8962877e-01  -2.9248465e-03  -3.3693736e-04   3.7055276e-04
   5.8725937e-02   2.0783910e-01  -1.2759093e-01  -5.6177356e-03  -6.1792107e-04   4.0982565e-04
   5.7386658e-02   1.6340908e-01  -1.5598482e-01  -3.5791916e-03  -8.4608396e-04   7.9800344e-04
   6.3213717e-02   1.8730074e-01  -1.0835581e-01  -6.4848351e-03  -1.6075030e-04   2.7707182e-04
   6.3084478e-02   2.1147943e-01  -1.3976074e-01  -5.3380084e-03  -7.4553262e-04   8.5812454e-04
   5.2624214e-02   2.0743783e-01  -1.6612545e-01  -5.4044725e-03  -6.3225192e-04   2.3846972e-04
   5.6534753e-02   2.0652337e-01  -1.6879053e-01  -5.7792021e-03  -6.1265755e-04   6.2242045e-04
   5.1704486e-02   2.2850681e-01  -1.8997604e-01  -4.9628232e-03  -7.1338697e-04   6.5052190e-04
   6.2833413e-02   2.0305381e-01  -1.8754076e-01  -4.6731032e-03  -9.1289268e-04   3.2308816e-04
   6.3922036e-02   2.4496877e-01  -1.5870592e-01  -4.2456102e-03  -9.4292859e-04   8.3349777e-04
   4.5970608e-02   2.4835259e-01  -1.8933015e-01  -3.6175988e-03  -3.7524419e-04   2.6175434e-04
   3.0432582e-02   2.4328010e-01  -1.7292830e-01  -3.3599122e-03  -4.5117137e-04   4.9263070e-05
   5.8437875e-02   3.2104283e-01  -1.3011085e-01  -2.7430644e-03  -3.6639501e-04  -4.0099172e-05
   4.5744912e-02   2.6126841e-01  -1.4307967e-01  -2.0202426e-03   6.8944328e-04   1.0860266e-04
   4.9661183e-02   2.2922616e-01  -1.5785817e-01  -2.0895846e-03   6.7910322e-04  -4.8610063e-04
   6.2412368e-02   2.5186313e-01  -1.7571287e-01  -2.8396810e-03  -9.5445271e-04   2.5611277e-04
   6.4167284e-02   2.4535159e-01  -1.5029467e-01  -2.9879412e-03  -4.8678420e-04   8.0974135e-04
   7.1411545e-02   2.6277023e-01  -1.3545091e-01  -2.3443905e-03  -2.3040206e-04   2.4566946e-04
   5.2945040e-02   2.8391800e-01  -1.4920537e-01  -3.4589095e-03   1.0471916e-05   1.0450106e-04
   6.0501348e-02   2.8805249e-01  -1.8224066e-01  -2.9782440e-03   2.4753692e-04   3.3395052e-04
   7.3841938e-02   2.8811912e-01  -1.5700784e-01  -1.2529151e-03   6.5198567e-05   4.2772313e-04
   7.2586997e-02   2.5762556e-01  -1.2125252e-01  -5.1088673e-03  -6.0704406e-05   4.9267879e-04
   6.3800646e-02   2.3685482e-01  -1.5582331e-01  -3.0618666e-03  -7.4212187e-04   7.4802319e-04
   6.8486419e-02   2.7395695e-01  -1.0758239e-01  -5.6615237e-03  -4.3214197e-04   3.5195276e-04
   6.3242954e-02   2.3403706e-01  -1.3712688e-01  -4.6450673e-03  -3.5357234e-04   4.8937468e-04
   5.9389322e-02   2.3796557e-01  -1.3449033e-01  -3.9930129e-03  -4.1891589e-05  -1.5086754e-04
   6.2824862e-02   2.9904171e-01  -1.4190589e-01  -3.9694884e-03  -2.3417961e-04   5.6872560e-04
   5.4047342e-02   2.9018846e-01  -1.2381032e-01  -3.7250089e-03  -2.0676893e-04   9.3970322e-05
   5.9564401e-02   2.8989493e-01  -1.2958073e-01  -4.6057092e-03  -4.0589993e-05   1.2636458e-04
   5.6838802e-02   3.1034864e-01  -8.9391709e-02  -4.3976615e-03   1.6575436e-04   3.5793204e-04
   5.1764580e-02   3.0688517e-01  -9.9055139e-02  -4.4200909e-03   3.9020844e-04   1.2893446e-04
   4.4497902e-02   2.6659941e-01  -5.8859956e-02  -4.5215964e-03   5.6494621e-04   1.8070769e-04
   5.1147057e-02   2.8852428e-01  -8.6309389e-02  -4.7160263e-03   6.1663029e-04   4.1769365e-04
   5.5820382e-02   2.5604274e-01  -8.1984900e-02  -4.8064853e-03   2.8703740e-04   4.6372183e-04
   5.8123414e-02   2.6078579e-01  -7.6713665e-02  -4.3800720e-03   8.0698670e-04   8.1860330e-05
   6.1369250e-02   2.3103438e-01  -1.2735669e-01  -3.4875507e-03   1.6517320e-04   4.0238783e-04
   5.7599127e-02   2.7573722e-01  -7.0776711e-02  -4.2664731e-03   5.7497283e-04   2.4248705e-04
   5.2995870e-02   2.8744211e-01  -1.2862473e-01  -3.6377576e-03   5.1608080e-04   1.7080075e-04
   4.3038541e-02   2.7704801e-01  -1.3617670e-01  -3.5090448e-03   4.5802751e-04  -8.0867838e-05
   6.0542568e-02   2.9603893e-01  -5.7225133e-02  -4.5054491e-03   4.6710161e-04   1.4285881e-04
   5.4881093e-02   2.5346738e-01  -8.7816526e-02  -3.8743969e-03   5.3989315e-04   1.8151863e-04
   6.6793784e-02   2.6262984e-01  -7.9491759e-02  -4.4066834e-03   4.2534733e-04   5.9922364e-04
   5.8757166e-02   2.8022039e-01  -9.3586437e-02  -3.8836587e-03   5.8130974e-04   2.5357877e-04
   6.2349804e-02   3.2333898e-01  -9.3824980e-02  -4.3493335e-03   7.4251970e-04   4.7388645e-04
   6.4585341e-02   2.8938901e-01  -1.2531698e-01  -3.5798335e-03   1.3929813e-04   9.1852327e-04
   5.9934888e-02   2.8604186e-01  -1.2937331e-01  -3.7192311e-03   2.8856582e-04   3.5806627e-04
   6.4310356e-02   3.0825812e-01  -9.9394130e-02  -4.8155391e-03   4.0413339e-04   3.5414076e-04
   6.3072315e-02   2.8998718e-01  -7.8157881e-02  -4.3811748e-03   3.3607292e-04   4.3253640e-04
   7.4575467e-02   3.2860330e-01  -9.9041819e-02  -4.5735290e-03   2.6055611e-04   7.3061378e-04
   6.3703303e-02   2.7512620e-01  -1.0366681e-01  -3.3498308e-03  -2.8630954e-05   9.0030242e-04
   5.4947056e-02   3.1881225e-01  -8.0452381e-02  -5.6948936e-03   4.3933333e-04   3.5680051e-04
   6.6499291e-02   2.7938249e-01  -8.8122116e-02  -5.7214459e-03   2.6438412e-04   9.5308449e-04
   5.7524925e-02   2.6478323e-01  -1.1486525e-01  -4.2854910e-03   3.0647199e-04   3.7175693e-04
   5.2436755e-02   3.0023194e-01  -9.8395153e-02  -4.9861141e-03   4.0009416e-04   2.8515058e-04
   5.7330563e-02   3.4543336e-01  -1.2464264e-01  -4.0751342e-03   1.4161883e-04   8.5609753e-04
   5.7433797e-02   3.3942593e-01  -1.3443175e-01  -4.8114228e-03   1.3678255e-04   5.5170749e-04
   4.9837317e-02   3.5094394e-01  -1.3773143e-01  -3.5821768e-03   2.8385227e-04   2.9617617e-04
   6.3596534e-02   3.2734627e-01  -1.2354941e-01  -5.1137246e-03   2.6639977e-04   8.4571705e-04
   6.0534231e-02   3.0222116e-01  -1.1904426e-01  -3.5654653e-03   2.4058836e-04   6.1884360e-04
   6.0302210e-02   3.5941467e-01  -8.0778464e-02  -5.7843892e-03   3.7480380e-05   7.3054366e-04
   6.1318300e-02   3.4602021e-01  -9.8277877e-02  -4.8831427e-03  -9.4584140e-05   5.3568437e-04
   5.8537921e-02   3.0129822e-01  -5.4670154e-02  -6.5680100e-03   1.3508668e-04  -5.9625662e-05
   6.2803871e-02   2.6564687e-01  -1.0954253e-01  -3.1838770e-03   2.3381790e-04   1.5253549e-04
   6.3707205e-02   2.7033297e-01  -1.2586719e-01  -3.7146851e-03   2.9785363e-04  -6.7020415e-05
   5.7616922e-02   3.2200166e-01  -1.1837993e-01  -3.9470792e-03   5.5335135e-05   3.0384436e-04
   6.1851742e-02   3.1458430e-01  -1.7871037e-01  -1.5430414e-03   1.5818696e-05   6.1518361e-04
   5.1544163e-02   3.2439986e-01  -1.2311735e-01  -3.7102481e-03   1.7393473e-04   6.7544476e-04
   4.6858445e-02   3.3394731e-01  -1.4966668e-01  -3.8022595e-03   2.0656462e-04   2.8773053e-04
   4.0725390e-02   3.6646659e-01  -1.6223564e-01  -3.4106325e-03   5.5355248e-05   3.7356420e-04
   4.6623633e-02   3.4123159e-01  -1.0935627e-01  -4.8367290e-03   4.7326387e-04   2.7741395e-05
   5.0640898e-02   3.3302125e-01  -1.1710542e-01  -4.4101816e-03   1.9758956e-04   1.1210833e-04
   5.3857356e-02   3.1357596e-01  -1.3835412e-01  -4.0094769e-03   3.1024750e-04  -9.8043450e-05
   6.0458755e-02   3.3855226e-01  -1.1946690e-01  -3.1962094e-03  -4.8900906e-05   1.8927208e-04
   6.0363157e-02   3.2677750e-01  -1.5828296e-01  -7.2907012e-04   3.9644676e-04  -9.8801812e-05
   5.8467597e-02   3.5730341e-01  -2.0440163e-01  -2.5102342e-03   1.3074758e-04   2.1629963e-04
   6.0641870e-02   3.8512677e-01  -2.3884464e-01  -9.3534672e-04   2.7442728e-04   2.1998809e-04
   5.2202113e-02   3.6796232e-01  -1.5833047e-01  -5.4405085e-03   4.9486901e-04  -1.4428620e-04
   5.8442860e-02   3.2876234e-01  -1.8501541e-01  -3.0868133e-03   2.9038033e-04   1.8822801e-04
   5.8410876e-02   3.5467231e-01  -1.6633132e-01  -4.1837966e-03   1.8379279e-04   1.8990862e-04
   5.6101510e-02   3.9006171e-01  -2.1304675e-01  -2.2867536e-03   2.8281715e-04   6.5665508e-05
   6.5793831e-02   3.8306806e-01  -2.3742498e-01  -1.4755221e-03   2.4842320e-04   3.8393176e-04
   5.5899773e-02   3.6584479e-01  -1.8183415e-01  -4.4241722e-03   4.2192161e-04   6.8693023e-04
   5.0940833e-02   3.5136153e-01  -2.2067529e-01  -2.9656659e-03   1.2070458e-04   1.3448476e-04
   5.6235018e-02   3.9594589e-01  -2.8992313e-01   2.6453811e-04  -3.8304120e-05   3.7781447e-04
   5.4118492e-02   3.7562347e-01  -1.8477925e-01  -4.0861537e-03   2.4477530e-04   2.5087740e-05
   5.0330380e-02   3.6129251e-01  -2.6109239e-01  -1.2661386e-03   8.7648832e-05   6.0188184e-04
   5.1756334e-02   3.7500120e-01  -2.8817927e-01  -4.8146119e-04  -2.3189849e-04   6.2220757e-04
   5.4337870e-02   3.9132831e-01  -2.2824715e-01  -3.4927189e-03   2.6967813e-05   3.3593851e-04
   5.2477608e-02   3.7227426e-01  -2.5528012e-01  -1.9032900e-03  -2.3780761e-04   5.5804272e-04
   5.5841374e-02   3.8570615e-01  -2.2990172e-01  -3.2229458e-03  -1.4350979e-04   3.4306156e-04
   4.8907804e-02   3.3725011e-01  -2.3075523e-01  -2.2619127e-03   1.4099263e-04   4.1325089e-04
   5.4071677e-02   3.4994061e-01  -2.0786200e-01  -4.5341392e-03   2.3514592e-04  -4.6699351e-05
   4.8974988e-02   3.3404091e-01  -2.2715028e-01  -2.7509227e-03  -1.9257256e-04   3.9550673e-04
   5.1394461e-02   3.1380235e-01  -2.4035358e-01  -2.1041635e-03   1.4350305e-04  -1.8979998e-04
   5.6986331e-02   3.4029358e-01  -2.4362797e-01  -1.4003003e-03  -2.5614236e-04   5.1903401e-04
   4.4682980e-02   3.5380555e-01  -2.5816220e-01  -2.6464023e-03   1.4729487e-05  -8.3187174e-05
   3.6011586e-02   4.2399573e-01  -1.7257592e-01  -1.6060023e-04   1.8489297e-04  -7.2676039e-04
   1.6233241e-02   4.1779533e-01  -2.6557647e-01  -8.7398262e-04  -5.4838708e-04  -8.2893669e-04
   3.0509553e-02   3.9693988e-01  -2.8191375e-01  -2.7145834e-03  -2.6462056e-04  -7.0964574e-04
   4.8608704e-02   4.0405862e-01  -2.6571957e-01  -1.3555507e-03  -1.0346892e-03   2.6709072e-05
