   0.0000000e+00   0.0000000e+00   7.1054274e-15   0.0000000e+00   0.0000000e+00   0.0000000e+00
   2.9305116e-03   6.0775326e-02   4.3017558e-03   1.2596975e-03   7.3222467e-05  -2.5967994e-04
   3.0577508e-04   5.4238426e-02   1.0978877e-02   2.1383712e-04  -1.0141473e-04  -4.6309600e-04
  -7.4671149e-03   1.5508014e-02  -1.2133924e-02   9.5058696e-04  -6.4648095e-04  -7.8359491e-04
   9.3098930e-03   4.1568745e-02  -2.6552386e-02   9.6746861e-04  -6.6217804e-04  -1.6933208e-04
   2.2419731e-02   2.0099353e-02  -1.7327541e-02   2.6001656e-04  -3.1190462e-04  -5.3157997e-06
   6.1298743e-03   6.9248286e-02   5.1649442e-02   1.4506642e-03   6.1377956e-05  -7.5330111e-05
  -1.2783820e-02   3.8404845e-02   2.7701589e-02   1.1340327e-03   3.0195101e-05  -3.8858885e-04
  -1.3906301e-02   1.8215321e-02  -3.0817545e-02   8.6258244e-04  -1.9624339e-04  -5.2690580e-04
  -4.1760414e-03   8.0866194e-02   8.6828532e-02   5.0667631e-04   3.6407894e-04   3.6236210e-05
  -3.6769365e-02   4.0264903e-02   6.8483283e-02   5.1235825e-04   1.3356607e-04  -5.1177525e-04
  -1.5422632e-02   8.1528440e-03  -7.9730133e-02   2.7968501e-04   2.5734870e-04  -2.2094510e-04
   1.6258881e-03   8.0967619e-02   1.0800722e-02   5.1900678e-04  -5.6450216e-04   1.0452313e-04
  -1.2754999e-03   3.9046125e-02   6.2008659e-02   4.1196993e-04  -5.0177475e-04  -2.3120596e-04
   9.7202943e-03   4.0505776e-02   3.6422247e-02   3.5152357e-04  -6.6174066e-05   7.7415120e-06
  -2.4208906e-02   6.6714234e-02   5.7635027e-02  -3.9330180e-04  -2.2121977e-04  -3.9084841e-04
  -1.5654557e-02   6.4329763e-02   8.5885792e-02  -4.5134970e-04  -2.5287025e-04  -2.4021353e-04
  -1.9154238e-02   8.4215828e-02   9.5709607e-02   1.5367335e-04  -2.1269987e-04  -4.9938336e-05
   2.5005985e-03   6.0932849e-02   4.6717430e-02   9.8013667e-04   1.3637869e-04   2.8067971e-05
   1.1654813e-03   9.1126049e-02   2.6602055e-02  -7.3688825e-05  -1.2616991e-04   3.2583433e-04
   6.9404849e-03   7.3883171e-02   5.0416950e-02   1.7708155e-04  -1.9788125e-04   1.3766442e-04
  -5.0750830e-03   7.7076338e-02   1.7081075e-02  -6.0340677e-04   1.3215649e-04   1.5843853e-04
   1.2722959e-02   7.2036366e-02   5.0770229e-02  -8.0438570e-04  -3.5638451e-04   3.3299062e-04
  -1.9665933e-02   1.3310039e-01   1.2796222e-01  -9.5479275e-04   4.4124104e-05  -2.8192032e-04
  -2.1590585e-02   1.1043925e-01   7.0910844e-02   6.2066765e-05  -4.0554485e-04  -5.1257718e-04
  -2.0713940e-02   1.1097491e-01   5.1079382e-02  -3.6888391e-04  -1.0485732e-04  -3.3104209e-04
  -2.4580336e-02   1.4318161e-01   7.4765116e-02  -3.1208327e-04  -1.5491309e-04  -2.9706462e-04
  -1.6377984e-02   1.4195923e-01   8.9569838e-02  -1.0107754e-03   6.1831765e-05  -2.3254857e-04
  -2.7363418e-02   1.4434142e-01   1.1718592e-01  -1.1818773e-03  -3.5041784e-04  -2.3961663e-04
  -2.5838676e-02   1.5307281e-01   8.0812869e-02  -1.7698149e-03   2.5568796e-06  -4.2045228e-04
  -1.0930458e-01   3.8170854e-01   3.5905641e-01  -3.9379810e-05  -9.0656697e-04  -2.2226544e-03
  -7.2875880e-02   2.2285833e-01   1.3055448e-01  -7.3683976e-04  -1.1879880e-03  -1.2455558e-03
  -8.6259530e-02   2.1716566e-01   7.4524124e-02  -5.4920902e-04  -9.8887231e-04  -1.5499945e-03
  -6.6455818e-02   2.0753466e-01   1.7305936e-01  -2.3104785e-03  -1.4402716e-03  -1.1003163e-03
  -5.8605691e-02   2.0915453e-01   1.7881864e-01  -2.9510160e-03  -1.7682537e-03  -9.6011623e-04
  -6.7994297e-02   2.1037196e-01   1.4721865e-01  -3.0018848e-03  -1.4684801e-03  -1.0231101e-03
  -5.4372362e-02   1.9009389e-01   1.1882661e-01  -2.8949448e-03  -1.3018578e-03  -9.4425293e-04
  -5.1122784e-02   1.8681859e-01   1.3918097e-01  -3.7149186e-03  -1.4286804e-03  -1.1313531e-03
  -6.2939296e-02   2.1348644e-01   8.4107058e-02  -2.1795361e-03  -1.2525167e-03  -1.2485390e-03
  -6.2377523e-02   2.0764188e-01   1.1061114e-01  -3.1999533e-03  -1.4849394e-03  -1.0725680e-03
  -5.5409629e-02   1.9347320e-01   1.0052565e-01  -2.9123883e-03  -1.8499479e-03  -1.1344063e-03
  -3.7148321e-02   1.8543509e-01   9.5994284e-02  -2.3547138e-03  -1.9657474e-03  -9.7263612e-04
  -5.2224651e-02   2.0235143e-01   8.0764140e-02  -2.0603012e-03  -1.8421603e-03  -9.2437150e-04
  -3.9869860e-02   2.0164642e-01   8.4939871e-02  -1.4167824e-03  -2.1327732e-03  -1.0288714e-03
  -5.5363259e-02   2.0101820e-01   1.0938896e-01  -2.8798201e-03  -1.6334895e-03  -1.0514844e-03
  -4.1648189e-02   1.8888512e-01   1.0216758e-01  -2.5824732e-03  -2.0715885e-03  -1.0172455e-03
  -4.6482368e-02   1.8531791e-01   1.0999661e-01  -3.1162833e-03  -2.2821037e-03  -1.0113932e-03
  -5.4361699e-02   1.9345898e-01   9.0227434e-02  -2.0510459e-03  -2.6357763e-03  -1.0412395e-03
  -7.8957463e-02   2.2635595e-01   1.3107815e-01  -2.6450786e-03  -2.6722339e-03  -1.6440850e-03
  -5.2432172e-02   2.1678473e-01   1.4295146e-01  -2.2780015e-03  -2.5240419e-03  -8.6303606e-04
  -5.4860303e-02   2.1493579e-01   1.3032033e-01  -2.0817886e-03  -2.6042613e-03  -9.0184898e-04
  -5.4079785e-02   2.3819359e-01   1.7452750e-01  -2.8502270e-03  -3.0403870e-03  -9.7735433e-04
  -8.8070462e-02   1.9159876e-01   1.3150380e-01  -2.0842653e-03  -3.0165719e-03  -1.4924057e-03
  -1.1784162e-01   2.2594383e-01   1.8344230e-01  -2.4990296e-03  -3.5059930e-03  -2.4829840e-03
  -1.0760887e-01   1.9300256e-01   1.6935115e-01  -3.4716814e-03  -3.2859573e-03  -1.8529023e-03
  -1.0170635e-01   1.9641599e-01   1.4676776e-01  -3.1149035e-03  -3.5444610e-03  -1.5858534e-03
  -9.7195444e-02   1.9783554e-01   1.0916231e-01  -2.8873865e-03  -3.2574977e-03  -1.9734552e-03
  -7.5931193e-02   2.2451533e-01   1.8627930e-01  -3.2354521e-03  -3.6176193e-03  -1.5458939e-03
  -8.3165640e-02   2.2346223e-01   1.5734089e-01  -2.3444576e-03  -3.1556510e-03  -1.8194748e-03
  -1.0669376e-01   2.7720880e-01   2.6239237e-01  -7.7652523e-04  -3.7578000e-03  -2.9224584e-03
  -7.9590971e-02   2.4941771e-01   1.6320543e-01  -2.2367812e-03  -3.9896114e-03  -2.3008859e-03
  -9.5483222e-02   2.0769038e-01   6.7364820e-02  -2.2871868e-03  -3.9862583e-03  -2.3664049e-03
  -1.0850434e-01   1.9108959e-01   8.5945797e-02  -3.0592478e-03  -4.2884515e-03  -2.4644574e-03
  -1.1732751e-01   2.3951853e-01   2.3370255e-01  -4.1708626e-03  -4.5411278e-03  -2.4483980e-03
  -9.5161105e-02   2.2456698e-01   2.3384929e-01  -3.6477206e-03  -4.9814529e-03  -1.9826644e-03
  -1.2226184e-01   2.1892572e-01   1.2877811e-01  -4.1420128e-03  -4.3001969e-03  -2.4966873e-03
  -1.1617874e-01   2.2584640e-01   1.4200223e-01  -3.5544624e-03  -4.3076305e-03  -2.2844945e-03
  -1.3257090e-01   2.1454433e-01   1.2037210e-01  -4.0618928e-03  -4.7202331e-03  -2.9456775e-03
  -1.1842220e-01   2.3482357e-01   1.0732842e-01  -3.1448594e-03  -4.7067892e-03  -2.5505429e-03
  -1.2287596e-01   2.3994602e-01   1.2275597e-01  -4.1569072e-03  -4.5417643e-03  -2.6304154e-03
  -1.2276841e-01   2.4509928e-01   1.0519797e-01  -3.4091674e-03  -4.4096580e-03  -2.4216471e-03
  -9.9292837e-02   2.6282270e-01   8.2316768e-02  -1.9834580e-03  -4.4921963e-03  -2.0172573e-03
  -5.6584265e-02   2.1752754e-01   4.6178248e-02  -1.9985335e-03  -4.2286423e-03  -1.3404164e-03
  -6.6764968e-02   2.1020481e-01   6.7889131e-02  -2.4062601e-03  -3.9490735e-03  -1.6941654e-03
  -7.7385550e-02   2.0667481e-01   7.2002748e-02  -2.4279786e-03  -4.2698129e-03  -1.7194598e-03
  -7.4561250e-02   2.0056073e-01   8.4130881e-02  -2.5230291e-03  -4.4333583e-03  -1.8024000e-03
  -6.2388601e-02   1.9751588e-01   9.2536284e-02  -2.5061439e-03  -4.1882886e-03  -1.4758446e-03
  -5.9384283e-02   2.1012718e-01   7.3006499e-02  -2.4927154e-03  -3.6445499e-03  -1.2185534e-03
  -6.6137892e-02   1.8911026e-01   6.1619891e-02  -2.4436040e-03  -3.5339725e-03  -1.4052399e-03
  -6.2800017e-02   1.8522384e-01   6.0863275e-02  -2.7642454e-03  -3.6914732e-03  -1.4427520e-03
  -7.9497249e-02   1.8225613e-01   9.3010568e-02  -2.5734681e-03  -3.5276075e-03  -1.5313395e-03
  -5.8758743e-02   2.1885957e-01   1.1287774e-01  -2.5630357e-03  -3.7685476e-03  -1.4135383e-03
  -4.5114084e-02   2.3420327e-01   8.5368539e-02  -2.8056954e-03  -3.8867120e-03  -1.1375874e-03
  -4.1444755e-02   2.3151367e-01   1.2481971e-01  -2.9233354e-03  -3.3107784e-03  -1.2230600e-03
  -3.4402411e-02   2.4056536e-01   1.3367052e-01  -3.8357848e-03  -3.6740245e-03  -1.1587261e-03
  -5.1682716e-02   2.2715255e-01   1.7315768e-01  -4.2953392e-03  -3.5429872e-03  -1.4720761e-03
  -4.2548021e-02   2.8317907e-01   1.2700174e-01  -3.7418820e-03  -3.5646316e-03  -1.4507393e-03
  -7.7441083e-02   3.2672543e-01   2.8608188e-01  -3.4334999e-03  -3.7889202e-03  -1.6850326e-03
  -5.7822898e-02   2.6434297e-01   1.0595614e-01  -2.9515493e-03  -3.3847571e-03  -1.4639982e-03
  -8.5505597e-02   4.8854738e-01   2.9182629e-01  -1.1331380e-03  -3.4082519e-03  -1.6892052e-03
  -6.4317219e-02   2.5586895e-01   1.7449897e-01  -2.4910194e-03  -4.0672984e-03  -1.6272810e-03
  -4.2923091e-02   2.5689937e-01   9.6863928e-02  -3.8690541e-03  -4.1205469e-03  -1.1000884e-03
  -5.5128949e-02   2.5408397e-01   2.1220278e-01  -3.5928020e-03  -4.1042760e-03  -1.4570267e-03
  -7.4044438e-02   2.5857383e-01   1.6881486e-01  -4.9000566e-03  -4.1527189e-03  -1.7646544e-03
  -7.8041569e-02   2.6097836e-01   1.9061517e-01  -4.3316745e-03  -4.1358573e-03  -1.6913758e-03
  -7.4126924e-02   2.2945048e-01   1.2136455e-01  -5.2260578e-03  -4.1842529e-03  -1.7630499e-03
  -6.8106446e-02   2.5304647e-01   1.7861848e-01  -4.0185698e-03  -4.0494335e-03  -1.3572978e-03
  -5.5392025e-04   2.3421662e-01   1.2568053e-01  -5.3526754e-03  -3.3050821e-03  -1.1814537e-04
  -5.2389018e-02   2.5330607e-01   1.2080451e-01  -5.2825364e-03  -3.9634672e-03  -9.6354824e-04
  -3.3231211e-02   2.5433375e-01   9.5340954e-02  -5.8888756e-03  -4.0204978e-03  -7.8730917e-04
  -4.8276428e-02   2.6054129e-01   1.5091299e-01  -4.1424457e-03  -3.8623929e-03  -1.0981116e-03
  -2.0733681e-02   2.9972129e-01   1.8496550e-01  -4.1136651e-03  -2.9669387e-03  -4.2429237e-04
  -5.9681901e-03   2.9274526e-01   1.8530036e-01  -6.1063722e-03  -4.0394589e-03  -4.6625050e-04
  -4.3681993e-02   3.1117316e-01   2.7316353e-01  -1.0588472e-02  -3.1620628e-03  -3.1218298e-04
  -9.8880345e-02   3.5340688e-01   4.9972538e-01  -1.5631652e-02  -2.5799811e-03  -3.5034034e-04
  -5.8680119e-02   3.3468411e-01   3.5312066e-01  -1.0062346e-02  -2.4651463e-03  -3.9105379e-04
  -7.2249803e-02   3.3213996e-01   3.6497208e-01  -1.1584018e-02  -2.7358215e-03  -3.2863220e-04
  -8.1737530e-02   3.0574588e-01   3.3162910e-01  -1.0630636e-02  -2.8455650e-03  -6.5835459e-04
  -8.0200388e-02   3.2587357e-01   3.2136547e-01  -1.1463365e-02  -2.7409296e-03  -2.4824159e-04
  -7.8050210e-02   3.0440491e-01   2.8978568e-01  -9.5084407e-03  -2.6544564e-03  -2.3088709e-04
  -8.7753038e-02   3.3968546e-01   3.2457577e-01  -1.0887102e-02  -2.9814401e-03  -2.8165283e-04
  -8.3634153e-02   3.1460164e-01   3.0633885e-01  -9.9267062e-03  -2.9163552e-03  -4.7283957e-04
  -8.7271579e-02   3.1616569e-01   2.9042768e-01  -1.0608326e-02  -2.8775084e-03  -5.5317932e-04
  -8.6258628e-02   3.1035636e-01   2.8218121e-01  -9.4934576e-03  -2.6948194e-03  -5.0015891e-04
  -9.4612666e-02   3.1225263e-01   2.6001970e-01  -9.5624216e-03  -2.8691812e-03  -4.0360555e-04
  -9.7151472e-02   2.9430131e-01   2.7754942e-01  -8.8364794e-03  -2.8019995e-03  -3.7506447e-04
  -1.0059382e-01   2.9888497e-01   2.8487565e-01  -8.7732219e-03  -2.4761286e-03  -3.2352006e-04
  -1.1705226e-01   3.3921570e-01   2.5437974e-01  -8.7740157e-03  -2.4264243e-03  -8.6267243e-04
  -1.1398935e-01   3.2323525e-01   2.6876554e-01  -8.7239866e-03  -2.2645909e-03  -6.5960200e-04
  -1.0445712e-01   3.1821401e-01   2.8445985e-01  -8.8873187e-03  -2.2523430e-03  -4.6303228e-04
  -9.0486682e-02   3.2734292e-01   2.4679377e-01  -7.4833935e-03  -1.8855541e-03  -2.9257622e-04
  -9.8485144e-02   3.5247671e-01   2.7108121e-01  -8.2207504e-03  -1.6865994e-03  -3.6304353e-04
  -9.5402172e-02   3.8366970e-01   2.8500404e-01  -8.2824462e-03  -1.7430756e-03   9.3857793e-05
  -1.0044447e-01   3.4042421e-01   2.9406612e-01  -8.6647378e-03  -2.2085901e-03  -1.7616955e-04
  -1.1007026e-01   3.2717457e-01   2.4144975e-01  -7.5172416e-03  -2.2160450e-03  -6.5142185e-04
  -1.0678398e-01   3.5043866e-01   2.8118819e-01  -8.6134202e-03  -1.8312543e-03  -1.3594315e-04
  -1.0908227e-01   3.2834219e-01   2.6180951e-01  -8.7075089e-03  -1.6630036e-03  -3.4569552e-04
  -9.8043669e-02   3.4373440e-01   2.7950059e-01  -8.1586672e-03  -2.0776643e-03   4.9608239e-05
  -1.0274927e-01   3.2027280e-01   2.2787541e-01  -8.3040730e-03  -2.2358307e-03  -4.6730571e-04
  -7.9761367e-02   3.6944824e-01   2.2285588e-01  -8.6405573e-03  -2.0737320e-03   3.9438215e-04
  -1.2001876e-01   3.8598785e-01   3.5108589e-01  -7.4087472e-03  -2.2488366e-03  -3.9278974e-04
  -1.3659891e-01   3.9967757e-01   2.8681304e-01  -4.4349108e-03  -2.2873273e-03  -7.2692972e-04
  -5.8576032e-02   3.7242325e-01   2.2364952e-01  -7.1381183e-03  -2.8156874e-03   6.1374177e-04
  -8.2683271e-02   3.3245347e-01   2.5065295e-01  -6.5394081e-03  -2.4256040e-03   1.9388941e-04
  -6.9183483e-02   3.4968449e-01   2.5359531e-01  -7.2548189e-03  -2.8483329e-03   2.5803416e-04
  -9.5975742e-02   3.1979383e-01   2.8089230e-01  -7.1727430e-03  -2.6473424e-03  -1.3707679e-04
  -7.6561246e-02   3.3570830e-01   2.3867933e-01  -7.4957507e-03  -2.9251220e-03   1.3992962e-04
  -9.2990685e-02   3.4650735e-01   2.8180772e-01  -8.0493045e-03  -2.3414111e-03  -2.9665258e-04
  -7.4649348e-02   3.3633220e-01   2.5312125e-01  -7.3053848e-03  -2.5513426e-03   4.5160647e-05
  -7.7053103e-02   3.8118898e-01   2.7573683e-01  -7.5973828e-03  -2.8242346e-03  -6.5492886e-05
  -8.3449273e-02   3.9077906e-01   2.6880864e-01  -7.1832615e-03  -2.8200839e-03  -1.4992471e-04
  -7.8603281e-02   4.0587886e-01   2.7715806e-01  -7.3889765e-03  -2.8272902e-03  -1.3062609e-04
  -7.2304256e-02   4.2833917e-01   2.5574349e-01  -6.7075192e-03  -2.8345075e-03   2.6211145e-05
  -8.8633152e-02   4.4092209e-01   2.9062414e-01  -5.6977608e-03  -3.0551251e-03  -4.1915688e-04
  -1.0280284e-01   4.1587196e-01   3.0023519e-01  -7.3814867e-03  -3.2491495e-03  -4.3119170e-04
  -8.4832629e-02   3.8137569e-01   2.8129426e-01  -7.2765243e-03  -3.1170190e-03  -5.3670993e-04
  -7.2161512e-02   3.8226551e-01   2.7369253e-01  -7.0365344e-03  -3.1744369e-03  -2.4573951e-04
  -8.1551440e-02   3.8102269e-01   2.9808312e-01  -7.8162546e-03  -3.2877934e-03  -3.3554887e-04
  -6.4716812e-02   3.9587344e-01   3.2015183e-01  -7.7345060e-03  -3.1268927e-03  -8.5652140e-05
  -7.1103283e-02   3.9971416e-01   2.8648388e-01  -7.0036512e-03  -3.1319289e-03  -2.8329280e-04
  -7.1950829e-02   3.8660277e-01   3.2337207e-01  -8.1714013e-03  -3.1874893e-03  -2.9098571e-04
  -5.7311920e-02   3.6757889e-01   2.9318419e-01  -7.2223592e-03  -3.1304788e-03  -1.9461701e-04
  -6.5988848e-02   3.9265650e-01   2.8891396e-01  -7.6355155e-03  -2.9502484e-03  -1.7368500e-04
  -6.3550500e-02   3.9369014e-01   3.0498651e-01  -7.4510635e-03  -3.1709717e-03  -1.8951721e-04
  -7.6007186e-02   3.9578802e-01   2.9381744e-01  -8.0844749e-03  -3.5043277e-03  -4.8102116e-04
  -8.1972861e-02   3.8713715e-01   2.9372760e-01  -7.2686209e-03  -2.9288087e-03  -6.1394734e-04
  -6.7914143e-02   3.7727647e-01   2.7310440e-01  -7.0802264e-03  -3.1421454e-03  -2.5511667e-04
  -8.5408102e-02   3.9781330e-01   3.0736646e-01  -7.6900622e-03  -3.6054728e-03  -6.5058780e-04
  -8.8624868e-02   3.8659720e-01   3.3032971e-01  -7.7145203e-03  -3.6063127e-03  -9.4298370e-04
  -8.4085724e-02   4.0385793e-01   2.8560967e-01  -7.0435123e-03  -3.4789804e-03  -5.9816973e-04
  -9.0865276e-02   4.0374238e-01   2.8244720e-01  -6.6701320e-03  -3.4982214e-03  -8.7783665e-04
  -6.9658607e-02   3.9594375e-01   3.1415379e-01  -6.8943713e-03  -3.5546923e-03  -2.8028664e-04
  -6.7040843e-02   3.6982391e-01   3.0376703e-01  -6.4014641e-03  -3.8489573e-03  -3.8275001e-04
  -7.1432332e-02   3.9114896e-01   3.0399035e-01  -7.7652015e-03  -3.7785487e-03  -5.8443804e-04
  -7.9331398e-02   4.1173170e-01   3.5369809e-01  -7.0874573e-03  -4.1128671e-03  -8.7497245e-04
  -7.2660719e-02   4.3943037e-01   3.8139450e-01  -6.9842631e-03  -4.1908705e-03  -1.1281948e-03
  -7.4916120e-02   4.2586191e-01   3.1565514e-01  -6.6491145e-03  -4.1902301e-03  -7.8032100e-04
  -7.0577037e-02   4.4410019e-01   3.3134723e-01  -6.1967120e-03  -4.4073921e-03  -7.0194309e-04
  -9.2699550e-02   4.5348299e-01   3.6368278e-01  -7.3696060e-03  -4.3530621e-03  -1.1986979e-03
  -8.5771617e-02   4.5946653e-01   3.6684321e-01  -6.8973511e-03  -4.6682589e-03  -1.0720302e-03
  -1.0038674e-01   4.5575852e-01   3.6819375e-01  -7.1018056e-03  -4.5365031e-03  -1.4198167e-03
  -1.0113898e-01   4.3615298e-01   3.3604351e-01  -6.3719496e-03  -4.5081481e-03  -1.4443971e-03
  -1.1760663e-01   4.6387592e-01   3.1656614e-01  -6.6025345e-03  -4.4153362e-03  -1.7559022e-03
  -1.1581594e-01   4.6594521e-01   3.2218979e-01  -5.9675108e-03  -4.9122610e-03  -1.8248714e-03
  -1.2110180e-01   4.7092482e-01   3.2003084e-01  -6.3166679e-03  -4.6723746e-03  -1.8850002e-03
  -1.2771628e-01   4.6733394e-01   3.5945032e-01  -7.0415720e-03  -4.7646779e-03  -2.0511643e-03
  -1.3772450e-01   4.4383411e-01   2.5194429e-01  -7.4450601e-03  -4.3834043e-03  -1.9391446e-03
  -1.4960600e-01   4.2377647e-01   2.6689719e-01  -7.1247350e-03  -4.1461504e-03  -1.8953023e-03
  -1.3471963e-01   4.3250444e-01   3.2566530e-01  -7.3241458e-03  -4.4369188e-03  -1.7738231e-03
