   0.0000000e+00   0.0000000e+00  -7.1054274e-15   0.0000000e+00   0.0000000e+00   0.0000000e+00
   3.1132315e-03   8.4535552e-03  -1.0660866e-02   3.0248378e-04   6.0160654e-05  -1.1313709e-04
   7.9545556e-03   2.1481558e-03   3.1876451e-03   3.8310155e-04   1.2691692e-04   3.8331154e-04
   6.5668850e-03   3.6855960e-03   3.1284899e-02   2.0631090e-04   2.4930474e-04   2.3448185e-04
   5.7692742e-03   2.3136509e-03   3.6740186e-02   1.8605821e-04   2.0694554e-04   8.1354579e-05
  -2.4716536e-03   8.9505528e-04   6.6419115e-03   1.5169744e-04   7.6343371e-04   4.3491808e-04
   2.8894998e-03   1.0339853e-02   6.0402550e-03   1.7509484e-04   5.4248101e-04   1.0837839e-04
   2.9084994e-03   1.1676029e-02  -7.2811888e-03   2.9148263e-04   4.1346787e-04   2.2297819e-04
  -6.0943909e-03   6.4313819e-03   3.8256425e-02   1.0166200e-04   2.0464161e-04  -4.4237675e-04
   1.7278301e-02   1.1316409e-03   1.2710483e-02   7.6819657e-04   4.2961518e-04   1.7583503e-04
   5.4749495e-03   7.0805356e-03   6.1148288e-02   1.6010179e-04   3.3001836e-04  -2.2302186e-04
   1.6300196e-02   3.5679243e-04   1.0034073e-02   3.7446159e-05   1.5406962e-04   4.0540904e-04
   4.4288927e-03   1.4966009e-02   3.4933067e-02   7.3366737e-05   3.4122190e-04   5.8593967e-06
   3.9313285e-03   6.8853253e-04   3.9095287e-02  -5.5445935e-04   5.3473513e-04   2.3980643e-04
   5.3768859e-03   7.4250916e-03   3.5477189e-02  -9.8338827e-04   4.7406613e-04   1.0387052e-04
  -6.2153453e-03   1.2921549e-02   8.2199122e-02  -1.7554735e-03   5.0888966e-04   8.0243558e-05
  -7.0430981e-03   1.6600333e-02   8.8900890e-02  -1.2283229e-03   4.2701971e-04  -5.6408301e-06
   8.7101437e-03   2.7654894e-02   8.4760948e-02  -1.5385131e-03   3.8901550e-04   3.8124149e-04
  -6.8573078e-03   2.1867206e-02   8.9568816e-02  -1.6720800e-03   4.3874131e-04  -3.2947411e-05
   3.9769755e-03   2.2815481e-02   1.2701974e-01  -2.2221239e-03   5.0886595e-04   2.0322223e-04
   4.0436056e-03   4.3732303e-02   6.9238017e-02  -1.8283255e-03   3.3658533e-04   1.3648421e-04
  -8.3648676e-03   3.9890240e-02   7.7161314e-02  -1.5552865e-03   1.8090258e-04   1.0618204e-04
   2.6470926e-05   3.7829348e-02   1.0287713e-01  -2.0125382e-03   4.9878575e-05   1.6430739e-04
  -2.4838925e-03   3.6090097e-02   9.2721619e-02  -2.2207431e-03  -6.7518040e-05   2.5931303e-04
  -1.2386662e-03   3.3990389e-02   1.2337041e-01  -2.5845004e-03   1.2481037e-04   2.0977650e-04
  -1.5041631e-02   4.3028992e-02   1.1020547e-01  -2.7321656e-03  -3.8412956e-04  -1.4081781e-04
  -1.3367679e-02   7.6748704e-02   1.6296804e-01  -2.4509757e-03  -1.2860859e-04  -1.6712542e-04
  -1.4640276e-02   6.9639416e-02   1.1819710e-01  -2.0416564e-03   1.9494969e-05  -6.1127782e-04
  -1.1000089e-02   5.9344451e-02   1.3258159e-01  -2.8571750e-03  -2.4592903e-04  -2.1665317e-05
  -5.2815806e-03   4.8942817e-02   1.5359665e-01  -3.0171376e-03   1.9011216e-05   2.7417516e-04
  -2.0419740e-02   6.5484522e-02   1.5410577e-01  -3.9455135e-03  -1.7781942e-04  -5.0832158e-05
  -1.0852510e-02   8.4451096e-02   1.9036440e-01  -3.9931140e-03   2.5401646e-04  -1.5042534e-04
  -2.3864083e-02   6.8083118e-02   1.6333181e-01  -3.7973642e-03   8.7706819e-06  -1.9222360e-04
  -2.0092491e-02   1.0432688e-01   1.9188309e-01  -3.3697992e-03   5.6749360e-05  -3.0999920e-04
  -8.8599536e-03   8.8972502e-02   1.7226576e-01  -3.8921399e-03  -6.8264809e-05  -2.1354043e-04
  -1.0668194e-02   9.5073403e-02   2.0498311e-01  -3.7909682e-03  -1.1257901e-04  -2.7998115e-04
  -1.6753034e-02   8.6345438e-02   2.0052925e-01  -3.9932623e-03  -1.0855076e-04  -3.1015869e-04
  -9.5973763e-03   6.9653305e-02   1.9496202e-01  -4.1183655e-03  -9.3573349e-05  -4.4263939e-05
  -1.6094351e-02   8.9791878e-02   1.7678166e-01  -4.4791798e-03   1.4178216e-04  -9.0967944e-05
  -1.8605506e-02   8.8368920e-02   2.0047869e-01  -5.0275833e-03   1.1676962e-04  -1.8343603e-04
  -1.8311157e-02   9.4434092e-02   1.9682210e-01  -4.8395392e-03  -7.4211599e-05  -7.6074980e-05
  -2.0827020e-02   9.3864483e-02   2.3027550e-01  -5.3135257e-03   1.9472314e-05  -5.8465778e-04
  -2.0304388e-02   8.4352202e-02   2.2714262e-01  -5.8324349e-03   2.8933956e-04  -3.5020698e-04
  -1.9709183e-02   9.4466789e-02   2.1045874e-01  -5.2577858e-03   3.2253299e-04  -2.5431648e-04
  -1.7656432e-02   8.3768766e-02   2.1514865e-01  -5.4611768e-03   2.4741828e-04  -2.7103832e-04
  -2.2729702e-02   9.3949468e-02   2.2269590e-01  -5.5691617e-03   3.3705114e-04  -2.6359538e-04
  -3.0552532e-02   1.2083486e-01   2.3621408e-01  -5.4829409e-03   2.5470305e-04  -5.6523127e-04
  -9.0094832e-03   1.2784761e-01   2.9492535e-01  -6.1582786e-03   1.5624920e-04  -1.2797245e-04
  -2.1597337e-02   1.3441438e-01   2.8788745e-01  -6.4393704e-03   9.2305158e-05  -4.7612649e-04
  -2.4829730e-02   1.3215090e-01   2.9360416e-01  -6.5256817e-03   2.2210342e-04  -2.9434696e-04
  -2.4308664e-02   1.3428306e-01   2.9524554e-01  -7.0427042e-03  -3.3874040e-05  -2.9332879e-04
  -2.0947291e-02   1.5309121e-01   2.9326729e-01  -6.8627389e-03  -9.7403305e-05  -2.7030376e-04
  -2.7365419e-02   1.3552414e-01   3.0030318e-01  -6.7165136e-03  -2.2977532e-04  -7.7084946e-04
  -4.9459722e-03   1.5237475e-01   2.9643352e-01  -6.5879760e-03   4.4311189e-04  -1.0050779e-04
   6.3542799e-03   1.8638440e-01   3.7562609e-01  -7.5954106e-03   1.3526372e-03   5.0467843e-04
  -2.8333188e-03   1.7103864e-01   3.7026259e-01  -7.9109579e-03   8.1475347e-04   2.4840698e-04
  -2.3385969e-03   1.8077310e-01   3.6345038e-01  -8.1935928e-03   9.4054488e-04   1.1258364e-04
  -4.4991581e-03   1.8197165e-01   3.7710054e-01  -7.8573770e-03   7.1528990e-04   1.3421060e-04
   9.8522550e-04   1.9646074e-01   3.5835565e-01  -7.9396418e-03   5.6289836e-04   3.3431218e-05
  -1.0419016e-02   2.0324837e-01   3.7018581e-01  -7.8361752e-03   5.7009432e-04  -2.5192897e-04
  -1.3687314e-02   1.9025965e-01   3.7942612e-01  -8.3000498e-03   6.8787751e-04  -1.1017318e-04
  -4.8737146e-03   1.7109204e-01   3.7071779e-01  -8.3958240e-03   5.0952989e-04   9.7225179e-05
  -1.2905453e-02   1.7297871e-01   3.8868945e-01  -8.3798944e-03   5.5595853e-04  -3.1235942e-04
  -4.9990966e-03   1.7299720e-01   3.6104156e-01  -8.1270763e-03   6.5978275e-04  -1.9252037e-04
  -6.3420036e-03   1.6792766e-01   4.0516591e-01  -8.6614695e-03   7.7405119e-04  -2.6329918e-04
  -1.4235720e-02   1.7714044e-01   3.7397126e-01  -8.6305908e-03   6.4016478e-04  -2.5443290e-04
  -8.2312743e-04   1.8179213e-01   3.7210380e-01  -8.4963411e-03   7.2849734e-04   1.1240880e-05
   1.0617036e-03   1.7655813e-01   3.8487063e-01  -8.6905228e-03   4.6346227e-04   1.2190195e-05
   4.3514261e-03   1.8163465e-01   4.0445536e-01  -8.6874593e-03   6.1185714e-04  -1.6302017e-05
   3.2885055e-03   1.9856116e-01   3.7206905e-01  -8.4041504e-03   4.2814609e-04  -1.0307195e-04
   1.4753442e-03   2.0223567e-01   3.8554328e-01  -8.4778209e-03   3.1374654e-04   1.0890952e-04
   6.2033286e-03   1.9019287e-01   3.8370991e-01  -8.3861808e-03   6.6071817e-04   2.2231129e-05
  -2.6906356e-03   1.7566513e-01   3.9705833e-01  -8.8046389e-03   5.7873468e-04  -2.4898546e-05
  -5.5491978e-03   2.0814832e-01   4.2160036e-01  -9.0544828e-03   5.5626559e-04  -3.4033562e-04
  -3.0674113e-03   2.2518844e-01   3.6660674e-01  -8.4891089e-03   3.5724084e-04   8.9908207e-05
  -7.9137141e-03   2.2010168e-01   3.8500493e-01  -8.7108387e-03   5.4473232e-04  -3.6781660e-05
  -2.5273413e-03   2.0994241e-01   4.0881888e-01  -9.1343356e-03   6.0793102e-04  -3.6448508e-04
  -2.9145730e-03   2.1783567e-01   4.0223793e-01  -9.0179696e-03   6.2968279e-04  -4.4651281e-05
  -1.4709476e-02   2.1575836e-01   4.0948233e-01  -9.5192229e-03   5.7528745e-04   1.0230212e-05
  -1.7936895e-02   2.1958195e-01   4.1409623e-01  -9.5214021e-03   4.7510954e-04  -2.8683300e-04
  -2.2579453e-02   2.2244866e-01   3.8407538e-01  -9.0751784e-03   6.8196474e-04   6.2116505e-05
  -2.8300531e-02   2.1191623e-01   4.2631303e-01  -1.0009171e-02   6.1462781e-04  -4.2453569e-05
  -7.7987942e-03   2.2685054e-01   4.2326930e-01  -9.6996585e-03   4.6557693e-04   2.7204456e-04
  -1.2663168e-02   2.2985160e-01   4.3056129e-01  -9.8334617e-03   4.5745217e-04  -1.1785806e-04
  -1.2871034e-02   2.1287642e-01   4.4099335e-01  -1.0446745e-02   2.9908780e-04  -1.4322783e-04
  -2.7214067e-02   2.3408798e-01   5.4155184e-01  -1.2895073e-02  -3.0859868e-04  -3.8089768e-05
  -2.1804183e-02   2.5647905e-01   5.6427783e-01  -1.2527014e-02  -2.4942169e-04  -1.9306748e-04
  -2.5642363e-02   2.2326981e-01   5.7794329e-01  -1.3226242e-02  -3.0998996e-04  -3.1228026e-04
  -1.9789018e-02   2.5231202e-01   5.8077612e-01  -1.2950951e-02  -2.2178560e-04  -5.9557178e-04
  -3.3746190e-02   2.7853406e-01   5.4972459e-01  -1.2262712e-02  -3.9559594e-04  -6.4811811e-04
  -3.7306829e-02   2.9101660e-01   5.5650266e-01  -1.2152842e-02  -3.6038148e-04  -4.3438401e-04
  -2.3952913e-02   2.9882039e-01   5.7027237e-01  -1.2738501e-02  -4.4900595e-04  -5.1543594e-04
  -2.5291025e-02   2.8622820e-01   5.4402788e-01  -1.2812656e-02  -2.9330774e-04  -3.2410851e-04
  -1.5447899e-02   2.8218721e-01   5.8170477e-01  -1.2962919e-02  -1.8568546e-04  -3.8968708e-04
  -3.6957410e-02   2.7929775e-01   5.7335883e-01  -1.3029918e-02  -6.3389788e-05  -4.4677989e-04
  -2.1718576e-02   2.6676821e-01   5.4454949e-01  -1.2794305e-02   2.0070832e-04   1.6556490e-04
  -3.3398834e-02   2.6439150e-01   5.9336899e-01  -1.3797006e-02   4.4948404e-04   1.5185910e-04
  -2.8819897e-02   2.5441113e-01   5.6597453e-01  -1.3066084e-02   4.0944396e-04   1.9610248e-04
  -2.7182665e-02   2.6465832e-01   5.7764925e-01  -1.3162776e-02   2.6950406e-04   3.0558158e-04
  -9.9007702e-03   2.5751673e-01   5.6522259e-01  -1.3476497e-02   4.5067750e-04   4.3784927e-04
  -4.0539224e-03   2.5161349e-01   5.7417714e-01  -1.3446668e-02   4.8601008e-04   3.2607340e-04
   5.2415494e-03   2.4935302e-01   5.6764028e-01  -1.3467104e-02   4.1077526e-04   4.9013867e-04
  -8.9966130e-03   2.5066495e-01   5.7798395e-01  -1.3863372e-02   4.2002438e-04   1.2818141e-04
  -1.3511748e-02   2.6790961e-01   5.4217435e-01  -1.3247871e-02   4.0472659e-04   3.6489445e-04
  -2.8601945e-02   2.6924344e-01   5.6081256e-01  -1.3329225e-02   4.0642654e-04   5.8054894e-05
  -2.1484471e-02   2.8210795e-01   5.5583743e-01  -1.3539973e-02   3.3144515e-04   1.8453181e-04
  -2.0938847e-02   2.7861001e-01   5.6688636e-01  -1.3634964e-02   3.9870746e-04   7.2328500e-05
  -2.1991800e-02   2.9069959e-01   6.0048045e-01  -1.4202797e-02   3.5060343e-04   9.5389245e-05
  -2.0677756e-02   2.9937054e-01   5.6935617e-01  -1.3600375e-02   3.2915983e-04   2.5156155e-05
  -1.2779806e-02   2.9963670e-01   5.8443198e-01  -1.4057653e-02   5.4682712e-04   2.7235757e-04
  -1.1590627e-02   2.9870770e-01   5.8833513e-01  -1.4123392e-02   6.9276868e-04   1.5375340e-04
  -6.7972807e-03   3.0499703e-01   6.0967438e-01  -1.3706674e-02   4.0293854e-04   1.2537462e-04
  -1.4799743e-02   3.0504948e-01   6.0380973e-01  -1.3786149e-02   5.2433439e-04   3.3445772e-04
  -2.0246911e-02   3.0374038e-01   5.8082685e-01  -1.3760004e-02   3.9208704e-04   1.3172216e-04
  -1.2231433e-02   2.9272467e-01   5.8536612e-01  -1.4048279e-02   3.6938147e-04   3.7845712e-04
  -1.7860371e-02   3.1295267e-01   5.9626627e-01  -1.3946120e-02   2.9865254e-04  -1.4533930e-04
  -2.0652732e-02   3.0962958e-01   5.9901570e-01  -1.4153230e-02   1.0675165e-04   2.7173542e-04
  -2.0227755e-02   2.9655563e-01   5.9526285e-01  -1.3883690e-02   3.2122525e-04   1.8648602e-04
  -2.0760534e-02   2.9859194e-01   5.8070046e-01  -1.3975450e-02   7.4889000e-05   3.4673470e-04
  -1.8025768e-02   2.8867572e-01   6.0395710e-01  -1.3897090e-02   1.7412705e-04   2.4051836e-04
  -1.0765999e-02   2.9496204e-01   5.8505771e-01  -1.3936967e-02   1.1972709e-04   5.0886871e-04
  -1.7678817e-02   3.0133353e-01   6.1119158e-01  -1.4512672e-02   2.3535205e-04   2.8818314e-04
  -2.2556780e-02   3.0040633e-01   6.0494558e-01  -1.4586428e-02   3.0858635e-04   3.4271564e-04
  -2.3045671e-02   3.1513023e-01   5.9111894e-01  -1.4196541e-02   2.5567660e-04   5.3195715e-04
  -2.2014115e-02   3.1343005e-01   5.8440243e-01  -1.4719022e-02   3.2977234e-04   4.4970874e-04
  -3.1475325e-02   3.2519753e-01   5.7805425e-01  -1.4243570e-02   3.8385368e-04   7.1434396e-04
  -2.4182922e-02   3.1663696e-01   5.8864238e-01  -1.4560684e-02   3.7800249e-04   5.5792190e-04
  -2.1951149e-02   3.2216683e-01   5.8640241e-01  -1.4421662e-02   4.7656358e-04   4.0515485e-04
  -1.3511486e-02   3.1359644e-01   5.7196411e-01  -1.4468072e-02   4.1022504e-04   7.5753269e-04
  -3.5514458e-02   4.1113877e-01   6.7585232e-01  -1.4055293e-02   1.1906043e-03   1.2846191e-04
  -2.0932037e-02   3.4779709e-01   5.5664728e-01  -1.3658436e-02   6.6053583e-04   2.6581647e-04
  -6.0203368e-03   3.5583301e-01   6.0098188e-01  -1.3622533e-02   7.8193397e-04   8.8373483e-04
  -2.4044531e-02   3.1382616e-01   6.2134603e-01  -1.3317527e-02   2.1319806e-03   1.2339025e-03
   1.1958068e-02   3.1785663e-01   6.1259565e-01  -1.3535877e-02   1.9968006e-03   1.6861238e-03
  -1.8380679e-03   3.0437690e-01   6.0518626e-01  -1.2959707e-02   2.0477981e-03   1.4445729e-03
   6.5612084e-03   3.0336637e-01   5.9250188e-01  -1.3453369e-02   1.5968531e-03   1.3299166e-03
   2.7352545e-02   3.0027613e-01   5.7784119e-01  -1.3299679e-02   1.4269834e-03   1.5550454e-03
   2.3216060e-02   3.3637855e-01   5.1981592e-01  -1.3162241e-02   1.4222123e-03   1.2423027e-03
   1.5411238e-03   3.4578395e-01   5.7091743e-01  -1.2581772e-02   1.5201336e-03   9.9932754e-04
   1.3507307e-02   3.3814372e-01   5.1235047e-01  -1.2397287e-02   1.3294903e-03   1.4561339e-03
   2.1140036e-02   3.3858205e-01   5.6526728e-01  -1.2142864e-02   1.4277857e-03   1.3137896e-03
   2.9650490e-02   3.3213991e-01   5.2172606e-01  -1.2479531e-02   1.2227809e-03   1.5183170e-03
   1.2475186e-02   3.3828752e-01   5.9848664e-01  -1.1967507e-02   1.5115885e-03   1.1453110e-03
   1.1345691e-02   4.1163495e-01   6.1179752e-01  -1.1124324e-02   2.0004284e-03   1.0482158e-03
   1.7019814e-02   3.7934943e-01   5.1634288e-01  -1.1473917e-02   1.3587455e-03   1.3258039e-03
   6.0349499e-03   3.5485068e-01   5.9516339e-01  -1.2162958e-02   1.5930787e-03   1.1020445e-03
   8.1654521e-03   3.7788844e-01   5.6589862e-01  -1.1972335e-02   1.6816136e-03   1.1077792e-03
   1.1773014e-02   4.0076224e-01   5.8832886e-01  -1.2028078e-02   1.6645585e-03   1.2633648e-03
   1.6143584e-02   3.9800448e-01   5.4639274e-01  -1.1645416e-02   1.6135187e-03   1.5758805e-03
   2.0988624e-02   3.9362840e-01   5.6808296e-01  -1.1910033e-02   1.8802567e-03   1.3774195e-03
   3.0510950e-02   3.9596785e-01   5.6205096e-01  -1.2018204e-02   1.7309031e-03   1.6785682e-03
   2.2652631e-02   4.1653459e-01   5.8886478e-01  -1.1336358e-02   1.9473449e-03   1.6616343e-03
   1.8705229e-02   3.8757196e-01   5.7789923e-01  -1.2273182e-02   1.9725984e-03   1.5839679e-03
   1.6781144e-02   4.0821053e-01   6.0863595e-01  -1.2613306e-02   2.1224390e-03   1.4251229e-03
   1.4381593e-02   3.9967871e-01   5.6425494e-01  -1.1947353e-02   2.2992473e-03   1.6251476e-03
   1.0432521e-02   3.8991354e-01   5.8924251e-01  -1.2136935e-02   2.0063998e-03   1.4082708e-03
   1.9312836e-02   3.9947079e-01   5.9174321e-01  -1.2041568e-02   2.1213483e-03   1.6257018e-03
   3.0438697e-02   3.9897918e-01   6.0978670e-01  -1.2864358e-02   2.1791564e-03   1.7959806e-03
   3.1003304e-02   4.0363174e-01   5.7189751e-01  -1.2687561e-02   2.1231915e-03   1.7555997e-03
   2.5020798e-02   4.0158965e-01   6.0943628e-01  -1.3277007e-02   1.9724898e-03   1.9098359e-03
   3.2378851e-02   4.2358727e-01   6.5732938e-01  -1.3889041e-02   1.5208078e-03   1.9790354e-03
   3.9978233e-02   4.2076514e-01   6.9298083e-01  -1.4321473e-02   1.7982885e-03   1.9998817e-03
   4.6512475e-02   4.3568285e-01   6.4671713e-01  -1.4058438e-02   1.3338770e-03   2.0402014e-03
   3.8735071e-02   4.4277821e-01   6.3386130e-01  -1.4017731e-02   1.4108413e-03   2.2189791e-03
   1.5918743e-02   4.4978129e-01   7.2165764e-01  -1.3888391e-02   1.2889527e-03   1.3598351e-03
   2.5791021e-02   4.3767397e-01   6.5255608e-01  -1.3407935e-02   1.3683049e-03   1.6706358e-03
   2.3535406e-02   4.3469751e-01   6.9477860e-01  -1.4868851e-02   1.2752489e-03   1.6051146e-03
   1.7312140e-02   4.3643234e-01   6.8722226e-01  -1.3828765e-02   1.3321425e-03   1.5800068e-03
   1.5962189e-02   4.1383940e-01   7.3160289e-01  -1.4131112e-02   1.3819273e-03   1.5993237e-03
   1.2700323e-02   4.1369628e-01   6.9359923e-01  -1.3720695e-02   1.4747591e-03   1.5485692e-03
   3.2495642e-02   4.3532501e-01   6.7842560e-01  -1.3942729e-02   1.3127629e-03   1.7524771e-03
   3.9660453e-02   4.2139528e-01   6.6683011e-01  -1.3564478e-02   1.5407263e-03   2.0391872e-03
   3.9134586e-02   4.1978018e-01   6.9233904e-01  -1.4458525e-02   1.4823697e-03   1.7045438e-03
   3.3131231e-02   4.4169155e-01   6.2438608e-01  -1.3799844e-02   1.3263517e-03   2.1659821e-03
   4.0093562e-02   4.2934682e-01   6.6822734e-01  -1.4333954e-02   1.5468528e-03   2.1124621e-03
   4.8680163e-02   4.3393646e-01   6.5133603e-01  -1.4275251e-02   1.7923026e-03   2.0946607e-03
   3.9176337e-02   4.4964387e-01   6.2482326e-01  -1.4053337e-02   1.8084089e-03   2.5520575e-03
   3.3213646e-02   4.5545621e-01   6.9008552e-01  -1.4015877e-02   1.9196548e-03   2.1088975e-03
   3.6924170e-02   4.4603511e-01   6.6549431e-01  -1.4379715e-02   1.9921811e-03   1.8255897e-03
