   0.0000000e+00   0.0000000e+00  -5.9571332e-15  -6.0233119e-17  -6.3797567e-18  -3.8427264e-34
   1.9799330e-02  -1.5027209e-03   1.9266082e-01  -2.4919269e-03  -7.6201655e-04   8.6604128e-04
   4.2212513e-04   2.9735284e-02   2.6752040e-01  -1.3743739e-03  -4.7562044e-04  -2.9738821e-04
  -1.5359109e-02   1.0734582e-02   2.2284679e-01  -1.4130783e-03  -3.9251045e-04  -2.4756376e-04
  -1.8405802e-02  -6.1965342e-03   2.5510143e-01  -1.7744138e-03  -1.6569526e-04  -1.3375117e-04
  -2.2304866e-02   2.3876129e-02   2.2029370e-01  -2.3310964e-03  -1.7179357e-04  -7.5283898e-06
  -2.4655480e-02   2.0465241e-02   2.2275004e-01  -2.4857671e-03  -3.3334144e-04   1.7864212e-04
  -4.3573430e-02   2.7665520e-02   2.2926379e-01  -2.7756286e-03  -1.5320990e-04  -8.4078567e-05
  -4.3222306e-02   3.3156679e-02   2.3137033e-01  -2.4714061e-03  -1.3278263e-04   1.9629185e-04
  -7.4002077e-02   2.0318849e-02   2.4858216e-01  -2.6968947e-03  -3.7111451e-04   2.0270159e-04
  -4.5333576e-02   3.9528515e-02   2.2795239e-01  -2.4507953e-03  -7.0335096e-05   6.5537522e-05
  -4.6917931e-02   4.3030977e-02   2.2761343e-01  -2.6926731e-03  -4.6012003e-04   5.0969394e-04
  -4.2315331e-02   6.7340356e-02   2.1299601e-01  -2.8214199e-03  -5.0457765e-04   1.6141116e-04
  -5.5475220e-02   6.7109895e-02   2.2375925e-01  -3.1443429e-03  -2.4419891e-04   3.1085716e-04
  -3.9359453e-02   5.5114418e-02   2.3281518e-01  -2.7955842e-03  -3.2390277e-04   1.2256871e-04
  -4.9959857e-02   8.3161558e-02   2.3919371e-01  -3.2373563e-03  -6.8721632e-04   1.2808810e-04
  -6.6676209e-02   5.8280556e-02   2.3659097e-01  -2.9958963e-03  -6.1253657e-04   1.0772607e-04
  -5.3527776e-02   6.4056131e-02   2.5979900e-01  -2.7643746e-03  -6.7123662e-04   1.5136020e-04
  -6.4685423e-02   6.4159516e-02   2.5792224e-01  -3.0286090e-03  -8.0444526e-04   2.7805813e-04
  -6.3481035e-02   8.6884687e-02   2.4826925e-01  -2.8468290e-03  -9.2527695e-04   4.2440718e-04
  -6.2620242e-02   1.0672516e-01   2.4130589e-01  -3.4753191e-03  -7.8576037e-04   2.2668903e-04
  -6.2724842e-02   1.0250956e-01   2.4325036e-01  -3.1560076e-03  -7.1551977e-04   2.8813426e-04
  -8.7318109e-02   9.0914838e-02   2.3929953e-01  -3.5560015e-03  -9.0185476e-04   1.7766454e-04
  -8.6977297e-02   7.6413504e-02   2.4121084e-01  -3.1798572e-03  -7.6182892e-04   1.4850835e-04
  -8.8730043e-02   6.0366241e-02   2.6471958e-01  -3.5676711e-03  -8.0659973e-04   9.9714224e-05
  -8.3371223e-02   9.6231660e-02   2.5892874e-01  -3.4298522e-03  -8.3296304e-04   2.2404642e-04
  -7.2126388e-02   1.4072802e-01   2.7278199e-01  -3.8129023e-03  -1.0356806e-03   3.0694651e-04
  -8.0674798e-02   1.1901100e-01   2.6276763e-01  -3.6033654e-03  -6.3235206e-04  -9.8755239e-05
  -8.1310212e-02   1.4940125e-01   2.6828930e-01  -3.6405961e-03  -5.5032931e-04   8.6948548e-05
  -7.1480662e-02   1.3477632e-01   2.4213634e-01  -2.9971271e-03  -6.2195517e-04   3.5519459e-04
  -8.9938544e-02   1.3143062e-01   2.7618176e-01  -3.9480227e-03  -8.3840655e-04   1.4157680e-04
  -8.0666522e-02   1.3574622e-01   2.9246521e-01  -2.7930484e-03  -3.9913291e-04   6.6510373e-05
  -9.1887783e-02   1.0326319e-01   3.3562402e-01  -4.3488419e-03  -2.8485062e-04   4.0861427e-06
  -6.4372750e-02   3.4710549e-01   7.2209122e-01  -6.9353669e-03   2.8128452e-03  -1.3852735e-03
   3.2389883e-02   1.7239795e-01   3.7745332e-01  -3.4744733e-03   3.2407632e-04  -4.8891750e-04
   2.0122477e-02   7.5378217e-02   2.7820500e-01  -2.9890901e-03  -1.1370555e-03   4.8099453e-04
  -8.0340702e-03   5.3937491e-02   3.0140884e-01  -2.1758095e-03  -9.1391915e-04   1.0284510e-03
  -2.0778283e-02   4.4698670e-02   3.2910558e-01  -3.1741809e-03  -1.3795210e-03   1.1068433e-03
  -1.5993423e-02   4.4015079e-02   3.3260086e-01  -2.6602166e-03  -1.4005920e-03   1.3617832e-03
  -3.5901394e-02   7.9212923e-02   3.4549340e-01  -3.2108131e-03  -1.4407475e-03   1.1186053e-03
  -3.0193487e-02   9.5180295e-02   3.3675774e-01  -3.1204479e-03  -1.3380056e-03   1.0120595e-03
  -3.3549724e-02   8.8189693e-02   3.4500939e-01  -3.4439072e-03  -1.5069353e-03   1.0213138e-03
  -3.9748218e-02   1.0247847e-01   3.1290426e-01  -3.0185846e-03  -1.3265006e-03   9.9337340e-04
  -4.6664828e-02   7.7452631e-02   3.2201479e-01  -3.1907526e-03  -1.7104765e-03   1.3704856e-03
  -4.7789405e-02   9.3381278e-02   3.0935138e-01  -2.4635841e-03  -1.4118911e-03   1.0746271e-03
  -4.3968928e-02   8.0209591e-02   3.2650523e-01  -2.2701861e-03  -1.6968693e-03   1.5424276e-03
  -4.1777832e-02   9.2520970e-02   3.1777704e-01  -2.4069214e-03  -1.7596717e-03   1.3991106e-03
  -3.0928529e-02   1.1533773e-01   3.4119570e-01  -2.4247605e-03  -1.8774312e-03   1.7786974e-03
  -3.7644504e-02   9.9608168e-02   3.3032466e-01  -2.1866770e-03  -1.6729364e-03   1.5244163e-03
  -2.9481018e-02   1.1616416e-01   3.3303602e-01  -1.7264605e-03  -1.7824995e-03   1.4114329e-03
  -2.9896807e-02   1.1944196e-01   3.4327158e-01  -2.5548534e-03  -1.8565566e-03   1.3507824e-03
  -2.7303714e-02   1.1143174e-01   3.7389860e-01  -2.2961338e-03  -1.8454926e-03   1.5988280e-03
  -2.9929227e-02   9.1048807e-02   3.7663364e-01  -2.3907565e-03  -1.6040082e-03   1.3633662e-03
  -2.4764884e-02   8.8722904e-02   3.4916151e-01  -2.1021135e-03  -2.0795651e-03   1.6884669e-03
  -4.6994732e-02   1.1248749e-01   3.9003867e-01  -2.2585384e-03  -1.6855647e-03   1.5579099e-03
  -2.5592147e-02   1.1441732e-01   3.6188108e-01  -1.6940579e-03  -1.8377346e-03   1.9610161e-03
  -2.1644080e-02   1.0296363e-01   3.8582608e-01  -2.2703253e-03  -1.8469781e-03   1.7322159e-03
  -4.2175881e-02   1.1400705e-01   3.8812155e-01  -2.1132619e-03  -1.6295211e-03   1.6131389e-03
  -4.0638607e-02   9.7925199e-02   4.2728812e-01  -2.6062321e-03  -1.5590122e-03   1.5881294e-03
  -4.0280275e-02   1.0170660e-01   3.9948532e-01  -2.3428397e-03  -1.4188943e-03   1.5493724e-03
  -5.1202449e-02   9.3155802e-02   4.3874327e-01  -2.6470377e-03  -1.3151724e-03   1.5014139e-03
  -3.1086080e-02   1.1012421e-01   4.2991420e-01  -2.2751496e-03  -1.3534965e-03   1.5078131e-03
  -3.8169558e-02   8.8222725e-02   4.5748385e-01  -2.6774847e-03  -1.4312164e-03   1.6378331e-03
  -3.0294604e-02   1.0616437e-01   4.0775441e-01  -2.0343578e-03  -1.4811080e-03   1.8329498e-03
  -4.1460263e-02   1.3457656e-01   4.3942200e-01  -2.5743765e-03  -1.2712541e-03   1.6906474e-03
  -1.4334096e-02   1.3198293e-01   3.8686729e-01  -2.2464079e-03  -1.9488265e-03   1.7699571e-03
   1.4909672e-02   2.1395865e-01   5.8838941e-01  -3.6501700e-03   1.4884401e-03   5.5897365e-04
   7.0283373e-02   2.2159704e-01   7.1291005e-01  -3.6312529e-03   9.4771202e-04   6.3118699e-04
   7.2518206e-02   1.0345643e-01   4.3185160e-01  -2.4942955e-03  -1.5007782e-03   2.6360851e-03
  -4.2732190e-02   6.8874201e-02   5.1985586e-01  -3.6916670e-03  -4.3180205e-04   2.2664122e-03
  -2.4550260e-02   7.5442978e-02   5.2818016e-01  -3.2927433e-03  -1.3428318e-03   2.6190545e-03
  -9.5981115e-03   1.2162798e-01   6.9080188e-01  -3.7321034e-03  -5.4545075e-04   2.4262502e-03
   1.1321323e-02   6.0180766e-02   5.9942738e-01  -2.0598801e-03  -8.8462902e-04   3.0879300e-03
  -2.5328556e-03   5.2764908e-02   6.3953051e-01  -3.1014311e-03  -8.7497945e-04   3.1875708e-03
  -1.2684326e-02   5.6487352e-02   6.3218701e-01  -2.1720587e-03  -7.6857587e-04   3.3195986e-03
  -7.0834314e-03   1.2198994e-01   7.1220126e-01  -4.0678121e-03  -7.6076944e-04   2.5937879e-03
   1.3746414e-02   8.1025939e-02   6.1044729e-01  -1.4135527e-03  -9.1562547e-04   3.4994212e-03
   1.2119623e-03   8.6083594e-02   6.7116388e-01  -2.3009360e-03  -6.1289193e-04   3.3063968e-03
   7.3367922e-03   8.6179667e-02   6.2722339e-01  -2.9188362e-03  -1.0468529e-03   3.2973290e-03
  -1.4085054e-02   1.0873128e-01   6.7385881e-01  -3.1429533e-03  -8.8932344e-04   3.1613054e-03
  -1.9305818e-02   1.3150187e-01   6.4454350e-01  -3.1908677e-03  -1.0286600e-03   2.9436155e-03
  -3.1687770e-02   1.4448369e-01   6.8493276e-01  -3.3180536e-03  -7.2600736e-04   2.9571810e-03
  -1.1299434e-02   1.4374437e-01   6.5488241e-01  -2.3904961e-03  -8.5950566e-04   2.9548508e-03
  -3.6308731e-02   1.1829353e-01   7.6115993e-01  -2.9654263e-03   1.0509458e-04   2.6556612e-03
  -4.2886076e-03   1.5942574e-01   7.3885524e-01  -2.9924531e-03  -2.7593629e-04   2.8375974e-03
   8.9861511e-03   1.6344385e-01   6.9518173e-01  -2.0514976e-03  -5.5727606e-04   3.1850620e-03
   3.8390433e-03   1.1723986e-01   7.2307899e-01  -2.3759320e-03  -6.0410269e-04   3.1192077e-03
  -3.6880429e-03   9.8842626e-02   7.4090754e-01  -1.8176295e-03  -5.3227691e-04   3.1083127e-03
  -5.3707283e-03   9.3340453e-02   7.3708342e-01  -2.5533786e-03  -6.3026324e-04   3.1959649e-03
   6.5792540e-04   1.0663067e-01   7.5090098e-01  -2.6160252e-03  -5.0971481e-04   3.0759397e-03
  -5.6723213e-03   1.1057419e-01   7.0894064e-01  -2.4363528e-03  -8.8519873e-04   3.0452920e-03
  -2.3375145e-02   1.3340312e-01   7.2499654e-01  -2.1362986e-03  -7.0158687e-04   2.4261295e-03
  -1.4109346e-02   1.3196671e-01   7.1767116e-01  -2.1019172e-03  -1.1485324e-03   2.8055450e-03
  -3.4012603e-02   1.3998167e-01   7.6159742e-01  -2.2639774e-03  -3.5176318e-04   2.4179308e-03
  -2.1079167e-02   1.1508087e-01   6.9812238e-01  -2.5115674e-03  -1.2196962e-03   2.4449571e-03
  -4.7746524e-02   2.9857834e-01   9.0549641e-01  -1.9767655e-03   1.8117874e-03  -1.8018683e-04
  -2.0118067e-02   2.5796610e-01   7.2551644e-01  -2.5104134e-03   1.4753974e-03  -6.4929711e-04
  -1.4460213e-02   1.5986618e-01   5.6552169e-01  -2.3320121e-03  -1.0594240e-03   9.1068823e-04
  -4.6393487e-02   1.1866834e-01   5.9120979e-01  -2.0268404e-03  -2.5862768e-04   8.7658433e-04
  -2.5805248e-02   1.1532718e-01   5.7349870e-01  -2.2129325e-03  -1.1043220e-03   1.8031174e-03
  -2.2289407e-02   1.1678381e-01   6.4700800e-01  -1.9027827e-03  -9.3489413e-04   1.8962533e-03
  -3.8093528e-02   1.2226350e-01   6.6123813e-01  -2.1981091e-03  -8.8522423e-04   1.8972343e-03
  -2.6901967e-02   1.2137119e-01   6.7801138e-01  -1.5987578e-03  -9.6049879e-04   2.2186913e-03
  -3.5152917e-02   1.3130333e-01   7.1361925e-01  -1.6581409e-03  -1.1134526e-03   2.3523293e-03
  -4.6748746e-02   1.0333935e-01   7.4203961e-01  -1.2304578e-03  -8.6438425e-04   2.0844417e-03
  -4.8621071e-02   9.0269467e-02   7.5832361e-01  -1.1556740e-03  -1.0921841e-03   2.4233481e-03
  -7.4797150e-02   1.0749317e-01   7.4490020e-01  -1.8495395e-03  -1.0410029e-03   2.0119535e-03
  -6.5750252e-02   1.1706252e-01   7.7192925e-01  -1.8504320e-03  -1.3024053e-03   1.9933238e-03
  -3.9376382e-02   1.2650418e-01   8.0529921e-01  -1.7650712e-03  -1.4008458e-03   1.7738821e-03
  -7.2655386e-02   1.4885870e-01   7.7295852e-01  -1.9328894e-03  -1.5925113e-03   1.6925515e-03
  -7.8501628e-02   1.4926968e-01   7.6999097e-01  -1.6356886e-03  -1.6550853e-03   1.8693777e-03
  -7.6799216e-02   1.6547863e-01   7.9538308e-01  -1.8126411e-03  -1.6292783e-03   1.6975593e-03
  -8.1500855e-02   1.9054560e-01   7.9743283e-01  -9.5816114e-04  -1.2742478e-03   1.7738985e-03
  -6.7056478e-02   1.5563635e-01   7.4098517e-01   1.4915579e-04  -1.6614342e-03   2.0301175e-03
  -8.1468219e-02   1.4196382e-01   8.1172837e-01  -1.0511402e-03  -1.6726153e-03   2.0897495e-03
  -9.1051975e-02   1.4477553e-01   7.9600416e-01  -8.5839682e-04  -1.8903088e-03   2.3232912e-03
  -9.2619190e-02   1.3139295e-01   8.0402372e-01  -1.1344073e-03  -1.6782948e-03   2.0338383e-03
  -9.0070551e-02   1.4781018e-01   7.9378254e-01  -8.0941486e-04  -1.8261056e-03   2.1882513e-03
  -1.1883687e-01   1.2635458e-01   7.7635461e-01  -9.3883820e-04  -1.8400313e-03   2.0802215e-03
  -1.0620358e-01   1.4672912e-01   7.6761440e-01  -6.9979480e-04  -1.9666186e-03   2.2307009e-03
  -1.2429208e-01   1.3588762e-01   7.5452452e-01  -8.2917814e-04  -2.0413171e-03   2.0968560e-03
  -1.3307026e-01   1.5200777e-01   7.7007999e-01  -1.1864207e-03  -1.8074625e-03   2.0010322e-03
  -1.3266388e-01   1.6347984e-01   8.0345233e-01  -1.2299180e-03  -1.8033580e-03   1.8668901e-03
  -1.2409714e-01   1.5265931e-01   7.8229439e-01  -7.7108732e-04  -1.8340737e-03   1.9965643e-03
  -1.2478446e-01   1.4372352e-01   7.7181771e-01  -8.6338673e-04  -1.7860884e-03   2.0643776e-03
  -1.1776872e-01   1.4705956e-01   7.6268703e-01  -8.4967652e-04  -2.1208771e-03   2.2706401e-03
  -1.1336738e-01   1.5300758e-01   7.8499105e-01  -1.0971472e-03  -1.8643384e-03   1.8722880e-03
  -1.1195993e-01   1.7615501e-01   7.7386491e-01  -6.9003411e-04  -2.0489063e-03   2.1305191e-03
  -1.1342483e-01   1.8158323e-01   7.8822547e-01  -1.4417189e-03  -2.0816613e-03   1.9042555e-03
  -9.7614539e-02   2.0657949e-01   7.6248543e-01  -1.0324341e-04  -2.0215768e-03   2.3998579e-03
  -7.3992441e-02   2.2235770e-01   7.0874532e-01   6.3830944e-04  -2.4957326e-03   2.7986159e-03
  -1.1514317e-01   2.2087511e-01   8.1688286e-01  -7.8456378e-04  -1.7453190e-03   1.5688551e-03
  -9.5519756e-02   1.5239673e-01   7.4721107e-01   8.4276644e-05  -2.0737359e-03   2.3917667e-03
  -1.2076744e-01   1.5963235e-01   8.7543172e-01  -6.3255569e-04  -1.3326924e-03   1.8410496e-03
  -9.5773269e-02   3.3288626e-01   8.8134908e-01  -2.4658559e-03  -3.1775470e-04   8.5833410e-04
  -8.1279571e-02   2.4653315e-01   6.9851997e-01  -3.7300425e-04  -1.5334126e-03   1.5500445e-03
  -1.0999404e-01   2.1075047e-01   7.6494386e-01  -7.6861562e-04  -1.5232518e-03   1.5342957e-03
  -8.8156304e-02   2.0509610e-01   6.5529283e-01   4.7633084e-04  -1.5642467e-03   2.0080041e-03
  -9.4570730e-02   1.8365840e-01   7.1846426e-01   5.8231535e-04  -1.7356410e-03   1.9892037e-03
  -1.0330727e-01   1.7066697e-01   7.1881223e-01   6.5339429e-05  -1.7215013e-03   1.6938093e-03
  -1.0097738e-01   1.9030581e-01   7.3220700e-01  -9.9742735e-05  -1.7199590e-03   2.1052733e-03
  -1.0435180e-01   1.8653913e-01   7.1171701e-01   1.2112345e-04  -1.6002056e-03   1.8173017e-03
  -1.2072300e-01   1.8262045e-01   7.2868481e-01   1.9225041e-04  -1.5823118e-03   1.7742876e-03
  -1.2290966e-01   1.8363213e-01   7.0935184e-01   1.0628815e-04  -1.5500155e-03   1.7087410e-03
  -1.3428767e-01   1.6753894e-01   7.3763840e-01  -8.1150104e-05  -1.4354363e-03   1.8032972e-03
  -1.4512785e-01   1.9630852e-01   7.1453503e-01   2.9183798e-04  -1.2194862e-03   1.6950309e-03
  -1.4312435e-01   1.8999218e-01   7.1114610e-01   1.7265895e-04  -1.4206864e-03   1.9635682e-03
  -1.6096998e-01   1.8279078e-01   7.2332263e-01  -1.8185386e-04  -1.3258984e-03   1.6805615e-03
  -1.6953199e-01   1.7281152e-01   7.2378010e-01   7.6469064e-05  -1.3980735e-03   1.9333830e-03
  -1.7671080e-01   1.9046897e-01   6.8396883e-01   8.2175231e-04  -1.1951667e-03   1.8850451e-03
  -1.5902224e-01   1.9587483e-01   6.7884351e-01   1.2187568e-03  -1.4125124e-03   2.1862342e-03
  -1.8296309e-01   1.9624053e-01   7.1359288e-01  -8.0314983e-05  -1.4041718e-03   1.8070943e-03
  -1.8038048e-01   2.2397619e-01   6.7460169e-01   4.8243271e-04  -1.5119783e-03   2.1096588e-03
  -2.0587935e-01   1.7696998e-01   7.2930179e-01   2.7914205e-04  -1.2481046e-03   2.1091078e-03
  -1.7571300e-01   1.9469652e-01   6.9223480e-01   5.3309792e-04  -1.4669000e-03   2.2204355e-03
  -1.7248360e-01   1.8875202e-01   6.9068422e-01   2.0799126e-04  -1.2135755e-03   1.9774732e-03
  -1.6099232e-01   2.0118455e-01   6.5350010e-01   3.1859490e-04  -1.6171653e-03   2.3687853e-03
  -9.4480836e-02   3.7010019e-01   9.0763123e-01  -1.1165338e-03   2.0093469e-03   7.8283682e-04
  -5.8165530e-02   2.7412199e-01   8.0172326e-01  -1.1289598e-03   1.0180502e-03   1.7041953e-04
  -2.7742785e-02   1.9663676e-01   6.6065849e-01  -1.4238736e-03  -8.1640545e-04   2.1782628e-03
  -4.0454204e-02   1.6458240e-01   6.9748240e-01   4.4274114e-04  -7.5204892e-04   2.5136910e-03
  -3.2164412e-02   1.4649373e-01   5.7906644e-01  -3.1697027e-04  -1.3210466e-03   2.3748096e-03
  -4.2361242e-02   1.7836474e-01   6.3710378e-01   6.5044480e-05  -1.3136902e-03   2.2451498e-03
  -5.8796780e-02   1.6143458e-01   6.9714581e-01  -8.5245176e-04  -1.4813071e-03   2.7067960e-03
  -8.4059623e-02   1.5687648e-01   6.9090421e-01   3.4237754e-04  -1.3447232e-03   2.5178043e-03
  -8.5904081e-02   1.8510474e-01   7.1254883e-01  -1.4515683e-03  -1.2248847e-03   2.6466562e-03
  -1.0324517e-01   2.0976658e-01   5.9586040e-01   2.2171662e-03  -9.8100167e-04   1.9136001e-03
  -2.3897582e-01   3.1264651e-01   1.3000545e-01   1.0077301e-02  -9.2112898e-04  -1.0315359e-03
  -2.6728080e-01   4.1792272e-01   3.0233685e-01   5.1919551e-03  -1.4019273e-03  -1.2759017e-03
  -3.0079182e-01   3.6730419e-01   2.6425342e-01   6.7140569e-03  -1.7016725e-03  -1.8019603e-03
  -2.9707949e-01   3.7783409e-01   3.3295180e-01   4.2400610e-03  -1.6771220e-03  -1.5788624e-03
  -2.7898635e-01   3.5837830e-01   3.7998222e-01   4.1983048e-03  -1.8528558e-03  -1.5863009e-03
  -2.8819353e-01   3.5973785e-01   4.1493767e-01   3.3952669e-03  -2.3464671e-03  -1.1816150e-03
  -2.9217698e-01   3.5736957e-01   4.1704541e-01   4.0013403e-03  -2.5919417e-03  -1.4418961e-03
  -2.9818453e-01   3.5370367e-01   4.4152804e-01   3.9190554e-03  -2.4783450e-03  -1.5111612e-03
  -2.9690299e-01   3.5284778e-01   4.4988301e-01   4.0515417e-03  -2.7953043e-03  -1.2136082e-03
  -2.9295537e-01   3.5792387e-01   4.3560652e-01   3.9306439e-03  -2.4451246e-03  -1.2247253e-03
  -2.9446366e-01   3.4532637e-01   4.4394721e-01   4.2222716e-03  -2.7073944e-03  -1.2280641e-03
  -2.9400278e-01   3.3937536e-01   4.6944220e-01   4.1785371e-03  -2.5522424e-03  -1.1996385e-03
