   0.0000000e+00   0.0000000e+00  -1.4032315e-14  -6.3733884e-17  -7.3797742e-18  -4.7034167e-34
   5.5197005e-03   2.0383214e-02  -1.1592326e-02  -6.7055095e-05  -1.1747851e-04  -2.5236928e-04
   1.3571295e-02  -1.1966803e-02   7.9649658e-02  -9.0545571e-04   3.9514284e-06   3.2763501e-04
   1.4420293e-02  -9.5102071e-03   1.2766102e-02   3.4034273e-04   7.0174919e-06   3.4292070e-04
   2.3497937e-02   6.3276573e-03   1.7468471e-02  -3.1958528e-04  -2.2497309e-04   2.5730805e-04
   1.1801118e-02   2.1815730e-02  -7.2955893e-02   7.0436190e-04   3.0810706e-05  -7.2998674e-06
   1.4027911e-02   2.7654361e-02   1.1327255e-02  -1.2777670e-04   1.3569244e-04   1.4483931e-04
   1.9805202e-02   3.0805457e-02  -2.6537955e-02   1.9946701e-04  -4.9916261e-05   1.3109944e-04
   2.1008171e-02   4.2391742e-02  -9.2630163e-02   9.3055687e-04   1.5868497e-04  -3.0347103e-04
   1.0263910e-02   1.3505820e-02  -4.6509483e-02   9.6967632e-05   2.5481793e-04  -1.7454019e-04
   4.2413924e-02   3.2530631e-02  -6.7487395e-02   6.8185796e-05   5.1374458e-05   6.6227169e-04
   3.3704119e-02   1.9098994e-02  -7.5091754e-02   3.2855335e-04   3.6973699e-04   1.3370482e-04
   4.3738836e-02   3.6852244e-02  -7.7624462e-02   5.4458304e-04   8.9932386e-05   2.6055601e-04
   4.7337872e-02   4.3596261e-02  -1.3063419e-01   1.2260782e-03   8.7054901e-05   2.3463481e-04
   4.0831426e-02   6.5698524e-02  -1.0906631e-01   1.9806168e-03   7.6235844e-05   2.8627122e-04
   5.9321357e-02   1.0347962e-01  -5.2765107e-03   1.0021509e-03   6.6307414e-04   2.8936592e-04
   8.6771336e-02   4.1299177e-02  -2.3844433e-01   2.3230857e-03  -3.1261494e-04   4.7058113e-04
   8.3980552e-02   3.9804025e-02  -2.0128434e-01   9.0968612e-04   6.1858257e-05   5.3233771e-04
   9.8482927e-02   4.7527816e-02  -1.8886681e-01   1.3557848e-03   8.4821108e-05   6.3807011e-04
   9.0350051e-02   3.9683314e-02  -1.2479294e-01   8.3062799e-04  -4.9053770e-05   5.2339960e-04
   8.7727797e-02   7.0253928e-02  -1.4365709e-01   4.8378250e-04   1.2433800e-04   3.6793554e-04
   8.6381456e-02   2.7571524e-02  -1.3260543e-01   7.4938903e-04  -1.8136859e-04   4.4589436e-04
   1.0171729e-01   4.9496891e-02  -1.9480063e-01   1.2277643e-03  -1.9909746e-04   5.1106861e-04
   9.0463434e-02   2.1994977e-02  -1.9732944e-01   2.0099566e-03  -4.8870469e-04   3.2448269e-04
   1.0253596e-01   6.1147331e-02  -1.8915037e-01   5.0779134e-04  -6.0510923e-04   2.9470166e-04
   1.0264608e-01   3.0721340e-02  -2.2713531e-01   9.1272852e-04  -7.0835377e-04   6.7199881e-05
   1.1227593e-01   6.3531993e-02  -2.1194375e-01   6.9297967e-04  -8.0646227e-04   1.6047048e-04
   1.2931877e-01   3.1510771e-02  -2.1168843e-01   1.0051551e-03  -7.2647696e-04   6.5880962e-04
   1.2434634e-01   8.6045323e-02  -1.8811989e-01   1.2451769e-03  -9.0341084e-04   4.8527499e-04
   1.1448299e-01   1.1309384e-01  -2.3419215e-01   1.6120265e-03  -9.8991672e-04   2.4996294e-04
   1.1947254e-01   8.2134543e-02  -1.9789473e-01   1.3282261e-05  -9.4441158e-04  -1.6643668e-05
   1.2185768e-01   6.8255336e-02  -2.6021010e-01   1.3134991e-03  -7.5669423e-04  -1.8696896e-04
   1.2180780e-01   4.7380983e-02  -1.8556522e-01   3.7870294e-04  -7.9114524e-04   2.2304160e-04
   1.1944503e-01   5.2626391e-02  -2.6851526e-01   1.6849691e-03  -6.4554521e-04   3.8443489e-04
   9.6008432e-02   8.4641343e-02  -9.6870271e-03  -4.4632673e-04  -7.5188484e-04  -2.8069553e-04
   1.0106660e-01   1.3634521e-01   3.8697324e-01  -6.8134079e-04  -9.4831015e-04  -3.3455423e-04
   1.3653003e-01  -5.6178923e-03  -4.5809681e-01   4.4974565e-03  -1.2846304e-03   6.3364421e-05
   1.5205765e-01   9.8209852e-02  -3.3753306e-01   1.7747338e-03  -1.7592786e-03   3.2542065e-04
   1.3876078e-01   3.5642005e-02  -3.6287174e-01   3.8587514e-03  -1.4750685e-03   3.0036732e-04
   1.2826024e-01   3.4261648e-02  -2.1867374e-01   1.0947819e-03  -1.2868939e-03   8.5185009e-05
   1.2426232e-01   3.6051314e-02  -2.9172177e-01   1.9736188e-03  -1.2364616e-03   1.2573651e-04
   1.2304966e-01   5.7708626e-02  -1.9358879e-01   1.0503034e-03  -1.1838409e-03   3.2362429e-05
   1.2233717e-01   4.2890745e-02  -3.2236555e-01   2.3182653e-03  -1.1339958e-03   3.9023851e-04
   1.3254895e-01   8.9591929e-02  -3.2391159e-01   1.5587353e-03  -1.2560899e-03   2.6153902e-04
   1.3428401e-01   1.0800046e-01  -3.5667786e-01   2.0263765e-03  -1.1888634e-03   1.7482786e-04
   1.2026856e-01   1.1480096e-01  -3.6035222e-01   2.2564934e-03  -1.1334534e-03   7.7182408e-06
   1.1542362e-01   1.1604908e-01  -3.6960794e-01   2.3366038e-03  -1.0083251e-03   3.7532489e-04
   1.1058419e-01   9.7319079e-02  -2.3084614e-01   1.3532738e-03  -1.0230290e-03  -1.0582353e-04
   1.1982209e-01   6.3079075e-02  -2.8350912e-01   2.6575099e-03  -1.0964037e-03   2.6208637e-04
   1.0497678e-01   8.4902484e-02  -3.0940240e-01   1.4728356e-03  -7.6797049e-04   1.2575603e-04
   1.2886933e-01   1.1098263e-01  -2.8939290e-01   1.8928258e-03  -1.3544594e-03  -9.2646589e-05
   1.3789791e-01   9.4531403e-02  -3.4108717e-01   2.1589271e-03  -1.3399536e-03   3.3705788e-04
   1.3890032e-01   4.9611407e-02  -3.0416664e-01   1.7157645e-03  -1.5607886e-03   1.9346946e-05
   1.4368593e-01   6.5733379e-02  -3.0066721e-01   1.7534437e-03  -1.2380490e-03   1.9339012e-04
   1.5323799e-01   7.2559794e-02  -2.9731206e-01   2.5656600e-03  -1.5327800e-03   4.7668998e-05
   1.5843210e-01   8.5550558e-02  -2.9215806e-01   1.3602378e-03  -1.5709598e-03   2.2010097e-05
   1.6387989e-01   9.6598691e-02  -2.9068161e-01   1.5313090e-03  -1.6058197e-03   2.1546232e-04
   1.4594419e-01   1.1940204e-01  -2.6237135e-01   1.4016937e-03  -1.4795547e-03  -1.3748567e-04
   1.5874053e-01   1.1625808e-01  -3.2870231e-01   1.8745680e-03  -1.3095948e-03   1.8392967e-04
   1.6279535e-01   1.0184061e-01  -2.5579408e-01   9.9677943e-04  -1.5039920e-03   4.5717127e-04
   1.5516769e-01   1.1057030e-01  -2.8807670e-01   8.1309444e-04  -1.6099473e-03   6.5096341e-05
   1.4705188e-01   1.1163792e-01  -2.6705878e-01   5.8478614e-04  -1.2753148e-03  -6.6908707e-05
   1.7329240e-01   1.2214594e-01  -3.2242831e-01   1.4724397e-03  -1.5005588e-03   1.2336454e-04
   1.2537728e-01   1.3965541e-01  -1.6598459e-01   1.2973933e-03  -1.6304958e-03   3.4716533e-04
   1.4884838e-01   1.3045962e-01  -2.2523581e-01   2.0937283e-03  -1.7226331e-03   3.3283027e-04
   1.7706279e-01   1.2155100e-01  -3.5598717e-01   2.9362509e-03  -1.7920392e-03   1.8744942e-04
   1.6185441e-01   1.2429292e-01  -2.7601282e-01   2.0893563e-03  -1.6352532e-03  -5.5497495e-05
   1.7634133e-01   1.0882512e-01  -2.8096013e-01   2.1505982e-03  -1.8103726e-03   2.8171038e-04
   1.7502313e-01   8.3991097e-02  -2.5490819e-01   2.2253237e-03  -1.8831793e-03   1.2973559e-04
   1.8735787e-01   1.0705806e-01  -2.9400665e-01   2.5675098e-03  -1.9892250e-03   1.5636741e-04
   1.8106097e-01   1.0443045e-01  -3.2410924e-01   2.9199421e-03  -1.8719631e-03   3.4704321e-04
   1.5843687e-01   1.2630332e-01  -2.8062133e-01   1.4608624e-03  -1.5636281e-03  -4.2061003e-05
   1.4919476e-01   1.3198724e-01  -3.0895419e-01   2.2853464e-03  -1.2832518e-03  -1.7275939e-04
   1.7331333e-01   1.4100057e-01  -3.0692693e-01   1.9484033e-03  -1.9668204e-03   1.2455813e-05
   1.7168185e-01   1.3389141e-01  -2.9046362e-01   2.4529058e-03  -1.9452835e-03   7.8402696e-05
   1.7966379e-01   1.3824816e-01  -3.1407970e-01   1.6793402e-03  -1.8391543e-03  -1.1059759e-04
   1.7706503e-01   1.1754365e-01  -3.2889041e-01   2.3602160e-03  -1.9164274e-03  -7.9639457e-05
   1.6570195e-01   1.3242175e-01  -3.2852720e-01   2.3405391e-03  -2.0273324e-03   3.5263345e-05
   1.7297553e-01   1.4518448e-01  -3.2570803e-01   2.1405292e-03  -1.9246000e-03  -7.5352736e-05
   1.8637187e-01   1.4764921e-01  -2.9865799e-01   2.0575886e-03  -1.7808046e-03   3.2440886e-04
   1.7778283e-01   1.7008678e-01  -3.3866080e-01   2.7438146e-03  -1.9042084e-03  -2.0232250e-04
   1.8512140e-01   1.5831283e-01  -3.5079251e-01   3.2501388e-03  -2.1706624e-03  -2.3016951e-05
   1.8486939e-01   1.7542271e-01  -3.4245256e-01   2.9334180e-03  -2.0672526e-03   8.5476343e-05
   1.8698509e-01   1.5597688e-01  -3.2605767e-01   2.7462406e-03  -2.0763146e-03   9.0838872e-05
   1.7900907e-01   1.7081606e-01  -3.2162437e-01   1.9543349e-03  -2.0125070e-03   6.9798388e-06
   1.7894155e-01   1.3958770e-01  -2.8777008e-01   2.0167318e-03  -2.2166274e-03   2.7138963e-04
   1.6976688e-01   1.0411297e-01  -3.6537852e-01   2.6293398e-03  -2.0767825e-03   1.0459521e-04
   1.6257424e-01   1.9227461e-01  -4.1873025e-01   3.3627973e-03  -1.9875583e-03  -1.7593486e-05
   1.6560001e-01   2.0255008e-01  -3.8500819e-01   3.1966820e-03  -2.1403936e-03  -2.0862655e-04
   1.4422194e-01   1.7848391e-01  -2.9745358e-01   2.2080534e-03  -1.9730482e-03  -4.8869622e-04
   1.5692291e-01   1.6888378e-01  -2.9452269e-01   2.1581187e-03  -1.6823515e-03   1.9096208e-04
   1.5897905e-01   2.0854636e-01  -3.4394183e-01   2.7288160e-03  -2.1008141e-03  -8.3111194e-05
   1.7247155e-01   2.0821454e-01  -3.9881936e-01   3.1908684e-03  -2.0022876e-03   6.3070524e-05
   1.6556785e-01   1.8671174e-01  -3.3618246e-01   2.0795207e-03  -1.7066279e-03  -1.7310497e-04
   1.6702981e-01   1.9804254e-01  -3.1563332e-01   1.7317421e-03  -2.0886592e-03   6.0844183e-05
   1.5213318e-01   1.6329066e-01  -3.2392258e-01   1.5319345e-03  -1.6148761e-03   8.9045686e-05
   1.5852822e-01   1.8545406e-01  -3.3681031e-01   2.0890902e-03  -1.7695265e-03   2.0298228e-04
   1.5539874e-01   1.7628705e-01  -3.4214112e-01   1.6715756e-03  -1.5005099e-03   5.8281322e-04
   1.5721657e-01   2.1493174e-01  -3.6598705e-01   2.1156048e-03  -1.5036482e-03   6.8210448e-04
   1.6434790e-01   2.0817938e-01  -3.4764856e-01   1.9951790e-03  -1.3213019e-03   6.1509977e-04
   1.5303888e-01   1.9219482e-01  -3.7634651e-01   1.4491586e-03  -1.4780963e-03   5.2131089e-04
   9.3793785e-02   2.7170978e-01   1.7070536e-02   2.6615781e-04  -8.1584696e-04  -3.0462522e-04
   1.3663849e-01   1.9007654e-01  -4.4432136e-02   1.8738897e-03  -1.7294561e-03   1.3304573e-04
   1.5642682e-01   1.8783255e-01  -2.9086839e-01   3.9750469e-03  -2.4043395e-03  -1.9607922e-04
   1.5590557e-01   1.9109993e-01  -1.9002310e-01   2.5038022e-03  -2.3564047e-03   1.9668132e-05
   1.5919905e-01   1.7121790e-01  -2.4554146e-01   3.3409696e-03  -2.1498502e-03  -7.3261723e-05
   1.5974327e-01   1.9184366e-01  -1.2161863e-01   2.0056222e-03  -2.7629187e-03  -1.5305595e-04
   1.5469024e-01   1.7304348e-01  -2.6418348e-01   2.7478149e-03  -2.4294117e-03  -2.9246955e-04
   1.4663665e-01   1.9283213e-01  -1.8639867e-01   1.8181239e-03  -2.0975541e-03  -3.7187488e-04
   1.6004620e-01   1.8769815e-01  -3.1607518e-01   2.4460652e-03  -1.9261249e-03  -1.9755105e-04
   1.5331191e-01   2.5050574e-01  -7.0500681e-02   1.7682875e-03  -1.8628426e-03  -1.6949120e-04
   1.5899979e-01   2.1361501e-01  -2.5765637e-01   2.4881937e-03  -1.9656125e-03  -2.0962531e-04
   1.6476174e-01   2.2085882e-01  -3.0647920e-01   2.9065772e-03  -1.7981158e-03   7.2008002e-05
   1.4698451e-01   2.1154003e-01  -2.4109856e-01   2.7450779e-03  -1.2251495e-03  -3.4634393e-04
   1.3968612e-01   2.2507470e-01  -2.3459903e-01   2.3296688e-03  -1.2463102e-03   5.8916473e-05
   1.5559238e-01   2.3972024e-01  -2.6678877e-01   1.9880192e-03  -1.1722990e-03  -1.7610894e-04
   1.5585637e-01   2.3348244e-01  -2.8508278e-01   3.0668259e-03  -9.2058366e-04  -2.7084478e-04
   1.7056614e-01   2.0697872e-01  -2.4232287e-01   1.8610274e-03  -1.3992204e-03   2.1904137e-04
   1.6426969e-01   2.1416897e-01  -2.4741529e-01   2.3925225e-03  -1.2316187e-03   1.8877211e-04
   1.5200116e-01   1.9060066e-01  -2.3278950e-01   1.8554806e-03  -1.2088992e-03   4.9614396e-05
   1.5902867e-01   2.1023096e-01  -2.3711968e-01   2.6046262e-03  -1.4920019e-03   1.3456026e-05
   1.6092547e-01   1.8862929e-01  -2.9674541e-01   2.5843803e-03  -1.5477144e-03   1.1037891e-04
   1.6775830e-01   2.7370913e-01  -1.3756679e-01   1.6764830e-03  -1.4882007e-03  -4.9435290e-05
   1.6933266e-01   2.0230662e-01  -3.1223496e-01   3.1974288e-03  -1.8353827e-03  -3.1617106e-05
   1.9131775e-01   3.1898535e-01  -2.6253770e-01   4.6480754e-03  -2.2035224e-03   1.7637182e-04
   1.3641524e-01   2.5612994e-01  -3.0621388e-01   3.6429564e-03  -2.0024564e-03  -5.6553582e-04
   1.5513439e-01   2.2077903e-01  -2.4272965e-01   2.6330303e-03  -2.2248379e-03  -2.7991856e-04
   1.8624662e-01   2.3012026e-01  -2.5086493e-01   2.2765973e-03  -2.1045431e-03  -1.4208154e-04
   1.7366479e-01   2.3109854e-01  -2.4352573e-01   2.6715397e-03  -2.2893174e-03   1.4798453e-04
   1.6510895e-01   2.4632913e-01  -2.9649264e-01   2.8816313e-03  -1.4640600e-03  -9.9483023e-05
   1.4409555e-01   3.6239189e-01   1.7016739e-02   2.2042967e-03  -2.4196784e-03   4.0167393e-05
   1.6822130e-01   2.1724588e-01  -3.5294401e-01   4.2855342e-03  -2.2539501e-03  -3.5204594e-04
   1.9681666e-01   2.3864769e-01  -4.7715814e-01   2.7910949e-03  -2.2589218e-03  -6.1454976e-04
   2.0344930e-01   2.9013813e-01  -2.8809958e-01   3.1001232e-03  -2.9211719e-03  -1.1848106e-04
   2.0003522e-01   1.7983029e-01  -3.8948044e-01   3.5252964e-03  -2.9526576e-03  -5.3181578e-04
   2.0126952e-01   2.1645032e-01  -3.1512632e-01   2.1971812e-03  -2.9706503e-03  -4.7855930e-04
   2.0880161e-01   2.0718300e-01  -3.6693546e-01   2.7961592e-03  -2.7226510e-03  -1.9674113e-04
   2.0453938e-01   2.2540837e-01  -3.3658841e-01   2.2552192e-03  -2.9126131e-03   2.4785493e-04
   1.8067596e-01   2.0809261e-01  -3.8677498e-01   2.5267777e-03  -2.4847443e-03  -2.5802850e-04
   1.8976548e-01   2.2637909e-01  -3.5776846e-01   1.9440759e-03  -2.7491050e-03  -1.6233777e-04
   1.8667698e-01   2.2093467e-01  -4.1437895e-01   3.3791113e-03  -2.5976890e-03  -3.3819224e-04
   2.0595017e-01   2.5740216e-01  -4.2135225e-01   3.7019342e-03  -2.8080502e-03  -3.0280273e-04
   2.0671314e-01   2.5754476e-01  -3.9759799e-01   2.9525727e-03  -2.7790977e-03  -1.5497400e-04
   1.9207335e-01   2.5667042e-01  -3.9417487e-01   2.4213970e-03  -2.8218825e-03  -3.4600472e-04
   1.9671925e-01   2.3648989e-01  -3.9625738e-01   2.4888064e-03  -2.8688322e-03  -2.7549601e-04
   1.9145095e-01   2.6180737e-01  -4.4173387e-01   2.9262927e-03  -2.5856441e-03   1.2305420e-04
   1.6798717e-01   2.4406184e-01  -4.2465207e-01   3.0664240e-03  -2.1776661e-03  -3.6923133e-04
   1.7340819e-01   2.7831691e-01  -4.3470781e-01   3.1253449e-03  -2.3525090e-03   1.4763344e-04
   1.7150729e-01   2.7503620e-01  -3.9687721e-01   2.1579374e-03  -2.0816804e-03  -2.0360846e-04
   1.9136742e-01   2.8817749e-01  -4.1970025e-01   2.8016513e-03  -2.4745926e-03   1.5708601e-04
   1.8057915e-01   2.8451353e-01  -4.0485190e-01   3.0070413e-03  -2.3133719e-03  -2.9524791e-04
   1.9626822e-01   2.8956075e-01  -4.0262566e-01   2.9960900e-03  -2.7923552e-03  -7.5260592e-05
   1.9703847e-01   2.7596651e-01  -4.0006193e-01   3.6998673e-03  -2.3119328e-03  -4.1209154e-04
   1.9956438e-01   2.5283241e-01  -3.2840895e-01   1.8789513e-03  -2.5216207e-03  -6.2258793e-04
   2.1867971e-01   2.4596817e-01  -3.9717336e-01   3.0158278e-03  -3.0248404e-03  -1.1209213e-04
   2.1673715e-01   2.6186431e-01  -4.1125275e-01   3.3188839e-03  -2.9246010e-03  -4.4710399e-04
   2.1075498e-01   2.5134463e-01  -3.6737433e-01   2.8916122e-03  -2.9923544e-03  -5.8417888e-04
   2.2776544e-01   2.6242431e-01  -3.5608117e-01   2.5831499e-03  -3.1406285e-03  -2.6629611e-04
   2.3361369e-01   2.4279420e-01  -3.7302761e-01   3.3253430e-03  -3.2733570e-03  -9.3737983e-05
   2.3159827e-01   2.5982940e-01  -3.9111046e-01   3.1972344e-03  -3.3075657e-03  -4.3805734e-04
   2.2152985e-01   2.7317800e-01  -3.8276558e-01   2.8615038e-03  -3.0570130e-03  -4.8515429e-04
   2.2169166e-01   2.8601625e-01  -3.9370505e-01   2.1860694e-03  -3.2397942e-03  -5.6561795e-04
   2.1364786e-01   2.6171896e-01  -3.7206163e-01   2.6614243e-03  -3.2411926e-03  -5.3569190e-04
   2.2915919e-01   2.8822778e-01  -4.0992652e-01   2.7066122e-03  -3.1851568e-03  -1.8214345e-05
   2.0617783e-01   2.6597687e-01  -3.7916836e-01   2.8855486e-03  -3.1076899e-03  -5.9310480e-04
   2.1877936e-01   2.8659684e-01  -4.2336219e-01   3.1041691e-03  -3.3060517e-03  -1.4975091e-04
   1.5941687e-01   3.4070221e-01  -2.9434133e-01   3.5398591e-03  -2.6298470e-03  -4.1465619e-04
   1.3821669e-01   3.1346855e-01  -2.1838052e-01   3.3280745e-03  -1.6763867e-03  -4.0448503e-04
   1.7998854e-01   2.9197993e-01  -3.3845573e-01   2.2414530e-03  -1.8928063e-03   1.8482116e-04
   1.8222899e-01   3.0152333e-01  -3.5462671e-01   2.9058016e-03  -1.9974659e-03  -2.3998516e-04
   1.9037621e-01   2.7196387e-01  -3.1615692e-01   2.1863569e-03  -2.0687585e-03   8.6533444e-05
   1.8576554e-01   2.7455525e-01  -3.1588164e-01   2.1884327e-03  -2.0169440e-03   1.1635055e-04
   2.0791910e-01   2.6915955e-01  -3.3546715e-01   1.7719683e-03  -2.1231484e-03   1.3404639e-04
   2.0696376e-01   2.7240370e-01  -3.2291107e-01   1.7527566e-03  -2.0334118e-03   3.2392531e-05
   2.1896592e-01   2.7868867e-01  -3.6186848e-01   1.8166766e-03  -2.1349269e-03   1.2134575e-04
   2.2208594e-01   2.7308329e-01  -3.6561462e-01   2.2970720e-03  -2.1463050e-03  -9.4401215e-05
   2.2080313e-01   2.9557291e-01  -3.5714119e-01   1.5534039e-03  -2.1444372e-03  -3.9363051e-04
   2.3474809e-01   3.2575340e-01  -4.0287738e-01   2.4495678e-03  -2.3026954e-03  -5.8682238e-05
   2.2845690e-01   3.1533485e-01  -4.3550475e-01   2.7066082e-03  -2.4180425e-03  -5.3128324e-05
