   0.0000000e+00   0.0000000e+00  -7.1054274e-15   0.0000000e+00   0.0000000e+00   0.0000000e+00
  -1.4552157e-02   9.1126977e-02  -4.3267076e-01   2.6972737e-03  -3.1624576e-04   4.4911925e-04
   4.9378678e-02   1.3850989e-01  -3.6811035e-01   4.5285039e-03   9.5124198e-04   9.6047521e-04
  -8.8294477e-03   1.0774945e-01  -3.4119233e-01   4.5864398e-03   1.3546172e-03   4.4790273e-04
   7.0934407e-02   2.0348185e-01  -4.7962116e-01   4.0601315e-03  -1.7862153e-03   1.5895450e-03
   4.7436395e-02   8.3734265e-02  -3.9989319e-01   5.2515341e-03  -9.6777518e-04   1.3166572e-03
  -1.8662825e-03   1.1651269e-01  -4.8144406e-01   3.0232976e-03   7.5130846e-07   1.2572598e-03
   4.9501377e-02   6.6660858e-02  -2.4867912e-01   2.8988875e-03   1.5571730e-03   4.3154218e-04
   9.7286116e-02   5.2869802e-02  -1.6566452e-01   9.3228056e-04   2.7674248e-03   4.2224003e-04
   7.1905420e-02  -1.9693559e-02   6.7524454e-02  -1.7582622e-04   1.8721817e-03  -4.2417170e-04
   2.3788527e-02   1.2611122e-02  -1.6032825e-02   1.8415250e-03   8.6446242e-04   6.3449797e-06
   8.7238590e-02   2.8465983e-02   8.1525357e-02  -2.7365144e-03   1.6685710e-03   2.3073409e-04
   1.0272276e-01   5.4737351e-02   1.4391140e-02  -1.3220196e-03   1.8756071e-03   2.9572536e-04
   6.0697434e-02   9.3016964e-02  -3.1906800e-01   7.9051143e-04   5.1082500e-04   1.2442130e-03
  -2.9623066e-02   9.2315005e-02  -3.8660198e-01   2.6010303e-05   9.5921402e-04  -2.6617561e-04
  -2.6465378e-02   9.9858614e-02  -5.4286372e-01   3.7199702e-03   7.4466006e-04   1.0895698e-03
   6.4300727e-02   6.7253040e-02  -3.5377477e-01   2.0073010e-03  -1.0734715e-04   1.7180471e-03
   1.2298317e-01  -4.7453792e-02   1.5783973e-01  -6.2971394e-04   5.5906213e-04   6.5073107e-04
   9.5887400e-02  -1.0856612e-02   3.4162905e-01  -5.0669899e-03   2.2550695e-03  -3.8803693e-04
   7.4638620e-02   4.9111462e-02   2.6937088e-01  -3.3662624e-03   4.6445533e-04  -6.2506224e-04
   1.3198117e-01   3.1014604e-02   2.6589427e-02   2.1681829e-03  -1.5700254e-03  -2.8138328e-04
   8.7266757e-02   3.7881451e-02   1.4381284e-01   2.4783368e-03  -1.6940694e-03  -9.1983770e-04
   2.9521422e-02  -1.8952184e-02   3.4391593e-01   2.0954372e-03   4.0985948e-04  -1.3576482e-03
   5.5811723e-02  -6.1425540e-02   5.4718479e-01  -2.8522817e-03   1.2285017e-03  -2.1873964e-03
   7.0429398e-02  -1.7079906e-02   4.4009528e-01   8.9793772e-04   7.6017475e-04  -1.3416895e-03
   1.2048994e-01  -6.1106205e-02   6.3292109e-01  -1.3512137e-03   2.0475527e-03  -1.9724373e-03
   1.2819581e-01   5.2915182e-02   5.1852962e-01  -1.6682299e-03   2.7750256e-03  -1.9772633e-03
   4.3289039e-02   1.2011134e-01  -2.2039309e-01   4.1697815e-03  -8.6255398e-04  -1.6795831e-04
  -6.0236460e-02   1.4255399e-01  -3.9070228e-01   5.7063280e-03  -2.3036522e-04  -1.0553593e-03
  -2.1748906e-02   1.2477155e-01  -3.8766469e-03   2.2416215e-03   2.4264548e-03  -9.5983108e-04
  -1.3442173e-02   1.2905937e-01   2.4466921e-01   1.4870135e-03   1.6689381e-03  -1.0333037e-03
  -1.3114571e-01   8.7115505e-02  -1.1307508e-01   3.5656274e-03   2.2391645e-03  -2.4466004e-03
  -7.9656057e-02   1.3793890e-01  -4.1529057e-01   5.0452281e-03   1.1296829e-03  -1.1830230e-03
  -4.3264435e-02   1.1297136e-01  -2.5103537e-01   5.7258272e-03   2.2378518e-03  -1.8721608e-03
   3.5785644e-03   1.3851323e-01  -1.3272643e-01   6.4016498e-03  -5.5649163e-04  -6.2745860e-04
  -6.9809329e-03   9.6615896e-02   2.2233753e-02   6.6447336e-03   1.4947983e-03  -1.7551940e-03
   3.3041442e-02   1.7207082e-01   2.1583418e-01   3.5835251e-03   1.3120392e-03  -1.1616028e-03
   1.9612226e-02   1.1109203e-01  -2.1542865e-01   6.5463033e-03   1.8395153e-06  -1.7758899e-04
   1.2160516e-01   1.7996512e-01  -6.6735121e-02   5.0140566e-04   4.3626552e-03  -7.8860800e-04
   8.3562356e-02   5.9366838e-02   8.6163736e-02  -9.7128258e-05   3.7000128e-03  -1.9211290e-03
   1.1463242e-01   4.0026224e-03   4.3244075e-01  -6.2798807e-03   3.0552495e-03  -1.6727250e-03
   8.3977364e-02   9.2470944e-02   1.7661663e-01  -4.0108347e-03   1.4844937e-03  -2.0199911e-03
   2.0829170e-02   1.2256067e-02   3.3501354e-01  -6.8476542e-03   2.0925543e-03  -3.6509160e-03
  -4.9582346e-02   1.5360365e-02   3.2571198e-01  -6.3250082e-03   1.0734687e-03  -3.5506171e-03
  -5.7532345e-02   4.4497936e-02   3.4228780e-01  -6.8178417e-03   1.8450846e-03  -4.2804345e-03
  -2.8657932e-02  -3.2910174e-02   4.4825774e-01  -5.8080544e-03   1.2729784e-03  -4.2035100e-03
   7.2842840e-02   3.0458905e-02   2.2533372e-01  -5.4182284e-04  -2.1871422e-04  -2.1725834e-03
   5.7666709e-02   7.9473122e-02   2.6560540e-03   7.6837943e-04  -2.1407794e-03  -3.5434309e-04
   4.1130555e-02   1.0069154e-01  -2.0246687e-01   1.7606964e-03  -8.7511886e-04  -4.7855840e-04
   5.5281304e-02   7.0110923e-02  -1.5175802e-01   2.6562741e-03   4.2161222e-04  -1.2670304e-03
   1.5099357e-01  -3.7424492e-02   3.0691433e-01  -1.4993211e-03   3.0542351e-03  -2.2879130e-03
   5.1665784e-02   5.9452573e-02  -2.8670057e-02  -6.1714129e-04   7.0364842e-04  -1.4727933e-03
   6.4667752e-02   1.1506445e-01  -8.0647316e-02  -3.2887283e-03   2.8245505e-03  -1.3195180e-03
   5.2218659e-02   4.4656021e-02   1.0388773e-01  -7.7940637e-04   1.7208865e-03  -2.4430567e-03
  -3.4629059e-02   2.2934093e-02   2.7590671e-01   1.7364703e-03  -2.9836612e-04  -1.7160086e-03
  -4.8249784e-02   6.4281328e-02   2.1433799e-01   3.0105225e-04   2.1485339e-04  -2.1894101e-03
  -8.3608289e-02   2.3339329e-02   4.1027984e-01  -1.7601524e-03   1.7991162e-03  -3.3562505e-03
  -1.9663844e-02   8.0408674e-02   3.3931314e-01  -1.6121933e-03   3.0571470e-03  -3.7117999e-03
  -3.2289486e-02   2.5980657e-02  -1.7396116e-02   3.8684476e-03   1.0699534e-03  -2.3287835e-03
  -6.1481214e-02   7.8897308e-02   2.0981934e-01   3.1096592e-03   1.1043980e-03  -2.3992353e-03
  -8.7792520e-03   1.8155408e-01   1.6084243e-01   6.3486384e-03   1.0630379e-03  -1.8024867e-03
   7.7914161e-02   1.1704132e-01   2.3893297e-01   5.4466182e-03   3.4912537e-03  -3.1831201e-03
   2.1520623e-01   4.7798689e-02   5.3358520e-01  -1.7418502e-03   5.3955342e-03  -2.7950988e-03
   6.9262207e-02   1.3720352e-01   2.3434243e-01  -1.5195586e-03   6.3338155e-03  -4.2943264e-03
   8.1970659e-02   1.2194526e-01  -1.0908065e-01   5.6651468e-03   4.1266100e-03  -3.5243158e-03
   9.5959145e-02   1.6575154e-01  -1.6013597e-01   7.6801396e-03   1.0512066e-03  -1.6893619e-03
   5.3435583e-02   1.3555810e-01  -2.7368580e-02   6.9195371e-03   2.8642183e-03  -2.8330912e-03
   1.2889761e-01   2.0272685e-01  -5.1243598e-02   7.1978189e-03   2.8065432e-03  -3.5430425e-03
   7.6083595e-02   1.8639102e-01  -3.1887130e-01   9.6460840e-03   3.8002359e-03  -4.0637172e-03
   1.5368957e-01   2.3351646e-01  -1.3817863e-01   4.8391289e-03   3.3290579e-03  -3.4485893e-03
   1.9570423e-01   1.6847168e-01  -6.3777116e-02   5.5938790e-03   1.9162036e-03  -2.3577264e-03
   2.0309788e-02   1.1471300e-01   2.3710933e-01   2.0662865e-04   3.3189875e-03  -4.5301890e-03
   9.1746753e-02   8.0903398e-02   2.9800663e-01   2.6261830e-03   2.6136181e-03  -5.1362087e-03
   1.6440274e-01   3.8698065e-02   6.6268322e-02   6.0073259e-03   2.9810934e-03  -4.7818445e-03
   1.3767756e-01   8.9273115e-02   1.4347111e-01   6.0558828e-03   1.2982308e-03  -3.0965060e-03
   1.3312971e-01   2.0808533e-01  -2.7431460e-01   2.5944859e-04   4.4824427e-03  -5.6882046e-03
   1.7115692e-01   1.4365954e-01  -5.7169267e-01   1.5765167e-03   4.1113962e-03  -6.3066211e-03
   1.0653808e-01   1.8573776e-01  -6.3855831e-01  -2.7572851e-03   5.2431322e-03  -7.9529194e-03
   9.6504241e-02   1.4760218e-01  -7.9742427e-01  -4.3072006e-03   1.3305991e-03  -7.6855237e-03
   5.7563661e-02  -1.0771781e-02  -6.0239582e-01   1.1922643e-03  -5.1179146e-04  -6.6717202e-03
   3.9473510e-02   1.2749972e-01  -4.6743590e-01  -5.4143818e-04  -2.9125987e-03  -5.2243321e-03
   4.7143078e-02   3.1217474e-02  -7.1474286e-01   4.6625281e-03  -3.4313995e-03  -4.8942151e-03
   1.0783388e-01   7.0570461e-02  -2.4566757e-01  -7.3802950e-04  -1.4860020e-03  -5.0535554e-03
   1.9981270e-02  -1.1186103e-02   3.9747199e-02   3.0755101e-03  -8.3092763e-04  -5.9320408e-03
   7.7358539e-02   2.8921315e-02   9.5750921e-02   3.1029321e-03  -1.3818265e-03  -5.0871763e-03
   3.2580634e-02   3.4981069e-02   1.0664769e-01  -2.5517196e-03   1.2214007e-03  -7.1387244e-03
   1.0367917e-01  -2.1233479e-02   4.0826896e-01  -6.8535134e-03   2.3181910e-03  -9.5046741e-03
   1.2490928e-01  -7.9472698e-02   3.6929665e-01  -8.0714415e-03   3.0225671e-04  -1.0844126e-02
   8.5796313e-02  -5.9552556e-02   4.6615732e-01  -7.6553324e-03   6.8135979e-04  -1.0604446e-02
   9.7042819e-02  -6.4442489e-02   4.2370230e-01  -8.8760513e-03  -1.4994035e-04  -1.0734761e-02
  -1.8627944e-03   5.9821308e-02   4.5964447e-01  -2.6963961e-03  -2.7451430e-03  -6.9348093e-03
   9.5951967e-02   1.2847520e-01   2.4988530e-01   1.6952672e-03  -3.0054802e-04  -3.7256150e-03
   8.9189424e-02   1.5378245e-01   2.2357595e-01   1.4911033e-03  -7.7509049e-04  -4.7483570e-03
   2.3375275e-01   5.7501651e-02   4.4156144e-01  -1.9504296e-04  -4.1389347e-05  -2.0638644e-03
   2.0383640e-01   6.7087441e-02   3.8961865e-01  -3.5568603e-04   4.6837535e-04  -1.7645614e-03
   2.3299192e-01   3.5755179e-02   6.4075842e-01  -4.2315631e-03   1.5558222e-03  -2.3760886e-03
   2.2015355e-01   6.9683299e-02   7.5822541e-01  -3.2403050e-03   1.0666120e-03  -3.1250727e-03
   2.1261755e-01   8.5482889e-02   2.3733784e-01  -1.8290643e-03   6.8225435e-05  -1.9025670e-03
   1.5586540e-01   1.8192769e-01   2.3672306e-01  -1.1988000e-03   2.1546667e-03  -3.4713703e-03
   9.6510970e-02   7.8035682e-02   4.0341244e-01  -2.2910674e-03   4.3884828e-03  -6.0215951e-03
   1.1078212e-01  -8.9588687e-03   4.6218355e-01  -4.7172497e-03   5.5337389e-03  -6.9261513e-03
   1.4518765e-01   4.6534229e-02   7.2819029e-01  -4.8635465e-03   3.8709255e-03  -5.1618073e-03
   1.1457848e-01  -1.0510564e-01   8.7769019e-01  -7.0350636e-03   1.3546043e-03  -5.3735013e-03
   1.1725184e-01  -3.9784671e-02   1.0636625e+00  -6.6499068e-03   3.3706601e-03  -5.5675640e-03
   8.1445869e-02   3.0631325e-02   9.4680194e-01  -3.8675560e-03   4.0465337e-03  -5.3004262e-03
   9.1084418e-02  -3.4899875e-02   1.1163304e+00  -6.0167022e-03   5.7594497e-03  -5.8337570e-03
   1.0051049e-01   1.6908540e-02   9.7603484e-01  -5.9448526e-03   5.1964681e-03  -5.3757873e-03
   1.5426795e-01   5.5740728e-02   8.5661989e-01  -4.6618260e-03   3.4078202e-03  -4.8506840e-03
   1.1552985e-01  -3.5016940e-02   1.0902588e+00  -5.4797041e-03   2.9342857e-03  -4.9694613e-03
   1.7090214e-01   6.4653263e-02   1.0131918e+00  -6.1790719e-03   4.8389558e-03  -5.9056401e-03
   1.3448353e-01   8.9548777e-03   1.1523394e+00  -8.7657702e-03   5.9421546e-03  -6.1683144e-03
   2.2188631e-01  -4.6040101e-02   1.2948228e+00  -1.0596227e-02   4.4175339e-03  -6.3806780e-03
   1.7312792e-01   1.5866900e-02   1.2837162e+00  -8.7824802e-03   6.4373004e-03  -7.3240054e-03
   2.0243074e-01  -3.0498138e-03   1.3851704e+00  -1.0152817e-02   6.4098554e-03  -6.9235264e-03
   1.5746863e-01  -2.5679392e-02   1.2331931e+00  -7.6940982e-03   5.9748755e-03  -7.5009156e-03
   2.1506378e-01  -6.1692240e-03   1.4014314e+00  -1.1293832e-02   5.1431585e-03  -7.3250253e-03
   2.1991403e-01  -4.0217286e-02   1.4401371e+00  -1.4541526e-02   5.4803053e-03  -8.3981241e-03
   2.0300698e-01  -1.0521157e-01   1.5209539e+00  -1.4096320e-02   4.2911150e-03  -7.4478797e-03
   1.5400707e-01  -7.9375654e-02   1.4507130e+00  -1.5136626e-02   3.2694944e-03  -8.1514087e-03
   1.7401774e-01  -2.4521143e-02   1.2736981e+00  -1.2485590e-02   1.8775628e-03  -7.4205601e-03
   1.3923131e-01  -1.2599320e-02   1.2884241e+00  -1.2171666e-02   2.1032764e-03  -7.6647208e-03
   1.0975746e-01  -6.4999936e-02   1.2882932e+00  -1.2615688e-02   1.5451199e-03  -7.5370473e-03
   1.3317877e-01  -1.7117478e-02   1.3499336e+00  -1.0641777e-02   2.5367670e-03  -8.0670808e-03
   1.6353816e-01  -8.0877324e-02   1.6039554e+00  -1.2178445e-02   3.0174987e-03  -7.9845108e-03
   1.5366173e-01  -3.8187183e-02   1.2813928e+00  -1.1505765e-02   1.0269498e-03  -7.8848078e-03
   1.9826234e-01  -1.4554395e-02   1.5848134e+00  -1.0847713e-02   1.0030379e-03  -7.2549219e-03
   1.1321939e-01   2.6181732e-02   1.2948445e+00  -9.6148387e-03  -4.8428297e-04  -7.7762580e-03
   1.7905940e-01   3.3297193e-02   1.4375547e+00  -1.2463954e-02   1.7717027e-03  -8.5227364e-03
   1.6934022e-01   1.0084387e-01   1.1651942e+00  -1.1601630e-02   2.3024834e-03  -9.2656875e-03
   1.4049519e-01   5.4901540e-02   9.8949306e-01  -1.2831405e-02   7.4318088e-04  -8.9267208e-03
   1.3044929e-01   7.4445079e-02   1.0001766e+00  -1.2010548e-02   1.0544009e-03  -9.1276339e-03
   1.0651852e-01   7.9328034e-02   9.8592042e-01  -9.5406549e-03  -4.7757399e-04  -7.6773566e-03
   1.8880899e-01   1.0955087e-01   6.0895746e-01  -2.5652217e-03  -6.1893861e-05  -3.5701398e-03
   1.3586692e-01   1.9866111e-01   3.7479016e-01  -4.4225562e-03   1.5890993e-04  -3.3567992e-03
   1.2397124e-01   2.1695190e-01   3.0883487e-01  -1.8529161e-03   2.0915352e-04  -3.1055113e-03
   1.4785772e-01   1.8674361e-01   5.1160204e-01  -4.0738326e-03   1.2493434e-03  -3.7978984e-03
   1.8074552e-01   4.8015394e-02   7.3045938e-01  -5.6609146e-03   2.5451820e-03  -7.6668064e-03
   2.1583156e-01   1.9884854e-01   5.2604376e-01  -7.7546909e-03   2.8721873e-03  -8.0401945e-03
   1.4903708e-01   1.6840019e-01   5.0858957e-01  -5.8851468e-03   1.8534140e-03  -8.2873690e-03
   3.1836182e-01   2.0980753e-02   3.3517666e-01   1.5363881e-03  -2.1608128e-04  -4.3274211e-03
   2.4866962e-01   2.0440808e-01   4.1710066e-02  -1.0517230e-03  -1.7009149e-03  -2.3496015e-03
   2.2732655e-01   1.7994143e-01  -8.1243530e-02   3.6815799e-03  -2.8150616e-03  -1.4833100e-03
   1.7083937e-01   2.3015576e-01   1.5540936e-01   4.3891678e-03  -8.2640328e-04  -2.6291311e-03
   1.4945154e-01   2.0811575e-01   2.4994976e-01   3.1553112e-03   1.6147228e-03  -3.8279839e-03
   1.5401233e-01   2.4591338e-01   3.0724875e-01   6.4175431e-04   1.9096658e-03  -3.7099926e-03
   1.2846153e-01   2.0375460e-01   2.8851903e-01   1.0727365e-03   6.0735130e-04  -3.6111831e-03
   1.6195950e-01   2.0617539e-01   5.4445368e-01  -1.3126454e-03   2.9108726e-03  -3.9684228e-03
   1.9145060e-01   1.3499214e-01   7.3973570e-01  -2.8254574e-03   2.0202213e-03  -3.7809887e-03
   2.4758518e-01   1.1646836e-01   9.0386848e-01  -2.8689326e-03   4.6736915e-03  -5.0460366e-03
   2.9724786e-01   1.4134831e-01   5.8932476e-01  -1.1245611e-03   2.0861306e-03  -4.1948917e-03
   1.6416543e-01   1.6287670e-01   6.1650378e-01  -2.0548251e-03   1.9060814e-03  -3.7978107e-03
   2.3394733e-01   1.5182989e-01   7.1309952e-01  -2.4238827e-03   3.2593778e-03  -3.8801761e-03
   2.7851298e-01   9.8053441e-02   9.3586785e-01  -6.1642578e-03   4.2025701e-03  -4.5033332e-03
   2.9509293e-01   1.7240516e-01   6.2776877e-01  -5.1238411e-03   3.4731308e-03  -5.4088745e-03
   3.0408247e-01   2.0439445e-01   2.4735153e-01   7.7889846e-04   1.4429074e-03  -2.4318788e-03
   3.0709469e-01   2.5162482e-01   3.6446146e-01   2.1822585e-03   2.6132075e-03  -2.0574854e-03
   3.1409028e-01   2.2342774e-01   8.7246068e-01  -2.6503776e-03   5.4098422e-04  -3.0550396e-03
   3.5714537e-01   1.8992345e-01   1.1512988e+00  -5.5093735e-03   3.2879080e-03  -4.1429133e-03
   3.3255286e-01   1.6866470e-01   1.0234375e+00  -7.6783180e-03   3.3750161e-03  -5.9876643e-03
   2.9385175e-01   1.5170127e-01   5.5308466e-01  -3.3995974e-03   1.2743587e-03  -4.9111883e-03
   3.1585898e-01   1.9168290e-01   2.7764380e-01  -4.7004924e-04   8.5242582e-04  -2.9944377e-03
   2.7694736e-01   2.3668315e-01   8.7721447e-02  -5.8774559e-06  -6.8297885e-04  -2.3143012e-03
   3.7120522e-01   1.8528938e-01   3.9451772e-01  -9.5147639e-04   2.8942084e-04  -2.6776590e-03
   3.7884056e-01   1.3907974e-01   6.2774068e-01  -2.7705478e-03  -7.0100226e-04  -1.7992136e-03
   5.2487037e-01   8.9094709e-02   9.4477304e-01  -4.0509237e-03   1.2624662e-04  -1.1377424e-04
   4.3305677e-01   1.5970982e-01   9.6787353e-01  -5.9142911e-03   2.3472976e-03  -3.0855146e-03
   3.7451245e-01   1.6446101e-01   1.1864359e+00  -6.9461778e-03   1.4721073e-03  -3.4241456e-03
   3.7444003e-01   1.1491578e-01   1.4194730e+00  -8.7096702e-03   2.8855640e-03  -3.4972120e-03
   3.9512768e-01   1.2199984e-01   1.4578967e+00  -1.0386671e-02   3.5251133e-03  -3.9297222e-03
   3.2887747e-01   4.8948908e-02   1.4881064e+00  -9.7907522e-03   2.9483698e-03  -4.9515016e-03
   2.8395636e-01   7.0164230e-02   1.4815682e+00  -1.1204270e-02   3.0019942e-03  -5.6382364e-03
   2.6528154e-01   7.3054017e-02   1.5136231e+00  -1.1529592e-02   2.7059986e-03  -5.9435403e-03
   2.6752731e-01   1.1303704e-01   1.4155385e+00  -8.8463934e-03   1.2430998e-03  -6.0498194e-03
   2.7875228e-01   5.4089711e-02   1.4876561e+00  -8.2080834e-03   2.4540650e-03  -6.0843444e-03
   3.0194205e-01   7.7624303e-02   1.3491461e+00  -8.6317408e-03   2.0011016e-04  -5.3292336e-03
   2.9708095e-01   1.1009127e-01   1.4004865e+00  -6.2584744e-03  -3.4047406e-04  -3.3311066e-03
   2.8622254e-01   5.7246646e-02   1.5200517e+00  -1.0372157e-02   1.0924860e-03  -5.0954114e-03
   2.5255512e-01   8.9640127e-02   1.1524421e+00  -3.9229500e-03   2.3877306e-04  -5.8541663e-03
   2.9117184e-01   2.2229081e-01   1.1264832e+00  -2.6790302e-03  -5.7537661e-04  -4.1299484e-03
