   0.0000000e+00   0.0000000e+00   0.0000000e+00   0.0000000e+00   0.0000000e+00   0.0000000e+00
   1.2315559e-03   4.0987354e-03   2.9135975e-02   4.6198295e-04  -4.0252472e-04  -1.7966089e-04
   5.2880323e-03  -3.3030630e-03  -1.1061743e-01   3.9748711e-03  -2.8273183e-04  -2.7623059e-05
   2.1034580e-02   9.5796709e-03  -9.4579853e-02   2.6450437e-03  -7.2107307e-04   2.4225522e-04
   3.8098184e-03   3.8400324e-02  -6.4449993e-02   9.8048937e-04  -7.5201561e-04  -5.6890089e-04
  -2.1259005e-02   6.0143557e-02  -5.6846437e-02   2.0893599e-03  -2.5751716e-04  -3.5061129e-04
  -1.0307896e-02   5.2302587e-02  -1.1893591e-01   1.2266178e-03  -5.7041326e-04  -3.7314173e-04
  -3.1194181e-02   4.9485087e-02   1.7806825e-02   1.9044023e-03  -3.0119540e-04  -6.0856169e-04
  -3.1706311e-02   2.6469560e-02  -4.7597409e-02   1.1370375e-03  -4.7611100e-04  -5.9345277e-04
  -3.8054296e-02   5.0396561e-02  -1.3206479e-01   2.0167414e-03   1.4813598e-04  -1.0401719e-03
  -2.8689957e-02   3.8119538e-02  -1.2076625e-01   2.2702153e-03  -1.1678830e-04  -8.6657653e-04
   1.6346738e-02   6.3433813e-02  -9.4870334e-02   1.3201501e-03   1.2398620e-04  -3.1248371e-04
   3.7346652e-03   8.2591477e-02  -1.3338723e-01   1.1237730e-03   2.0356061e-04  -4.2113097e-04
  -3.6608855e-02   8.6248523e-02  -1.8344947e-01   1.0527187e-03   5.3497777e-04  -1.3390338e-03
  -4.1590814e-02   7.5182537e-02  -1.5825396e-01   1.5411159e-03   3.4872712e-04  -1.2758291e-03
  -6.5377432e-02   7.6971454e-02  -1.7132530e-01   1.9621531e-03   1.3170842e-03  -1.4750609e-03
  -7.1928973e-02   8.1655041e-02  -1.2744471e-01   9.0854000e-04   7.8593834e-04  -1.4990575e-03
  -6.3111312e-02   9.4593823e-02  -1.8831146e-01   1.6476841e-03   7.8562014e-04  -1.4014326e-03
  -7.2347002e-02   3.2617895e-02  -1.8712968e-01   1.7513967e-03   9.4405853e-04  -1.6119152e-03
  -6.6667939e-02   1.0789317e-01  -8.4350115e-02   3.8024822e-04   5.5476290e-04  -1.6967240e-03
  -5.6799254e-02   1.3575396e-01  -9.1830708e-02   8.2820270e-04   8.6868919e-04  -1.5636963e-03
  -6.4754085e-02   1.2088080e-01  -1.0058143e-01   1.1872527e-03   9.3127351e-04  -1.6404321e-03
  -4.5124903e-02   1.1813699e-01  -5.3429198e-02   4.0879666e-04   7.2526353e-04  -1.3163491e-03
  -4.6127124e-02   1.2160289e-01  -1.0180191e-01   7.8689994e-04   5.8961175e-04  -1.5615853e-03
  -2.5923731e-04   1.0901873e-01  -4.9609626e-02   1.9305729e-04  -5.8592076e-05  -1.1935924e-03
  -6.1917359e-02   1.2859129e-01  -9.0613044e-02   1.2795222e-03   1.5564889e-03  -1.5493648e-03
  -8.6216667e-02   1.4042984e-01  -8.8220350e-02   9.0569208e-04   1.5596301e-03  -1.8930267e-03
  -8.2157152e-02   1.2201796e-01  -9.8620364e-02   1.4597823e-03   1.5954340e-03  -1.9132948e-03
  -5.0561436e-02   1.4660473e-01  -7.4852174e-02   1.2370200e-03   6.5227289e-04  -1.4059542e-03
  -3.8711262e-02   1.6757843e-01  -1.0703565e-01   1.6247986e-03   1.3463850e-03  -1.3690472e-03
   8.8063782e-03   1.5564271e-01  -8.6046335e-02   1.6712929e-03   1.9055849e-03  -1.0398943e-03
  -1.7768458e-02   1.6012536e-01  -1.2265912e-01   1.3576811e-03   1.0181126e-03  -1.1514824e-03
  -9.5001132e-03   1.5978039e-01  -6.7447699e-02   1.0586631e-03   1.3903961e-03  -1.0618851e-03
   2.9820649e-03   1.4324150e-01  -7.5910618e-02   1.4360587e-03   4.2221035e-04  -1.0077350e-03
  -2.0758090e-02   1.4639738e-01  -1.1207740e-01   2.8243591e-03   1.1233988e-03  -1.3634104e-03
  -1.0136698e-02   1.5874991e-01  -5.9753302e-02   1.5997121e-03   5.9649422e-04  -1.0976013e-03
  -3.0929612e-02   1.6212431e-01  -1.0940766e-01   2.1515714e-03   1.6499911e-03  -1.5078387e-03
   2.0941289e-02   1.7340657e-01  -6.6704305e-02   1.6825094e-03   1.6610059e-03  -1.0998750e-03
   9.9201692e-03   1.9017087e-01  -9.6463743e-02   2.2691440e-03   1.7302905e-03  -1.0585308e-03
  -3.8515976e-03   1.9018868e-01  -6.6853291e-02   1.6019403e-03   1.3279722e-03  -1.3513193e-03
   1.3636848e-02   1.8416926e-01  -4.3273507e-02   1.7906622e-03   1.5216196e-03  -1.0148125e-03
  -7.6041037e-03   1.8065874e-01  -9.5266943e-02   2.8040181e-03   2.5242465e-03  -1.2643033e-03
  -1.2995904e-02   1.8228825e-01  -1.1574630e-01   2.2522081e-03   1.4795618e-03  -1.1954829e-03
  -1.3109590e-02   1.6987631e-01  -1.1118816e-01   2.4529362e-03   1.8566808e-03  -1.4190913e-03
   7.1632035e-03   1.7131048e-01  -7.9249363e-02   2.5219960e-03   1.1783627e-03  -8.6169454e-04
  -9.3219611e-03   1.9850439e-01  -9.9440912e-02   2.1419266e-03   2.1119171e-03  -1.2017932e-03
  -2.1973228e-02   1.9102499e-01  -7.2315814e-02   2.1357823e-03   1.6730509e-03  -1.3666886e-03
  -8.2077166e-03   2.1530651e-01  -1.0220965e-01   2.3961279e-03   2.0478478e-03  -1.2866899e-03
   2.7909599e-03   2.2747070e-01  -7.3208605e-02   1.9707425e-03   1.7124231e-03  -1.1944956e-03
   2.8563501e-03   2.0999427e-01  -7.6345750e-02   1.7347005e-03   1.6376973e-03  -1.0682240e-03
   3.6497995e-03   2.3004589e-01  -4.8622319e-02   1.7387813e-03   1.3899593e-03  -1.1435378e-03
   5.7215229e-03   2.1099909e-01  -8.3900340e-02   2.3088568e-03   1.4909534e-03  -1.2173133e-03
   1.3425862e-02   2.0936248e-01  -1.1970387e-01   2.5669134e-03   1.0212298e-03  -9.2503183e-04
  -8.4038997e-03   2.1256968e-01  -8.8658866e-02   2.2394389e-03   1.4793960e-03  -9.8420158e-04
   1.1577915e-02   2.2167048e-01  -7.7588672e-02   2.9780372e-03   1.2103506e-03  -8.5186398e-04
   1.5943195e-02   2.0887427e-01  -8.7815436e-02   2.5160026e-03   1.9777044e-03  -1.0142596e-03
   1.1282327e-02   2.2449741e-01  -7.6246772e-02   3.1609846e-03   1.3125201e-03  -9.9385953e-04
   7.8502216e-03   2.4437517e-01  -9.2958407e-02   2.7080231e-03   2.0481565e-03  -1.1167167e-03
   2.6341748e-02   2.3066777e-01  -8.4356938e-02   3.6819949e-03   1.6024263e-03  -1.0624191e-03
   3.3624413e-02   2.4759550e-01  -1.0529825e-01   3.1318130e-03   1.1364019e-03  -8.2569139e-04
   3.1817007e-02   2.5008722e-01  -4.7518910e-02   3.5525261e-03   1.5697982e-03  -9.1445422e-04
   1.3560758e-02   2.1765268e-01  -1.7245170e-01   4.2124730e-03   1.6102083e-03  -1.0661181e-03
   5.7683647e-02   2.4157113e-01  -1.6970537e-01   3.8952747e-03   1.6191082e-03  -2.9925108e-04
   2.4461826e-02   2.3138666e-01  -1.1918575e-01   3.3616025e-03   1.2552786e-03  -9.1283373e-04
   2.4978207e-02   2.2869472e-01  -1.7256781e-01   4.0145503e-03   1.8552498e-03  -7.3292671e-04
   2.6074180e-02   2.3828660e-01  -1.9744960e-01   4.9311368e-03   2.4670208e-03  -7.7104526e-04
   3.9516906e-02   2.4992076e-01  -1.8147726e-01   4.8510110e-03   1.3758008e-03  -4.4306654e-04
   2.8662778e-02   2.5232700e-01  -2.4522596e-01   5.3468469e-03   2.3418037e-03  -8.2172764e-04
   3.0271748e-02   2.5893557e-01  -2.3893788e-01   5.8960117e-03   2.2916416e-03  -7.6429055e-04
   1.6087019e-02   2.4504649e-01  -2.6736818e-01   6.4849235e-03   2.7885734e-03  -6.9006851e-04
   4.3747642e-02   2.3624422e-01  -1.7841126e-01   6.5586126e-03   2.3645489e-03  -3.1985833e-04
   1.7895564e-02   2.3072187e-01  -2.4813870e-01   5.8632341e-03   2.3178349e-03  -6.0757961e-04
   1.0157080e-01   3.7446736e-01   1.5858031e-01   8.1185060e-03   1.6717297e-03   1.0730543e-03
   1.0928788e-01   2.1821940e-01  -7.1677511e-02   8.5060107e-03   1.5347801e-03   1.1474812e-03
   1.0029603e-01   2.3026150e-01  -2.7551694e-02   7.8745969e-03   1.8427787e-03   8.9605227e-04
   1.3983433e-01   1.8356840e-01   7.2436206e-02   7.9108493e-03   3.5483592e-04   1.3395556e-03
   1.1464629e-01   1.9844755e-01   4.0611328e-02   7.7950533e-03   2.4953196e-04   5.0480849e-04
   1.0158843e-01   2.0366620e-01   1.0657914e-01   7.6770896e-03   6.6058224e-04   8.0591496e-04
   1.2233982e-01   1.8336144e-01   1.7376660e-02   8.7169841e-03   6.1516924e-04   8.9185049e-04
   1.2422005e-01   1.9468385e-01   3.2408000e-02   8.0993756e-03  -1.3848323e-04   1.2096824e-03
   1.0645028e-01   1.9781377e-01   1.3985208e-02   7.9042468e-03   5.8854659e-04   6.6169270e-04
   1.2244379e-01   2.2482321e-01   1.8166826e-02   7.5494063e-03  -1.1939077e-04   1.0316480e-03
   1.1753122e-01   2.4743219e-01  -4.6401720e-02   7.9558884e-03   8.7989749e-05   9.8445516e-04
   1.2418264e-01   2.3129214e-01  -3.5257817e-02   7.8732438e-03   1.5827450e-04   9.8765093e-04
   1.2771372e-01   2.5332492e-01  -1.3652318e-01   9.8119944e-03   7.4986994e-04   1.0655296e-03
   1.3510452e-01   2.3548465e-01  -6.6066896e-02   9.4360113e-03   6.7084106e-04   1.0873966e-03
   1.4010553e-01   2.6228035e-01  -5.6486672e-02   7.5583534e-03   6.9031010e-04   1.2923693e-03
   1.4586227e-01   2.5834988e-01  -4.4249108e-02   8.3644825e-03   5.1294459e-04   1.2182922e-03
   1.7317772e-01   2.5542435e-01  -5.5661036e-02   9.3047253e-03   1.0575719e-03   1.4189625e-03
   1.8982134e-01   2.2213430e-01  -1.3043290e-02   9.2253221e-03   7.6636755e-04   1.4174097e-03
   1.5010335e-01   2.5540749e-01  -8.1928786e-04   8.3875839e-03   5.3424837e-04   1.2857406e-03
   1.6029871e-01   2.3576388e-01  -7.1881008e-02   9.1925192e-03   8.4041538e-04   1.5543376e-03
   1.5833247e-01   2.7554922e-01  -5.9184891e-02   8.8521715e-03   9.6335509e-04   1.3127395e-03
   1.7435279e-01   2.5894836e-01  -6.9576454e-02   9.4392240e-03   1.0685018e-03   1.5607051e-03
   1.6151260e-01   2.9294571e-01  -9.6020073e-02   8.9321730e-03   1.4263705e-03   1.4236379e-03
   1.8074991e-01   2.8637343e-01  -9.3410277e-02   9.2490595e-03   1.6664682e-03   1.5202232e-03
   1.9116790e-01   2.9155766e-01  -8.7821302e-04   8.8853261e-03   1.8881069e-03   1.4120764e-03
   1.8913328e-01   2.7861614e-01   2.7794798e-02   8.5712668e-03   1.2764404e-03   1.7108225e-03
   1.7337235e-01   3.1799500e-01  -2.5772192e-02   8.7448162e-03   2.2460175e-03   1.7321011e-03
   1.7056977e-01   2.7381500e-01  -4.0465829e-04   8.9333645e-03   1.0299655e-03   1.4317328e-03
   1.6661954e-01   2.9891563e-01  -1.1179091e-01   8.9188583e-03   1.4348326e-03   1.7973182e-03
   1.6519029e-01   2.8111190e-01   2.4362130e-03   9.1175804e-03   1.6474732e-03   1.4444579e-03
   1.6200371e-01   3.1422480e-01  -2.7826874e-02   8.2089502e-03   1.4774492e-03   1.5505606e-03
   1.6955232e-01   3.1667519e-01   5.8142328e-02   8.2050683e-03   1.4478657e-03   1.3570001e-03
   1.6949821e-01   3.1582374e-01  -1.0712810e-02   8.4087653e-03   1.5065534e-03   1.4172406e-03
   1.6685931e-01   3.0603397e-01   3.4534448e-02   8.5116359e-03   1.5769154e-03   1.4519305e-03
   1.5383074e-01   3.0929786e-01  -1.9050448e-02   8.4335075e-03   1.2141796e-03   1.1177350e-03
   1.8080338e-01   3.2512979e-01   3.3931039e-02   8.4701213e-03   1.1856599e-03   1.5896177e-03
   1.6036945e-01   3.3908906e-01  -4.2874825e-02   8.7268050e-03   5.6103781e-04   1.5352824e-03
   1.6601975e-01   3.1570446e-01   1.9965110e-02   8.7282972e-03   1.5666794e-03   1.6221076e-03
   1.8218817e-01   3.1647802e-01  -4.0415073e-02   9.2158640e-03   1.0801135e-03   1.5153620e-03
   1.9898048e-01   3.0839980e-01   5.5485945e-03   9.2700015e-03   2.0705491e-03   1.7318255e-03
   2.0192280e-01   3.4817973e-01  -9.2368038e-02   9.6785541e-03   2.0772781e-03   1.3556850e-03
   1.8755447e-01   3.3757057e-01  -2.1841607e-01   1.0413427e-02   1.3050164e-03   1.4178908e-03
   2.0524704e-01   3.4698596e-01  -1.4192404e-01   1.0713695e-02   1.8599627e-03   1.4800903e-03
   2.4333035e-01   3.9157712e-01  -1.2103539e-01   8.5610807e-03   3.9201269e-04   2.1363784e-03
   1.7791071e-01   3.5734248e-01  -2.0831951e-01   8.6928239e-03   1.2665594e-03   9.6461453e-04
   1.8146246e-01   3.2834361e-01  -1.7751797e-01   8.2935840e-03   4.0218857e-04   1.0250367e-03
   1.7505669e-01   3.6790502e-01  -1.5657336e-01   8.8676742e-03   1.2415982e-03   1.0686173e-03
   1.9552707e-01   3.2314665e-01  -9.5673296e-03   8.3869846e-03   8.6429544e-04   1.3130601e-03
   1.8615112e-01   3.6771977e-01  -7.5041836e-02   8.3156541e-03   1.2629294e-03   1.0512674e-03
   1.8801261e-01   3.4951310e-01  -6.0925530e-02   8.5004853e-03   8.0749345e-04   1.4229585e-03
   1.8607744e-01   3.7114872e-01  -1.0359965e-01   8.8076147e-03   1.6683375e-03   1.0833209e-03
   1.8706702e-01   3.4892210e-01  -4.0418840e-02   8.6204577e-03   1.2786282e-03   1.1736769e-03
   1.6004813e-01   3.8603786e-01  -6.0668629e-02   8.7530248e-03   1.4823882e-03   7.2198304e-04
   1.9697169e-01   3.3016257e-01  -1.3012712e-01   9.8967148e-03   1.3269732e-03   1.0877817e-03
   1.8944365e-01   3.9629682e-01  -2.4525101e-01   9.0657458e-03   7.5391746e-04   9.7174473e-04
   1.9742953e-01   3.5225027e-01  -7.1333719e-02   8.9761303e-03   1.1042343e-03   1.2648131e-03
   1.5656049e-01   4.0167757e-01  -6.9512025e-02   8.0823951e-03   1.5066036e-03   1.0730204e-03
   1.7216155e-01   3.5712785e-01  -2.9437833e-03   8.6808735e-03   1.3796805e-03   1.0035739e-03
   1.7484653e-01   3.8022704e-01  -2.6536397e-01   9.8101466e-03   9.2602611e-04   4.9190324e-04
   1.8512293e-01   3.7279504e-01  -3.3506968e-02   9.4459977e-03   7.4211935e-04   1.2035169e-03
   1.9717433e-01   3.6165235e-01  -4.5911720e-01   1.0592469e-02   5.2099266e-04   6.3957543e-04
   2.1147157e-01   3.6660530e-01  -6.1938321e-01   1.2736495e-02   5.2705984e-04   5.3002202e-04
   2.0425831e-01   3.9291179e-01  -4.1289727e-01   1.0783651e-02   5.2350354e-04   7.4532036e-04
   1.8593007e-01   3.3482691e-01  -2.2763505e-01   9.8563291e-03   4.5499846e-04   8.6512438e-04
   2.1942567e-01   3.7494532e-01  -6.9320502e-01   1.0881201e-02   7.0986401e-04   7.0067136e-04
   1.6944545e-01   3.9963879e-01  -3.9064901e-01   9.9186208e-03   5.1480614e-04   3.2460899e-04
   2.3580887e-01   4.4551502e-01  -4.1850598e-01   1.0395309e-02   1.2127281e-03   1.0767776e-03
   2.8854861e-01   5.3714138e-01  -2.7500378e-01   1.3305660e-02  -1.0655532e-03   1.9510210e-03
   1.9500177e-01   3.9104920e-01  -5.7578238e-01   1.1230075e-02  -9.9435473e-04  -6.3937251e-05
   2.2772172e-01   3.6756162e-01  -5.2976417e-01   1.2753686e-02  -1.1882272e-03   1.4752052e-04
   1.6387024e-01   3.9545870e-01   9.8601475e-02   1.1836506e-02  -1.7191866e-03   9.2438485e-04
   2.0896619e-01   2.8984450e-01   2.0499060e-01   1.3179371e-02  -1.6024955e-03   1.4640530e-03
   2.2258413e-01   3.5334819e-01   5.6485527e-02   1.0322732e-02  -1.9323242e-03   6.3911624e-04
   2.1901731e-01   3.1111636e-01   2.5411470e-01   1.0982640e-02  -2.5178832e-03   1.7192001e-03
   2.1899438e-01   3.7772377e-01   5.9286500e-02   8.9541157e-03  -4.5276995e-05   1.2606029e-03
   2.4968663e-01   3.6193498e-01  -5.0986295e-01   1.3108440e-02  -6.7618157e-04   7.6219448e-04
   2.9626749e-01   3.5579191e-01  -1.7042062e-01   1.1450563e-02  -2.4407073e-03   1.6648449e-03
   2.3553966e-01   3.0511668e-01  -3.2387597e-01   1.3569808e-02  -1.5903861e-03   1.6938731e-03
   1.7217280e-01   3.2442781e-02  -1.2359571e+00   2.6263313e-02   1.3340003e-03  -2.8609886e-03
   4.4136590e-02   3.9752235e-01  -6.5517640e-01   2.3437622e-02   1.2368415e-03  -5.8683933e-03
   4.8971959e-02   3.7551917e-01  -5.4976208e-01   2.1910722e-02   4.6208685e-04  -5.7701468e-03
   8.8986024e-02   3.0471959e-01  -3.2210256e-01   2.0380701e-02   3.3699694e-04  -5.4513198e-03
   9.4051477e-03   3.3733551e-01  -4.5404818e-01   2.7614015e-02   3.1503729e-03  -5.8714154e-03
  -4.2758655e-02   3.7211238e-01  -4.9348051e-03   2.3466999e-02   5.1973396e-04  -7.1178974e-03
   7.7938722e-02   4.4599541e-01   1.1573480e-01   2.7848980e-02  -6.4234010e-04  -6.1241859e-03
  -4.9444678e-02   3.9072863e-01   3.3910760e-01   2.4361041e-02  -9.3134802e-05  -6.8880500e-03
  -1.9059869e-01   4.8129444e-01   1.4606590e+00   1.6326933e-02  -1.6747267e-03  -6.1154650e-03
  -1.2906381e-01   4.8579529e-01   1.4146372e+00   1.9717613e-02   2.7482281e-04  -6.5753517e-03
  -1.0117891e-01   4.3518499e-01   6.9013075e-01   1.9494534e-02   2.3460544e-04  -6.3087977e-03
  -7.4936484e-02   5.2775373e-01   5.7576231e-01   1.6921832e-02  -1.5779089e-04  -6.3475501e-03
  -1.3162322e-01   4.2383367e-01   9.2548111e-01   1.6943789e-02   3.1274041e-04  -6.4385938e-03
  -1.0723015e-01   4.8957190e-01   9.0967847e-01   1.6741274e-02  -7.2073670e-04  -6.2821476e-03
  -1.0842583e-01   5.0213582e-01   7.2838859e-01   1.6695700e-02  -1.4964962e-03  -6.3890157e-03
  -1.7069539e-01   6.0083632e-01   1.1367954e+00   1.7215630e-02  -7.4545251e-04  -6.4784153e-03
  -1.7893865e-01   5.9235252e-01   1.1230740e+00   1.7826216e-02  -8.2803654e-04  -6.5243574e-03
  -2.1764073e-01   5.7220438e-01   1.0537303e+00   1.6165040e-02  -4.4223706e-04  -7.1219130e-03
  -1.7076592e-01   4.9360630e-01   1.1912450e+00   1.7241479e-02  -9.3346559e-04  -6.5308670e-03
  -1.5177629e-01   5.0104632e-01   1.1299180e+00   1.5891049e-02  -7.6637329e-04  -6.8543253e-03
  -2.6010841e-01   4.7855442e-01   1.2943029e+00   1.6506231e-02  -1.7515370e-03  -6.9876560e-03
  -2.7744952e-01   5.5386242e-01   1.1950733e+00   1.5609864e-02  -7.2639354e-04  -7.5306563e-03
  -2.1253564e-01   5.2068978e-01   1.3053385e+00   1.6349027e-02  -1.9862257e-04  -7.1239263e-03
  -1.9129579e-01   5.3267125e-01   1.2444424e+00   1.5825559e-02  -1.5808106e-03  -7.1652714e-03
  -1.7172407e-01   5.4910876e-01   1.3038364e+00   1.5886124e-02  -1.8014313e-03  -6.8748723e-03
  -1.6849918e-01   5.5424508e-01   1.1968387e+00   1.5863425e-02  -1.3318294e-03  -6.8989660e-03
  -1.3410434e-01   6.5274654e-01   1.3333124e+00   1.5262908e-02  -2.0960170e-03  -6.6607015e-03
  -1.4589945e-01   6.2722973e-01   1.2970871e+00   1.6063665e-02  -1.4310546e-03  -6.5789623e-03
  -7.2441934e-02   6.3392364e-01   1.0644476e+00   1.3631352e-02  -1.2297688e-03  -5.5879035e-03
