   0.0000000e+00   0.0000000e+00   1.4210855e-14   0.0000000e+00   0.0000000e+00   0.0000000e+00
   9.4576717e-03   4.6405402e-03   1.6680741e-02   6.5178570e-05  -2.7896405e-04   3.1414545e-04
  -7.9488819e-03  -9.9803074e-03  -2.5164099e-02   8.5560712e-04   5.5538992e-05   6.3110967e-05
  -3.2023301e-03  -2.1742956e-02  -1.0316374e-02  -8.0524033e-04   8.3249779e-05   2.2040178e-04
   3.2068508e-03  -7.2271808e-03   1.8571314e-02  -9.7523578e-04  -1.6064567e-04   1.7867717e-04
   2.2359420e-03  -2.9865246e-02  -2.2061382e-03  -1.3785376e-03   1.7486759e-04  -1.0331405e-04
   8.0632085e-03  -3.4320446e-02   1.2351431e-02  -4.0768905e-04   2.8054995e-04   3.3682854e-04
   1.5385342e-02  -2.3627864e-02  -1.5590098e-02   4.6451331e-04  -2.3724147e-05   5.1295255e-04
   1.2597699e-03  -1.3949030e-02   5.0895405e-03  -4.9998262e-04  -9.5855847e-05  -2.6118962e-04
  -1.8494553e-04   2.3817837e-03  -5.2183372e-03  -8.4073867e-04   9.0974428e-06   4.1565150e-04
  -1.4607883e-02   3.9197651e-02  -3.5430926e-02  -4.9964203e-04  -2.2432192e-05  -1.1331442e-04
  -1.5524736e-02  -5.7473612e-03   8.8203244e-03  -2.0595036e-03   1.8437128e-04   3.4737923e-04
  -2.4950295e-02  -7.5884635e-03  -2.6040605e-02  -1.7022310e-03   6.4933237e-04   3.6267418e-04
  -2.9438571e-02  -4.7043158e-03  -6.5482141e-03  -2.6756632e-03   6.5276107e-04   1.5658251e-04
  -3.6484670e-02   2.6131574e-02  -2.9965266e-02  -1.8498639e-03   6.2238259e-04  -4.9012515e-07
  -3.3334062e-02   5.1180070e-03  -5.7950428e-02  -1.4285199e-03   4.6014380e-04   5.2293927e-04
  -4.1585880e-02  -1.3502085e-02  -1.5918854e-02  -2.7934345e-03   9.5086970e-04   3.8808189e-04
  -4.6038438e-02  -2.3762179e-02  -4.8794527e-02  -2.1498121e-03   1.2014633e-03   1.6296104e-04
  -4.3737934e-02  -3.8416395e-02  -5.4400572e-02  -2.6243087e-03   1.3100475e-03   4.7343300e-04
  -5.0127119e-02   3.2678845e-02  -3.7013524e-02  -2.1993722e-03   1.2413203e-03   1.9402471e-04
  -4.9431159e-02   9.0570222e-02  -4.5019721e-02  -2.6342266e-03   1.1676451e-03   4.0170238e-04
  -5.2834474e-02   8.1406243e-02  -6.6252326e-02  -3.7513685e-03   1.2057444e-03   2.7008456e-04
  -4.2017252e-02   7.3407324e-02  -9.1018805e-02  -3.1278249e-03   1.2227133e-03   8.3939235e-04
  -3.3621995e-02   6.7592823e-02  -6.7566767e-02  -3.5695057e-03   8.5018485e-04   1.2506225e-03
  -3.9096559e-02   2.2243047e-02  -5.2352708e-02  -4.4277709e-03   1.0000919e-03   1.0701073e-03
  -4.5304887e-02   2.6926054e-02  -5.3326666e-02  -4.1485382e-03   9.1210682e-04   3.4858253e-04
  -4.5108229e-02   2.8750421e-02  -6.1361820e-02  -3.1153475e-03   1.1426448e-03   8.1762622e-04
  -5.4133521e-02   2.1293369e-02  -5.6078039e-02  -4.5139381e-03   8.8134933e-04   4.7300072e-04
  -5.0331559e-02  -3.0629884e-02  -7.7975646e-02  -3.9579520e-03   1.2866231e-03   6.0520958e-04
  -6.0680422e-02   2.8326038e-02  -6.8346921e-02  -4.3642279e-03   9.6221402e-04   7.7004700e-04
  -7.3333583e-02   2.9799944e-02  -9.9355104e-03  -5.4569103e-03   1.4149677e-03   4.0594528e-04
  -6.6992306e-02   5.4489231e-02  -6.8497206e-02  -5.0584312e-03   9.4597581e-04   2.7222845e-04
  -6.3624216e-02   2.0441343e-02  -3.5465955e-02  -4.5051140e-03   9.6736171e-04   3.4526187e-04
  -5.5983512e-02   1.1173674e-01  -4.0903969e-02  -4.4864937e-03   7.8900470e-04   6.8663673e-04
  -4.6104429e-02   9.3063578e-02  -4.3370870e-02  -4.1338893e-03   7.8208061e-04   1.4338700e-03
  -5.2132517e-02   1.0944130e-01  -3.7934740e-02  -5.1865958e-03   7.7047793e-04   8.7801845e-04
  -4.6266766e-02   6.7442791e-02  -5.1953814e-02  -4.8808081e-03   8.8082522e-04   1.1855498e-03
  -5.5453340e-02   9.2422415e-02  -3.0779698e-02  -5.6929212e-03   1.0467550e-03   5.1196795e-04
  -4.0369180e-02   4.2146022e-02  -6.3007027e-02  -4.4992146e-03   4.6414566e-04   1.2217347e-03
  -3.3570497e-02   6.9471442e-02  -4.4731668e-02  -5.7625293e-03   4.3682672e-04   1.1312383e-03
  -3.9389700e-02   9.5350033e-02  -6.0224733e-02  -5.7436996e-03   2.8544391e-04   1.1658670e-03
  -3.6419901e-02   1.0931096e-01  -8.3034640e-02  -4.9754448e-03   4.9712584e-04   9.8637536e-04
  -3.6404070e-02   8.8622629e-02  -7.3041379e-02  -5.2245073e-03   2.6126683e-04   1.4893184e-03
  -3.6366039e-02   1.4381265e-01  -9.6403590e-02  -4.3768724e-03   5.1317281e-04   1.1076133e-03
  -3.2113124e-02   5.6443469e-02  -1.0736846e-01  -3.7526014e-03   3.6863978e-04   1.6481662e-03
  -4.7186316e-02   8.0345752e-02  -8.1826266e-02  -5.7495484e-03   5.7837013e-04   9.9771934e-04
  -5.3454062e-02   9.0445074e-02  -8.8707175e-02  -4.8463526e-03   2.5029974e-04   9.9170833e-04
  -6.8987920e-02   4.0330851e-02  -5.5737420e-02  -5.3519516e-03   5.9688815e-04   6.8538913e-04
  -5.8397366e-02   1.2505906e-01  -6.2196524e-02  -5.4837382e-03  -1.4159527e-05   7.8244162e-04
  -4.2433181e-02   7.4001349e-02  -7.6157395e-02  -5.2719393e-03   1.3786238e-04   7.9295074e-04
  -3.5440292e-02   1.5819648e-01  -8.0570750e-02  -3.8450893e-03  -3.3468341e-04   7.8304402e-04
  -4.3445209e-02   1.2972659e-01  -5.5676473e-02  -5.4660769e-03  -1.8053118e-04   5.8612974e-04
  -2.8553766e-02   1.5438368e-01  -8.7657396e-02  -4.1045232e-03  -4.6195967e-04   1.0876122e-03
  -3.1633422e-02   1.2953538e-01  -5.8932313e-02  -5.5840815e-03  -1.2617823e-04   1.2272113e-03
  -2.9256454e-02   1.4336786e-01  -5.5151638e-02  -5.9287133e-03  -4.8138722e-04   9.8448938e-04
  -2.6301425e-02   1.4656854e-01  -8.7834926e-02  -4.6671504e-03  -2.7086770e-05   1.2419651e-03
  -3.4659350e-02   1.6476519e-01  -9.9766427e-02  -3.8358196e-03   2.7633602e-04   1.2840214e-03
  -5.0932466e-02   1.2957850e-01  -1.7071175e-01  -1.3543829e-03  -5.9393147e-04   5.1234637e-04
  -3.1970491e-02   1.8128541e-01  -1.2131079e-01  -4.3139237e-03   2.3938391e-06   1.3096289e-03
  -3.3633586e-02   1.5212439e-01  -1.2015958e-01  -2.7988675e-03   1.5820301e-06   9.9280264e-04
  -2.6138148e-02   1.5803583e-01  -9.9692416e-02  -4.9563137e-03  -2.7233718e-04   1.0444017e-03
  -1.8731478e-02   1.6154509e-01  -1.2902745e-01  -2.8506597e-03  -2.2194296e-04   1.1347473e-03
  -3.5948764e-02   2.1964613e-01  -1.4799967e-01  -2.7115583e-03  -3.5700289e-04   1.0218369e-03
  -3.9836801e-02   1.7306493e-01  -1.1671616e-01  -4.0248036e-03  -4.3678730e-04   9.0362195e-04
  -4.2063076e-02   1.5602386e-01  -1.2027467e-01  -4.3644748e-03  -2.8450498e-04   7.5460626e-04
  -2.8271566e-02   1.5325320e-01  -1.3400393e-01  -5.0975309e-03  -8.9517194e-04   9.8964852e-04
  -3.0129702e-02   1.1256469e-01  -1.2170461e-01  -4.9223291e-03  -1.1225172e-03   1.0943002e-03
  -3.6463489e-02   1.4296304e-01  -1.1165105e-01  -5.1329170e-03  -8.7558463e-04   7.0378634e-04
  -2.4543003e-02   1.3351979e-01  -1.0104998e-01  -5.5513085e-03  -1.0884079e-03   1.1844186e-03
  -5.4276267e-02   1.8468910e-01  -1.3888000e-01  -4.6774107e-03  -9.5234231e-04   6.8389974e-04
  -4.9904497e-02   1.4522977e-01  -1.1522357e-01  -5.6229119e-03  -6.0684814e-04   9.8786026e-04
  -4.8656080e-02   1.4437194e-01  -1.0926996e-01  -6.5900217e-03  -7.9348671e-04   1.1347905e-03
  -4.2148432e-02   1.6623374e-01  -1.1468348e-01  -6.9495360e-03  -1.1641806e-03   1.0179876e-03
  -5.6884338e-02   1.8039535e-01  -9.6230452e-02  -7.1917212e-03  -1.0492360e-03   7.8020792e-04
  -4.9026515e-02   1.8470503e-01  -1.1790117e-01  -5.6710791e-03  -1.3650657e-03   5.3166140e-04
  -5.9971714e-02   1.3798865e-01  -7.8432457e-02  -5.7938641e-03  -1.0294424e-03   3.4423273e-04
  -4.5945140e-02   1.7351982e-01  -1.1061757e-01  -6.6278581e-03  -1.3674706e-03   9.9203383e-04
  -5.5750106e-02   1.5725764e-01  -7.4177783e-02  -7.2734571e-03  -9.5299020e-04   5.9451215e-04
  -4.8459170e-02   1.8232773e-01  -1.3223520e-01  -5.4629599e-03  -9.7585453e-04   4.5277448e-04
  -5.4152817e-02   1.6243229e-01  -1.0927764e-01  -5.3041987e-03  -9.4259507e-04   4.4728686e-04
  -5.9894765e-02   2.0330112e-01  -9.6237815e-02  -6.2724711e-03  -1.1732778e-03   5.0797496e-04
  -6.3391396e-02   1.9173573e-01  -2.4162913e-02  -7.2874875e-03  -1.2651024e-03   6.2919141e-04
  -6.8527076e-02   1.9644101e-01  -3.6950978e-02  -7.2673075e-03  -1.1594060e-03   1.7440542e-04
  -7.7236581e-02   1.5923671e-01  -3.5588836e-02  -7.4813335e-03  -1.0149397e-03   2.2419013e-05
  -6.5189055e-02   1.6156850e-01  -7.2493121e-02  -7.1313971e-03  -1.3420934e-03   3.5459923e-04
  -7.0187027e-02   1.9754896e-01  -6.9292872e-02  -6.9715064e-03  -1.4346184e-03   1.7449912e-04
  -8.9127339e-02   1.9774461e-01  -8.5215517e-02  -6.4033832e-03  -2.0926466e-03  -4.5365682e-04
  -7.7816148e-02   2.2901593e-01  -6.4352525e-02  -8.4453826e-03  -2.3285274e-03  -2.6957305e-04
  -8.4735234e-02   1.9494182e-01  -7.9275280e-02  -6.7365532e-03  -2.0404656e-03  -6.5990990e-04
  -7.6326516e-02   2.1555896e-01  -1.0215176e-01  -6.0334930e-03  -1.8182501e-03  -8.8810159e-06
  -7.1589413e-02   2.3340394e-01  -8.9185926e-02  -6.8585852e-03  -1.5502381e-03   3.7402544e-04
  -8.3394394e-02   1.8275078e-01  -7.7950159e-02  -7.8019308e-03  -1.5239278e-03  -3.3744850e-04
  -7.0323617e-02   1.8789426e-01  -8.6867990e-02  -6.7097482e-03  -1.1240751e-03  -9.3580519e-05
  -6.5787834e-02   2.2335513e-01  -1.2665252e-01  -5.9428189e-03  -1.5319219e-03   2.9525825e-05
  -8.4551250e-02   2.2892535e-01  -1.2297016e-01  -7.5896251e-03  -1.4698377e-03  -2.6441850e-04
  -9.2626134e-02   2.2599056e-01  -5.7058960e-02  -7.9815247e-03  -1.6993847e-03  -2.6097494e-04
  -8.8419243e-02   2.2053332e-01  -9.2167314e-02  -7.6630033e-03  -1.4322428e-03  -6.5248596e-04
  -7.6841616e-02   1.9541658e-01  -7.8734203e-02  -6.4125789e-03  -1.8302505e-03  -3.5219904e-04
  -8.6593061e-02   2.2986598e-01  -6.6109356e-02  -8.1226022e-03  -2.1312489e-03  -6.4085179e-04
  -8.3924664e-02   2.2926796e-01  -5.3042265e-02  -7.7341454e-03  -2.4833590e-03  -2.7240222e-04
  -9.1824321e-02   2.4723772e-01  -7.0505660e-02  -7.7734492e-03  -2.0687413e-03  -9.0703247e-04
  -7.6632047e-02   1.9997123e-01  -7.8294225e-02  -7.5434142e-03  -2.4102827e-03  -2.8131158e-04
  -7.0508109e-02   2.4230320e-01  -1.3312513e-01  -7.0163156e-03  -2.9285350e-03  -4.2083198e-04
  -7.1647179e-02   2.8632444e-01  -1.1027047e-01  -7.5591820e-03  -2.7849494e-03  -4.2492261e-04
  -8.4373662e-02   2.5684007e-01  -9.5934085e-02  -7.5786054e-03  -2.7391478e-03  -5.0333019e-04
  -7.5208742e-02   2.3037775e-01  -8.0159162e-02  -7.6694951e-03  -2.6831574e-03  -6.1549056e-04
  -8.3688069e-02   2.6072935e-01  -1.0934720e-01  -6.5724584e-03  -3.0016046e-03  -4.6542305e-04
  -7.4639183e-02   2.4778668e-01  -1.1617249e-01  -7.4398957e-03  -2.9292901e-03  -3.5229617e-04
  -9.1331465e-02   1.8236198e-01  -7.5883449e-02  -7.0712064e-03  -2.6359302e-03  -2.2376737e-04
  -9.2112119e-02   2.1505973e-01  -1.2049438e-01  -6.5106628e-03  -2.6914958e-03  -6.2108637e-04
  -9.5713882e-02   1.7478472e-01  -1.1820981e-01  -5.4981464e-03  -2.5659626e-03  -3.8045488e-04
  -9.2158711e-02   2.0484222e-01  -9.3377743e-02  -7.5740067e-03  -2.6183246e-03  -8.5526750e-04
  -7.5598524e-02   2.0904071e-01  -1.3039014e-01  -6.2902430e-03  -1.9908881e-03  -3.4960727e-04
  -8.9856721e-02   2.2791821e-01  -1.0479384e-01  -6.7953635e-03  -2.7360517e-03  -4.3296834e-04
  -9.9894509e-02   2.2025743e-01  -1.1855491e-01  -7.4718851e-03  -2.7600400e-03  -5.4825136e-04
  -1.0541091e-01   2.5435247e-01  -1.0902523e-01  -7.3679426e-03  -2.3291070e-03  -1.1090332e-03
  -9.8245538e-02   2.4612017e-01  -1.3511952e-01  -6.5811615e-03  -2.6140487e-03  -4.7507203e-04
  -9.6003928e-02   2.4743090e-01  -1.2891132e-01  -5.8841680e-03  -2.5098289e-03  -3.4636764e-04
  -9.0217095e-02   2.7812145e-01  -1.2077408e-01  -6.8651667e-03  -2.2851288e-03  -5.5888368e-04
  -7.4918974e-02   2.6232097e-01  -8.6103017e-02  -8.5903842e-03  -2.3596326e-03   2.8839525e-05
  -7.0799235e-02   2.2250238e-01  -1.1468527e-01  -7.6460958e-03  -2.2459799e-03  -1.1100242e-04
  -5.9567618e-02   2.1959028e-01  -1.5431934e-01  -7.3262031e-03  -2.2474864e-03  -7.4469094e-05
  -6.1958645e-02   2.4178562e-01  -1.2741300e-01  -7.6928556e-03  -2.4077222e-03  -3.7761017e-04
  -6.1511978e-02   2.2188968e-01  -1.4382880e-01  -7.9117225e-03  -2.8907468e-03  -3.4457638e-04
  -7.1746854e-02   2.5908720e-01  -1.4393586e-01  -8.4087377e-03  -3.0894670e-03  -7.9793704e-04
  -5.4851291e-02   2.6323050e-01  -1.3392062e-01  -7.7188889e-03  -3.3236854e-03  -7.7810215e-05
  -6.2071978e-02   2.7582572e-01  -1.1594239e-01  -7.9311910e-03  -3.1900189e-03  -2.4923433e-04
  -7.4418823e-02   2.8118197e-01  -1.0245334e-01  -1.0035801e-02  -3.2118109e-03  -4.4955368e-04
  -8.8248793e-02   2.5770002e-01  -6.9873521e-02  -8.2460303e-03  -2.9433117e-03  -1.0694000e-03
  -8.0144404e-02   2.6847797e-01  -8.8828983e-02  -8.8959453e-03  -3.4199938e-03  -9.1921261e-04
  -8.6952816e-02   2.8561466e-01  -1.7309788e-01  -6.6632510e-03  -3.1752819e-03  -4.9731870e-04
  -6.6496612e-02   2.8174100e-01  -1.6253266e-01  -5.6428301e-03  -2.1228078e-03   8.1692739e-05
  -8.9925879e-02   2.9639793e-01  -1.1510544e-01  -7.3132246e-03  -2.9272891e-03  -7.4850317e-04
  -7.3142460e-02   2.9638255e-01  -1.2173334e-01  -8.5954199e-03  -2.4524232e-03  -1.7230884e-05
  -6.7652638e-02   2.8706516e-01  -9.4766257e-02  -9.0894977e-03  -2.3485561e-03   3.3589471e-05
  -7.0871043e-02   2.5460776e-01  -1.2838355e-01  -8.3343495e-03  -2.2109440e-03  -4.1064916e-04
  -7.5313069e-02   2.5247536e-01  -1.0054772e-01  -7.8710890e-03  -2.1286633e-03  -4.1035098e-04
  -6.8251521e-02   3.2853631e-01  -1.6518002e-01  -7.3530988e-03  -2.4593762e-03  -2.8116503e-04
  -6.9724980e-02   3.6674880e-01  -1.2378168e-01  -8.5371722e-03  -2.8478022e-03  -1.1638140e-04
  -6.3088559e-02   3.4195871e-01  -4.9384509e-02  -8.4706137e-03  -2.6899438e-03  -6.0841491e-04
  -7.9977319e-02   2.5474570e-01  -1.0009474e-01  -7.9028129e-03  -2.5692030e-03  -3.2361603e-04
  -8.5586300e-02   2.7826797e-01  -9.9338327e-02  -8.5129488e-03  -2.4374979e-03  -9.1091131e-04
  -7.8379395e-02   2.3447943e-01  -9.4754742e-02  -8.1522068e-03  -2.3268816e-03  -2.0716498e-04
  -5.4786824e-02   2.5361563e-01  -1.3134601e-01  -8.9452038e-03  -2.6784033e-03  -2.6062477e-04
  -3.6944924e-02   3.6150542e-01  -1.8501950e-01  -8.2102313e-03  -3.4614206e-03   3.1505957e-04
  -7.1975141e-02   3.2242331e-01  -2.6960914e-01  -3.6415206e-03  -2.6265882e-03  -1.1243012e-03
  -4.7597513e-02   3.0383424e-01  -1.7926138e-01  -7.6625837e-03  -2.5291705e-03  -6.3546531e-04
  -1.5594598e-02   3.0023036e-01  -1.6131968e-01  -8.3544156e-03  -3.8913827e-03  -8.1216267e-05
  -2.1420722e-03   3.5245888e-01  -1.9509964e-01  -9.1560936e-03  -4.0694246e-03   3.2779291e-04
   3.0420054e-02   3.0865666e-01  -1.7744925e-01  -1.0591610e-02  -3.7695737e-03   1.8437007e-03
   1.1091674e-02   3.4799062e-01  -2.2518956e-01  -1.0184950e-02  -3.7154030e-03   9.6084325e-04
   5.0625958e-02   3.5827588e-01  -1.7703079e-01  -9.9042713e-03  -3.1784519e-03   1.7741143e-03
   8.2534420e-02   3.7228309e-01  -2.2638996e-01  -1.0448424e-02  -3.4715376e-03   1.7238602e-03
   1.0500044e-01   3.8523780e-01  -2.9362570e-01  -8.5927291e-03  -3.9967501e-03   2.4630944e-03
   1.1206062e-01   3.7316361e-01  -2.3435266e-01  -1.1330602e-02  -3.6616705e-03   3.1952369e-03
   1.3300029e-01   3.4576895e-01  -2.7266108e-01  -1.1462660e-02  -4.1986933e-03   3.5939629e-03
   1.2626063e-01   3.6369646e-01  -1.8616624e-01  -1.2347244e-02  -3.7544143e-03   3.7864697e-03
   1.3049930e-01   3.8337416e-01  -2.3850687e-01  -1.1109890e-02  -3.6466132e-03   3.5600370e-03
   1.3520597e-01   3.9499931e-01  -2.1379900e-01  -1.2043407e-02  -3.9611540e-03   4.0313376e-03
   1.2249378e-01   3.9314621e-01  -1.9511253e-01  -1.2189716e-02  -3.5775617e-03   3.9182307e-03
   1.2542787e-01   3.6859178e-01  -1.9712100e-01  -1.1961477e-02  -3.4791503e-03   3.6929813e-03
   1.1910979e-01   3.6810583e-01  -2.1423455e-01  -1.1321247e-02  -3.2058912e-03   3.5850332e-03
   1.2324016e-01   4.1195941e-01  -1.7807590e-01  -1.2660119e-02  -3.5791758e-03   3.6425645e-03
   9.9134999e-02   3.7960169e-01  -1.7666115e-01  -1.1689023e-02  -2.7046637e-03   3.2768074e-03
   1.1545349e-01   3.8650224e-01  -1.7667154e-01  -1.2127926e-02  -3.0730137e-03   3.3180161e-03
   1.2136237e-01   3.7087585e-01  -2.0731381e-01  -1.1285164e-02  -3.1820151e-03   3.4897636e-03
   1.0927193e-01   4.2234257e-01  -2.1773911e-01  -1.0571369e-02  -2.9136590e-03   3.2492983e-03
   1.2570763e-01   3.7312997e-01  -2.0958996e-01  -1.2094972e-02  -3.4183319e-03   3.7292213e-03
   1.1031955e-01   3.5247790e-01  -2.0665023e-01  -1.1935067e-02  -2.9080343e-03   3.4205739e-03
   1.1773677e-01   3.3692691e-01  -1.9425422e-01  -1.1789877e-02  -2.9640163e-03   3.6911769e-03
   1.0933987e-01   3.2712251e-01  -1.8035041e-01  -1.2142205e-02  -2.8172094e-03   3.4023128e-03
   1.1086767e-01   3.6574404e-01  -1.9904439e-01  -1.2332555e-02  -2.9773486e-03   3.8051043e-03
   1.2482857e-01   3.3813544e-01  -1.9331358e-01  -1.2440443e-02  -2.8483359e-03   4.1271216e-03
   1.1882603e-01   4.2131413e-01  -1.6881807e-01  -1.2925468e-02  -3.0563278e-03   3.9379615e-03
   1.0774117e-01   4.3155229e-01  -2.1098591e-01  -1.1734455e-02  -2.4256248e-03   3.4217663e-03
   1.0128081e-01   4.6300249e-01  -1.6969761e-01  -1.1927426e-02  -2.5738539e-03   3.1287421e-03
   1.0487872e-01   4.3907945e-01  -1.8574293e-01  -1.1574681e-02  -2.2828246e-03   3.4589828e-03
   1.1773444e-01   4.0883647e-01  -1.6329646e-01  -1.2477428e-02  -2.6782158e-03   3.4804399e-03
   1.2669375e-01   3.5588862e-01  -2.1152509e-01  -1.0926810e-02  -2.3573285e-03   3.7106665e-03
