   0.0000000e+00  -1.0504044e-14   7.1054274e-15   6.1629758e-33  -4.2764235e-50  -5.1792613e-18
  -3.0252199e-02  -4.9390956e-02  -1.2109684e-02  -8.7889690e-04   7.7381774e-04  -8.8781296e-05
  -3.1468724e-02  -7.2171355e-02  -5.6023078e-03  -1.2320663e-03   7.2313779e-04   1.1382543e-04
  -1.4800427e-02  -7.5153826e-02   6.5236971e-02  -1.8135040e-03   4.2736436e-05   2.8384459e-04
  -5.0409315e-03  -6.9125309e-02   6.0103096e-02  -2.3127198e-03  -9.6784007e-04   2.0149588e-06
  -9.2680101e-03  -9.1799401e-02   6.8685753e-02  -1.4209469e-03  -4.9254563e-04   3.7873258e-04
  -1.0901829e-02  -9.9269534e-02   8.4545432e-02  -9.4778558e-04  -5.7417041e-04   9.5288286e-04
   3.7993138e-03  -7.5804953e-02   7.6875384e-02  -1.4280441e-03  -6.7491654e-04   1.1103182e-03
  -2.8933054e-02  -1.0111406e-01   1.0576962e-01  -1.0358508e-03  -3.2774668e-04   7.7409912e-04
   2.0223463e-02  -3.4440410e-02   1.1393680e-01  -2.1378339e-03  -8.8081924e-04   1.6888726e-03
  -8.5173416e-02   2.3189912e-02   4.8687273e-01  -7.5610927e-03  -2.2951822e-03  -2.1677930e-04
  -1.2762838e-01  -3.5689683e-02   4.0151167e-01  -4.1451440e-03  -1.4406134e-03  -7.8599296e-04
  -8.8896458e-02   1.2533061e-02   3.9325131e-01  -3.6729189e-03  -1.9642308e-03   6.5101375e-05
  -1.0857314e-01   8.9671507e-03   3.8597109e-01  -3.6372035e-03  -1.5594989e-03  -3.3831315e-04
  -1.1602642e-01   2.1421620e-02   4.4486159e-01  -4.6513310e-03  -1.6238509e-03  -3.5119820e-04
  -1.0415646e-01   2.2398499e-03   4.3554269e-01  -3.9821795e-03  -1.1589355e-03  -1.8971392e-04
  -1.0901736e-01   1.5571965e-02   4.5575084e-01  -4.3674347e-03  -1.4357639e-03  -1.4246882e-04
  -1.0199641e-01   1.2598564e-02   4.5603447e-01  -4.1480574e-03  -1.5550209e-03  -9.1380169e-05
  -9.8090440e-02   2.6532490e-02   4.7489834e-01  -4.6032725e-03  -1.2350671e-03   9.0352235e-06
  -1.4632972e-01   4.1663648e-02   4.9630827e-01  -4.7809014e-03   9.5496061e-04   9.1788099e-05
  -7.3928990e-02   1.2010583e-01   5.1661584e-01  -4.8107982e-03  -7.4659275e-05   7.7601226e-04
  -8.5896613e-02   1.1988997e-01   5.4068039e-01  -5.2299144e-03   6.0781424e-04   5.8762985e-04
  -8.4947367e-02   9.0342017e-02   5.1697673e-01  -4.0266651e-03   5.2905112e-05   7.2747071e-04
  -6.3158914e-02   1.0364018e-01   5.4150784e-01  -4.5296069e-03   5.4283359e-05   8.8446436e-04
  -7.0789836e-02   9.7326120e-02   5.3780761e-01  -4.2492444e-03   9.4447530e-05   6.7097751e-04
  -6.6615732e-02   7.0025370e-02   5.1320700e-01  -3.4793111e-03  -1.5733358e-04   9.0641426e-04
  -5.3090502e-02   5.7158816e-02   5.6686444e-01  -4.0145718e-03  -4.1053771e-04   1.0356023e-03
  -6.1320960e-02   5.7422433e-02   5.6983381e-01  -3.5950763e-03  -3.2531775e-04   1.1674947e-03
  -5.6117576e-02   9.0327463e-02   5.1776734e-01  -2.6150661e-03  -2.5982191e-04   1.0148314e-03
  -7.1030853e-02   8.9417760e-02   5.0528961e-01  -2.6871514e-03   1.9605823e-04   8.4855038e-04
  -5.1346543e-02   7.7676821e-02   5.6242208e-01  -4.2919132e-03  -1.1577491e-04   1.4826025e-03
  -6.2685937e-02   7.0898764e-02   5.8244745e-01  -4.0270162e-03   9.5256417e-05   1.1564923e-03
  -5.8001721e-02   8.5443289e-02   5.6727490e-01  -4.4071642e-03  -1.1423524e-04   1.2631539e-03
  -6.2741144e-02   6.0295689e-02   5.9495678e-01  -3.8571586e-03  -2.0162881e-05   1.0468616e-03
  -7.0953593e-02   7.4885059e-02   5.7939611e-01  -3.8646663e-03  -3.1251172e-05   1.1408015e-03
  -6.9143921e-02   7.4220053e-02   5.5372576e-01  -2.9912963e-03  -3.8321599e-05   1.2828888e-03
  -6.8324227e-02   6.7827466e-02   5.5271303e-01  -3.3184032e-03   9.2134080e-05   1.1293364e-03
  -7.4641292e-02   7.6602317e-02   5.5720728e-01  -3.6475303e-03   1.6527881e-04   9.1955707e-04
  -6.5794508e-02   6.7469734e-02   6.0922846e-01  -3.6399862e-03  -2.4770946e-04   9.3569469e-04
  -7.5220554e-02   8.5852250e-02   5.8037824e-01  -3.7578499e-03  -1.5097321e-04   8.9241226e-04
  -6.5912720e-02   8.8529851e-02   5.7534808e-01  -3.3980658e-03  -2.2025596e-04   1.1945034e-03
  -8.1550918e-02   8.2569789e-02   5.8067358e-01  -3.7600707e-03   1.8391309e-05   9.2790125e-04
  -6.5502916e-02   5.5139408e-02   5.8477857e-01  -3.1875025e-03  -1.2009349e-04   1.4348918e-03
  -7.5262424e-02   4.1990951e-02   6.0043061e-01  -3.0004698e-03   1.1393833e-04   1.2442255e-03
  -6.1019015e-02   4.9859552e-02   6.0382094e-01  -3.0084403e-03  -2.0795634e-04   1.5531287e-03
  -9.1978816e-02   3.9843300e-02   6.0862354e-01  -2.1625267e-03  -3.3201725e-05   1.1314205e-03
  -8.2070455e-02   6.5677884e-02   6.2348196e-01  -3.0146313e-03  -4.9865716e-05   1.5187034e-03
  -1.0247453e-01   5.7886885e-02   6.3129310e-01  -1.9539390e-03  -4.0652583e-05   9.2349129e-04
  -1.0310051e-01   8.1919312e-02   5.9357716e-01  -1.4416112e-03   3.6581198e-07   7.5314078e-04
  -8.8895651e-02   8.4065447e-02   6.2511478e-01  -1.9162031e-03  -5.2277391e-05   1.3374656e-03
  -8.0464606e-02   6.9499512e-02   6.3173359e-01  -1.9369208e-03   1.9629810e-04   1.4961058e-03
  -9.1366116e-02   7.6529424e-02   6.2080140e-01  -1.4108410e-03   3.9743195e-04   1.1722511e-03
  -8.9962151e-02   5.7074597e-02   5.8973050e-01  -7.4927904e-04   1.9553240e-04   1.3388875e-03
  -7.7666569e-02   7.4194524e-02   6.3605995e-01  -1.7100582e-03   7.5765171e-05   1.6351299e-03
  -8.7047087e-02   6.4103144e-02   6.1423836e-01  -1.0191014e-03  -2.8238750e-05   1.5389483e-03
  -9.5898799e-02   7.9225771e-02   6.7941809e-01  -2.1871258e-03  -6.6082379e-05   1.5485892e-03
  -1.0111851e-01   8.3933756e-02   6.4716902e-01  -1.9720462e-03   1.2449333e-04   1.3283031e-03
  -8.6318276e-02   7.7022943e-02   6.4637780e-01  -1.5005398e-03   4.5784737e-05   1.6565031e-03
  -9.8888262e-02   8.2200759e-02   6.4702572e-01  -1.4579536e-03  -7.4495191e-05   1.1254957e-03
  -7.4599922e-02   7.3380642e-02   6.3437262e-01  -1.0964435e-03   2.9741113e-04   1.9337104e-03
  -8.9006700e-02   5.0854809e-02   6.4653087e-01  -5.8251682e-04   2.7198243e-04   1.7525996e-03
  -1.0517870e-01   6.2732691e-02   6.7840217e-01  -1.6569340e-03   3.1492778e-04   1.4587649e-03
  -1.1102495e-01   1.0085433e-01   6.8756377e-01  -1.0250614e-03   6.0937285e-04   1.1600913e-03
  -1.1118916e-01   8.5563812e-02   6.7204190e-01  -9.6148099e-04   5.8188132e-04   1.5761031e-03
  -1.0569182e-01   9.0928724e-02   6.6537458e-01  -3.9070381e-04   5.3451656e-04   1.8131925e-03
  -1.1763678e-01   7.3550273e-02   6.6656866e-01   3.7193018e-07   7.8412437e-04   1.7051407e-03
  -1.1314344e-01   6.8270453e-02   7.0446903e-01  -1.9232301e-04   6.6806618e-04   1.7414037e-03
  -1.2048407e-01   6.5156309e-02   7.4322390e-01  -9.6284914e-04   8.8833456e-04   1.8618715e-03
  -1.3367101e-01   7.1088962e-02   7.0878467e-01   5.3976084e-04   1.1337872e-03   1.6535471e-03
  -1.4666184e-01   1.0238350e-01   7.1718921e-01   1.8965422e-04   1.2128628e-03   1.2534957e-03
  -1.1971951e-01   8.5755891e-02   7.4739151e-01  -5.6276775e-04   8.0638325e-04   1.9190660e-03
  -1.3224703e-01   8.1303833e-02   7.6267293e-01  -4.8229581e-04   1.4400468e-03   1.4877826e-03
  -1.5122871e-01   8.8404509e-02   7.8402178e-01  -1.0809583e-03   1.1670634e-03   1.6983683e-03
  -1.4739991e-01   1.0320474e-01   7.5608487e-01  -8.1821318e-04   1.5421102e-03   1.6539534e-03
  -1.5596624e-01   7.7966927e-02   7.3893473e-01  -6.8519374e-06   1.3457006e-03   1.5478605e-03
  -1.6550396e-01   1.4497791e-01   8.3387965e-01  -2.3804804e-03   1.4970444e-03   1.4347506e-03
  -1.3447389e-01   1.3161621e-01   7.9892261e-01  -2.7556988e-03   1.1942004e-03   1.4384682e-03
  -1.4496917e-01   1.0340565e-01   8.0690958e-01  -1.8819191e-03   1.3221003e-03   1.4851268e-03
  -1.3376731e-01   1.2361553e-01   7.9940917e-01  -2.1407036e-03   1.1455474e-03   1.6092334e-03
  -1.2066455e-01   1.2287570e-01   8.0399586e-01  -1.8278178e-03   1.2266090e-03   1.7332803e-03
  -1.3251092e-01   1.2266359e-01   7.8349241e-01  -1.1846742e-03   1.2570279e-03   1.6661928e-03
  -1.2541149e-01   1.2644798e-01   7.9228789e-01  -1.2117878e-03   1.3727310e-03   2.0442984e-03
  -1.5120890e-01   1.2070406e-01   8.1916651e-01  -1.7470455e-03   1.6880550e-03   1.5352552e-03
  -1.5337338e-01   1.0892463e-01   8.1571470e-01  -1.1828543e-03   1.5506453e-03   1.6096100e-03
  -1.5924582e-01   1.1685424e-01   8.3004990e-01  -1.5948042e-03   1.5443692e-03   1.5155648e-03
  -1.5697025e-01   1.1914103e-01   8.3683698e-01  -1.6102853e-03   1.4821298e-03   1.7439162e-03
  -1.7469439e-01   1.1053897e-01   8.4283567e-01  -1.3366995e-03   1.3241915e-03   1.3656696e-03
  -1.5994703e-01   1.3724704e-01   8.2181062e-01  -9.6280547e-04   1.2768766e-03   1.5549148e-03
  -1.6155228e-01   1.3427256e-01   8.4913355e-01  -1.5207718e-03   1.5038748e-03   1.4583070e-03
  -1.5985142e-01   1.5177321e-01   8.2699980e-01  -1.0278700e-03   1.4438898e-03   1.3773376e-03
  -1.6244268e-01   1.5349844e-01   8.3243228e-01  -1.2993669e-03   1.4773643e-03   1.4792447e-03
  -1.4371959e-01   1.3299714e-01   8.2847154e-01  -5.9888504e-04   1.3118670e-03   1.6535623e-03
  -1.3462558e-01   1.2222035e-01   8.3860812e-01  -6.2289072e-04   5.3451988e-04   1.9346689e-03
  -1.5866235e-01   1.3880367e-01   8.2511685e-01  -1.9518044e-04   1.1124967e-03   1.4539072e-03
  -1.5283046e-01   1.3369786e-01   8.0838070e-01  -1.8218571e-04   9.5830465e-04   1.5725079e-03
  -1.6939468e-01   1.2328688e-01   8.5704930e-01  -9.9584318e-04   9.2945566e-04   1.4747013e-03
  -1.8165275e-01   2.1274089e-01   9.1481413e-01  -2.1708184e-03   6.6119871e-04  -4.2442652e-04
  -1.1412708e-01   1.4452879e-01   8.5347994e-01  -1.1351387e-03  -3.3964880e-04   1.6808616e-03
  -1.2135171e-01   1.5793584e-01   8.3154036e-01  -5.6951646e-04  -7.7938313e-04   1.7484828e-03
  -1.6978470e-01   1.6517463e-01   9.5046513e-01  -3.0048771e-03   1.3066857e-04   9.1636184e-04
  -1.7574651e-01   1.8080274e-01   9.6846050e-01  -2.6947243e-03   3.1406341e-04   6.3247560e-04
  -1.7265808e-01   1.6305872e-01   9.9805352e-01  -2.7424821e-03   4.9188450e-04   1.0533493e-03
  -2.0139318e-01   1.5444589e-01   1.0298671e+00  -3.0824121e-03   6.6255687e-04   7.6588075e-04
  -2.3057778e-01   1.8621768e-01   1.0163078e+00  -3.1997723e-03   6.6152147e-04   3.6627836e-04
  -2.2378023e-01   1.7708481e-01   1.0096844e+00  -2.9622239e-03   7.6086210e-04   3.6648618e-04
  -2.2442769e-01   1.8925728e-01   9.9080385e-01  -2.7673108e-03   5.3828242e-04   3.4583097e-04
  -2.3413995e-01   1.8865553e-01   9.9784539e-01  -2.5017482e-03   7.5716290e-04   4.5025306e-04
  -2.3403064e-01   1.8265071e-01   9.8279509e-01  -2.3004867e-03   8.7447408e-04   6.2581735e-04
  -2.4614169e-01   1.8653438e-01   9.9482705e-01  -2.3198722e-03   9.3893272e-04   3.6177910e-04
  -2.5033702e-01   1.8399422e-01   9.8974016e-01  -2.1941508e-03   1.0294064e-03   4.6653189e-04
  -2.5923683e-01   1.8304375e-01   1.0239537e+00  -2.3522511e-03   8.7754576e-04   2.1035077e-04
  -2.6094367e-01   2.0695837e-01   1.0054061e+00  -2.2491797e-03   8.9630488e-04  -5.1745115e-05
  -2.5563958e-01   2.0525604e-01   9.9826610e-01  -1.8680338e-03   8.2330149e-04   8.4387203e-05
  -2.4257966e-01   2.2093047e-01   9.8406111e-01  -2.0460363e-03   6.9469815e-04   3.2277663e-04
  -2.4446050e-01   2.1146514e-01   9.8321200e-01  -1.9024557e-03   8.9777535e-04   4.2487020e-04
  -2.4743454e-01   2.2105133e-01   9.8844583e-01  -1.6842542e-03   9.0657358e-04   4.2321146e-04
  -2.5135718e-01   2.1017979e-01   9.9878444e-01  -1.7615264e-03   1.0834372e-03   3.7742831e-04
  -2.5147294e-01   1.9368197e-01   1.0125494e+00  -1.7174215e-03   1.0822342e-03   4.2110863e-04
  -2.6936344e-01   1.9635673e-01   1.0128063e+00  -1.7427859e-03   8.7344655e-04   2.9801638e-04
  -2.7552296e-01   1.8193052e-01   1.0398816e+00  -1.7249462e-03   1.1958933e-03   4.2203167e-04
  -2.6912034e-01   1.8333665e-01   9.9763195e-01  -9.9617222e-04   6.5562048e-04   4.3465457e-04
  -2.6463942e-01   2.1435071e-01   1.0272820e+00  -1.4876898e-03   8.1937221e-04   5.4056943e-04
  -2.8781485e-01   2.2489027e-01   1.0200732e+00  -1.9982800e-03   1.2400704e-03   1.6447562e-04
  -2.9826418e-01   2.3120066e-01   1.0506005e+00  -1.9455227e-03   1.3844916e-03   1.1026201e-04
  -2.9857029e-01   2.3658525e-01   1.0665094e+00  -1.8830219e-03   1.4926220e-03   6.6433163e-05
  -3.0211386e-01   2.3477235e-01   1.0629108e+00  -1.9487186e-03   1.3782969e-03  -2.4930011e-04
  -2.9555574e-01   2.2924863e-01   1.0764751e+00  -1.7117519e-03   1.7042088e-03  -9.0673448e-05
  -3.0215879e-01   2.1834943e-01   1.0767094e+00  -1.6259325e-03   1.8304954e-03   3.0985809e-04
  -3.1463532e-01   1.9905832e-01   1.1151113e+00  -1.6932019e-03   1.6450334e-03   4.5894490e-05
  -3.0933780e-01   2.0751795e-01   1.1076214e+00  -1.9948925e-03   1.7624998e-03   3.0208917e-05
  -3.3543707e-01   2.0982540e-01   1.1183938e+00  -1.3857569e-03   1.6777722e-03  -2.6747907e-04
  -3.4380985e-01   2.1685722e-01   1.0987097e+00  -1.0688310e-03   2.0685719e-03  -5.7581745e-04
  -3.2754042e-01   2.2050459e-01   1.1265247e+00  -1.6232645e-03   1.4358464e-03   2.1014466e-04
  -3.4772171e-01   2.3407035e-01   1.1222437e+00  -2.0603662e-03   2.8838368e-03  -5.4344479e-04
  -3.5872115e-01   2.0511110e-01   1.0852338e+00  -9.1896177e-04   1.4244724e-03  -4.2704726e-04
  -1.5266381e-01   2.6714032e-01   1.0742012e+00  -3.1360186e-03  -3.0420512e-03  -3.1694129e-03
  -3.1570559e-01   2.7278480e-01   1.0322846e+00  -4.7887967e-03   3.4648089e-04  -3.2212775e-03
  -3.5578128e-01   2.6768252e-01   1.0445897e+00  -4.2577339e-03  -5.5057692e-05  -3.3969853e-03
  -3.6126588e-01   2.6601759e-01   1.0758211e+00  -4.1828450e-03   8.4069052e-04  -3.1542268e-03
  -3.6589151e-01   2.5537109e-01   1.1379229e+00  -4.3384019e-03   5.2753804e-04  -3.1742100e-03
  -3.7101182e-01   2.4509215e-01   1.1568701e+00  -4.1442842e-03   9.3074332e-04  -2.8810257e-03
  -3.7774197e-01   2.5534734e-01   1.1280927e+00  -3.5131445e-03   9.6533435e-04  -2.5737111e-03
  -3.6887016e-01   2.5987642e-01   1.0985907e+00  -3.6797437e-03   1.1080644e-03  -2.5985120e-03
  -3.6818799e-01   2.4945125e-01   1.1040094e+00  -3.3011586e-03   9.0139566e-04  -2.4319950e-03
  -3.8314788e-01   2.4811715e-01   1.1252820e+00  -3.8103856e-03   1.1962143e-03  -2.6329182e-03
  -3.7114627e-01   2.7272509e-01   1.1142160e+00  -3.5086008e-03   7.3912068e-04  -2.4271273e-03
  -3.6968221e-01   2.5740486e-01   1.1206886e+00  -3.2738907e-03   9.0010152e-04  -2.5297678e-03
  -3.8597874e-01   2.7255772e-01   1.1136582e+00  -3.1899029e-03   1.1127662e-03  -2.4792509e-03
  -3.8565095e-01   2.7123488e-01   1.1021491e+00  -3.0388030e-03   1.4003416e-03  -2.5013530e-03
  -3.7359652e-01   2.6497435e-01   1.0913596e+00  -2.9225375e-03   1.1201813e-03  -2.2291631e-03
  -3.7483679e-01   2.6667062e-01   1.0988356e+00  -2.9276656e-03   1.3394023e-03  -2.2822614e-03
  -3.7614771e-01   2.4549578e-01   1.1088610e+00  -2.5386876e-03   1.2712300e-03  -1.9357748e-03
  -3.9004000e-01   2.4858244e-01   1.1346934e+00  -2.7092752e-03   1.2156915e-03  -2.2776178e-03
  -3.8341967e-01   2.6826234e-01   1.1398358e+00  -2.1513306e-03   1.2738065e-03  -1.8603127e-03
  -3.8377944e-01   2.7337375e-01   1.1389808e+00  -1.5523543e-03   1.1941906e-03  -1.8109953e-03
  -3.9558786e-01   2.8336206e-01   1.1304443e+00  -1.3494426e-03   1.3188259e-03  -1.8940853e-03
  -3.9965550e-01   2.8475908e-01   1.1460288e+00  -2.0694555e-03   1.9306122e-03  -1.9725763e-03
  -3.8701003e-01   2.7914838e-01   1.1365996e+00  -1.2756572e-03   1.6314187e-03  -1.5905610e-03
  -3.9547148e-01   2.8973201e-01   1.1584433e+00  -1.6318597e-03   1.8423484e-03  -1.6569130e-03
  -3.9172723e-01   2.8242678e-01   1.1284294e+00  -1.1886503e-03   2.0106177e-03  -1.4786555e-03
  -3.8281870e-01   2.8291190e-01   1.1437245e+00  -1.5805970e-03   1.9787242e-03  -1.7543679e-03
  -3.8295883e-01   2.7075333e-01   1.1537176e+00  -1.5870578e-03   2.0320412e-03  -1.4168975e-03
  -3.9115768e-01   2.6954937e-01   1.1749080e+00  -2.2351268e-03   2.2168278e-03  -1.7656438e-03
  -3.8234433e-01   2.6731891e-01   1.1701439e+00  -1.5323663e-03   1.6968633e-03  -1.5031784e-03
  -4.0098282e-01   2.8025976e-01   1.1977683e+00  -1.9878553e-03   2.0315938e-03  -1.8406517e-03
  -3.9045695e-01   2.7564442e-01   1.1752895e+00  -1.9750845e-03   2.1568407e-03  -1.4693457e-03
  -4.2352781e-01   2.8569588e-01   1.1366138e+00  -6.5966592e-04   2.2825312e-03  -2.0309675e-03
  -4.2397545e-01   2.9807972e-01   1.1211736e+00  -1.2554973e-04   2.4324414e-03  -2.0519514e-03
  -3.9961155e-01   2.9534172e-01   1.1656460e+00  -1.3727476e-03   2.5368489e-03  -1.1361413e-03
  -3.9731992e-01   2.8602135e-01   1.1527601e+00  -8.2734270e-04   2.4849032e-03  -1.5470605e-03
  -4.0218558e-01   2.7270202e-01   1.1688248e+00  -1.4144301e-03   2.4258392e-03  -1.3508105e-03
  -4.0369297e-01   2.8165434e-01   1.1944123e+00  -1.3342379e-03   2.5615283e-03  -1.5456093e-03
  -4.0200855e-01   2.7099833e-01   1.1945957e+00  -1.3389428e-03   2.2893475e-03  -1.4656545e-03
  -3.9381758e-01   3.4265415e-01   1.1886315e+00  -1.4011570e-04   2.7024204e-03  -1.5169068e-03
  -3.4689886e-01   4.9731158e-01   1.1939097e+00   1.6119791e-03   4.0497464e-03  -5.6210282e-04
  -3.4783282e-01   4.5332260e-01   1.1703521e+00   8.1528557e-04   3.4410463e-03  -7.1378337e-04
  -3.5921024e-01   4.3173457e-01   1.1693116e+00   7.0927543e-04   3.7478414e-03  -4.1570445e-04
  -3.7555367e-01   4.0540420e-01   1.1807954e+00   5.2580579e-04   3.6906435e-03  -6.8466153e-04
  -3.6827359e-01   4.0174451e-01   1.1736139e+00   1.1105394e-03   3.6288753e-03  -4.3928907e-04
