   0.0000000e+00   0.0000000e+00  -6.6869316e-15  -3.6178948e-17  -7.2931192e-19  -2.6385738e-35
  -4.8656337e-03  -4.5716698e-02   1.9239899e-04  -7.4802719e-05   1.1298991e-04   1.3028840e-04
  -4.7126655e-03  -8.2543301e-02  -1.5516312e-02  -4.2123131e-04  -9.5133350e-05   1.0844841e-04
  -7.8934840e-03  -2.8469323e-02  -9.5072016e-03  -5.7998783e-04  -9.0429916e-05  -1.8687630e-04
  -1.7962354e-03  -4.7975337e-02   1.5292582e-02  -3.3031274e-04  -2.0196765e-04  -2.9990267e-04
  -1.2182694e-02  -9.2169353e-02  -5.9088652e-02  -2.7151440e-04  -7.6466204e-04  -5.0003548e-04
  -1.8825470e-02  -1.1983977e-02  -5.5814286e-02  -1.0667733e-03  -9.2289071e-04  -4.4057969e-04
  -8.3018967e-03  -4.1492993e-02  -3.8966984e-02  -6.2020065e-04  -7.8465339e-04  -3.7199391e-04
  -1.2363299e-02   1.7491600e-03  -5.5484358e-02  -2.7381386e-04  -7.9524915e-04  -3.7584428e-04
  -2.8467537e-04  -5.9685774e-03  -6.6289610e-02  -3.1842110e-05  -7.1146060e-04  -1.1618634e-04
  -1.8723767e-03   8.8354355e-03  -1.1795686e-02   4.1760316e-05  -3.3401172e-04  -2.3846321e-04
   5.7593974e-03   4.8873844e-02  -2.0625026e-02  -8.0090498e-04  -4.4989506e-04   1.8008993e-04
   1.0477411e-02   4.5347084e-02  -1.1083191e-02   6.0845619e-05  -3.7526640e-04  -1.1209938e-04
   3.7678147e-02   4.9975039e-02   4.6964414e-03  -1.8399003e-04  -4.1559874e-04   2.8907668e-04
   5.0410826e-02   1.2597182e-02   1.9122511e-02  -5.1353197e-04  -2.1862622e-05   6.0255922e-04
   5.2426396e-02  -1.0056457e-02  -3.2167860e-03   2.4863417e-04   8.6995073e-05   7.7242985e-04
   4.4573114e-02  -1.4794522e-02   1.3314818e-02  -6.7624139e-04  -9.3329190e-05   6.7800881e-04
   5.0037021e-02   4.8400857e-02   7.2427123e-03  -1.1451810e-03  -1.5599834e-04   7.4692852e-04
   3.3384036e-02   7.6446289e-02   7.6048140e-03  -8.5406448e-04   9.8515470e-05   5.6566680e-04
   3.6348297e-02   1.9351931e-02   1.4264683e-02  -6.1932742e-04   1.9731713e-05   6.3384776e-04
   3.6394203e-02  -9.5847826e-03   1.8329625e-02  -3.3108921e-04   9.8851144e-05   5.2282705e-04
   4.9962545e-02  -8.9940702e-05  -4.3766866e-03  -1.1627578e-03  -1.9400866e-04   8.8110897e-04
   4.7872518e-02   5.0226752e-02   1.2808176e-02  -1.3142398e-03  -2.0122020e-04   6.1300979e-04
   6.4854563e-02   6.5514205e-02   3.1634523e-02  -1.2525267e-03  -1.7837787e-04   8.9157762e-04
   6.2368520e-02   8.9656152e-02  -1.1685511e-02  -4.8566867e-04  -2.5616887e-05   7.3146457e-04
   6.0844347e-02   9.2148937e-02  -1.3460991e-02  -7.3623129e-04  -1.5059699e-04   7.3551177e-04
   6.4495392e-02   6.5609266e-02   4.4494430e-02  -5.4225825e-04  -7.0818689e-05   5.5285528e-04
   6.5002230e-02   6.3308022e-02  -2.3310951e-02  -4.5888114e-04  -5.7497035e-06   5.6333836e-04
   6.1126804e-02   2.9264885e-02  -2.0222831e-02  -2.4232162e-04  -2.0519816e-04   7.6542945e-04
   6.3988062e-02   1.3719815e-02  -2.8220245e-04  -7.7125552e-04  -5.1835217e-04   6.6762755e-04
   8.6807194e-02   6.9151616e-02  -1.5058697e-03  -3.9379521e-04  -7.5098636e-05   8.8732568e-04
   8.8393168e-02   5.3090257e-02   1.0606947e-02  -3.8854371e-04  -1.8702293e-05   9.1196762e-04
   7.7297155e-02   1.0498316e-01   6.9487265e-02  -3.3961978e-04  -1.0125612e-04   5.3357477e-04
   8.5577581e-02   7.2882541e-02   2.2353822e-02   1.7792553e-04  -1.6917068e-04   9.4584691e-04
   7.3737492e-02   6.5972521e-02   2.4046332e-02   1.1515198e-04  -3.0621886e-04   7.8188623e-04
   7.1584619e-02   4.0082141e-02  -1.0335954e-02  -2.7522428e-04  -2.3956795e-04   9.7790310e-04
   9.3615179e-02   1.4115855e-01   3.7940740e-02  -8.2621777e-04  -4.5045931e-04   9.1652873e-04
   9.3237614e-02   1.3003119e-01   1.9144700e-02  -4.6770927e-04  -6.5641586e-05   8.3215464e-04
   1.0320100e-01   8.2661506e-02  -2.7394350e-02   7.1015826e-04  -4.6028472e-04   1.2861303e-03
   1.1296774e-01   7.4161282e-02   2.1462148e-02   4.7524264e-04  -5.3767120e-04   1.1389053e-03
   1.0740545e-01   8.8945246e-02  -3.4773418e-02   4.1067507e-04  -2.1410904e-04   1.1731934e-03
   1.0552960e-01   9.9127626e-02  -5.6521816e-02   8.1068525e-04  -4.1005833e-04   1.0976908e-03
   8.6883314e-02   1.4132977e-01  -3.6280008e-02   2.5625032e-04  -3.9354743e-04   7.8075457e-04
   1.2010079e-01   1.5540595e-01  -3.0082649e-03   4.1662613e-04  -2.4041966e-04   1.1058448e-03
   1.4585523e-01   1.5544532e-01   5.5362724e-03   7.6223580e-04  -5.8724995e-04   1.8836485e-03
   1.2259329e-01   1.4070477e-01  -9.2911667e-03   6.9997865e-04  -7.7375265e-04   1.1262411e-03
   1.2949612e-01   1.4434823e-01   2.6095416e-03   6.2817608e-05  -6.7390146e-04   1.3508964e-03
   1.2785834e-01   1.3615806e-01  -1.5095599e-02   8.7735817e-04  -4.9710134e-04   1.3386976e-03
   1.1913559e-01   1.2198156e-01  -1.3547671e-02   9.6532656e-04  -2.1182852e-04   1.7943350e-03
   1.2291390e-01   1.2181779e-01   1.7463923e-02   4.5349242e-04  -4.0800003e-04   1.5506990e-03
   1.4749433e-01   1.6072302e-01  -1.0019753e-02   7.6537854e-04  -4.5999484e-04   1.5737114e-03
   1.3734960e-01   1.4460061e-01   4.8506510e-03   6.7887216e-04  -4.3408487e-04   1.6326382e-03
   1.3502495e-01   1.6077761e-01  -4.4379886e-03   7.3047195e-04  -3.3150961e-04   1.7522178e-03
   1.0715643e-01   1.1570779e-01   2.4994280e-02   6.2185906e-04  -4.8882572e-04   1.6405226e-03
   1.2654615e-01   1.2519601e-01   1.1842441e-02  -6.0465516e-05  -5.9727459e-04   1.8522909e-03
   1.2645584e-01   1.4115187e-01   7.2161120e-03   1.2271378e-04  -6.0044812e-04   1.8928314e-03
   1.1612084e-01   1.4336568e-01   3.1877576e-03   1.9728997e-04  -6.8442367e-04   1.7132931e-03
   1.2155788e-01   1.4348872e-01  -2.6882877e-02   5.7146237e-04  -6.6382823e-04   1.9454602e-03
   1.3417322e-01   1.8657924e-01   7.8737859e-03   7.1886212e-04  -3.9879251e-04   2.1462548e-03
   1.3116241e-01   2.0568827e-01   5.9876105e-02   2.4807446e-04  -2.5561576e-04   1.7915501e-03
   1.1216797e-01   2.2898605e-01   5.6499895e-02   4.0095466e-04   4.5846394e-05   1.8937137e-03
   1.2267349e-01   2.0005474e-01   7.8252648e-02   5.1655462e-04   3.0390177e-05   2.0372248e-03
   7.3579117e-02   1.5165751e-01   5.3404376e-02  -8.0479334e-04   1.8638488e-04   1.8220900e-03
   1.0113249e-01   2.1591510e-01   1.2994875e-01  -1.9277532e-03   5.3117110e-04   2.1731427e-03
   1.2058963e-01   2.2919574e-01   9.8522380e-02  -1.4416301e-03   3.2841295e-04   2.3163553e-03
   9.9972877e-02   2.8508763e-01   1.0488510e-01  -1.0059330e-03   7.5299429e-04   2.2551389e-03
   1.4475513e-01   2.1960220e-01   1.2691874e-01  -6.0819481e-04   4.0575940e-04   2.3503164e-03
   1.3290150e-01   1.8296131e-01   6.4023463e-02  -1.3232182e-03   3.4589982e-04   2.2969547e-03
   1.2626871e-01   2.5694056e-01   1.1729892e-01  -1.3845272e-03   7.8350901e-04   2.6166461e-03
   1.3404409e-01   2.1125467e-01   5.4774244e-02  -1.2248783e-03   4.4350021e-04   2.5176672e-03
   1.3504166e-01   2.4858718e-01   1.2093224e-01  -1.8349049e-03   4.1955068e-04   2.4927793e-03
   1.3987705e-01   2.3505145e-01   1.0433170e-01  -9.2194038e-04   4.8453077e-04   2.1508424e-03
   1.2573605e-01   1.8086861e-01   4.5239204e-02  -7.4300266e-04   5.2563530e-04   2.4973443e-03
   1.3243133e-01   2.0773797e-01   7.4220200e-02  -1.6671235e-03   4.5896845e-04   2.5237575e-03
   1.3169112e-01   2.1948335e-01   9.8205259e-02  -1.5478273e-03   4.9896931e-04   2.4371633e-03
   1.3353596e-01   2.6950182e-01   1.1712194e-01  -1.7007055e-03   4.2116290e-04   2.4479674e-03
   1.4625088e-01   2.7576108e-01   1.2380044e-01  -1.3268243e-03   6.1175921e-04   2.5617968e-03
   1.5439042e-01   2.5789381e-01   8.8648749e-02  -9.1991591e-04   5.1721730e-04   2.5239866e-03
   1.4941116e-01   2.7479751e-01   9.3864494e-02  -1.2011574e-03   4.8931319e-04   2.7128161e-03
   1.5437035e-01   2.7648909e-01   1.3786760e-01  -1.3583321e-03   1.0473802e-03   3.3084341e-03
   1.5272701e-01   2.5122255e-01   1.6887239e-01  -1.3920918e-03   9.2342660e-04   2.8630239e-03
   1.3926583e-01   2.0699539e-01   1.2031600e-01  -1.5640649e-03   7.1766912e-04   3.3436470e-03
   1.3752476e-01   2.1285025e-01   9.8493703e-02  -1.9763010e-03   7.4030987e-04   3.0693653e-03
   1.6328495e-01   1.9505804e-01   4.5102366e-02  -1.5909442e-03   5.0862971e-04   3.4607771e-03
   1.4042495e-01   2.2892253e-01   5.5170035e-02  -2.3878445e-03   5.9732770e-04   2.9235414e-03
   1.7098112e-01   2.5306210e-01   1.4618234e-01  -1.8858255e-03   5.0885373e-04   3.1154388e-03
   1.8259554e-01   2.7175305e-01   1.3114447e-01  -2.0796594e-03   3.6214333e-04   3.3671323e-03
   1.6976606e-01   2.2936962e-01   6.2674106e-02  -2.0868575e-03   1.0617084e-03   3.5724106e-03
   1.6529028e-01   2.2122276e-01   1.2417448e-01  -1.6907995e-03   9.0123336e-04   3.3718572e-03
   1.5374482e-01   2.1084825e-01   1.1570668e-01  -2.3018510e-03   8.6501097e-04   3.3394439e-03
   1.5061644e-01   2.2589682e-01   1.0261271e-01  -1.7236250e-03   8.7278145e-04   3.2739552e-03
   1.4569296e-01   2.4838027e-01   7.8423468e-02  -1.8429454e-03   4.0290485e-04   3.1669250e-03
   1.4099611e-01   2.7703619e-01   1.5158433e-01  -3.0116609e-03   6.6816133e-04   2.8932653e-03
   1.4470197e-01   3.2267293e-01   1.3329106e-01  -1.9659205e-03   9.1437333e-04   2.7189663e-03
   1.4470039e-01   2.4589192e-01   9.4595116e-02  -2.1390216e-03   8.7584113e-04   3.0251594e-03
   1.4731730e-01   3.4526184e-01   1.0962129e-01  -1.8686247e-03   5.1962995e-04   2.5877270e-03
   1.4605474e-01   3.5143528e-01   1.2321472e-01  -1.9816010e-03   4.2521158e-04   2.6908032e-03
   1.4343383e-01   3.0127105e-01   1.0101533e-01  -1.1463068e-03   7.1268506e-04   2.6812385e-03
   1.3312116e-01   2.4386397e-01   1.2738883e-01  -1.2189836e-03   7.4892609e-04   2.5483770e-03
   1.2581775e-01   2.3851120e-01   5.0416446e-02  -1.5226550e-03   3.8895928e-04   2.6412826e-03
   1.4717754e-01   3.3999538e-01   1.5800422e-01  -2.1491767e-03   4.4482360e-04   2.7169976e-03
   1.4633270e-01   3.2321590e-01   1.3002937e-01  -1.6953378e-03   5.7007717e-04   2.6460255e-03
   1.3936067e-01   3.4369889e-01   1.4833642e-01  -2.2025651e-03   5.5393089e-04   2.6254502e-03
   1.2894113e-01   2.4168109e-01   9.4135281e-02  -1.5054776e-03   8.6445278e-04   2.9879314e-03
   1.5187681e-01   2.5280711e-01   1.2519831e-01  -2.1417745e-03   7.4590445e-04   2.6241506e-03
   1.3990509e-01   2.5379448e-01   5.4710642e-02  -1.5862890e-03   5.4669954e-04   2.8198618e-03
   1.3010079e-01   3.6821220e-01   7.6564751e-02  -2.5143508e-03   5.1882306e-04   2.6136281e-03
   1.3297858e-01   3.3068791e-01   9.7282131e-02  -2.2976784e-03   5.6294412e-04   2.4437314e-03
   1.5327918e-01   3.6092273e-01   6.9544995e-02  -1.7206246e-03   3.2810989e-04   2.6950067e-03
   1.5511920e-01   3.5943318e-01   9.6917415e-02  -1.8827778e-03   5.9076275e-04   2.6539780e-03
   1.6788813e-01   3.4602489e-01   9.1940366e-02  -1.6437962e-03   3.4548591e-04   2.6083066e-03
   1.3000632e-01   3.0181867e-01   9.6582699e-02  -2.2031317e-03  -6.1565813e-04   1.6624758e-03
   1.2152841e-01   3.0490210e-01   5.2919567e-02  -1.4957229e-03  -4.9119927e-04   1.7680121e-03
   1.1731369e-01   3.1054151e-01   7.9650990e-02  -1.5179528e-03  -4.5266572e-04   1.7252486e-03
   1.3239262e-01   2.7086236e-01   1.1236404e-01  -1.2831774e-03  -4.3127748e-04   2.0167775e-03
   1.7007339e-01   3.1262381e-01   7.7739469e-02  -2.0626490e-03  -5.0732870e-04   2.5600609e-03
   1.6187937e-01   3.3281735e-01   1.0652442e-01  -2.4512504e-03  -6.4829125e-04   2.6046617e-03
   1.7249603e-01   3.6585248e-01   9.2160458e-02  -2.1020621e-03  -7.9162131e-04   2.5533428e-03
   1.6087587e-01   3.7454910e-01   1.3120148e-01  -1.9066650e-03  -5.9096295e-04   2.5364080e-03
   1.7481459e-01   3.6444240e-01   1.0841306e-01  -1.5593477e-03  -3.0753816e-04   2.4755614e-03
   1.6655669e-01   3.1792445e-01   1.2978690e-01  -1.5296787e-03  -3.0756310e-04   2.6142016e-03
   1.7044058e-01   3.0798437e-01   8.2192125e-02  -1.6861711e-03  -5.1203915e-04   2.6473559e-03
   1.6759170e-01   3.1559601e-01   9.7036351e-02  -2.5751871e-03  -3.9754033e-04   2.6517976e-03
   1.7955428e-01   3.5428094e-01   1.3780106e-01  -1.6248065e-03  -1.5963212e-04   2.6938072e-03
   1.5029761e-01   2.9212888e-01   5.6623316e-02  -1.7704639e-03  -1.1869155e-05   2.6363119e-03
   1.6046975e-01   3.4718402e-01   9.8780503e-02  -2.5278687e-03   5.1862438e-05   3.0549457e-03
   1.6114262e-01   3.6409841e-01   1.2557967e-01  -2.7414556e-03   5.0082645e-05   2.7710961e-03
   1.6227354e-01   4.1126790e-01   1.9715676e-01  -3.1015167e-03   6.9964252e-04   2.9014289e-03
   1.6826490e-01   3.3930579e-01   1.0041013e-01  -2.2326449e-03   2.6576716e-04   3.0467954e-03
   1.6997016e-01   3.8352413e-01   1.3238502e-01  -2.7910534e-03   1.0494320e-03   3.5291787e-03
   1.9127739e-01   4.1419216e-01   2.0528680e-01  -3.2933801e-03   9.3499203e-04   3.5827298e-03
   1.6754679e-01   3.5858890e-01   7.7447115e-02  -2.8699348e-03   1.0344980e-03   3.5103891e-03
   1.7509425e-01   3.6499926e-01   9.1749229e-02  -2.7994479e-03   1.1571096e-03   3.5049917e-03
   1.8075611e-01   3.6819599e-01   8.9730543e-02  -2.7474741e-03   1.1187204e-03   3.6038099e-03
   1.7570403e-01   3.7042589e-01   5.1735682e-02  -2.2376649e-03   1.0503937e-03   3.4025246e-03
   1.4496921e-01   3.2944826e-01   7.3571810e-02  -2.7680772e-03   1.0475741e-03   3.0453341e-03
   1.6159988e-01   3.5379090e-01   7.8637206e-02  -3.1575136e-03   9.4876865e-04   3.3039103e-03
   1.5257064e-01   3.5105539e-01   5.4679333e-02  -3.3578105e-03   8.6110323e-04   3.0040624e-03
   1.5319419e-01   4.1649079e-01   5.5378103e-02  -3.3275846e-03   9.9392095e-04   2.9933714e-03
   1.5042721e-01   4.2539463e-01   6.5648444e-02  -3.0082444e-03   1.0070958e-03   2.7571633e-03
   1.4463451e-01   4.1833684e-01   5.0497067e-02  -3.0271735e-03   9.3894464e-04   2.8118415e-03
   1.3815078e-01   4.3077295e-01   2.6322990e-02  -2.7696086e-03   1.0521592e-03   2.6795232e-03
   1.3911343e-01   4.0689713e-01   4.7441318e-02  -2.5512637e-03   1.1835016e-03   2.4630777e-03
   1.2467300e-01   3.3679313e-01   5.8007544e-02  -2.5856425e-03   1.4105646e-03   2.5909127e-03
   1.2501489e-01   3.5305490e-01   4.1012669e-02  -2.5034912e-03   1.2588028e-03   2.4268820e-03
   1.1975619e-01   3.5854081e-01   1.5492421e-02  -2.4616633e-03   1.3099869e-03   2.5490643e-03
   1.2362326e-01   3.6400866e-01   3.3670983e-02  -2.6028465e-03   1.0869046e-03   2.5143414e-03
   1.2693292e-01   3.4352496e-01   3.5776091e-02  -3.2655256e-03   1.2197720e-03   2.7041793e-03
   1.4219301e-01   4.1724618e-01   1.2723943e-02  -3.1393155e-03   1.0070090e-03   2.7008541e-03
   1.3567175e-01   4.4902521e-01   2.4260095e-02  -2.8399656e-03   1.2661386e-03   2.7771214e-03
   1.3007878e-01   4.5198386e-01   5.3640166e-02  -3.4131079e-03   1.5904038e-03   2.6550007e-03
   1.3527657e-01   3.9445725e-01  -4.2232312e-02  -2.6892336e-03   1.6223972e-03   3.0306639e-03
   1.4744920e-01   4.2428012e-01   2.9700854e-02  -2.7549843e-03   1.4841990e-03   3.0285430e-03
   1.3757661e-01   3.5779110e-01   5.0614921e-02  -2.6158445e-03   1.6353288e-03   2.9809597e-03
   1.2949196e-01   3.6348234e-01  -1.1305751e-02  -3.1241608e-03   1.4005780e-03   2.9588898e-03
   1.3988331e-01   4.6323728e-01   6.2892321e-03  -3.4719729e-03   1.4782184e-03   2.8353715e-03
   1.3827219e-01   4.4005690e-01   1.5383776e-02  -2.7894099e-03   1.7472620e-03   2.9622554e-03
   1.4288747e-01   3.9678898e-01   2.9466261e-02  -2.7600282e-03   1.8087528e-03   2.7620722e-03
   1.2664717e-01   3.6515941e-01  -5.8710415e-02  -2.4802603e-03   1.6697826e-03   2.9162631e-03
   1.4270307e-01   4.6354160e-01   2.0739312e-02  -3.2833978e-03   1.7020753e-03   2.8645983e-03
   1.4563376e-01   4.6324341e-01   2.8145856e-02  -3.3275147e-03   1.9097985e-03   2.7814141e-03
   1.5248202e-01   3.9971835e-01   1.0276563e-02  -2.1002138e-03   1.7913498e-03   2.7389921e-03
   1.3318339e-01   3.9248066e-01  -1.5796424e-02  -2.8439452e-03   1.6858326e-03   2.6772119e-03
   1.4778272e-01   4.3199836e-01  -7.5172545e-03  -3.1242340e-03   1.3676320e-03   2.8770257e-03
   1.5192928e-01   4.4793964e-01  -2.9250300e-02  -2.6640909e-03   1.4496259e-03   3.0377155e-03
   1.4639151e-01   4.6697776e-01   8.4294301e-03  -3.0882088e-03   1.6748104e-03   2.7108894e-03
   1.3890661e-01   4.0850726e-01   3.3339560e-02  -2.6328548e-03   2.0713288e-03   2.7173931e-03
   1.3867840e-01   3.9138639e-01  -1.2046436e-02  -2.9228253e-03   2.1117540e-03   3.1991505e-03
   1.4775832e-01   4.1119104e-01  -1.8910006e-02  -3.4844918e-03   1.7209881e-03   3.0643491e-03
   1.4867710e-01   4.5885519e-01   2.7957764e-02  -3.9813143e-03   1.7643662e-03   2.8482684e-03
   1.4402743e-01   4.7877062e-01  -9.1841933e-03  -3.2533309e-03   1.7472387e-03   3.1689526e-03
   1.5636301e-01   4.7706232e-01   6.0756529e-02  -3.5389851e-03   1.8975002e-03   3.1568932e-03
   1.5798466e-01   4.8150002e-01  -6.7275118e-03  -3.7009938e-03   1.7120707e-03   2.9013881e-03
   1.4797958e-01   5.1677364e-01   6.9028206e-03  -2.9029076e-03   1.9817800e-03   2.9324229e-03
   1.5303659e-01   4.5096845e-01   5.3245632e-02  -2.8804665e-03   2.0086274e-03   2.8436128e-03
   1.4702734e-01   4.5343561e-01   2.7689498e-02  -2.9791280e-03   2.1534259e-03   2.8652847e-03
   1.4696753e-01   4.4266819e-01   1.7432548e-02  -2.4672316e-03   1.9970419e-03   2.8572125e-03
   1.3147466e-01   4.2287593e-01  -1.4136182e-03  -2.6903563e-03   1.9654859e-03   2.8061952e-03
   1.4329684e-01   4.3071115e-01  -3.6696892e-03  -3.3120625e-03   1.8707909e-03   2.9474758e-03
