   0.0000000e+00   0.0000000e+00  -7.1054274e-15   0.0000000e+00   0.0000000e+00   0.0000000e+00
  -2.3587554e-03   1.3710893e-02  -4.2185462e-03  -2.7456993e-04  -2.3031868e-04  -1.1906065e-04
  -4.4752747e-03  -9.9684006e-04  -4.3680993e-03  -6.8939292e-05  -2.3291330e-04  -1.5042284e-05
   3.4287475e-03  -1.8874695e-02   2.0988314e-02  -2.0777334e-04  -9.0325312e-05   1.1365353e-04
  -1.3094128e-02  -2.8597300e-02   5.4833598e-02   2.3912641e-05   3.0974876e-04   9.8315406e-05
  -3.2818610e-02   1.9961817e-03   9.8325358e-02  -5.2532698e-04   6.4533130e-04   7.1832648e-05
  -3.3960846e-02   2.2989759e-02   3.9266041e-02  -2.3763592e-04   3.7103237e-04  -2.3988858e-05
  -1.9168969e-02   6.1084264e-02   1.2886456e-02  -9.4900477e-05   6.0571918e-04   7.4338159e-05
  -2.1706836e-02   8.4457580e-02   1.4463502e-02  -6.1332553e-04   9.9122910e-04  -4.0948633e-04
   2.9284778e-04   6.7018587e-02  -1.9554743e-02  -1.0049282e-03   6.8284631e-05   4.8925724e-05
  -5.7891072e-03   3.6265149e-02   1.3168107e-02  -6.6597108e-04   1.2757379e-04   9.5734627e-05
   1.2183482e-02   3.6534199e-02   5.5095824e-02  -5.3980805e-04  -1.2493156e-04   4.5036793e-04
   1.8849693e-02   3.1613447e-02  -2.3244277e-02   2.6808816e-04  -3.4389120e-04   3.7980271e-04
   1.9752735e-02   3.2682764e-02   1.1185772e-02   1.1212953e-04  -4.9996352e-04   5.2352542e-04
   9.0272140e-03   2.1205756e-02  -2.7743849e-02   1.0031589e-03  -4.4370480e-04   2.4015048e-04
  -3.1219643e-03   2.2765540e-02   2.0765383e-01  -2.0737017e-03  -2.1472386e-05   1.5051813e-04
  -1.2275988e-02   1.5689427e-01   1.6686405e-01  -1.9853182e-03   3.0549843e-04  -6.5661036e-05
  -2.9979962e-02   9.1137734e-02   2.9466343e-02   1.4792757e-04   2.4757823e-04  -2.2951312e-04
  -2.0028928e-02   9.4248247e-02   8.1484931e-02   2.0455292e-04   2.0311461e-05  -2.4066563e-04
  -1.8695002e-02   7.8132685e-02   8.3544240e-02   1.3860807e-03   4.3218710e-04  -3.7728059e-04
  -1.5380834e-02   5.8570935e-02   1.0347455e-01   1.3205684e-03   3.7272534e-04   1.0669318e-04
  -5.4395365e-02   9.6516258e-02   4.5256694e-02   9.9958747e-04  -4.6866425e-04  -3.5051645e-04
  -7.3733146e-02   6.4729864e-02   1.0809369e-01   7.4314995e-04   5.6529820e-04  -5.4352786e-04
  -3.0187884e-01  -5.1682813e-01   2.4732170e-01  -1.6345059e-02   2.7259291e-04  -7.6797384e-04
  -1.7532806e-01  -2.2563514e-01   6.4542383e-01  -1.5932951e-02  -1.1115173e-03  -1.1808758e-04
  -9.3817907e-02  -1.5325445e-01   4.6096407e-01  -1.0143633e-02  -2.9371724e-04   5.6530170e-04
  -8.9308428e-02  -1.1985855e-01   4.8640737e-01  -1.0630438e-02  -7.2195455e-04   9.3469642e-04
  -9.5665445e-02  -1.1226150e-01   4.6742266e-01  -9.9313783e-03  -5.5625013e-04   6.5533119e-04
  -8.1719857e-02  -1.1116047e-01   5.1119292e-01  -1.0515806e-02  -5.2173398e-04   8.7587881e-04
  -5.9047403e-02  -9.3278649e-02   4.5233191e-01  -9.4796600e-03  -2.2657540e-04   1.1626203e-03
  -6.5947493e-02  -8.1437470e-02   4.4919642e-01  -9.4951860e-03  -3.3544881e-04   1.1019847e-03
  -4.7900671e-02  -5.0347757e-02   4.3906124e-01  -9.2065612e-03  -1.9543163e-04   1.1505227e-03
  -5.6163997e-02  -6.6531213e-02   4.9156643e-01  -9.7383088e-03  -4.4498157e-04   1.0640295e-03
  -6.3167128e-02  -7.3872791e-02   5.0666356e-01  -9.7117174e-03  -3.0837697e-04   1.0188389e-03
  -6.4852861e-02  -8.4280291e-02   4.8183686e-01  -8.9192114e-03  -5.5314606e-04   9.5316453e-04
   2.1286331e-02  -7.7880593e-02   3.5549631e-01  -6.1843010e-03  -6.0203851e-04   1.5181813e-03
   1.4375522e-02  -4.2082788e-02   3.8344558e-01  -5.8168047e-03  -6.2581558e-04   1.6796838e-03
  -1.1252171e-02  -5.9482702e-02   4.3000694e-01  -5.7126258e-03  -2.0168310e-04   1.3064525e-03
   4.3684967e-04  -2.0814365e-02   4.1090052e-01  -3.6948336e-03  -6.0437510e-04   1.0024944e-03
  -2.1187446e-02   3.8567145e-03   5.8250084e-01  -5.3294292e-03  -5.0823595e-04   1.1882390e-03
  -1.5450854e-02  -2.2880852e-02   5.3065845e-01  -4.8869497e-03   1.6848257e-04   5.0481257e-04
  -2.1122650e-02  -3.0212029e-02   5.0518599e-01  -5.1553423e-03  -1.8892097e-05   5.6118574e-04
   9.1051572e-03  -6.7198754e-02   5.8721088e-01  -7.2522267e-03  -6.2876454e-04   8.6280672e-04
   5.1870205e-02  -8.7755296e-02   7.2001071e-01  -7.6661061e-03  -7.9092857e-04   1.4637709e-03
   6.3545517e-02  -8.8585708e-02   7.1956794e-01  -8.0311831e-03  -1.0522615e-03   1.2099655e-03
   5.6951970e-02  -5.8929896e-02   6.4226069e-01  -7.4919614e-03  -7.3872704e-05   2.0083439e-03
   6.0941164e-02  -3.5677049e-02   5.9416866e-01  -7.1779054e-03   5.3990373e-04   2.1012488e-03
   6.3380896e-02  -2.3564982e-02   4.1540080e-01  -6.7589182e-03  -7.6573588e-04   1.3916681e-03
   6.2181642e-02  -2.6058970e-02   4.2520044e-01  -6.7476057e-03  -1.6828329e-04   1.6466113e-03
   6.0343506e-02  -3.9911771e-02   3.5222005e-01  -5.5894056e-03   1.7450442e-04   1.7334780e-03
   6.7050955e-02   1.2837204e-03   2.9088730e-01  -4.9483895e-03   3.7878190e-04   1.6971034e-03
   5.7574552e-02   2.9680208e-02   2.6511635e-01  -4.6796711e-03   2.6848664e-04   1.6270230e-03
   7.3237649e-02   4.6032320e-02   3.0755777e-01  -4.6017469e-03   5.5930183e-04   1.6247747e-03
   7.7417613e-02   4.1122915e-02   3.1607988e-01  -4.6736318e-03   4.9920026e-04   1.5230078e-03
   7.3309433e-02   3.3856843e-02   3.3485598e-01  -5.3510057e-03   3.2954438e-04   1.6715554e-03
   6.7420614e-02   2.6772080e-02   3.1551604e-01  -5.0454861e-03   3.7403900e-04   1.5923008e-03
   7.5606571e-02   1.1761131e-02   3.4461408e-01  -5.4818064e-03   4.1225337e-04   1.8100558e-03
   8.1710489e-02   9.6229833e-03   3.0676920e-01  -4.7562589e-03   6.9532472e-04   1.5875960e-03
   7.7932974e-02   7.9412127e-03   3.0811097e-01  -4.5890293e-03   7.1566793e-04   1.5538791e-03
   9.0750653e-02   1.9344007e-02   2.8240966e-01  -4.2858032e-03   4.6796583e-04   1.7449551e-03
   8.1260973e-02   4.2282961e-02   2.6287656e-01  -4.1075670e-03   4.8094722e-04   1.6947997e-03
   6.9693141e-02   6.4716062e-02   2.8599246e-01  -4.1869650e-03   4.4468192e-04   1.4902272e-03
   7.5392700e-02   7.4692742e-02   2.7645280e-01  -4.5706535e-03   5.5778144e-04   1.5118988e-03
   8.0617311e-02   3.5600495e-02   3.0272290e-01  -4.7599028e-03   5.2321802e-04   1.6374976e-03
   9.0664519e-02   3.0302342e-02   2.6318852e-01  -4.1186264e-03   3.4996379e-04   1.7853744e-03
   9.1036257e-02   1.7568569e-02   2.3924847e-01  -3.6064507e-03   2.9796740e-04   1.7348973e-03
   7.0019745e-02   2.7613576e-02   2.9330469e-01  -4.2008997e-03   6.3546642e-04   1.5105220e-03
   7.2322927e-02   6.1059258e-02   2.8276943e-01  -4.0804739e-03   5.5370963e-04   1.6251015e-03
   7.0574328e-02   7.3525165e-02   3.1406445e-01  -4.8830376e-03   6.0198462e-04   1.5396166e-03
   6.2618468e-02   7.5108749e-02   3.1496921e-01  -4.8421021e-03   5.4293993e-04   1.6549531e-03
   5.7288870e-02   5.1166523e-02   3.2025698e-01  -4.9550856e-03   4.7081731e-04   1.5388706e-03
   6.9068776e-02   5.6126327e-02   3.0864084e-01  -4.5080827e-03   4.9902475e-04   1.7237364e-03
   7.1842947e-02   4.0669112e-02   3.0510770e-01  -4.6785861e-03   6.8717820e-04   1.4938925e-03
   7.0923166e-02   2.5368866e-02   3.2158530e-01  -4.6044429e-03   8.6290691e-04   1.7894945e-03
   8.0611595e-02   3.1889444e-02   3.0445888e-01  -4.6349071e-03   6.1278710e-04   1.8155816e-03
   7.2798498e-02   4.9173633e-02   2.7487049e-01  -4.3738672e-03   7.3312977e-04   1.6671935e-03
   8.4027901e-02   7.0956715e-02   2.4804857e-01  -4.1542437e-03   7.3956457e-04   1.6883936e-03
   7.4358696e-02   8.5570843e-02   2.5466390e-01  -4.0503434e-03   6.6438072e-04   1.5080168e-03
   7.1655720e-02   1.0191340e-01   2.7751094e-01  -4.5673992e-03   7.4559876e-04   1.6080494e-03
   6.1610716e-02   8.7934012e-02   3.1150815e-01  -4.8323670e-03   9.3985649e-04   1.4101664e-03
   8.0458096e-02   5.8454264e-02   3.0055357e-01  -4.9579683e-03   5.7135887e-04   1.6858697e-03
   8.0458353e-02   4.6086937e-02   2.9583892e-01  -4.3872096e-03   7.2572130e-04   1.6686633e-03
   8.2008963e-02   6.6379006e-02   2.7471312e-01  -3.9378645e-03   7.7772430e-04   1.5881035e-03
   6.8220593e-02   8.5017692e-02   2.9863914e-01  -3.7459257e-03   9.4903431e-04   1.6337388e-03
   7.4433593e-02   8.7213000e-02   2.7678753e-01  -3.2888971e-03   9.7689194e-04   1.5625439e-03
   7.2034250e-02   8.6642737e-02   3.1324356e-01  -3.1696071e-03   1.1782051e-03   1.5872985e-03
   9.7870737e-02   1.8706364e-01   3.2638341e-01  -3.7130353e-03   1.3485975e-03   1.6944754e-03
   7.6868564e-02   1.0308208e-01   2.4320509e-01  -1.5121759e-03   1.1990897e-03   1.1444157e-03
   7.2821128e-02   9.0737682e-02   3.6119278e-01  -2.8457518e-03   1.1297208e-03   1.2332320e-03
   7.8100408e-02   1.2100366e-01   2.9817177e-01  -3.1439119e-03   1.1057012e-03   1.4292677e-03
   7.2946483e-02   1.0657742e-01   3.0411511e-01  -3.0449118e-03   1.2157939e-03   1.4281330e-03
   8.1012113e-02   1.0267659e-01   2.8560425e-01  -2.7051495e-03   1.4860993e-03   1.1026222e-03
   9.4312407e-02   7.0840607e-02   3.2011863e-01  -2.8740873e-03   1.3835654e-03   1.4150012e-03
   8.3900457e-02   8.0986867e-02   2.7367767e-01  -1.8413246e-03   1.2531116e-03   1.1783172e-03
   7.6682226e-02   5.0659893e-02   3.5282786e-01  -3.0841524e-03   1.1001809e-03   1.0930324e-03
   6.5896322e-02   5.5248657e-02   3.2102623e-01  -1.9648881e-03   1.2314194e-03   1.0209947e-03
   7.4586706e-02   6.9328133e-02   3.3142276e-01  -2.6713057e-03   1.0996344e-03   1.2732994e-03
   8.5162267e-02   3.1359779e-01   4.7051633e-01  -2.7850986e-03   1.1914738e-03   1.8282228e-03
   3.7515498e-02   1.9676017e-01   3.1123755e-01   1.0398216e-04   1.1118490e-03   1.1359211e-03
   2.4840479e-02   1.7318092e-01   1.6268133e-01  -9.4040655e-04   1.6613531e-03   5.7789446e-04
   2.0377414e-02   1.7981409e-01   2.0542432e-01  -9.5242163e-04   1.8276277e-03   4.7180631e-04
   4.3128534e-02   1.6479487e-01   1.4590404e-01  -1.3581691e-03   1.7493526e-03   3.7192098e-04
   3.8056161e-02   1.8039966e-01   1.2045745e-01  -1.1539334e-03   1.7372426e-03   2.3261754e-04
   4.6858600e-02   1.8907205e-01   9.0540274e-02  -1.3080223e-03   1.8774190e-03   2.1522574e-04
   3.6553502e-02   2.1317882e-01   4.1754669e-02  -1.0599835e-03   2.0465863e-03   1.4761878e-04
   4.6320459e-02   2.1182791e-01   3.3333766e-02  -1.4074071e-03   2.1697197e-03   2.2772867e-04
   6.3587687e-02   2.1822549e-01   7.8962545e-03  -1.2028278e-03   1.9382410e-03   4.7898526e-04
   5.4543696e-02   2.1664533e-01  -2.9825435e-03  -9.4086044e-04   2.0826766e-03   5.1332002e-04
   5.0491420e-02   2.2982329e-01  -5.4817481e-02  -3.7013266e-04   2.2180470e-03   5.3772927e-04
   5.9918805e-02   2.0939839e-01  -4.3103524e-02  -6.0186858e-04   2.0978621e-03   4.9375207e-04
   5.2417222e-02   2.1167319e-01  -6.6691443e-02   1.2167681e-04   1.9895648e-03   3.4989055e-04
   5.3406514e-02   2.3730481e-01  -5.1433782e-02   2.4570544e-04   2.1276914e-03   2.2809306e-04
   4.4931838e-02   2.1813856e-01   3.2360224e-02  -1.2710832e-03   2.9217929e-03   7.5158302e-04
   4.1863390e-02   2.1759341e-01   9.3207097e-02  -1.3546047e-03   2.7069144e-03   5.8489443e-04
   6.7173396e-02   2.2379515e-01  -1.3006616e-01  -9.0494634e-04   1.0703892e-03  -4.5141417e-04
   6.7915980e-02   2.2741408e-01  -7.0010846e-02  -9.9601378e-04   1.3386966e-03  -4.2198731e-04
   7.4225783e-02   2.6885997e-01  -7.8540050e-02  -7.6054562e-04   1.9260479e-03   1.6666036e-04
   4.4526410e-02   2.8451063e-01  -2.5888723e-01  -3.1949326e-04   2.5801967e-03   5.9611533e-04
   5.9065839e-02   2.1858272e-01  -4.0527305e-02  -1.6746765e-03   2.1160009e-03   4.3683483e-04
   6.4252830e-02   2.3465700e-01  -7.2903452e-02  -1.4180750e-03   2.2324248e-03   8.2108368e-04
   5.5942109e-02   2.2966064e-01  -5.8399070e-02  -1.2191441e-03   2.3504837e-03   6.7820366e-04
   7.2653621e-02   2.7654455e-01  -5.3894107e-02  -1.1383824e-03   2.3972182e-03   8.2254716e-04
   6.8403073e-02   2.5115804e-01  -9.1854201e-02  -5.1299075e-04   2.2725615e-03   7.9670370e-04
   6.8118022e-02   2.6610597e-01  -1.3248177e-01   1.1164746e-04   2.1409527e-03   5.0238057e-04
   7.0997065e-02   2.6281605e-01  -2.1729137e-01   1.2133107e-03   1.8908934e-03   4.0422201e-04
   7.6300627e-02   3.1117670e-01  -2.1976732e-01  -9.8870249e-05   1.8760359e-03   5.9888990e-04
   6.5641832e-02   3.0608039e-01  -8.8785552e-02  -5.9627513e-05   2.4362721e-03   6.1732157e-04
   5.5826897e-02   2.9550158e-01  -1.1765232e-01   7.7770223e-04   2.3139286e-03   7.7968139e-04
   7.9224060e-02   2.8520203e-01  -1.2816329e-01   1.0861306e-03   2.6678578e-03   1.1215232e-03
   7.3595743e-02   2.9025570e-01  -1.0943022e-01   6.6487116e-04   3.1930068e-03   7.8594653e-04
   6.9469687e-02   2.8440968e-01  -9.8272745e-02   5.2745707e-04   3.1365959e-03   1.0256094e-03
   6.1370172e-02   3.0279815e-01  -1.6325342e-01   1.1303820e-03   3.3243729e-03   6.3204065e-04
   7.5022508e-02   3.0778499e-01  -1.4457421e-01   1.4571017e-03   2.9699007e-03   9.5072561e-04
   7.4019842e-02   3.0820231e-01  -2.5039951e-01   2.9125709e-03   2.8782944e-03   1.2485916e-03
   7.5316254e-02   3.1090246e-01  -4.3156323e-02   1.2196960e-03   3.2756650e-03   1.6387908e-03
   6.6168056e-02   4.1009402e-01  -3.0205449e-02   3.6736314e-03   2.1065182e-03   1.2987201e-03
   3.4889793e-02   3.6458468e-01  -1.0138384e-01   2.2258609e-03   2.8001612e-03   8.0136755e-04
   5.5231514e-02   3.4476762e-01   9.7115219e-02   2.7792838e-04   1.6820745e-03   3.6577238e-04
   7.6487044e-02   3.2820392e-01   8.3011373e-02   7.7850278e-04   1.9000588e-03   7.6558767e-04
   7.5420301e-02   2.8505535e-01   3.1453661e-03   7.1250713e-04   2.7983082e-03   1.7797030e-03
   7.4756385e-02   3.4889088e-01  -1.0484888e-01   1.5160225e-03   2.1942675e-03   1.3858776e-03
   8.0140716e-02   3.2498361e-01  -1.2070498e-01   1.8924076e-03   1.5030028e-03   8.4576636e-04
   7.3562734e-02   3.3868764e-01  -2.2236344e-01   2.4294066e-03   1.5349794e-03   7.9041166e-04
   7.7208697e-02   4.0247525e-01  -2.7636508e-01   2.7266401e-03   1.6702093e-03   9.4057135e-04
   7.0484812e-02   3.8324796e-01  -2.4784956e-01   2.4204857e-03   1.7699216e-03   9.4422179e-04
   8.0951798e-02   3.9080272e-01  -3.1260174e-01   2.7963002e-03   1.6903938e-03   9.2113227e-04
   7.6391580e-02   3.7122877e-01  -2.9737065e-01   2.8866080e-03   1.4875373e-03   7.4753409e-04
   8.7794120e-02   3.6659085e-01  -3.5648493e-01   3.8487172e-03   1.6153130e-03   1.1106570e-03
   5.6715970e-02   3.1801382e-01  -2.1733350e-01   2.8018538e-03   1.0400236e-03   1.3360221e-03
   6.0790793e-02   3.5518082e-01  -2.5322122e-01   4.5759473e-03   8.6479372e-04   1.7555599e-03
   6.0592358e-02   3.5276282e-01  -2.4437942e-01   7.8582395e-03  -2.4664639e-03   2.8370705e-03
   2.5370870e-02   3.1401881e-01  -9.1866279e-02   7.6050191e-03  -4.0149331e-03   3.5916103e-03
   3.5419781e-02   3.4447234e-01  -4.1667617e-02   6.5754142e-03  -3.0051420e-03   3.3499588e-03
   8.1951286e-02   3.9625104e-01  -1.8376764e-01   5.9355136e-03  -1.0886563e-03   2.1939755e-03
   1.0395608e-01   3.8115983e-01  -1.8607969e-01   6.3965435e-03   3.8523843e-04   1.7111957e-03
   1.0234849e-01   3.5313128e-01  -1.0222840e-01   5.9223033e-03   1.6779500e-04   1.9993139e-03
   9.0895989e-02   3.6768592e-01  -1.1217314e-01   5.8082303e-03   4.9898583e-04   1.6775542e-03
   9.6511360e-02   3.6946370e-01  -1.1560778e-01   5.7896451e-03   1.8724097e-04   2.0191200e-03
   1.1427141e-01   4.1229920e-01  -1.7234213e-01   6.0639561e-03   4.2285669e-04   2.1540170e-03
   1.1386990e-01   3.8985449e-01  -1.2563062e-01   5.6526724e-03   4.1671835e-04   1.9414100e-03
   1.0892184e-01   4.1081194e-01  -1.5743896e-01   5.5546549e-03   4.2635259e-04   1.7763654e-03
   1.1832511e-01   3.4884252e-01  -1.7220920e-01   6.4404534e-03   2.8435760e-04   1.7370267e-03
   1.4660179e-01   3.4834393e-01  -1.8550077e-01   6.9880059e-03   4.7804398e-05   2.0856488e-03
   1.2126299e-01   3.3146068e-01  -1.4242997e-01   5.6247907e-03   4.5688546e-04   1.5776761e-03
   1.2129432e-01   3.4136680e-01  -1.3969828e-01   6.7284745e-03   1.9078407e-04   2.0967815e-03
   1.2575699e-01   3.1812862e-01  -1.2408772e-01   6.5642495e-03  -3.7953066e-04   1.9793479e-03
   1.2557476e-01   4.4644645e-01  -1.4859656e-01   6.3735562e-03  -1.4036994e-04   1.9444567e-03
   2.0528044e-01   5.4229776e-01   4.6567306e-02   8.4266296e-04   9.8946307e-04   4.0254689e-04
   2.0540202e-01   4.3416483e-01  -1.6706918e-01   2.2763536e-03   8.2170209e-04   1.9382225e-04
   1.6451560e-01   4.3901548e-01  -1.6358299e-01   4.9224615e-03   5.8426496e-04   9.7008618e-04
   1.5089853e-01   3.9371654e-01  -2.3600693e-01   4.5298322e-03   7.6319187e-04   8.8560334e-04
   1.5002547e-01   4.4810999e-01  -3.9316718e-01   4.7884521e-03   6.1849721e-04   1.2951046e-03
   1.2740602e-01   4.1605767e-01  -4.3602647e-01   3.8575697e-03   8.1432632e-04   1.4320158e-03
   1.2794079e-01   4.3372266e-01  -3.7602699e-01   3.5219590e-03   2.6401121e-04   1.4365720e-03
   1.4855018e-01   3.9880038e-01  -9.0174238e-02   2.0182754e-03  -6.5060871e-05   7.3755713e-04
   1.5116831e-01   3.8541099e-01   1.0609049e-01   5.4339275e-04   4.1846027e-04   1.8024249e-03
   1.7034773e-01   4.2481482e-01  -1.2935996e-01   1.9847779e-03  -5.0236630e-04   1.2618280e-03
   1.6083322e-01   4.4014722e-01  -2.6978044e-01   3.0856943e-03  -9.5769682e-04   1.1926929e-03
   1.6089924e-01   4.6480032e-01  -2.3625224e-01   3.3736630e-03  -7.2514732e-04   1.5906531e-03
