   0.0000000e+00   0.0000000e+00   0.0000000e+00   0.0000000e+00   0.0000000e+00   0.0000000e+00
   3.3138786e-02   3.4189663e-01   4.0920980e-01  -5.3394948e-04   1.3815051e-03   4.9814360e-04
   1.4397117e-02   2.0672245e-01   3.0417192e-01  -8.2689732e-04   1.3178006e-03   5.6123959e-04
   9.1285607e-02   7.6915747e-02   4.5217479e-02  -4.0307933e-04   1.9976538e-04   8.7141753e-04
   6.6968380e-02   9.9235605e-02   2.6264728e-01   7.6765834e-05   1.4201938e-03   8.0438728e-04
  -1.2646995e-03   1.7089814e-01   2.1344843e-01  -3.9634821e-04   8.3814659e-04   6.1756449e-04
   2.0895179e-02   1.0558608e-01   1.4223924e-01  -1.7683876e-04   4.8179626e-04   2.1475277e-04
  -2.0806955e-02   2.9540386e-02   8.2690725e-02   2.6189355e-04   1.1622349e-04   3.5001357e-04
  -8.5450035e-03   4.0627644e-02   1.2878043e-01   3.5190849e-04   1.6926273e-03   6.0356871e-04
  -1.4018125e-02   1.1421969e-01   1.8265076e-01   1.5753184e-03   1.9955218e-03   1.0481439e-03
   1.4224688e-02   1.2893590e-01   2.2401687e-01   1.4163127e-03   4.3934670e-04   1.4837331e-03
  -6.7838865e-02   6.0546849e-02   1.6305688e-01  -8.1135705e-04   7.4243264e-04   8.1786679e-04
   5.7135902e-02   7.0947821e-02   2.3201749e-01  -9.1912494e-04   8.7085910e-04   1.3923165e-03
   2.9341891e-02   1.4468363e-01   3.6207380e-01  -7.6621379e-04   8.7705588e-04   1.6274663e-03
   8.8580225e-02   3.8284286e-02   1.9311703e-01   1.0492205e-03  -8.1673876e-05   1.8252605e-03
   2.9983424e-04   3.5723104e-02   2.2765505e-01   3.2779645e-04   8.3320920e-04   9.2770031e-04
   6.1934914e-02   3.2494332e-02   1.5054213e-01  -1.0055429e-03   5.9541313e-04   1.4686792e-03
  -9.1472516e-02   1.1903498e-01   4.4270434e-01   1.2984748e-03   1.7571885e-03   1.3845570e-03
  -1.7518138e-02   1.2399726e-02   2.1797744e-01  -2.1756537e-04  -6.0044527e-04   2.0594632e-03
   9.3750807e-02   1.6974198e-01   3.6820672e-01  -2.8343332e-04   2.5247193e-03   9.9268591e-04
   6.0417570e-02   3.3087303e-01   7.4725870e-01  -4.6875306e-04   2.7995951e-03   1.2735389e-03
   1.4478194e-01   1.2138258e-01   3.2880848e-01   5.3655396e-04   1.1867851e-03   1.9583394e-03
   8.9653077e-02   1.4346121e-01   2.9805837e-01   1.5436230e-04   1.8264198e-03   1.2012643e-03
   9.2910289e-02   6.5385194e-02   3.1717272e-01  -5.6315117e-04   2.0239598e-03   1.1632442e-03
   1.0894497e-01   7.9133865e-02   3.1896553e-01   2.8885318e-04   2.1883094e-03   1.1703941e-03
   8.9551317e-02   1.0256940e-02   1.6836148e-01   2.6090374e-04   2.4468100e-03   9.4258126e-04
   1.6276949e-01   1.7291090e-01   2.9161464e-01   1.7254230e-03   3.4656918e-03   1.7769148e-03
   1.7345200e-01   9.1687507e-02   2.5552284e-01  -3.4417187e-05   2.7120674e-03   2.2390472e-03
   1.3574688e-01   2.9541807e-01   3.1847900e-01   1.3158275e-03   4.1054938e-03   1.4603202e-03
   1.1353584e-01   2.7744318e-01   2.4294325e-01   2.0603602e-03   4.0800919e-03   1.9024376e-03
   1.2218119e-01   1.1162041e-01   9.3880194e-02   1.6276981e-03   3.1084224e-03   2.3537980e-03
   9.6985580e-02   1.2958401e-01   2.2151810e-01   1.1196147e-03   3.4561557e-03   1.4458928e-03
   1.4240569e-01   1.7709986e-01   5.1559536e-02   1.4804321e-03   3.2918106e-03   2.4337937e-03
   1.3896464e-01   1.5365937e-01   1.4618216e-01   1.7210922e-03   3.5572034e-03   2.0215301e-03
   1.4193607e-01   2.2861135e-01   1.5781465e-01   1.1425852e-03   4.0486795e-03   2.4037817e-03
   1.2812052e-01   2.9690786e-01   1.6680251e-01   1.9899583e-03   4.3027600e-03   2.2036459e-03
   1.5289240e-01   1.6582882e-01   1.2968719e-01   1.8623382e-03   3.6352260e-03   2.6024680e-03
   1.3179985e-01   1.7740618e-01   1.1504494e-01   2.0788305e-03   3.8963634e-03   2.0131019e-03
   1.2994893e-01   1.6741584e-01   1.0435236e-01   1.7208665e-03   3.7182133e-03   2.3393896e-03
   1.0909340e-01   1.5293841e-01   1.3195074e-01   1.1046135e-03   3.9945889e-03   1.7711118e-03
   1.3441116e-01   2.1770343e-01   1.8368234e-01   8.9253021e-04   3.8921256e-03   2.0774305e-03
   1.3408053e-01   1.6738279e-01   6.0304657e-02   1.2277219e-03   3.7531785e-03   2.0708754e-03
   1.2759836e-01   2.6297921e-01   2.4775614e-01   1.2521751e-03   4.5980353e-03   1.9449423e-03
   1.3329689e-01   1.9226441e-01   1.2879403e-02   2.2140211e-03   3.6956206e-03   2.0904188e-03
   1.2122955e-01   2.2837762e-01   1.3040989e-01   2.3685949e-03   4.2877079e-03   1.8677665e-03
   1.1639073e-01   1.5846521e-01  -1.7434772e-02   2.7258269e-03   3.9487563e-03   2.0897679e-03
   1.2066997e-01   2.8617822e-01   3.0683843e-01   1.3935410e-03   4.7870151e-03   1.4557306e-03
  -1.8128405e-03   5.6213708e-01   5.2759783e-01   6.2831577e-04   5.1776193e-03   2.4095450e-04
   1.1863119e-01   2.6021435e-01   1.4841097e-01   1.8775944e-03   4.1051059e-03   9.1427830e-04
   1.4288295e-01   1.9144469e-01  -7.0686365e-03   2.3191370e-03   4.1095214e-03   1.5281894e-03
   1.3360321e-01   2.1930053e-01   7.7980847e-03   1.7469485e-03   4.0195938e-03   1.0099063e-03
   1.3412231e-01   1.7858152e-01  -1.1556891e-01   2.8145873e-03   3.9722862e-03   1.0260869e-03
   1.4697256e-01   2.1162799e-01   1.9823743e-01   1.4028736e-03   4.0441609e-03   9.2516680e-04
   1.2644002e-01   1.3296402e-01   8.6607686e-03   1.8724392e-03   3.6591055e-03   1.0871147e-03
   1.3446973e-01   1.7549579e-01   9.6374063e-02   2.8167044e-03   4.6952584e-03   1.1831322e-03
   1.1276375e-01   3.4328639e-01   2.9954833e-01   1.6109989e-03   4.7763349e-03   1.3365503e-03
   1.6250691e-01   2.0365450e-01  -6.5691943e-02   2.9201043e-03   3.7946566e-03   2.2706617e-03
   1.5799447e-01   2.2035034e-01   4.2452604e-02   2.5232360e-03   4.5302583e-03   2.2288181e-03
   1.8239318e-01   1.5651290e-01  -1.3274862e-01   3.8011743e-03   4.1042717e-03   2.8609921e-03
   1.6008514e-01   3.0540241e-01   6.3413474e-02   4.2120690e-03   4.4024602e-03   2.6815419e-03
   1.5590749e-01   3.3598309e-01   9.4947144e-02   1.5095434e-03   4.7538608e-03   2.8139040e-03
   1.2177693e-01   2.3974706e-01   9.6377729e-02   1.6097907e-03   4.1385025e-03   1.7395907e-03
   1.1789276e-01   1.8026685e-01   3.0330670e-02   1.9954114e-03   5.1291352e-03   2.7586510e-03
   1.3170846e-01   3.4577583e-01   1.4999280e-01   3.5725074e-03   4.2799197e-03   3.2385589e-03
   1.1503288e-01   2.8044327e-01   1.1409187e-01   2.3952814e-03   5.2274561e-03   2.9193242e-03
   1.4611650e-01   2.1254944e-01  -8.8592484e-02   3.5814169e-03   4.7415000e-03   3.1890823e-03
   1.4946968e-01   2.2225192e-01  -2.1905187e-02   3.1246879e-03   4.8680686e-03   3.2840956e-03
   1.3595514e-01   2.0744720e-01  -1.0725558e-01   4.2360717e-03   4.7978100e-03   2.8615143e-03
   1.2914544e-01   3.1486749e-01   1.3704563e-01   3.2466911e-03   5.5012098e-03   3.2799437e-03
   1.5098697e-01   2.4079962e-01  -1.5401684e-01   4.8531972e-03   4.7546140e-03   3.6365944e-03
   1.3015228e-01   3.5370251e-01   1.3567022e-01   4.7280329e-03   5.5008186e-03   3.8007063e-03
   1.6897741e-01   2.8290045e-01  -3.4728718e-02   5.0771711e-03   4.9820003e-03   3.9123585e-03
   1.5467226e-01   3.0313355e-01   1.4992014e-01   4.2935366e-03   6.0878626e-03   3.7921817e-03
   3.4649770e-02   6.7983607e-01   4.2881702e-01   3.4881523e-03   6.8057432e-03   3.1202632e-03
   2.1758270e-01   4.3929187e-01   2.7338281e-01   4.4000884e-03   5.4566525e-03   4.6220962e-03
   2.0973367e-01   2.6274448e-01   9.8031475e-02   4.9866896e-03   5.4076030e-03   4.2787088e-03
   1.9145357e-01   2.6269133e-01  -4.4290978e-02   7.4894382e-03   5.1744879e-03   4.2115803e-03
   1.8557708e-01   2.0498467e-01  -3.4790035e-03   5.6554648e-03   5.4684858e-03   4.1638750e-03
   1.9327745e-01   2.1640989e-01  -2.0029659e-02   5.9365304e-03   5.7239409e-03   4.5349833e-03
   2.0259069e-01   1.9326335e-01   8.3842024e-03   4.5484324e-03   5.8446631e-03   4.2340658e-03
   1.8227091e-01   4.3828106e-01   3.6083396e-01   4.1761452e-03   7.0779006e-03   4.4309167e-03
   1.8975895e-01   3.5453370e-01   1.5795927e-01   3.7872697e-03   6.6705361e-03   4.2114552e-03
   1.9899091e-01   1.9079345e-01  -9.3169472e-02   4.1395443e-03   4.9725019e-03   4.2173626e-03
   1.4569122e-01   2.7192422e-01   1.3500187e-02   5.0934791e-03   6.2228621e-03   3.7519841e-03
   1.8012704e-01   3.6348170e-01   2.2849882e-01   4.8062560e-03   6.7045182e-03   4.1361651e-03
   1.6473727e-01   3.8777054e-01   3.0508794e-01   3.8112726e-03   8.0020480e-03   4.1049873e-03
   1.5900329e-01   3.0410116e-01   8.4099365e-02   5.2734498e-03   7.0685810e-03   4.0906952e-03
   1.4302586e-01   2.8308256e-01   1.2925705e-01   4.0961974e-03   7.1299826e-03   3.9725408e-03
   1.8168428e-01   3.6793751e-01   2.3246990e-01   5.4384155e-03   7.4444159e-03   4.6227441e-03
   1.1956780e-01   3.3549540e-01   4.4331581e-01   3.0135419e-03   7.9470444e-03   3.5398490e-03
   6.2784549e-02   5.5052599e-01   5.4107166e-01   2.1499893e-03   6.6916454e-03   2.9938948e-03
   1.1491209e-01   3.3509729e-01   2.3996800e-01   4.7720217e-03   5.9726000e-03   3.8750361e-03
   9.8951872e-02   3.2360531e-01   2.1747080e-01   3.6358789e-03   6.1666732e-03   3.6598843e-03
   1.1550287e-01   2.3672767e-01   2.9074861e-01   5.2028449e-03   6.4467946e-03   3.6471227e-03
   7.7576974e-02   3.5255904e-01   4.6446956e-01   2.9029789e-03   6.9643809e-03   3.6176986e-03
   5.9033710e-02   3.4989006e-01   2.6444649e-01   4.4148948e-03   7.1234512e-03   3.6209452e-03
   7.7332827e-02   2.9236920e-01   3.9599333e-01   3.1174190e-03   6.8055381e-03   3.3343733e-03
   8.7000497e-02   3.3121066e-01   3.7114584e-01   3.6120963e-03   7.0043359e-03   4.2120798e-03
   1.4351043e-01   2.5789557e-01   3.3075905e-01   3.6515388e-03   6.6737215e-03   4.2844762e-03
   1.1909623e-01   4.2217822e-01   5.7197423e-01   2.1307868e-03   6.7635855e-03   3.9971557e-03
   1.2907899e-01   4.2823357e-01   4.1016897e-01   3.4861971e-03   6.8367837e-03   4.0242322e-03
   1.3941257e-01   3.6312113e-01   3.7141237e-01   3.5388459e-03   6.7267654e-03   4.2468106e-03
   1.2422351e-01   2.7428466e-01   3.5179124e-01   3.7054279e-03   6.5321943e-03   3.9136473e-03
   7.9248169e-02   4.7671225e-01   5.7459163e-01   3.4747020e-03   6.5182304e-03   3.6478080e-03
   9.0587526e-02   4.7799339e-01   3.6599360e-01   4.6215165e-03   6.5177407e-03   3.5613964e-03
   1.2808702e-01   3.4904897e-01   3.5816553e-01   3.9727226e-03   5.9492536e-03   3.8917691e-03
   1.3284301e-01   3.7967807e-01   2.1188630e-01   4.0897129e-03   6.4896069e-03   3.9785576e-03
   1.1466273e-01   3.4348743e-01   3.1205520e-01   5.1851560e-03   5.9463111e-03   4.4077991e-03
   1.1603971e-01   3.4373285e-01   2.3510130e-01   2.9677819e-03   6.2032160e-03   4.7650258e-03
   2.4885394e-01   6.7448250e-01   7.9790034e-01   2.7944031e-03   6.4381677e-03   6.3656781e-03
   1.9635230e-01   8.9181156e-01   7.6130889e-01   2.7291300e-03   6.7077530e-03   5.6237119e-03
   3.0063284e-01   6.1154927e-01   3.6197504e-01   4.2486783e-03   5.4242889e-03   6.8178880e-03
   2.8260291e-01   3.7132690e-01   1.8944149e-01   5.0793351e-03   4.7244004e-03   6.8332315e-03
   2.5397907e-01   4.2489112e-01   4.6003604e-02   6.2047073e-03   5.4817080e-03   7.1315316e-03
   2.4910747e-01   3.3338360e-01   1.8524527e-01   5.6882704e-03   5.8513081e-03   6.5731892e-03
   2.1259334e-01   4.4267118e-01   3.8902674e-01   3.4404299e-03   5.9088384e-03   6.4068603e-03
   2.3330091e-01   4.4454796e-01   1.4399387e-01   5.8842653e-03   5.9408091e-03   7.0222930e-03
   2.3327093e-01   4.4024149e-01   6.3880925e-02   5.1771362e-03   5.3816820e-03   7.6072964e-03
   2.3053053e-01   4.2830244e-01   1.3505125e-01   5.3060074e-03   5.6071708e-03   7.2623720e-03
   2.3838297e-01   4.9387782e-01   4.8316757e-01   3.7772598e-03   5.1604732e-03   7.6935854e-03
   1.8807417e-01   6.1424110e-01   4.4794510e-01   3.2562537e-03   5.4877185e-03   7.1862390e-03
   2.1793319e-01   4.9455611e-01   2.2385542e-01   4.8711915e-03   5.3626472e-03   7.6059806e-03
   1.7578302e-01   5.7289406e-01   2.9020092e-01   5.4867381e-03   4.4754684e-03   7.4288962e-03
   3.1137831e-01   3.0956192e-01  -2.0517297e-01   6.4864892e-03   3.1973344e-03   9.1478742e-03
   3.1213384e-01   2.7667878e-01  -3.3506825e-01   7.8338595e-03   3.3402111e-03   9.1437405e-03
   3.0712027e-01   2.9073374e-01   4.0464035e-02   6.1744322e-03   4.2068351e-03   9.6376294e-03
   3.0392266e-01   4.3455206e-01   4.6919015e-01   3.0518715e-03   4.6027537e-03   9.2190010e-03
   3.0190402e-01   5.6649512e-01   3.2149133e-01   3.9799731e-03   4.5728309e-03   9.6823570e-03
   2.8292809e-01   4.5269735e-01   3.5474837e-01   4.5200539e-03   4.2574700e-03   9.1747662e-03
   2.7558082e-01   4.5024349e-01   2.3221705e-01   3.6055082e-03   3.2767889e-03   9.6510331e-03
   2.5865920e-01   6.7781559e-01   5.1511775e-01   4.9244039e-03   4.1515724e-03   8.7000691e-03
   2.7884364e-01   4.8794777e-01   5.1995004e-01   3.9286245e-03   2.7351432e-03   9.1681998e-03
   2.5587371e-01   4.0078492e-01   3.9856396e-01   3.6947435e-03   2.7655354e-03   9.2525546e-03
   1.7756009e-01   4.6409149e-01   6.6503431e-01   4.0605682e-03   3.8472203e-03   8.5301360e-03
   1.4472437e-01   4.0654698e-01   6.0684237e-01   2.4737751e-03   3.4277683e-03   8.1013817e-03
   1.5994213e-01   3.5760108e-01   6.0951908e-01   1.8021928e-03   3.1226887e-03   8.8894633e-03
   1.5799662e-01   3.9391821e-01   5.9472495e-01   2.2066218e-03   3.9901191e-03   9.0932675e-03
   1.4613691e-01   3.1548039e-01   5.8377699e-01   2.4383242e-03   2.8660472e-03   9.0305600e-03
   1.1476344e-01   3.6320457e-01   7.1347706e-01   2.0683334e-03   3.7826467e-03   8.4461719e-03
   9.4698059e-02   3.9587658e-01   6.8674376e-01   2.1198289e-03   2.4455905e-03   8.0417794e-03
   9.9541371e-02   4.0803827e-01   6.8156410e-01   2.5008484e-03   1.9447374e-03   8.4857664e-03
   6.7779621e-02   3.7481598e-01   5.0570898e-01   3.2925649e-03   1.5764619e-03   8.5620821e-03
   2.4063241e-02   3.6025029e-01   6.3018824e-01   2.4254705e-03   1.8471594e-03   7.6176323e-03
  -7.4363817e-03   5.1082949e-01   7.5118696e-01   2.9330375e-03   1.2199099e-03   7.4224425e-03
  -5.5029255e-03   3.9023620e-01   7.8886456e-01   2.2118344e-03   1.7227511e-03   7.1745468e-03
   3.5411653e-02   4.6620790e-01   8.8837716e-01   8.9622525e-04   1.6808851e-03   7.6922095e-03
  -7.9852649e-03   4.4726264e-01   6.9993556e-01   3.3764804e-03   1.6430844e-03   6.8786901e-03
  -1.0849597e-01   8.2756017e-01   8.7923148e-01   2.6556514e-03   1.8874246e-03   5.7003592e-03
  -6.5173093e-02   7.3179897e-01   7.2917748e-01   2.7431143e-03  -1.7577480e-04   6.9415787e-03
  -3.1782163e-02   4.8646885e-01   4.7850250e-01   4.2668856e-03  -4.7164356e-04   6.8645447e-03
  -9.4328178e-02   4.5746405e-01   5.0569371e-01   3.5454890e-03  -7.8203072e-04   6.6835975e-03
  -6.2027062e-02   4.0261998e-01   5.0724584e-01   4.9286691e-03  -8.8554992e-04   6.7787941e-03
  -9.9144489e-02   4.2994324e-01   6.6537456e-01   1.8107317e-03   1.6711029e-04   6.4395645e-03
  -6.5237421e-02   4.0218685e-01   4.9188533e-01   3.6809557e-03  -5.2568987e-04   6.9342900e-03
  -8.0804844e-02   3.7801946e-01   6.9254321e-01   2.0268253e-03  -2.4233491e-04   6.6215453e-03
  -8.2847538e-02   6.0642390e-01   1.0339083e+00   8.8140399e-04   1.6897133e-03   5.8464938e-03
  -4.6872199e-02   5.7152873e-01   8.7775080e-01   3.6180821e-03   1.3020055e-03   6.9779167e-03
  -6.1789809e-02   5.0972618e-01   7.3626188e-01   4.1979404e-03   2.4218481e-04   6.6166084e-03
  -4.3621267e-02   3.9465719e-01   6.7966261e-01   2.2508564e-03  -1.2958163e-03   7.2693635e-03
  -6.1994943e-02   3.7204910e-01   6.8553460e-01   3.2932111e-03  -6.0397209e-04   6.9409029e-03
  -1.0203615e-01   3.2180555e-01   6.7896910e-01   2.6179930e-03  -1.0237248e-03   6.8383823e-03
  -1.1783731e-01   4.1133348e-01   8.5326375e-01   2.9579022e-03   3.7341910e-04   6.3157476e-03
  -1.6426225e-01   5.3856030e-01   9.5269881e-01   1.2376095e-03   1.5550425e-03   6.4214670e-03
  -1.1649153e-01   5.1203861e-01   8.0034823e-01   2.8833641e-03   7.0239801e-04   7.0088208e-03
  -1.2209080e-01   4.7382375e-01   7.1317856e-01   3.0387933e-03   6.3269137e-05   7.2770814e-03
  -1.2798957e-01   4.6293363e-01   6.7796473e-01   2.6108217e-03   9.1782188e-05   7.2868850e-03
  -1.4578936e-01   4.5271573e-01   8.3546962e-01   3.1149864e-03   1.6411661e-04   6.9689024e-03
  -1.5028491e-01   4.6856985e-01   7.2359211e-01   2.7366250e-03   5.4583267e-04   7.1380025e-03
  -1.5521269e-01   4.1087344e-01   8.1646382e-01   1.9883586e-03   3.1630699e-04   6.4928335e-03
  -2.3900066e-01   5.3893944e-01   8.3167869e-01   1.7641444e-03   1.1509685e-03   5.5596634e-03
  -1.7970331e-01   5.5923532e-01   6.6873937e-01   3.0571290e-03   3.0557429e-04   6.7229119e-03
  -1.4293993e-01   4.4870538e-01   6.3260757e-01   3.3997274e-03  -8.2931698e-04   6.7457703e-03
  -1.5390950e-01   4.9537639e-01   7.6043231e-01   2.8376619e-03  -1.0216276e-04   6.6519257e-03
  -1.9295799e-01   5.7198494e-01   7.4025013e-01   2.7061811e-03   1.1473804e-03   6.3128765e-03
  -1.5983616e-01   5.4175810e-01   6.3055127e-01   2.8970027e-03   2.5251761e-05   6.8913546e-03
  -1.9925014e-01   4.4210688e-01   8.1449455e-01   2.3861691e-03  -3.8306686e-06   6.5979274e-03
  -2.5211659e-01   5.2054811e-01   7.4337284e-01   2.3360080e-03  -1.4344059e-04   6.3175241e-03
  -2.0525715e-01   5.0625067e-01   6.0017489e-01   3.7649109e-03  -5.1919764e-04   6.9055919e-03
  -1.7436913e-01   4.3861361e-01   6.9999124e-01   3.0580432e-03  -1.0600861e-03   6.9670726e-03
