   0.0000000e+00   0.0000000e+00   7.1054274e-15   0.0000000e+00   0.0000000e+00   0.0000000e+00
  -2.3660612e-03  -4.4772189e-04  -2.0013144e-03   2.3851373e-04  -3.8465402e-04  -2.1882678e-05
  -7.7075623e-03  -1.0116083e-02   4.1615188e-02  -1.0326306e-03  -3.4312547e-04  -2.9041430e-04
  -1.5515216e-02  -2.6535842e-03   3.3820671e-02  -3.1084709e-04  -6.7482804e-04  -2.4324573e-04
  -1.5713232e-02   7.9132376e-03   1.5569210e-02  -1.6975518e-04  -4.2464808e-04  -2.5809960e-04
  -1.5749058e-02  -2.9741213e-03   3.0701986e-02  -3.3522102e-04  -5.6892978e-04  -1.7685015e-04
  -5.3989607e-03   3.9917021e-02  -3.3945261e-03   4.4457832e-05  -9.8380403e-04  -1.0643072e-04
  -2.1819797e-02   4.7787222e-04   5.4070435e-02  -1.3385962e-03  -5.0479418e-04  -3.9455604e-04
  -2.0421386e-02   2.9894355e-03   5.9482467e-02  -9.4528797e-04  -7.9948632e-04  -3.1965881e-04
  -3.6752889e-02   1.7806475e-02   6.1934186e-02  -1.1860958e-03  -1.1297027e-03  -6.0547378e-04
  -4.8476502e-02   4.5796673e-02   7.6491883e-02  -1.6265223e-03  -1.1629130e-03  -7.1390934e-04
  -4.8573868e-02   4.1793112e-02   9.2691093e-02  -1.8830506e-03  -1.1034332e-03  -6.9188418e-04
  -4.9733147e-02   4.0376484e-02   8.5785340e-02  -1.9598292e-03  -1.0685522e-03  -7.3866434e-04
  -4.8461109e-02   3.0462688e-02   7.2055924e-02  -1.7304883e-03  -1.2577701e-03  -5.8510929e-04
  -4.1041092e-02   5.1128166e-02   7.6743780e-02  -1.8983375e-03  -1.1811555e-03  -5.6033975e-04
  -3.6778270e-02   3.7192206e-02   5.5106019e-02  -1.5713650e-03  -1.4782866e-03  -4.9000912e-04
  -4.7305577e-02   3.2421040e-02   7.8915431e-02  -1.5911400e-03  -1.3300626e-03  -5.1744619e-04
  -6.2198698e-02   4.2258359e-02   8.6819844e-02  -1.8508880e-03  -1.0913844e-03  -8.3597570e-04
  -5.1876636e-02   5.9539228e-02   8.4717630e-02  -1.9333075e-03  -1.1404175e-03  -6.1879111e-04
  -5.2668832e-02   8.2470130e-02   5.8623482e-02  -1.3878257e-03  -1.2004867e-03  -5.7071640e-04
  -4.6099691e-02   8.2077175e-02   6.0996291e-02  -1.4867484e-03  -1.2508280e-03  -3.6811505e-04
  -4.4738005e-02   1.8528084e-02   1.7927224e-01  -3.0066032e-03  -3.2418830e-04  -2.6221000e-04
  -4.1632527e-02   4.0642710e-02   1.6304701e-01  -2.6697132e-03  -9.2763651e-04  -1.3262104e-05
  -3.7105357e-02   6.9149795e-02   1.4156284e-01  -3.3690393e-03  -4.5659029e-04  -9.5479796e-06
  -3.4730812e-02   6.4779271e-02   1.6271434e-01  -3.2313639e-03  -9.5112076e-04   2.1063465e-05
  -3.4422117e-02   9.3808159e-02   1.4966156e-01  -3.8231952e-03  -7.7486519e-04  -3.5483271e-04
  -2.8281900e-02   6.3307617e-02   1.4801719e-01  -3.5561599e-03  -1.4781047e-03  -1.4247722e-04
  -2.1320745e-02   7.7955013e-02   1.5799956e-01  -3.4531581e-03  -1.1858985e-03   1.0104788e-04
  -3.7020657e-02   6.6969178e-02   1.7635269e-01  -3.9730450e-03  -9.9724932e-04  -3.0872746e-04
  -3.6738704e-02   8.8966556e-02   1.9732371e-01  -4.4151809e-03  -9.5297828e-04  -3.2609240e-04
  -3.0487904e-02   1.0594643e-01   1.7936871e-01  -4.4016707e-03  -1.3535081e-03  -2.8522323e-04
  -2.8932663e-02   1.1369615e-01   1.7825277e-01  -3.9747234e-03  -1.0821777e-03  -3.3287561e-04
  -3.2000843e-02   1.1599026e-01   1.8101749e-01  -4.3926330e-03  -1.6355050e-03  -6.3951649e-04
  -3.7394859e-02   9.6560679e-02   1.8976637e-01  -4.4556376e-03  -1.6434331e-03  -4.6810100e-04
  -3.5738613e-02   1.1072539e-01   1.7625308e-01  -4.3839901e-03  -1.5546974e-03  -7.2051805e-04
  -4.8800686e-02   8.7942180e-02   1.8725331e-01  -4.3654199e-03  -1.5641357e-03  -7.2186629e-04
  -4.1302971e-02   9.2934986e-02   1.7469146e-01  -4.2537241e-03  -1.8778622e-03  -5.6056654e-04
  -5.4736018e-02   1.0078468e-01   1.6293432e-01  -4.0925182e-03  -1.7320472e-03  -6.0506967e-04
  -6.8406076e-02   5.5196046e-02   1.1278263e-01  -2.8507650e-03  -1.4068573e-03  -1.1103739e-03
  -1.1817536e-01   1.0408312e-01   2.3452005e-01  -4.7000340e-03  -1.8028741e-03  -1.3456634e-03
  -1.1583529e-01   1.2755503e-01   2.4658593e-01  -5.0019717e-03  -2.1143901e-03  -1.3351256e-03
  -1.0921399e-01   1.3240599e-01   2.2475027e-01  -5.0250426e-03  -2.0142180e-03  -1.7599557e-03
  -9.8662869e-02   1.4407309e-01   2.1497700e-01  -4.4961534e-03  -2.4585820e-03  -1.5909488e-03
  -9.6875734e-02   1.1463700e-01   2.0429281e-01  -4.8252265e-03  -2.6693342e-03  -1.6404877e-03
  -1.1399075e-01   9.7777775e-02   2.4917238e-01  -5.5598258e-03  -2.7061233e-03  -2.1033676e-03
  -1.1488469e-01   1.0426655e-01   2.4197319e-01  -5.4921455e-03  -2.8136071e-03  -2.1410772e-03
  -1.2211376e-01   1.3678950e-01   2.1708275e-01  -5.5211070e-03  -2.9831030e-03  -2.2001238e-03
  -1.2041597e-01   1.4575407e-01   2.1615022e-01  -5.4039204e-03  -3.2697847e-03  -2.1495877e-03
  -1.4512531e-01   1.3721005e-01   2.9076330e-01  -6.4986901e-03  -3.4504244e-03  -2.4640168e-03
  -1.3690389e-01   1.4051420e-01   2.6479005e-01  -5.6826840e-03  -3.5619932e-03  -2.2187412e-03
  -1.4573260e-01   1.4249008e-01   3.1444815e-01  -6.5569616e-03  -3.6957807e-03  -2.2745008e-03
  -1.5859720e-01   1.5922429e-01   3.3827890e-01  -5.0694146e-03  -3.3666988e-03  -2.2013334e-03
  -1.9146581e-01   1.0580970e-01   3.3400764e-01  -5.4853713e-03  -3.6050696e-03  -2.7520605e-03
  -1.8715931e-01   1.2216097e-01   2.9927809e-01  -5.7280936e-03  -3.4292644e-03  -2.7565780e-03
  -2.1251664e-01   1.0807935e-01   3.3020456e-01  -6.2187107e-03  -3.8279880e-03  -3.3429961e-03
  -2.0918242e-01   9.6225110e-02   3.5899900e-01  -6.4382748e-03  -4.0542442e-03  -3.0875419e-03
  -2.1105464e-01   1.1991237e-01   3.3579297e-01  -6.4772666e-03  -4.1536839e-03  -3.2940885e-03
  -2.3726839e-01   1.0713656e-01   3.7237845e-01  -6.8674927e-03  -4.4694646e-03  -3.6459561e-03
  -2.0858268e-01   1.1940090e-01   3.3354860e-01  -6.5134535e-03  -4.4653277e-03  -3.3341017e-03
  -2.2508460e-01   1.0741000e-01   3.4796272e-01  -6.8067326e-03  -4.6887307e-03  -3.7103700e-03
  -2.2394641e-01   1.3874553e-01   3.4129699e-01  -6.8458952e-03  -4.7087491e-03  -3.5861756e-03
  -2.3354179e-01   1.0724219e-01   3.5510619e-01  -6.9319499e-03  -4.7053862e-03  -3.6801551e-03
  -2.4049765e-01   1.1530187e-01   3.6440182e-01  -6.5525508e-03  -4.4959594e-03  -3.7723435e-03
  -2.3804934e-01   1.2391706e-01   3.3879336e-01  -6.0433568e-03  -4.5209547e-03  -3.5383293e-03
  -2.5088964e-01   1.2014275e-01   3.8210719e-01  -7.2313958e-03  -4.6346616e-03  -3.8053227e-03
  -2.6645138e-01   1.1621652e-01   3.5741867e-01  -6.8322121e-03  -4.7824437e-03  -3.9833398e-03
  -2.8481268e-01   1.2638836e-01   3.9944128e-01  -7.4265522e-03  -4.5106236e-03  -4.2572003e-03
  -2.7717130e-01   1.5038418e-01   3.5471535e-01  -6.6920246e-03  -4.9183007e-03  -4.1842364e-03
  -2.5091331e-01   1.0420829e-01   3.1513002e-01  -5.9417306e-03  -4.0348799e-03  -3.8164254e-03
  -2.8394348e-01   1.5613943e-01   3.7007187e-01  -6.6014183e-03  -4.5393702e-03  -4.1872496e-03
  -2.7704179e-01   1.5447159e-01   3.8508196e-01  -6.9998498e-03  -4.5192468e-03  -4.3078821e-03
  -2.9885970e-01   1.5829946e-01   4.2872556e-01  -7.7073041e-03  -4.7008580e-03  -4.6912004e-03
  -2.9545981e-01   1.4714297e-01   3.9166867e-01  -7.2646761e-03  -4.7152118e-03  -4.2672339e-03
  -2.9814503e-01   1.3271729e-01   4.1708726e-01  -7.4536247e-03  -5.1696047e-03  -4.3666316e-03
  -2.8833698e-01   1.2948646e-01   4.3498612e-01  -7.9631056e-03  -4.3681859e-03  -4.2557094e-03
  -3.0190849e-01   1.3218403e-01   4.6133708e-01  -8.3239063e-03  -4.6469772e-03  -4.4675793e-03
  -2.9979751e-01   1.6860019e-01   5.0654371e-01  -8.5440923e-03  -4.0224145e-03  -4.2183658e-03
  -3.0099820e-01   1.5887559e-01   4.5570594e-01  -7.3534798e-03  -4.2155824e-03  -3.9858072e-03
  -3.0198399e-01   2.0702116e-01   4.4539828e-01  -8.0156659e-03  -4.1252745e-03  -4.3480516e-03
  -3.0614202e-01   1.4987204e-01   4.5029946e-01  -7.9988944e-03  -4.7415603e-03  -4.2500684e-03
  -3.0838021e-01   1.6943734e-01   4.6398525e-01  -8.3471046e-03  -4.9407606e-03  -4.3252685e-03
  -3.1404030e-01   1.3441636e-01   4.6946213e-01  -8.5818037e-03  -4.7272174e-03  -4.4820651e-03
  -3.1546924e-01   1.3893381e-01   4.8184872e-01  -8.9566141e-03  -4.7293486e-03  -4.6023627e-03
  -3.0857271e-01   1.9863601e-01   4.3644774e-01  -8.0689503e-03  -4.8937926e-03  -4.5335618e-03
  -3.0810775e-01   2.0481865e-01   4.2803789e-01  -8.1965861e-03  -4.9206005e-03  -4.6163870e-03
  -3.0373026e-01   1.8525632e-01   4.3987604e-01  -8.4482655e-03  -4.9898584e-03  -4.5816958e-03
  -3.1961249e-01   1.7143221e-01   4.8920834e-01  -9.1972551e-03  -4.8512624e-03  -4.7060803e-03
  -3.1345305e-01   1.6064353e-01   4.6827038e-01  -8.4121400e-03  -5.3684862e-03  -4.6811681e-03
  -3.0578901e-01   1.9579613e-01   3.5151272e-01  -7.0978014e-03  -5.2580366e-03  -4.5451645e-03
  -3.1336113e-01   1.9364671e-01   3.6561105e-01  -7.5530892e-03  -5.5251303e-03  -4.9590281e-03
  -3.0782923e-01   1.7849832e-01   3.8700491e-01  -8.0839431e-03  -5.4003522e-03  -4.9570826e-03
  -3.0098647e-01   1.6576873e-01   4.1033111e-01  -7.4499064e-03  -5.9892471e-03  -4.4631113e-03
  -2.6712832e-01   1.5629770e-01   3.7614636e-01  -5.5758031e-03  -6.0460521e-03  -3.8833306e-03
  -3.2153384e-01   1.6468963e-01   4.2700786e-01  -7.6960625e-03  -5.7898612e-03  -4.5745933e-03
  -2.7701275e-01   1.6629213e-01   3.4990839e-01  -5.9498594e-03  -5.9904742e-03  -4.0268295e-03
  -3.2553576e-01   1.5941963e-01   4.1718844e-01  -7.8046528e-03  -5.8142463e-03  -4.9459731e-03
  -3.2708511e-01   1.7622240e-01   4.7116938e-01  -7.9657061e-03  -6.2715746e-03  -4.7544922e-03
  -3.2183938e-01   1.7471943e-01   4.4638532e-01  -7.6983830e-03  -6.1310478e-03  -5.0381533e-03
  -3.2761226e-01   1.9080803e-01   4.2615536e-01  -7.3534368e-03  -6.0918498e-03  -5.1437766e-03
  -3.4430148e-01   1.4201604e-01   4.7769353e-01  -8.5559456e-03  -5.7373748e-03  -5.4193250e-03
  -3.3227606e-01   1.9555133e-01   4.6743459e-01  -8.0550258e-03  -5.6689569e-03  -5.2977241e-03
  -3.3347063e-01   1.8181141e-01   4.8220527e-01  -8.5253670e-03  -5.6024798e-03  -5.3316409e-03
  -3.4042011e-01   2.1480290e-01   4.7877663e-01  -7.8267211e-03  -5.4573964e-03  -5.5880182e-03
  -3.3643171e-01   2.1058152e-01   4.8200038e-01  -8.7914226e-03  -5.2450641e-03  -5.3065513e-03
  -3.1947133e-01   2.9689944e-01   5.7395272e-01  -6.5290511e-03  -5.0085170e-03  -4.9959046e-03
  -2.9967866e-01   1.7039221e-01   5.1473422e-01  -6.2187434e-03  -4.5374633e-03  -4.9806623e-03
  -3.4057811e-01   1.6822255e-01   5.3554484e-01  -6.9552976e-03  -5.4452811e-03  -5.3092813e-03
  -3.2913054e-01   1.7665308e-01   5.2332206e-01  -7.2857802e-03  -5.0242322e-03  -5.3705104e-03
  -3.5347072e-01   2.2488134e-01   5.2276733e-01  -7.0764360e-03  -5.7928322e-03  -5.4075717e-03
  -3.5075142e-01   2.1111181e-01   5.2933554e-01  -6.9327432e-03  -5.7092516e-03  -5.7044855e-03
  -3.5942180e-01   1.9988001e-01   5.5291430e-01  -8.2401802e-03  -5.5526265e-03  -5.8950488e-03
  -3.3627231e-01   2.0754434e-01   5.5345195e-01  -7.4150803e-03  -5.6939693e-03  -6.0102269e-03
  -3.5454950e-01   1.8762761e-01   5.6956122e-01  -8.2369095e-03  -5.7579596e-03  -6.0234901e-03
  -3.3906809e-01   2.2479395e-01   5.2679598e-01  -7.6019247e-03  -5.5580105e-03  -5.8177029e-03
  -3.5645043e-01   1.8623965e-01   5.6143914e-01  -7.5503879e-03  -5.2353536e-03  -5.8768857e-03
  -3.3920036e-01   1.9371636e-01   5.1304447e-01  -6.5260003e-03  -5.2135869e-03  -5.5743757e-03
  -3.6724941e-01   2.1284608e-01   5.2654135e-01  -7.2622831e-03  -4.5585451e-03  -5.5724666e-03
  -3.7055800e-01   2.1379615e-01   5.6592026e-01  -7.3521562e-03  -4.6359805e-03  -5.7239055e-03
  -3.4331673e-01   2.2396360e-01   5.2225689e-01  -7.1985644e-03  -4.4493079e-03  -5.5346928e-03
  -3.8292659e-01   2.0079360e-01   5.5340928e-01  -7.9581263e-03  -4.5674891e-03  -6.0572446e-03
  -3.7098695e-01   2.5940813e-01   5.3432259e-01  -7.2525588e-03  -4.5399657e-03  -5.6813178e-03
  -3.9726337e-01   2.4117115e-01   5.5779258e-01  -8.0531658e-03  -4.4611589e-03  -6.2169523e-03
  -3.9252138e-01   2.1950232e-01   5.6247203e-01  -7.6191449e-03  -4.6404566e-03  -5.9255382e-03
  -3.9753081e-01   2.3611674e-01   5.1666676e-01  -7.4647833e-03  -4.7205456e-03  -5.9300455e-03
  -4.0839740e-01   2.4942457e-01   6.2156266e-01  -7.3687000e-03  -4.8649176e-03  -5.7204492e-03
  -4.0022925e-01   2.3126616e-01   5.5201648e-01  -7.0892146e-03  -4.1472261e-03  -5.7766893e-03
  -4.2036785e-01   2.2977308e-01   5.8583597e-01  -8.2104093e-03  -4.6890514e-03  -6.3242187e-03
  -3.9839359e-01   2.5690479e-01   5.5673149e-01  -6.9374747e-03  -4.6063017e-03  -5.7713031e-03
  -4.4977741e-01   2.0859907e-01   6.0487453e-01  -8.2106713e-03  -4.3778767e-03  -6.5019834e-03
  -4.1217751e-01   2.2457277e-01   5.3966382e-01  -7.0611584e-03  -4.2260901e-03  -5.8907702e-03
  -4.2804622e-01   2.1185098e-01   5.3366342e-01  -7.3252282e-03  -3.8940622e-03  -5.9684471e-03
  -4.4048571e-01   2.2187734e-01   6.3263662e-01  -8.1792983e-03  -4.1613743e-03  -6.2526008e-03
  -4.4151360e-01   1.9552133e-01   5.9306156e-01  -8.0582942e-03  -4.2983023e-03  -6.2717030e-03
  -4.7659136e-01   1.8312552e-01   6.9048242e-01  -9.2396056e-03  -4.6908047e-03  -6.6105680e-03
  -5.0052157e-01   1.8326222e-01   6.0736334e-01  -8.1651562e-03  -5.1238497e-03  -6.7848546e-03
  -4.7522563e-01   2.7604970e-01   6.5121988e-01  -7.4411227e-03  -5.2298509e-03  -6.1393253e-03
  -4.6752437e-01   2.0248907e-01   7.0519963e-01  -8.3157111e-03  -4.0223202e-03  -6.2218527e-03
  -4.8755924e-01   1.9893932e-01   7.2081805e-01  -8.9911868e-03  -3.8602875e-03  -6.3060183e-03
  -4.7163503e-01   1.9866397e-01   6.7157058e-01  -8.6642682e-03  -3.8022038e-03  -6.5754573e-03
  -4.9225862e-01   1.4885983e-01   7.2510487e-01  -9.7813639e-03  -3.4501004e-03  -6.6993867e-03
  -4.7982483e-01   1.4542249e-01   7.0314048e-01  -8.8277126e-03  -3.6442894e-03  -6.4179494e-03
  -4.7232048e-01   1.8808295e-01   6.6959682e-01  -8.1380449e-03  -3.9153013e-03  -6.1265400e-03
  -4.7360145e-01   1.8948906e-01   6.8553472e-01  -8.8861342e-03  -3.9144380e-03  -5.9766018e-03
  -5.0025206e-01   1.6484338e-01   7.2490944e-01  -1.0047702e-02  -3.4820364e-03  -6.5224408e-03
  -4.6346222e-01   1.6333307e-01   7.5546153e-01  -9.8436921e-03  -3.8597425e-03  -5.4335238e-03
  -4.6471080e-01   1.7275541e-01   7.3152101e-01  -9.6316663e-03  -3.5044672e-03  -5.6840606e-03
  -4.5973597e-01   1.8047691e-01   7.1878562e-01  -9.3670194e-03  -3.9203066e-03  -5.5280399e-03
  -4.4616350e-01   1.9332263e-01   6.7646842e-01  -8.3081708e-03  -3.6301379e-03  -5.4204986e-03
  -4.7859219e-01   1.6351394e-01   7.4164266e-01  -1.0067073e-02  -3.4892101e-03  -5.7844352e-03
  -4.6315555e-01   1.9387632e-01   7.1026969e-01  -8.8035056e-03  -3.3798033e-03  -5.5215180e-03
  -4.7140141e-01   2.2302680e-01   5.8489156e-01  -7.3875395e-03  -3.1495220e-03  -5.3772539e-03
  -4.6385997e-01   2.3144839e-01   6.1806055e-01  -7.3143862e-03  -3.9747651e-03  -5.0909976e-03
  -4.6560581e-01   2.4653199e-01   6.1779851e-01  -7.8339934e-03  -3.0071094e-03  -5.3659221e-03
  -4.8112963e-01   1.9373804e-01   7.0142905e-01  -8.9210323e-03  -3.4451276e-03  -5.3256834e-03
  -4.7566202e-01   2.2923702e-01   6.4278957e-01  -8.6239049e-03  -3.5882187e-03  -5.4879101e-03
  -4.8066206e-01   2.3261207e-01   6.6899575e-01  -9.5354945e-03  -3.5706102e-03  -5.4950546e-03
  -4.6295460e-01   2.2360698e-01   6.7435957e-01  -8.8438151e-03  -3.0401747e-03  -5.3679835e-03
  -4.9049049e-01   2.1290116e-01   6.8559425e-01  -9.6325344e-03  -3.3270259e-03  -5.8203586e-03
  -4.6614558e-01   1.9976824e-01   6.2072842e-01  -8.7413150e-03  -3.4176721e-03  -5.6985108e-03
  -4.6729803e-01   2.1140448e-01   6.2309369e-01  -8.9603637e-03  -3.1042152e-03  -5.6282627e-03
  -4.6149229e-01   2.3422278e-01   6.7450103e-01  -8.7971449e-03  -3.0692911e-03  -5.3144396e-03
  -4.4526088e-01   2.4200191e-01   6.3387815e-01  -7.2470118e-03  -2.7728004e-03  -4.7852816e-03
  -4.6442544e-01   2.1978569e-01   6.9976437e-01  -8.6448359e-03  -2.8735837e-03  -5.3513808e-03
  -4.4306427e-01   2.1840285e-01   6.8681002e-01  -8.3961747e-03  -2.8436066e-03  -5.1719865e-03
  -4.7585340e-01   1.8652914e-01   7.0621407e-01  -9.2887593e-03  -2.8903697e-03  -5.5634677e-03
  -4.5969692e-01   2.3443218e-01   7.1081983e-01  -8.8721203e-03  -3.2132225e-03  -5.4886307e-03
  -4.9498948e-01   2.0911325e-01   7.1634665e-01  -9.4385671e-03  -3.0572804e-03  -5.8205473e-03
  -4.8316905e-01   1.8855468e-01   7.4282623e-01  -9.2935229e-03  -3.2509496e-03  -5.2067997e-03
  -4.7928558e-01   2.0985982e-01   7.1724201e-01  -9.6251097e-03  -3.6649905e-03  -5.5125987e-03
  -4.6831777e-01   2.1264253e-01   7.1275987e-01  -9.2365953e-03  -3.5476000e-03  -5.3873252e-03
  -4.4958837e-01   2.0049289e-01   5.5640373e-01  -7.2096969e-03  -3.4306574e-03  -4.9754166e-03
  -4.8487848e-01   2.2373782e-01   6.5003781e-01  -8.9292799e-03  -3.5992835e-03  -5.4976660e-03
  -4.7327233e-01   2.2686173e-01   6.3853052e-01  -8.0783588e-03  -3.6065221e-03  -5.5902333e-03
  -4.9767702e-01   1.8605698e-01   7.0575075e-01  -9.5861686e-03  -3.6422543e-03  -5.7542831e-03
  -5.1688561e-01   2.6096996e-01   6.9640799e-01  -8.5250350e-03  -3.6974724e-03  -5.6572060e-03
  -5.0629323e-01   2.2343013e-01   7.0056038e-01  -8.3560280e-03  -3.2668596e-03  -5.4423367e-03
  -5.0168893e-01   2.4311893e-01   7.4632495e-01  -9.2418566e-03  -3.4229486e-03  -5.4886525e-03
  -4.9561645e-01   2.4716022e-01   7.3095551e-01  -8.8577160e-03  -3.2545092e-03  -5.2956555e-03
  -4.6344628e-01   2.0947275e-01   7.3368262e-01  -8.3593314e-03  -3.2234372e-03  -5.3849540e-03
