   0.0000000e+00   0.0000000e+00   7.1054274e-15   0.0000000e+00   0.0000000e+00   0.0000000e+00
   1.0050261e-01  -5.9836130e-02   2.8686383e-01   3.2558596e-04   1.7665424e-03  -1.0196053e-03
   6.7107082e-02   1.9276078e-02  -2.5918788e-02   7.2231385e-04   2.0574482e-03  -9.3347967e-04
   7.5094485e-02   4.8558488e-02  -1.1947765e-01   3.5289559e-03   3.6116154e-03   5.2055602e-04
   9.5011623e-02  -2.6745290e-02  -2.3508682e-02   1.9366760e-03   4.5095790e-03   2.0156210e-04
   1.0512732e-01   3.7101013e-02   1.7462290e-02   2.0625153e-03   4.3604801e-03   5.4399136e-04
   1.2228941e-01  -1.7119496e-02   2.7485892e-01  -3.3746142e-04   6.0885549e-03  -3.0516266e-04
   1.4623603e-01  -5.2411176e-02   4.9103534e-01  -3.7634720e-03   6.1656160e-03   3.4297493e-05
   2.4473959e-01  -4.0168370e-02   5.5025187e-01  -5.3902549e-03   3.6756626e-03  -1.1166150e-03
   1.9755748e-01   1.9120405e-02   1.8801283e-02  -1.0343487e-03   3.5060250e-03   8.0277302e-04
   2.4735971e-01   1.1886958e-02   1.2687439e-01   9.9570640e-04   2.1106285e-03   6.8073623e-04
   1.9384801e-01   1.5702732e-02   1.4199145e-01  -1.9149451e-03   3.1500385e-03   2.9294964e-04
   2.1167464e-01   1.7234034e-02  -1.5683426e-01   1.1603709e-03   2.9155003e-03   1.8511327e-03
   2.2899567e-01   6.8659067e-02  -1.0865447e-01  -1.5770177e-03   5.5226992e-03   8.1428847e-04
   1.2444558e-01   3.3692673e-03  -1.5334093e-02  -1.5080332e-04   4.9297793e-03  -1.2511978e-03
   6.8388655e-02   4.8977941e-02  -2.9409647e-01   2.7342354e-03   3.5412194e-03  -1.0574777e-03
   8.3601055e-02   3.1433730e-02  -1.5298849e-01   5.5407739e-04   4.6659918e-03   3.4104602e-05
   1.3026687e-01   4.6802371e-02  -2.3646359e-01   3.4215058e-03   5.9323302e-03   9.7679320e-05
   1.3463474e-01   3.6094803e-02  -7.1629466e-02   3.4354166e-03   3.7914912e-03  -4.5828206e-04
   1.2786286e-01  -5.8389199e-03   3.7977541e-02   2.7774394e-03   3.3958916e-03   1.0248372e-03
   1.1595151e-01   9.0025663e-02  -5.1953760e-02   2.0400198e-03   5.8080922e-03   6.7658664e-04
   1.2753957e-01   8.9605836e-02   7.8594329e-02   2.1444330e-03   5.8261489e-03   1.3809463e-03
   2.2518183e-01   2.2468102e-03   2.4053895e-01  -6.9098543e-04   6.3583113e-03   7.2232475e-04
   2.2377274e-01   5.5419596e-02   3.9739464e-02  -2.7351044e-03   6.1695792e-03   8.6620588e-04
   2.8961496e-01   1.4247996e-02   1.1650373e-01  -3.1011887e-03   7.5440965e-03  -2.0696817e-04
   2.8900311e-01  -4.8652560e-03   4.9380821e-01  -4.5095678e-03   5.7490245e-03  -7.5550024e-04
   3.2059987e-01  -2.4596705e-02   3.8879755e-01  -5.5738906e-03   5.6849734e-03   2.3253802e-04
   3.0789365e-01  -9.5597744e-02   4.3875125e-01  -8.5630937e-03   5.2764160e-03  -3.6789924e-04
   2.9128921e-01   2.4091778e-03   4.5604777e-01  -6.1854019e-03   4.9078058e-03  -1.0001475e-03
   2.7089742e-01   6.4354763e-02   2.2235914e-01  -6.5420908e-03   6.1347307e-03  -8.1074035e-04
   2.7492733e-01   2.8464407e-02   1.5308020e-01  -7.8962025e-03   7.1251982e-03  -2.5393332e-03
   2.1098663e-01   2.4039827e-02   4.2203888e-02  -3.3451104e-03   5.2110361e-03  -2.0332125e-03
   3.0631945e-01   1.4079565e-02  -4.0124335e-02  -5.1538500e-03   3.9065900e-03  -3.6064074e-05
   3.2362586e-01   1.1073185e-01  -1.9300662e-01  -4.1261587e-03   3.7616028e-03   1.2070644e-04
   3.6145236e-01   7.2018038e-03  -2.2120531e-01  -4.3064915e-03   6.4817624e-03  -3.7940726e-04
   4.2431269e-01   4.2696953e-02  -7.8053441e-02  -9.9367972e-03   5.3773756e-03  -1.0561258e-03
   4.7399499e-01   1.0333439e-01  -7.7223563e-02  -1.0538942e-02   5.1932556e-03  -8.2422986e-04
   4.2198076e-01   3.7852979e-02  -2.2934058e-01  -8.2988373e-03   5.0538956e-03  -2.4458085e-03
   4.0854176e-01   2.9168094e-02  -3.6807301e-01  -4.5097959e-03   2.4303940e-03  -2.3263427e-03
   4.0558490e-01   3.6110721e-02  -4.6449924e-01  -3.0566615e-04   1.0380229e-03  -9.5171294e-04
   3.9202936e-01   5.6338826e-02  -3.6937889e-01  -1.8026663e-03   1.9759857e-03  -1.5412791e-03
   4.4182976e-01   5.6052644e-02  -2.3222649e-01  -4.7864622e-03   2.7934747e-03  -1.3330136e-03
   5.0214121e-01  -2.2381941e-03   7.2829875e-02  -5.5521016e-03   2.1544383e-03  -1.1130602e-03
   4.1370211e-01   3.2960388e-02   1.9372450e-02   3.8161701e-04  -2.9039941e-04   1.0316552e-03
   4.2854079e-01   7.0314549e-02   2.1887490e-01  -2.1084164e-03   6.4522551e-04   4.6700359e-04
   3.9817470e-01   4.3521472e-02   3.3807394e-01  -4.7174717e-03   1.9978612e-03  -1.0883232e-03
   3.8543745e-01   3.7365694e-02   4.2940719e-01  -6.6430916e-03   3.2612930e-03  -2.0120766e-03
   4.2241918e-01   3.0910241e-02   3.8615105e-01  -9.5965027e-03   2.7359247e-03  -2.0837044e-03
   3.0959283e-01   4.9426452e-02   3.8925825e-01  -7.8471023e-03   2.0635980e-03  -3.3595645e-03
   1.8814974e-01   7.5243494e-02   8.3521636e-02  -3.1406478e-03   1.5451478e-03  -3.0994099e-03
   1.9511529e-01   1.8733490e-01   2.0109074e-01  -3.3657084e-03   1.9988780e-03  -3.8342021e-03
   2.2135458e-01   8.8159008e-02   3.5374382e-01  -4.5828181e-03   1.2589216e-03  -3.4689464e-03
   2.8737559e-01   1.0042567e-01   4.1358813e-02  -5.0559802e-03   7.7648044e-04  -3.7170696e-03
   2.4563902e-01   1.0660032e-01  -4.0671194e-01   1.1608681e-03   2.1918406e-03  -3.9678270e-03
   2.9126199e-01   1.3322628e-01  -4.2883692e-01   3.6587280e-03   3.8595223e-04  -1.9838078e-03
   2.8286163e-01   1.0253848e-01  -5.7844368e-01   4.4640360e-03   2.2172161e-03  -1.9122650e-03
   3.3069689e-01  -4.7131329e-03   2.2323060e-01  -3.0207395e-03   1.4727578e-03  -1.5000251e-03
   3.4695635e-01  -1.4447110e-02   5.2225796e-01  -4.9342306e-03   1.1296926e-03  -9.1907527e-04
   3.4828681e-01   3.9014764e-02   4.8327569e-01  -4.9862340e-03   2.6375196e-03  -2.1816822e-03
   3.5601866e-01   5.3039070e-02   3.5606383e-01  -7.6765947e-03   1.9571620e-03  -2.4206147e-03
   3.5265500e-01   1.5244554e-02   4.8967831e-01  -8.5803117e-03   3.0814026e-03  -2.2634517e-03
   3.9933959e-01   5.4942716e-02   4.6336977e-01  -8.9876607e-03   3.2423918e-03  -2.6367497e-03
   4.1133261e-01  -5.4994004e-03   5.6037707e-01  -9.9130973e-03   5.0317424e-03  -3.3626223e-03
   4.0646064e-01   4.5118714e-02   5.1189647e-01  -8.6583468e-03   2.7002608e-03  -2.6834380e-03
   3.5376894e-01  -3.0359852e-03   5.7953675e-01  -7.6839964e-03   2.8153633e-03  -2.3902907e-03
   2.5740535e-01   7.4860537e-02   2.3038644e-01  -4.8540287e-03   2.6270010e-03  -2.6018550e-03
   3.3927057e-01   8.5263710e-02   5.6007420e-01  -8.2116316e-03   3.9665959e-03  -2.9008040e-03
   3.2851737e-01  -1.4597596e-03   4.0612178e-01  -5.5261226e-03   3.4993689e-03  -2.4413831e-03
   3.8693481e-01   1.5000234e-01   4.9099612e-01  -5.3211033e-03   1.7560272e-03  -1.2641907e-03
   3.5772760e-01   2.3949797e-02   8.4649084e-01  -6.7316050e-03  -5.4958672e-04  -1.3343370e-03
   3.6082667e-01   5.7417380e-02   7.0471500e-01  -3.5664314e-03   1.8719573e-03  -1.5271682e-03
   4.3820572e-01   3.9133923e-02   9.2752572e-01  -6.9529070e-03   2.3990887e-03  -1.8865687e-03
   4.2531693e-01  -4.0851372e-03   7.8954879e-01  -8.6403628e-03   3.2130429e-03  -3.2054118e-03
   4.0975035e-01   1.1991347e-01   5.4055905e-01  -5.5727892e-03   2.1756252e-03  -1.6738160e-03
   3.9832931e-01   6.7590082e-03   4.7821827e-01  -2.9762487e-03   9.5297095e-04   2.0370879e-04
   4.1384748e-01   1.0975989e-01   2.9191767e-01  -3.3361575e-03   1.0757407e-03   7.9711968e-04
   3.6119613e-01   1.8993761e-01   1.5188336e-01  -2.9094161e-03   1.8954064e-03   1.0566063e-03
   3.3654569e-01   1.4347522e-01   2.6788920e-01  -2.9827577e-03   3.6281955e-03  -1.5238656e-03
   2.0720208e-01   1.1838448e-01   1.1818128e-01  -1.6969796e-03   2.6804090e-03  -1.3363976e-03
   2.0667974e-01   1.4109088e-01   1.8013399e-01  -3.3934341e-03   5.0061366e-03  -1.5247083e-03
   2.4622419e-01   1.4293494e-01   1.6827623e-01  -1.9892333e-03   4.3716753e-03  -9.8978386e-04
   3.0130445e-01   8.2165152e-02   3.9872308e-01  -4.5476731e-03   5.3717382e-03  -1.5432112e-03
   3.9431205e-01   5.4063970e-02   6.8301242e-01  -9.2843520e-03   3.8774510e-03  -1.8127110e-03
   4.7356237e-01   1.0858325e-01   8.2493735e-01  -1.0714372e-02   3.3831516e-03  -1.2521199e-03
   4.8824388e-01   1.0036699e-01   8.8141087e-01  -1.0329747e-02   4.5144076e-03  -2.0707175e-03
   3.7327124e-01   1.1041544e-01   3.0782079e-01  -6.9303805e-03   4.8321433e-03  -4.4920484e-03
   3.6572454e-01   7.7833754e-02   4.1157397e-01  -8.7543897e-03   5.8534367e-03  -4.1846156e-03
   3.9671372e-01   1.1438777e-01   3.7020770e-01  -9.1759616e-03   4.9367163e-03  -3.1858324e-03
   4.4433216e-01   1.5336116e-01   3.7945491e-01  -1.0080669e-02   6.8253124e-03  -2.8817899e-03
   5.2274284e-01   1.0448385e-01   5.2332241e-01  -8.9455137e-03   5.3447508e-03  -2.3856007e-03
   4.6703314e-01   1.0792498e-01   7.6652690e-02  -2.0913725e-03   3.0964122e-03   2.0457421e-04
   4.2686311e-01   1.6312340e-01   3.1409833e-01  -1.8892583e-03   2.5569086e-03   8.2661142e-04
   3.4379574e-01   1.3088765e-01   9.8946721e-03   1.0056989e-03   3.9625536e-03  -1.0798033e-03
   3.9948065e-01   9.1459388e-02   2.9765067e-01  -4.9138422e-03   5.9744137e-03  -6.5830109e-04
   4.1383192e-01   1.4615347e-01   4.2743745e-01  -5.3497778e-03   5.2214208e-03  -1.4369934e-03
   4.3684745e-01   8.5289174e-02   3.6839645e-01  -5.8113699e-03   8.1268182e-03  -2.1221340e-03
   4.8447625e-01   1.4908014e-01   3.0159759e-01  -9.9986066e-03   6.6694790e-03  -2.1855143e-03
   5.0375154e-01   1.6329837e-01   2.9653424e-01  -1.1473797e-02   6.6485383e-03  -2.1092886e-03
   4.6662511e-01   1.0236457e-01   2.5947617e-01  -1.1206046e-02   6.7657523e-03  -2.6101555e-03
   4.9093651e-01   1.1058485e-01   4.0345184e-01  -1.1751786e-02   6.4166998e-03  -2.6283331e-03
   4.7960545e-01   6.6164895e-02   5.9511264e-01  -1.2771776e-02   6.3576585e-03  -2.7713582e-03
   5.2269941e-01   1.0301966e-01   6.4939433e-01  -1.3663474e-02   6.0115376e-03  -3.0493678e-03
   4.7617476e-01   6.6428178e-02   5.7361020e-01  -1.1419943e-02   5.0057374e-03  -1.6249217e-03
   4.5332278e-01   1.8253512e-01   2.5991801e-01  -7.0963916e-03   3.4837648e-03  -1.3746480e-03
   4.4868349e-01   5.5064308e-02   1.9342568e-01  -6.0144654e-03   4.1681153e-03  -1.4654996e-03
   4.6167782e-01   1.6697639e-01   1.9677617e-01  -7.0857227e-03   1.7048691e-03   2.0622359e-04
   5.0544062e-01   1.1162849e-01   2.2583857e-01  -6.8981468e-03   5.4235685e-03  -1.8017155e-03
   4.9606231e-01   1.4059932e-01   2.2327585e-01  -7.6975877e-03   4.6205559e-03  -1.2081628e-03
   5.4503079e-01   1.9477432e-01   2.6710572e-01  -7.4888344e-03   4.6361012e-03  -1.3990143e-03
   4.9240717e-01   4.0948156e-02   1.5269021e-01  -3.7154887e-03   3.5474154e-03  -1.0959106e-03
   4.4007631e-01   2.0286092e-01   6.0782644e-02   1.9473692e-03   2.0879853e-03   9.3282782e-04
   6.0070362e-01   1.3282890e-01   4.7189501e-01  -4.9954268e-04   5.6038631e-03  -2.4103308e-05
   6.1031999e-01   1.1018682e-01   5.4647133e-01  -3.2770706e-03   5.0238331e-03  -5.0857766e-04
   6.1055443e-01   1.9266851e-01   4.0910039e-01  -4.0092184e-03   7.2948116e-03  -9.9070683e-04
   6.6030890e-01   1.2536799e-01   4.7398380e-01  -7.4497332e-03   7.4834147e-03  -1.5767047e-03
   6.2814268e-01   2.0761517e-01   3.4676312e-01  -6.7412331e-03   7.9200140e-03  -1.5470188e-03
   6.2526310e-01   6.7460860e-02   5.5940458e-01  -8.9334427e-03   8.1619581e-03  -1.5196157e-03
   5.5695853e-01   2.2105110e-01   1.7525364e-01  -4.3202826e-03   6.1129177e-03  -1.3721215e-03
   4.9325730e-01   8.0518417e-02   4.9491891e-01  -3.4248018e-03   4.6046836e-03  -7.8613325e-04
   4.5687817e-01   1.3922584e-01   4.9820123e-01  -5.3141344e-03   4.7127288e-03  -5.0127883e-04
   4.6305555e-01   2.5078704e-01   1.2809673e-01  -9.3556396e-04   3.9241830e-03   4.1633364e-04
   4.9943550e-01   2.1858335e-01   1.0215955e-02  -5.2659470e-03   5.5271337e-03  -5.8285243e-04
   5.6774991e-01   2.0572959e-01  -1.1943641e-01  -6.4886802e-03   6.8333310e-03  -1.3618480e-03
   6.7369115e-01   1.1887632e-01   4.4056865e-01  -9.5270719e-03   9.0093389e-03  -1.6918997e-03
   6.1332986e-01   1.6804391e-01   9.4721951e-02  -3.0809378e-03   5.7631956e-03  -7.2004643e-04
   6.2024434e-01   1.5424077e-01   3.5989415e-01  -4.1877292e-03   4.8890352e-03   8.7223804e-04
   5.8485460e-01   1.9615358e-01   2.0586785e-01  -1.4464728e-03   6.3493602e-03   5.0756245e-04
   6.1002829e-01   1.5792324e-01   2.5243757e-01  -3.1267011e-03   7.0079543e-03   7.4242690e-04
   6.9231608e-01   1.4513963e-01   4.5836501e-01  -9.3252247e-03   7.7346237e-03  -5.1991628e-04
   7.8155409e-01   2.4146375e-01   2.8541495e-01  -8.0232055e-03   8.6108405e-03   5.6846499e-04
   7.6582427e-01   1.5938565e-01   3.6180823e-01  -8.2323173e-03   8.0244343e-03  -1.8461827e-05
   7.4864809e-01   1.6559855e-01   7.4702696e-01  -4.9305039e-03   5.8230614e-03   1.6394602e-04
   6.9511323e-01   1.6659643e-01   5.0040061e-01  -6.7957447e-04   5.2818584e-03   7.8824826e-04
   6.8689038e-01   2.4995765e-01   2.4508195e-01  -2.5675750e-03   3.6954199e-03   2.2144719e-03
   6.6716692e-01   2.3796125e-01   2.8479944e-01  -1.2252824e-03   2.4583550e-03   3.0494892e-03
   6.6401499e-01   2.2115196e-01   5.0721783e-01  -3.4361149e-03   8.2108806e-03   2.7905853e-04
   6.9301735e-01   2.3092017e-01   4.6630460e-01  -7.7888342e-03   8.3316026e-03  -1.1925970e-04
   7.3883546e-01   1.6802676e-01   5.3653430e-01  -9.3234069e-03   8.5747395e-03   2.1519862e-04
   6.4196137e-01   2.3193978e-01   2.0115186e-01  -4.3955788e-03   6.6080308e-03   1.1866748e-03
   5.5999340e-01   1.9630970e-01   1.7586879e-01  -4.6799582e-04   6.3480610e-03   1.5392143e-03
   5.5774837e-01   3.3124337e-01   3.0550992e-01  -2.5230122e-04   5.8471974e-03   1.3366324e-03
   5.2219390e-01   2.2968802e-01  -1.7485051e-01   3.4526891e-03   4.5808629e-03   2.7206814e-03
   4.9073568e-01   3.1913945e-01  -2.1375418e-01   1.2168256e-03   6.6625693e-03   2.5373369e-03
   4.5656206e-01   2.9119586e-01  -2.9989327e-01   2.2111926e-03   7.5460927e-03   2.6368023e-03
   4.9028200e-01   2.8481600e-01  -4.3264888e-03  -5.2661100e-05   1.0053570e-02   1.5431459e-03
   5.3455441e-01   2.0054393e-01   3.2358130e-01  -2.0358698e-03   7.1887032e-03   2.3627662e-03
   5.8267303e-01   2.1271070e-01   3.9451281e-01  -3.4996758e-03   7.6853264e-03  -1.6591959e-05
   6.0685519e-01   1.8632400e-01   3.3979678e-01  -2.2648924e-03   8.0348864e-03  -7.7945167e-04
   4.7761588e-01   2.0146449e-01   2.5911647e-01  -2.3935397e-03   4.7618551e-03   1.5749516e-04
   4.5648538e-01   1.8232335e-01   4.1078199e-01  -3.3894392e-03   5.5106936e-03   6.7438309e-04
   5.0071777e-01   2.2752173e-01   4.2328562e-01  -3.3305838e-03   8.3114090e-03  -1.6218459e-04
   5.9225335e-01   1.2317361e-01   7.0377272e-01  -4.2762559e-03   1.0043668e-02  -4.0652573e-04
   5.1327308e-01   1.7450982e-01   6.4671350e-01  -5.7922723e-03   8.9497383e-03  -9.2521609e-04
   5.9082029e-01   2.1973063e-01   5.1545956e-01  -6.5408978e-03   8.9343790e-03   2.4883310e-04
   5.3787622e-01   3.2967724e-01   2.5679490e-02   1.4218878e-03   7.4010108e-03   3.1458607e-03
   6.1525793e-01   2.7124046e-01   7.6392131e-02   1.2447822e-03   8.9278272e-03   2.5089806e-03
   5.8339513e-01   3.5156686e-01   7.1817267e-02  -2.7911986e-03   8.8504714e-03   1.7266185e-03
   5.5284605e-01   3.1288537e-01   4.3510696e-01  -6.7846278e-03   9.1391987e-03  -2.5553467e-04
   3.1627848e-01   3.6062913e-01  -1.6760023e-03  -4.9418812e-04   7.2630863e-03  -1.3217848e-05
   2.5534419e-01   4.3319182e-01   3.4075544e-02  -2.1904564e-03   7.0128833e-03  -6.1798706e-04
   3.3777840e-01   2.9883342e-01  -4.4950346e-02   1.1399119e-03   6.6187921e-03  -1.0870088e-04
   3.7118847e-01   3.0606845e-01  -2.1472611e-01   2.5751737e-03   6.8121858e-03   8.4549328e-04
   3.4304054e-01   3.9058374e-01  -3.8471713e-01   4.6135159e-03   6.6264047e-03   4.9564099e-04
   4.3633547e-01   3.6702654e-01  -1.8948821e-01   5.8199924e-03   6.7054727e-03   1.7465346e-03
   5.4758095e-01   1.8334150e-01   2.9062316e-01  -2.3779311e-03   6.9782396e-03   1.9437617e-03
   4.1954669e-01   1.0433412e-01   6.0886167e-01  -2.8360380e-03   8.1604886e-03  -1.9803216e-03
   3.9768565e-01   2.1191642e-01   4.8835933e-01  -2.0395365e-03   5.9552400e-03  -7.9173358e-04
   3.9089284e-01   2.3000537e-01   1.8225046e-01   1.3327580e-03   4.9387655e-03   1.0830119e-04
   3.9181723e-01   3.4381219e-01  -6.0545132e-02   3.4560771e-03   5.0577228e-03   7.0685434e-04
   3.9126401e-01   3.6150190e-01  -2.0397728e-02  -9.7042879e-05   6.8053690e-03  -8.8920158e-04
   3.3482153e-01   3.2022821e-01  -1.8220274e-01   4.2805342e-03   6.9005644e-03  -7.8495441e-04
   3.5169480e-01   3.2877280e-01  -4.2407682e-02   3.0700546e-03   8.5530493e-03  -1.4427302e-03
   2.9171159e-01   3.3098299e-01  -6.0335783e-02   2.8311849e-03   8.3652362e-03  -4.1163124e-04
   3.2778999e-01   3.5561734e-01  -7.3435330e-02   2.4515047e-03   7.8750572e-03  -5.2117273e-04
   3.4023893e-01   2.7799529e-01   1.3665702e-01   9.8648861e-04   9.8486994e-03  -1.9987916e-03
   3.6920598e-01   2.6166215e-01   3.3013212e-01  -1.5229315e-03   8.1724149e-03  -1.5288972e-03
   4.5290434e-01   2.1930652e-01   4.6701702e-01  -3.7849111e-03   7.7368844e-03  -1.0507890e-03
   4.3467074e-01   2.1206001e-01   6.0880984e-01  -5.1926951e-03   7.0733749e-03  -1.1275646e-03
   4.2072327e-01   1.8094013e-01   5.7581628e-01  -5.1809918e-03   6.2727211e-03  -1.3031393e-03
