   0.0000000e+00   0.0000000e+00   0.0000000e+00   0.0000000e+00   0.0000000e+00   0.0000000e+00
   2.0255397e-02  -5.2073924e-02  -2.1296358e-01   3.0173747e-03   2.4920459e-04  -2.8300496e-04
   2.9876960e-02  -2.0638383e-02  -1.2130299e-01   2.2386439e-03   7.4027501e-04  -1.7380535e-05
   1.8215281e-02   1.0312691e-02  -1.5942809e-01   2.4901030e-03   7.8439838e-04   3.4815514e-06
   2.2915829e-02  -2.9563828e-03  -1.5329977e-01   3.0856349e-03   9.6837087e-04   4.7057125e-05
   4.8597122e-03   1.4070890e-02  -1.8411170e-01   2.3010722e-03   1.0176370e-03  -3.6572449e-04
  -2.8793716e-03   3.0035104e-02  -1.3441780e-01   3.3697560e-03   5.3315787e-04  -8.4958203e-05
  -2.3035493e-02  -6.9622052e-04  -2.5348154e-01   4.5836387e-03   7.0587272e-04  -2.8010311e-04
   1.5230603e-03  -1.0111934e-02  -1.0954205e-01   3.3574971e-03   8.3686314e-04  -1.5898432e-04
  -4.3895777e-02  -2.1430154e-04  -1.5480190e-01   2.4388353e-03   1.2178775e-03  -6.3776620e-04
   2.0088474e-02  -7.4629629e-02  -1.1124229e-01   4.5209033e-03   5.5500125e-04   4.2814107e-04
  -1.1756088e-01   1.6994092e-01  -2.5315899e-01  -1.1819063e-03   1.0070458e-03  -2.1449359e-04
  -2.8036359e-01   3.5356789e-01  -7.6462592e-02  -9.5649882e-03   3.5779927e-03  -3.7551623e-03
  -3.3424853e-01   2.9192848e-01  -1.2036059e-01  -5.4845780e-03   1.8255987e-03  -3.9223671e-03
  -3.2170090e-01   3.5083909e-01  -1.6776430e-01  -3.6162287e-03   2.3098961e-03  -3.9232624e-03
  -2.8141547e-01   2.9065058e-01  -1.5209158e-01  -2.8981937e-03   2.2144473e-03  -3.5023994e-03
  -2.7083298e-01   3.2592427e-01  -1.8931402e-01  -2.6445293e-03   2.0837510e-03  -3.1037332e-03
  -2.3471750e-01   2.6972363e-01  -1.8059526e-01  -1.5618760e-03   1.7185386e-03  -2.5030407e-03
  -2.6901671e-01   3.2963331e-01  -1.4976884e-01  -1.8023045e-03   2.4523863e-03  -3.3405747e-03
  -2.3022700e-01   1.7271297e-01  -7.2754596e-02  -1.5575738e-03   2.0111389e-03  -3.2087715e-03
  -2.4393002e-01   2.5105961e-01  -1.5354004e-01  -1.2010552e-03   2.5628181e-03  -3.7029316e-03
  -2.1400063e-01   2.0758150e-01  -1.5872930e-01   2.3697716e-04   2.4047706e-03  -3.0931356e-03
  -2.4303829e-01   2.3229672e-01  -9.2949889e-02  -1.5969078e-03   2.7050431e-03  -3.8780363e-03
  -2.7009347e-01   2.4565519e-01   2.5827478e-02  -2.8988526e-03   2.0421955e-03  -3.3488652e-03
  -1.3529057e-01   1.1006131e-01  -1.7834341e-01  -1.6095526e-04   2.2837021e-03  -8.7713845e-04
   3.5513752e-02   7.7598818e-02  -3.6879409e-01   4.4093853e-03   4.2172741e-03  -5.2124192e-04
  -1.0010929e-02   1.0144861e-01  -3.3040202e-01   5.1504322e-03   2.9592274e-03  -2.8417120e-04
   3.8061010e-02   9.9032620e-02  -2.4765660e-01   6.2211561e-03   3.2296916e-03  -4.2189218e-04
   4.9996158e-02   8.2125582e-02  -2.1788817e-01   4.1679459e-03   3.4063740e-03  -7.0077182e-04
  -2.1691282e-02   1.3794943e-01  -4.2079754e-01   6.1542196e-03   4.1639715e-03  -2.2913143e-03
  -1.0113409e-01   4.5661000e-01  -1.1927724e-01   3.6059832e-03   2.9019384e-03  -1.8727324e-03
  -1.3902426e-01   2.2977436e-01  -2.9825576e-01   1.6012899e-03   3.4801719e-03  -3.1458513e-03
  -1.0269052e-01   1.1974775e-01  -3.2818728e-01   4.4304882e-03   3.8239109e-03  -2.9148369e-03
  -1.4402215e-01   1.4693305e-01  -2.6953939e-01   2.8441308e-03   3.4876565e-03  -2.7670626e-03
  -1.3310654e-01   2.0251570e-01  -2.4536721e-01   5.4931164e-03   3.5586427e-03  -2.8082556e-03
  -1.1305035e-01   1.0189333e-01  -3.1685966e-01   5.8794508e-03   3.3786975e-03  -3.1187317e-03
  -9.8643408e-02   7.5670660e-02  -3.1511641e-01   7.0806302e-03   3.2984731e-03  -2.5809454e-03
  -1.0632956e-01   2.9217873e-02  -2.0793052e-01   3.5519339e-03   2.8773728e-03  -2.7338279e-03
  -1.8838862e-01   1.0293270e-01  -2.2920797e-01   6.4256731e-03   2.8764075e-03  -2.5452777e-03
  -3.1969987e-01   5.1391984e-01  -5.0847075e-01   4.3960146e-03   2.6331841e-03  -2.2041777e-03
  -3.3245584e-01   4.3366424e-01  -6.6094919e-01   1.4860525e-03   4.0401277e-03  -4.0580049e-03
  -2.9072608e-01   2.9409587e-01  -5.1912663e-01   3.0434312e-03   4.0890335e-03  -4.4141026e-03
  -2.9078872e-01   3.0949413e-01  -5.6856656e-01   3.7460234e-03   4.6384636e-03  -4.4795282e-03
  -2.8904359e-01   2.8848431e-01  -5.0475720e-01   2.9171014e-03   4.3115706e-03  -4.7588380e-03
  -2.4731474e-01   3.1476151e-01  -3.5861974e-01   4.8347710e-03   5.7308957e-03  -3.5850105e-03
  -2.8245547e-01   9.7507379e-02  -2.5424628e-01   5.3028607e-03   5.1132884e-03  -3.6407497e-03
  -4.5075916e-01   3.3145112e-03  -1.8889528e-01   2.2194234e-03   3.5488484e-03  -5.9513944e-03
  -4.2639575e-01   1.9198892e-01  -4.4162799e-01   5.6659104e-03   3.8115565e-03  -5.0742399e-03
  -3.8886296e-01   2.2143246e-01  -3.2779107e-01   3.2933136e-03   3.8066996e-03  -4.8950779e-03
  -3.6856309e-01   2.3500396e-01  -3.5599273e-01   3.6856784e-03   4.5719020e-03  -4.6932715e-03
  -3.7493995e-01   2.7606421e-01  -4.6692963e-01   6.6662512e-03   4.1672721e-03  -4.7544699e-03
  -3.2624192e-01   2.6698147e-01  -3.5263847e-01   5.7980026e-03   5.2638444e-03  -4.5221925e-03
  -2.9605806e-01   2.1506595e-01  -2.4733608e-01   6.2330832e-03   4.0078743e-03  -4.1677126e-03
  -5.7326421e-01   6.0578909e-01  -2.0630961e-01   3.6381495e-03   1.3509532e-03  -4.6069010e-03
  -6.6376416e-01   4.3804997e-01  -2.6998132e-01  -2.3046465e-03   3.2331476e-03  -5.4650674e-03
  -5.2917761e-01   4.8333967e-01  -4.7683927e-01   3.4121854e-03   2.7400448e-03  -5.0509623e-03
  -5.1714048e-01   4.3667354e-01  -3.3488838e-01  -3.0096458e-04   2.6965737e-03  -5.2073756e-03
  -4.5440504e-01   4.5319588e-01  -4.6661349e-01   2.1911296e-03   3.4426872e-03  -4.9889132e-03
  -4.7101116e-01   3.7196437e-01  -3.2185775e-01  -1.0643703e-04   2.9530537e-03  -5.1178651e-03
  -4.7017256e-01   3.6949395e-01  -3.5789848e-01   8.7945726e-04   3.3928713e-03  -4.7961780e-03
  -4.0003189e-01   3.3203423e-01  -2.9906771e-01   4.3168854e-04   3.2761477e-03  -4.6599080e-03
  -3.9309309e-01   3.9575684e-01  -3.7655258e-01   4.0797125e-03   2.9580625e-03  -4.4895593e-03
  -3.3533893e-01   2.3652402e-01  -1.9258166e-01   1.3283669e-03   3.5200466e-03  -4.6626066e-03
  -3.4987999e-01   4.0143055e-01  -1.8896614e-01   3.1796341e-03   3.2571233e-03  -5.3685423e-03
  -3.7885845e-01   3.6062758e-01  -4.0585144e-01   3.9955934e-03   2.9928986e-03  -5.1468183e-03
  -3.6077043e-01   3.8656876e-01  -3.9130164e-01   5.4390836e-03   3.2382188e-03  -6.3464000e-03
  -3.6347442e-01   2.2553818e-01  -3.1649234e-01   4.5209340e-03   2.7109276e-03  -5.9281645e-03
  -3.3970476e-01   3.5273281e-01  -4.5955530e-01   7.3794888e-03   2.0015911e-03  -5.8317721e-03
  -4.2490043e-01   3.6446634e-01  -4.9649892e-01   6.3779201e-03   2.7578707e-03  -6.7604215e-03
  -4.2503028e-01   2.9915549e-01  -4.7245403e-01   5.3176763e-03   3.5155287e-03  -6.7764759e-03
  -4.1735984e-01   3.4337818e-01  -5.3660255e-01   7.5512921e-03   2.6163040e-03  -6.0980751e-03
  -4.3825554e-01   4.3784706e-01  -6.7955992e-01   9.0220037e-03   2.8302402e-03  -6.2001683e-03
  -4.4889759e-01   2.8642093e-01  -4.7717853e-01   6.2071909e-03   3.8217394e-03  -7.2472937e-03
  -4.5024958e-01   4.4128035e-01  -4.5857921e-01   6.3202161e-03   2.6951106e-03  -6.4524106e-03
  -4.6487045e-01   3.9348372e-01  -3.4153238e-01   6.0964405e-03   2.7764676e-03  -6.2949162e-03
  -3.9694656e-01   2.8968956e-01  -5.3917752e-01   9.1653845e-03   2.5523349e-03  -5.0867390e-03
  -4.7132569e-01   3.8444921e-01  -4.6889734e-01   3.0932790e-03   3.0167952e-03  -6.5503401e-03
  -3.9202288e-01   5.7913980e-01  -6.5453904e-01   7.6085217e-03   2.1459462e-03  -5.0952826e-03
  -4.0078374e-01   3.4394525e-01  -2.0115643e-01  -3.3494726e-04   3.0907805e-03  -6.3822681e-03
  -1.9819571e-01   4.3695786e-01  -8.0373502e-01   8.3509590e-03   2.0079296e-03  -4.4979016e-03
  -6.9532562e-01   4.1977346e-01  -1.9494636e-01   4.7257947e-03   1.5248664e-04  -4.2097389e-03
  -6.5525172e-01   1.1327799e+00  -9.3569615e-01   7.9333725e-03   2.1102614e-03  -5.0668482e-03
  -5.1589652e-01   1.0475470e+00  -1.5040461e+00   8.0344059e-03   4.3046670e-03  -4.9788540e-03
  -5.2152773e-01   5.4858770e-01  -1.1300795e+00   1.7710120e-03   4.1171758e-03  -5.4595819e-03
  -4.8060112e-01   5.2726597e-01  -1.0502096e+00   1.4912177e-03   3.6906457e-03  -4.9940736e-03
  -4.8445731e-01   5.2891301e-01  -9.6214001e-01   3.1091141e-03   3.5666751e-03  -4.7275985e-03
  -4.5959835e-01   4.5148551e-01  -8.8402835e-01   1.8404174e-03   3.8198894e-03  -4.9187062e-03
  -4.4045292e-01   3.5530006e-01  -8.4646344e-01   3.3074170e-03   3.3955764e-03  -4.2186682e-03
  -4.4189839e-01   4.2476025e-01  -7.6792416e-01   2.7080670e-03   3.7155747e-03  -4.8210170e-03
  -5.1455670e-01   4.5987056e-01  -5.9077375e-01   1.6522358e-03   4.1548192e-03  -4.6953058e-03
  -4.6477227e-01   3.2772790e-01  -6.7275148e-01   2.6914884e-03   5.0471829e-03  -5.0267605e-03
  -3.4389712e-01   3.4850213e-01  -5.0196493e-01   6.1292159e-03   3.0437173e-03  -4.6085482e-03
  -2.6070856e-01   2.8961336e-01  -3.5239095e-01   6.0445618e-03   3.6896055e-03  -4.3870564e-03
  -5.2725521e-01   3.5244521e-01  -4.5993846e-01   4.6683197e-03   3.5124047e-03  -5.2013408e-03
  -5.3249482e-01   3.2654017e-01  -5.6096301e-01   4.2978941e-03   4.5358421e-03  -4.6055420e-03
  -6.5849398e-01   6.6634899e-01  -1.0815517e+00   1.5652536e-02   5.2308736e-03  -7.0363185e-03
  -3.9767515e-01   7.3229650e-01  -1.4550373e+00   1.5121144e-02   6.3854385e-03  -5.4274047e-03
  -4.1924780e-01   4.7492936e-01  -9.7502392e-01   3.9881511e-03   5.6638277e-03  -4.4364518e-03
  -3.0125472e-01   4.1806447e-01  -9.6355123e-01   6.0598891e-03   6.3393811e-03  -5.2424846e-03
  -2.7484306e-01   3.4133783e-01  -4.9465272e-01   5.2520721e-03   6.1670055e-03  -4.1835950e-03
  -2.8711436e-01   4.4803403e-01  -4.8255810e-01   4.2539806e-03   6.6527579e-03  -4.5968176e-03
  -3.3720242e-01   3.5125584e-01  -6.2191596e-01   9.5690532e-03   5.3270634e-03  -3.3164523e-03
  -3.4286261e-01   6.5006348e-01  -5.5472185e-01   7.1469227e-03   5.1914111e-03  -3.6284696e-03
  -2.9722900e-01   3.1577194e-01  -3.8027021e-01   2.6441753e-03   6.6144259e-03  -3.7723608e-03
  -2.4478404e-01   2.5782522e-01  -4.0442750e-01   8.3192357e-04   6.7177351e-03  -3.2941262e-03
  -4.8376430e-01   4.7897669e-01  -4.6701757e-01  -1.0345813e-02   5.9362330e-03  -4.5945462e-03
  -4.2470313e-01   5.0884902e-01  -6.0326362e-01  -3.6936465e-03   5.0209493e-03  -3.0973483e-03
  -5.2756263e-01   5.9057376e-01  -6.8011292e-01  -2.7265720e-03   4.5064770e-03  -4.5739249e-03
  -6.3558718e-01   1.3342037e+00  -1.0091396e+00   1.2406128e-02   4.9219551e-03  -7.3079541e-03
  -3.6746000e-01   9.9887841e-01  -9.4769690e-01  -3.1078230e-03   7.1741529e-03  -5.6902983e-03
  -3.4735602e-01   6.6249566e-01  -6.8913759e-01  -4.0019172e-03   6.7988952e-03  -6.0495398e-03
  -3.4086347e-01   5.9201321e-01  -5.7912190e-01  -7.2387403e-03   5.9966796e-03  -5.0954461e-03
  -3.0870707e-01   5.0433873e-01  -5.6087031e-01  -7.6986007e-03   6.0404890e-03  -4.5557216e-03
  -3.0415207e-01   5.3121707e-01  -3.0804028e-01  -7.8772038e-03   5.5303150e-03  -3.5114241e-03
  -2.7174482e-01   6.1494240e-01  -8.9244993e-01  -5.8373970e-03   8.3046482e-03  -3.0400961e-03
  -9.9526259e-02   6.7045872e-01  -9.6356992e-01  -8.0272418e-03   8.0523312e-03  -8.5736479e-04
  -2.0040696e-01   5.3511642e-01  -4.9319647e-01  -6.5702741e-03   7.4215267e-03  -2.7967376e-03
  -3.3647301e-01   1.0566750e+00  -1.5477408e+00   6.0605889e-03   7.8605922e-03  -6.6678346e-03
  -7.4927312e-02   9.9785769e-01  -1.9450104e+00   1.0513593e-02   6.5804833e-03  -2.9268974e-03
  -8.0678983e-02   5.0393449e-01  -1.3462811e+00   5.1334964e-03   5.9060583e-03  -1.6885916e-03
  -6.2013043e-02   5.7592239e-01  -1.2308004e+00   6.0033010e-03   5.8417273e-03  -1.7356543e-03
  -9.7572988e-02   4.1216738e-01  -1.0107283e+00  -2.2386369e-04   5.0615561e-03  -1.2399775e-03
  -1.0798626e-01   4.2967791e-01  -9.6987167e-01   2.8084400e-03   6.4107455e-03  -2.9749983e-03
  -5.0406868e-01   3.7371602e-01  -6.3232161e-01  -1.4427728e-03   3.4379594e-03  -4.5695266e-03
  -4.8811190e-01   3.5904733e-01  -6.0649014e-01  -9.6252260e-04   3.7917256e-03  -5.0066966e-03
  -4.9227579e-01   4.1018704e-01  -8.6621117e-01  -7.7176823e-03   3.5582742e-03  -5.1795064e-03
  -5.3569879e-01   8.4247341e-01  -9.4920763e-01  -1.0011993e-02   3.6867439e-03  -7.4180332e-03
  -4.7147034e-01   7.0299717e-01  -5.7276547e-01  -1.3089568e-02   3.0214891e-03  -6.4987227e-03
  -3.9360673e-01   8.5282508e-01  -7.0179712e-01  -1.1188099e-02   3.4465293e-03  -5.9199688e-03
  -2.5896497e-01   5.7422392e-01  -4.8495520e-01  -1.5998930e-02   3.9840713e-03  -4.4019897e-03
  -2.9104627e-01   7.1428956e-01  -7.0724525e-01  -8.4904022e-03   4.5144911e-03  -5.7046894e-03
  -2.9846081e-01   8.6005342e-01  -1.0428565e+00  -8.5103531e-03   3.3105075e-03  -5.0818151e-03
  -3.0507582e-01   7.0032451e-01  -8.3125118e-01  -1.1224036e-02   4.0784166e-03  -5.3617360e-03
  -2.5493618e-01   8.0778522e-01  -8.1115708e-01  -8.1065724e-03   3.6473793e-03  -4.5043921e-03
  -2.6651809e-01   7.3786917e-01  -6.9117419e-01  -1.2031085e-02   4.0393158e-03  -5.2135193e-03
  -2.4885785e-01   8.0167801e-01  -7.1396958e-01  -1.0214389e-02   4.1123077e-03  -4.7968239e-03
  -2.3620020e-01   7.1442297e-01  -6.4815130e-01  -9.5119795e-03   4.2687500e-03  -4.9118200e-03
  -2.2407540e-01   7.7877011e-01  -6.2567783e-01  -7.8494943e-03   4.4529064e-03  -4.9885176e-03
  -1.0381499e-01   8.6789248e-01  -4.3200197e-01  -6.5519975e-03   4.1485852e-03  -3.9973715e-03
  -1.9304719e-01   7.3248480e-01  -4.4430157e-01  -5.3792423e-03   3.8998994e-03  -4.9758650e-03
  -1.3497539e-01   6.5239076e-01  -3.9994095e-01  -4.6840347e-03   4.1323213e-03  -4.7080652e-03
  -1.7688559e-01   7.1413016e-01  -3.9528055e-01  -4.5901879e-03   3.9581131e-03  -4.9223620e-03
  -1.5578741e-01   6.2988766e-01  -3.0574687e-01  -3.5317994e-03   3.7415668e-03  -4.9410608e-03
  -1.7803674e-01   7.0618718e-01  -3.1482692e-01  -2.6452387e-03   4.1671694e-03  -5.2201669e-03
  -1.8375837e-01   8.2749490e-01  -6.6821443e-01   1.1696184e-03   4.1760915e-03  -3.5607606e-03
  -2.4051660e-01   6.9139143e-01  -4.7244054e-01  -1.5490052e-03   5.0574327e-03  -5.0542003e-03
  -2.1109430e-01   7.7134883e-01  -5.7749685e-01  -5.2349719e-04   5.1602434e-03  -4.4439140e-03
  -2.5843870e-01   7.3121794e-01  -4.8690350e-01  -2.5099635e-03   5.6714669e-03  -5.8455468e-03
  -1.8441294e-01   6.8597983e-01  -5.7283302e-01  -2.6152684e-03   4.8138701e-03  -3.9363828e-03
  -2.3774714e-01   6.6125559e-01  -4.6117262e-01  -3.7911293e-03   4.6801472e-03  -4.8157852e-03
  -1.8576077e-01   6.5766277e-01  -5.8135938e-01  -7.1287272e-04   4.6998656e-03  -3.8835690e-03
  -1.9941141e-01   6.5267383e-01  -4.5410516e-01  -2.2254169e-03   4.1386262e-03  -4.3779770e-03
  -2.5829872e-01   6.8367689e-01  -4.9070676e-01  -2.6664937e-03   4.8096624e-03  -5.2204053e-03
  -2.3688808e-01   5.9355428e-01  -3.3762745e-01  -4.0492687e-03   4.4550380e-03  -4.9940550e-03
  -2.5464506e-01   6.8048129e-01  -4.8909222e-01  -3.0649211e-03   4.4194838e-03  -5.0149227e-03
  -2.0405978e-01   6.3962619e-01  -4.0660412e-01  -3.4044853e-03   3.7447992e-03  -4.3494804e-03
  -2.5759837e-01   6.7120896e-01  -4.2798848e-01  -4.0096523e-03   4.9547035e-03  -5.0828250e-03
  -2.3028074e-01   6.2083030e-01  -4.5238749e-01  -3.6792256e-03   4.1651256e-03  -4.8115456e-03
  -2.3756379e-01   6.8498688e-01  -4.8309368e-01  -2.9788229e-03   4.3889430e-03  -4.9329307e-03
  -2.4803257e-01   6.1407535e-01  -3.9629118e-01  -4.0925873e-03   4.7760154e-03  -5.3715298e-03
  -2.5651624e-01   6.4381196e-01  -4.5942817e-01  -4.3351307e-03   4.7386407e-03  -5.3628327e-03
  -2.4698851e-01   5.8251810e-01  -3.1786926e-01  -6.1392965e-03   5.0716638e-03  -5.6745771e-03
  -2.5550312e-01   6.2468231e-01  -4.3184408e-01  -5.5965007e-03   5.2750927e-03  -5.8146610e-03
  -2.3779874e-01   6.2617988e-01  -4.1491859e-01  -4.2832049e-03   4.9453701e-03  -5.2649228e-03
  -2.0333179e-01   5.9577457e-01  -4.1830165e-01  -4.3561579e-03   4.8467455e-03  -5.3733891e-03
  -2.7694823e-01   5.1786868e-01   2.4932927e-02  -4.1180727e-03   3.9676628e-03  -5.4183156e-03
  -2.6816858e-01   5.4450234e-01  -2.8234545e-01  -3.3023749e-03   4.2872540e-03  -5.4124376e-03
  -2.4928104e-01   5.9628944e-01  -2.6762207e-01  -4.0067354e-03   4.1190367e-03  -5.0121000e-03
  -1.9025446e-01   6.5571889e-01  -1.8708984e-01  -1.5130558e-03   3.4107179e-03  -4.7097679e-03
  -2.4574441e-01   6.1181772e-01  -1.0773255e-01  -2.2014249e-03   3.9814586e-03  -5.2738551e-03
  -3.3790224e-01   6.8721299e-01  -4.7850929e-01  -1.8827747e-03   3.6537725e-03  -6.0819314e-03
  -2.8501547e-01   5.9497694e-01  -4.1296506e-01  -2.4784221e-03   4.5472562e-03  -6.1746320e-03
  -2.5714376e-01   5.0324252e-01  -1.9846118e-01  -4.2099021e-03   4.3515850e-03  -5.2208050e-03
  -2.8903405e-01   5.6297146e-01  -1.3173397e-01  -2.3364824e-03   4.2728291e-03  -5.5346306e-03
  -2.6435048e-01   4.9338960e-01  -2.0080397e-01  -2.2427033e-03   3.7958692e-03  -4.5937476e-03
  -2.9812861e-01   5.2347677e-01  -2.7804739e-01  -1.6146960e-03   4.8876743e-03  -5.9103716e-03
  -2.8657892e-01   5.6059292e-01  -2.3522221e-01  -1.0556644e-03   4.4594669e-03  -5.4213161e-03
  -2.8367046e-01   5.2236667e-01  -2.1145807e-01  -1.8527622e-03   4.4109648e-03  -5.2126970e-03
  -2.7989252e-01   4.9626019e-01  -2.2472050e-01  -7.6937637e-04   3.7990567e-03  -4.6368657e-03
