   0.0000000e+00   0.0000000e+00   0.0000000e+00   0.0000000e+00   0.0000000e+00   0.0000000e+00
  -4.5507510e-03   2.5412125e-02   7.6509705e-05  -1.0529308e-04   1.3396295e-05  -1.3219120e-04
  -2.4864297e-03   3.9599560e-02  -1.3929653e-02  -4.2109998e-04   2.6152037e-04   5.6232360e-05
  -7.0591470e-03   4.2488904e-02   1.0203274e-02  -5.9654422e-04   3.8739013e-04  -8.1320767e-04
  -2.9240337e-02   6.3374962e-02   5.2798604e-02  -1.2375107e-03   5.5088579e-04  -1.4262432e-03
  -4.3392995e-02   7.8092879e-02   7.4603584e-02  -1.4600751e-03   5.7332531e-04  -1.2765365e-03
  -4.7864361e-02   6.1645130e-02   6.4863969e-02  -1.5585001e-03   7.5164137e-04  -1.4898677e-03
  -3.6751461e-02   6.8903553e-02   6.9180587e-02  -1.5594104e-03   7.6179952e-04  -1.2174338e-03
  -3.1922159e-02   6.9496620e-02   8.1542985e-02  -1.8740444e-03   6.5923724e-04  -1.4003813e-03
  -4.0798659e-02   7.8600578e-02   6.8416739e-02  -1.6198865e-03   5.7235981e-04  -1.4977969e-03
  -2.9797211e-02   1.1138180e-01   5.1376564e-02  -1.8510219e-03   7.3306766e-04  -1.4868120e-03
  -3.4120835e-02   9.4431008e-02   5.1378063e-02  -1.8488770e-03   5.8743665e-04  -1.5884428e-03
  -4.0228097e-02   1.1039338e-01   4.3783012e-02  -1.4514721e-03   6.3134922e-04  -1.7645253e-03
  -2.5542100e-02   7.2288945e-02   5.8444593e-02  -2.3204795e-03   6.6486714e-04  -1.4796248e-03
  -2.3746767e-02   8.5869620e-02   5.7211390e-02  -2.2793951e-03   5.6643660e-04  -1.6470978e-03
  -2.4657546e-02   9.1586965e-02   4.6524437e-02  -2.4275298e-03   6.5084247e-04  -1.7446299e-03
  -2.8236557e-02   1.1787374e-01   6.0278567e-02  -2.7643626e-03   6.7801238e-04  -1.9264085e-03
  -2.2345450e-02   1.0259411e-01   4.5736257e-02  -2.4889192e-03   5.3125728e-04  -1.7095748e-03
  -3.5503993e-02   1.2914488e-01   7.6605209e-02  -2.6451252e-03   6.1910170e-04  -2.0392741e-03
  -2.8119260e-02   1.2218750e-01   8.4184446e-02  -3.1037770e-03   6.4632233e-04  -1.8639229e-03
  -2.9270088e-02   1.3928770e-01   1.1640311e-01  -3.3117239e-03   6.0384027e-04  -1.8771946e-03
  -3.1420566e-02   1.6604726e-01   2.5207894e-01  -3.7206757e-03  -1.1119627e-04  -1.5718873e-03
  -3.1042101e-02   1.8872576e-01   2.6805286e-01  -4.7989382e-03   1.3948527e-04  -1.4491585e-03
  -2.9813452e-02   2.2326812e-01   2.6545622e-01  -5.0631663e-03   1.7515980e-04  -1.6304717e-03
  -2.1819719e-02   1.9693034e-01   2.6824931e-01  -5.1999150e-03  -1.9495571e-04  -1.3178224e-03
  -2.7073653e-02   2.2573010e-01   2.7621186e-01  -5.4962911e-03  -6.5755070e-05  -1.5896970e-03
  -2.7310419e-02   2.0674359e-01   2.8152884e-01  -5.6420094e-03   1.2114158e-05  -1.4943700e-03
  -3.1585591e-02   2.1357686e-01   3.1386071e-01  -6.0763396e-03   6.8070198e-05  -1.5321838e-03
  -2.8795397e-02   2.0534787e-01   3.0682695e-01  -6.0216820e-03  -1.4245543e-05  -1.5279599e-03
  -3.0370016e-02   1.9321917e-01   3.2911336e-01  -6.5043537e-03   2.3987880e-05  -1.5978334e-03
  -2.7057353e-02   2.1205113e-01   3.1668794e-01  -6.2697742e-03   3.8508627e-05  -1.3449425e-03
  -1.5271261e-02   2.0205670e-01   3.4979679e-01  -6.4128434e-03  -4.4701046e-05  -1.1091494e-03
  -1.2757451e-02   2.2604994e-01   3.5840660e-01  -6.4496470e-03   3.8866585e-05  -1.1987425e-03
  -2.7016940e-02   2.3402155e-01   3.9780805e-01  -7.1946576e-03   1.8145127e-04  -8.7472580e-04
  -2.9139502e-02   2.6167424e-01   3.5908893e-01  -6.7546878e-03   4.5354008e-05  -1.2159748e-03
  -2.9212283e-02   2.6735232e-01   3.5703036e-01  -6.7225005e-03   1.6955555e-04  -1.1041258e-03
  -1.7740596e-02   2.7165339e-01   3.9199325e-01  -7.0393426e-03  -9.8191273e-06  -1.0918963e-03
  -2.7817205e-02   2.9041461e-01   3.9493447e-01  -7.2790995e-03   2.6906718e-04  -1.4053427e-03
  -1.2887508e-02   2.6816605e-01   4.1311253e-01  -7.5962366e-03  -2.7722783e-05  -1.0750543e-03
  -2.0952540e-02   2.6870747e-01   4.0578396e-01  -7.3754600e-03   1.7780337e-04  -1.3703423e-03
  -2.1019575e-02   2.7620595e-01   3.9436964e-01  -6.9199680e-03  -1.3789792e-04  -1.2457227e-03
  -2.6193986e-02   2.6914440e-01   3.7866788e-01  -7.1942424e-03   9.6209417e-05  -1.2588602e-03
  -2.4095770e-02   2.5034494e-01   4.0749895e-01  -7.6494871e-03   1.1410015e-04  -1.1696105e-03
  -1.7874612e-02   2.6245690e-01   4.5462092e-01  -7.8312775e-03   1.7947126e-04  -1.1709677e-03
  -1.9974918e-02   2.6110125e-01   4.2307716e-01  -7.1939060e-03   1.1339304e-04  -1.0162516e-03
  -1.8216933e-02   2.7156261e-01   4.4623895e-01  -8.0566018e-03   4.1489746e-04  -9.8363134e-04
  -1.2259368e-02   2.8299386e-01   4.2170712e-01  -7.1470118e-03   2.7710719e-04  -9.1712976e-04
  -8.1377828e-03   3.1828546e-01   3.7185048e-01  -6.8315372e-03   1.0752595e-04  -9.5059161e-04
  -9.6477782e-03   2.9492126e-01   4.2806383e-01  -8.2443266e-03   2.9637063e-04  -1.0812977e-03
  -1.4118295e-02   3.0071223e-01   4.6173323e-01  -8.0991963e-03   3.2259512e-04  -1.1195468e-03
  -1.3387799e-02   2.9501970e-01   4.0032608e-01  -7.7596623e-03   4.1882015e-04  -1.0545259e-03
  -2.5507098e-02   3.0082807e-01   4.8130494e-01  -8.0367664e-03   5.4961844e-04  -1.1664096e-03
  -3.2568439e-02   2.9196430e-01   4.8773551e-01  -8.2755394e-03   2.8168208e-04  -1.2988271e-03
  -2.5996549e-02   3.1871320e-01   5.2638011e-01  -9.1223385e-03   1.4838502e-04  -8.9398471e-04
  -2.7574189e-02   3.3005727e-01   5.0324896e-01  -9.2784653e-03   5.5775930e-05  -1.1522615e-03
  -2.6830381e-02   3.3365006e-01   5.3782310e-01  -1.0192145e-02   3.1115281e-04  -1.1250908e-03
  -3.1276244e-02   3.4864654e-01   5.4599374e-01  -9.9512731e-03   4.9992774e-04  -1.0520168e-03
  -2.7819727e-02   3.5554098e-01   5.5276912e-01  -9.9005515e-03   3.5051984e-04  -9.9301133e-04
  -2.2587476e-02   3.4638107e-01   5.2820663e-01  -1.0202171e-02  -5.4205645e-05  -1.0519837e-03
  -3.7089715e-02   3.6439771e-01   5.5667690e-01  -1.0851342e-02   5.2794602e-04  -1.4829852e-03
  -2.6811661e-02   3.6868581e-01   5.7066199e-01  -1.1337924e-02   3.7868427e-04  -1.3633989e-03
  -3.9162247e-02   3.1382511e-01   5.9074806e-01  -1.1262080e-02   6.1597710e-04  -1.5647707e-03
  -2.8662366e-02   3.6307527e-01   5.7267101e-01  -1.1458625e-02   5.3943307e-04  -1.3401354e-03
  -3.8368644e-02   3.5252833e-01   5.6623856e-01  -1.1570692e-02   7.0488872e-04  -1.4414655e-03
  -1.2483205e-02   3.7592751e-01   5.7442581e-01  -1.1928178e-02   6.3403639e-04  -1.0688435e-03
  -1.1267263e-02   3.7301549e-01   5.4020204e-01  -1.1277057e-02   4.1473966e-04  -1.0911040e-03
  -4.1319798e-02   3.6877762e-01   5.8589749e-01  -1.2056469e-02   9.2844584e-04  -1.6936545e-03
  -2.4122205e-02   3.6794362e-01   6.0469896e-01  -1.2689316e-02   8.8119867e-04  -1.3411107e-03
  -3.0021300e-02   3.4927998e-01   6.3102167e-01  -1.2784594e-02   9.4674882e-04  -1.4957944e-03
  -2.3134030e-02   3.5937231e-01   6.1044247e-01  -1.2768943e-02   7.4508529e-04  -1.4252127e-03
  -3.3377769e-02   3.6002205e-01   6.1366522e-01  -1.2685898e-02   8.7633859e-04  -1.4247591e-03
  -3.1314622e-02   3.8380908e-01   6.2935931e-01  -1.2911695e-02   9.7743900e-04  -1.5722425e-03
  -2.5988709e-02   3.8470590e-01   6.1847170e-01  -1.2897224e-02   8.3922845e-04  -1.3098784e-03
  -1.5699507e-02   4.1461691e-01   6.2085529e-01  -1.2492803e-02   5.5515685e-04  -1.3182237e-03
  -3.3379630e-02   3.8900706e-01   6.1765445e-01  -1.3529653e-02   1.0490140e-03  -1.5696074e-03
  -1.5734651e-02   4.3615470e-01   7.7152170e-01  -1.3058442e-02   4.2821609e-04  -1.3032282e-03
   2.0892360e-02   3.6739864e-01   6.8910902e-01  -1.1998519e-02   2.6850879e-04  -5.3752410e-04
  -2.4301062e-04   3.6497329e-01   7.3734785e-01  -1.3546667e-02   6.8145650e-04  -8.4293096e-04
  -1.4024391e-02   4.1511114e-01   7.4706902e-01  -1.3328431e-02   9.2325803e-04  -8.9139605e-04
  -2.6861015e-02   4.0478465e-01   7.9652052e-01  -1.4333853e-02   1.3154884e-03  -1.1281627e-03
  -1.2787480e-02   4.2003862e-01   7.8431450e-01  -1.4005252e-02   9.6883604e-04  -1.2332051e-03
  -1.8992165e-02   3.8403075e-01   8.1291771e-01  -1.4831488e-02   1.0988620e-03  -1.3693259e-03
  -5.4370635e-03   3.9781842e-01   7.9757041e-01  -1.4465990e-02   9.2090996e-04  -1.2523301e-03
  -1.2928359e-02   3.9828912e-01   8.2451963e-01  -1.5288490e-02   8.3175535e-04  -1.2722325e-03
  -3.8409890e-03   4.0354502e-01   8.5347177e-01  -1.5628807e-02   8.3259486e-04  -1.2213128e-03
  -1.7389520e-02   4.0891520e-01   8.7981534e-01  -1.6165889e-02   8.3668017e-04  -1.3437868e-03
  -1.3347753e-02   3.9810627e-01   9.2577424e-01  -1.6150149e-02   8.8581179e-04  -1.2923109e-03
  -3.0759203e-02   4.4990104e-01   9.7472913e-01  -1.7107354e-02   1.0816761e-03  -1.3115112e-03
  -3.1384355e-02   4.3514325e-01   1.0206058e+00  -1.7431888e-02   7.6947950e-04  -1.4798138e-03
  -1.9668373e-02   4.3596239e-01   9.8762866e-01  -1.6786350e-02   5.3861468e-04  -1.2950506e-03
  -3.0135313e-02   4.2174380e-01   9.8142733e-01  -1.7455118e-02   5.4514823e-04  -1.5750232e-03
  -2.6463078e-02   4.3993452e-01   9.7905398e-01  -1.7462117e-02   3.5105752e-04  -1.5109716e-03
  -2.4591862e-02   4.4272684e-01   9.7739170e-01  -1.7429362e-02   3.5026945e-04  -1.5406076e-03
  -3.5268821e-02   4.4299800e-01   1.0193866e+00  -1.7990494e-02   4.2602243e-04  -1.7592470e-03
  -3.7447392e-02   4.7387559e-01   1.0011774e+00  -1.7512904e-02   1.6092545e-04  -1.8374847e-03
  -1.8436714e-02   4.5708155e-01   9.3457318e-01  -1.7000946e-02   2.8264227e-04  -1.5296552e-03
  -2.0448497e-02   4.7461006e-01   1.0080190e+00  -1.8198754e-02   4.5799034e-05  -1.6034083e-03
  -1.4948690e-02   4.5478311e-01   9.8470073e-01  -1.8175909e-02   1.7682776e-04  -1.6224606e-03
  -3.0501909e-02   4.6974839e-01   9.7813194e-01  -1.7913697e-02   6.8902163e-05  -1.8220509e-03
  -3.2248737e-02   4.7736609e-01   9.6199794e-01  -1.7641611e-02   9.8698870e-05  -1.8333122e-03
  -3.6044792e-02   4.5556086e-01   9.9399946e-01  -1.7956535e-02  -8.7612267e-05  -1.8051630e-03
  -2.5194104e-02   5.1658115e-01   9.6054087e-01  -1.7466538e-02  -3.1487818e-04  -1.5746426e-03
  -3.8780534e-02   4.8044219e-01   1.0004130e+00  -1.8502497e-02   1.5019242e-04  -1.7361410e-03
  -3.2073633e-02   4.9911865e-01   9.8380406e-01  -1.7545139e-02  -1.5732295e-04  -1.5991308e-03
  -3.2013161e-02   5.2219938e-01   1.0096312e+00  -1.9090700e-02   5.4453613e-06  -1.6722766e-03
  -3.8458633e-02   5.0432529e-01   1.0495534e+00  -1.8851154e-02   1.9909532e-04  -1.6167647e-03
  -3.9676286e-02   4.8793924e-01   1.0391291e+00  -1.9278745e-02   1.5891065e-04  -1.6935473e-03
  -6.4244174e-02   4.7327966e-01   1.0489038e+00  -1.9190663e-02   3.1014277e-04  -1.9119653e-03
  -3.5375415e-02   4.6781273e-01   1.0503131e+00  -1.9074986e-02   1.0669841e-04  -1.6073517e-03
  -4.1362239e-02   4.7187791e-01   1.0455107e+00  -1.8996777e-02   4.0974029e-04  -1.4583130e-03
  -3.9861523e-02   4.7627657e-01   1.0733265e+00  -1.9678388e-02   6.8868224e-04  -1.5637804e-03
  -4.6830338e-02   4.7243458e-01   1.0440095e+00  -1.9033589e-02   5.9997950e-04  -1.6527793e-03
  -4.8105903e-02   5.0014079e-01   1.0740114e+00  -1.9938971e-02   7.2954683e-04  -1.7144932e-03
  -3.4253195e-02   4.8084931e-01   1.0579515e+00  -1.9261642e-02   6.0904767e-04  -1.6046247e-03
  -5.1118439e-02   4.8991044e-01   1.0981215e+00  -2.0226724e-02   7.8848109e-04  -1.8014938e-03
  -5.3532733e-02   5.2141405e-01   1.0455204e+00  -1.9618715e-02   7.3676205e-04  -1.9569544e-03
  -4.6795076e-02   5.0365623e-01   1.0962438e+00  -2.0674997e-02   8.9922402e-04  -1.9765507e-03
  -4.4859007e-02   5.1342994e-01   1.0512249e+00  -1.9656215e-02   5.7383447e-04  -1.8732761e-03
  -4.9197558e-02   5.4982395e-01   1.0702542e+00  -1.9995352e-02   6.5386222e-04  -2.0126915e-03
  -5.8088810e-02   5.2116049e-01   1.0866175e+00  -2.0616857e-02   6.9053562e-04  -2.0903796e-03
  -5.3857503e-02   5.0122286e-01   1.1136981e+00  -2.0344690e-02   9.2714157e-04  -2.0935741e-03
  -6.1349870e-02   5.1524095e-01   1.0985971e+00  -2.0625652e-02   9.5216013e-04  -2.0673691e-03
  -6.3007599e-02   5.3790488e-01   1.1309621e+00  -2.0922605e-02   1.1786461e-03  -2.1817862e-03
  -6.2003246e-02   5.4342769e-01   1.1160989e+00  -2.0576166e-02   8.7265849e-04  -2.0867418e-03
  -7.5508868e-02   5.3576094e-01   1.1431995e+00  -2.0672782e-02   8.5490773e-04  -2.3996542e-03
  -7.0099607e-02   4.8781844e-01   1.1316331e+00  -2.0957383e-02   7.1264799e-04  -2.2505732e-03
  -8.9487323e-02   5.1984562e-01   1.1388581e+00  -2.0825802e-02   1.1038692e-03  -2.4746355e-03
  -8.9966314e-02   5.2603178e-01   1.1287024e+00  -2.0376930e-02   9.3352351e-04  -2.3285789e-03
  -9.8994464e-02   5.5377617e-01   1.1136125e+00  -2.0927874e-02   1.1140643e-03  -2.6100346e-03
  -9.6587204e-02   5.6706500e-01   1.1040957e+00  -2.0395742e-02   1.0884180e-03  -2.5349051e-03
  -9.3645702e-02   5.1627571e-01   1.1766048e+00  -2.1783170e-02   1.3913386e-03  -2.7152270e-03
  -8.9228838e-02   5.1869528e-01   1.1693367e+00  -2.1426525e-02   1.1870143e-03  -2.4850564e-03
  -7.9555248e-02   5.4944357e-01   1.2077748e+00  -2.1867891e-02   1.3289900e-03  -2.4456521e-03
  -9.3843002e-02   5.4561529e-01   1.1819515e+00  -2.0990145e-02   1.4974326e-03  -2.5681104e-03
  -9.6299365e-02   5.3723907e-01   1.1868199e+00  -2.1043036e-02   1.4587117e-03  -2.5416119e-03
  -1.1640436e-01   5.5092542e-01   1.2477890e+00  -2.2351815e-02   2.0073925e-03  -2.9095526e-03
  -1.0631745e-01   5.5440651e-01   1.2278649e+00  -2.1946502e-02   1.8231525e-03  -2.6773094e-03
  -1.0487102e-01   5.3455023e-01   1.2340854e+00  -2.2155215e-02   1.8751270e-03  -2.7738201e-03
  -1.0510790e-01   5.2219619e-01   1.2262814e+00  -2.1909630e-02   1.8471586e-03  -2.6616604e-03
  -1.0764826e-01   5.2835615e-01   1.2045362e+00  -2.1477281e-02   2.0086717e-03  -2.6852679e-03
  -1.0027511e-01   5.5943286e-01   1.2307987e+00  -2.1755604e-02   2.0079401e-03  -2.7731560e-03
  -8.7398755e-02   5.5466117e-01   1.1971455e+00  -2.1138606e-02   1.9869795e-03  -2.5606650e-03
  -1.0482777e-01   5.4288489e-01   1.2305218e+00  -2.1617244e-02   2.1270425e-03  -2.9869731e-03
  -8.5581946e-02   5.7858589e-01   1.2685456e+00  -2.1614423e-02   2.0540608e-03  -2.5860784e-03
  -8.4553568e-02   5.5197228e-01   1.2368292e+00  -2.1440601e-02   2.0467779e-03  -2.6126956e-03
  -9.0170644e-02   5.4289074e-01   1.1835788e+00  -2.0936816e-02   2.0579135e-03  -2.6467934e-03
  -8.1462713e-02   5.6437388e-01   1.2143984e+00  -2.0479103e-02   1.7491747e-03  -2.4839779e-03
  -1.0802284e-01   5.6098019e-01   1.2226987e+00  -2.1921099e-02   2.0923854e-03  -3.0200581e-03
  -1.0007536e-01   5.6393972e-01   1.2857082e+00  -2.1610752e-02   2.1861068e-03  -2.8473637e-03
  -1.0602431e-01   5.3139764e-01   1.2599337e+00  -2.2031638e-02   2.5066023e-03  -2.9050453e-03
  -7.3638984e-02   5.8268481e-01   1.4058855e+00  -2.1537164e-02   2.0730936e-03  -2.5131268e-03
  -6.1637185e-02   5.5358155e-01   1.3369964e+00  -2.1602359e-02   1.8543418e-03  -1.9074485e-03
  -8.1655484e-02   5.4945292e-01   1.3951311e+00  -2.2587554e-02   2.9343953e-03  -2.1925835e-03
  -5.4670264e-02   5.7722687e-01   1.3682627e+00  -2.2198347e-02   2.2785839e-03  -1.7824197e-03
  -6.7774733e-02   5.0698001e-01   1.2314706e+00  -2.0298144e-02   2.3534343e-03  -1.9259918e-03
  -6.6851226e-02   5.5943619e-01   1.2890917e+00  -2.0970642e-02   2.4809327e-03  -2.3786871e-03
  -8.5255393e-02   5.2654332e-01   1.3747994e+00  -2.2692505e-02   2.6197464e-03  -2.7186721e-03
  -9.1257001e-02   5.3123770e-01   1.4398109e+00  -2.3163207e-02   2.9011484e-03  -2.7333188e-03
  -1.0694546e-01   5.3479261e-01   1.4532388e+00  -2.3209527e-02   2.9094263e-03  -2.8352578e-03
  -9.8524132e-02   5.6209037e-01   1.4084403e+00  -2.2891059e-02   2.8165293e-03  -2.7106686e-03
  -9.3693186e-02   5.8128589e-01   1.3965071e+00  -2.3326467e-02   2.6801804e-03  -2.6835148e-03
  -1.0091347e-01   5.9222024e-01   1.4443816e+00  -2.3795916e-02   2.7968593e-03  -2.9943491e-03
  -1.1276597e-01   5.8129886e-01   1.4662953e+00  -2.4344895e-02   2.9425444e-03  -3.1009313e-03
  -1.0120438e-01   5.5972436e-01   1.4855979e+00  -2.4280550e-02   3.1165129e-03  -2.9815793e-03
  -1.0938370e-01   5.6741692e-01   1.4629543e+00  -2.3928470e-02   3.0312564e-03  -3.0338997e-03
  -1.0722560e-01   5.8090699e-01   1.4883578e+00  -2.4037837e-02   2.9520270e-03  -2.9133013e-03
  -1.1546012e-01   5.9102700e-01   1.4799800e+00  -2.4491534e-02   3.0382362e-03  -2.9685799e-03
  -1.1736820e-01   5.8738458e-01   1.5125108e+00  -2.4380570e-02   3.0571097e-03  -2.9667863e-03
  -1.3829875e-01   5.9369623e-01   1.5084361e+00  -2.4464414e-02   2.8071777e-03  -3.1492052e-03
  -1.3227766e-01   6.0590609e-01   1.5179283e+00  -2.4215439e-02   2.8627138e-03  -2.8837418e-03
  -1.3362966e-01   6.0034016e-01   1.5236288e+00  -2.4663432e-02   3.1929881e-03  -3.2703905e-03
  -1.4697656e-01   6.0662366e-01   1.5868130e+00  -2.4802316e-02   3.3449143e-03  -3.1734196e-03
  -1.2894916e-01   6.0454448e-01   1.5670319e+00  -2.4142995e-02   4.0843181e-03  -2.8562526e-03
  -1.4216579e-01   5.9278627e-01   1.6249186e+00  -2.5181460e-02   3.7157644e-03  -3.3202060e-03
  -1.3480297e-01   6.0829923e-01   1.6407832e+00  -2.5448790e-02   3.7068181e-03  -3.1654483e-03
  -1.4682194e-01   6.0219149e-01   1.7534960e+00  -2.6221266e-02   3.8695039e-03  -3.1140061e-03
  -1.4338306e-01   6.0409502e-01   1.8517513e+00  -2.7226844e-02   4.2016836e-03  -3.0128918e-03
  -1.0332865e-01   6.3939676e-01   1.8463305e+00  -2.6492084e-02   3.7479021e-03  -2.5744122e-03
  -1.0708621e-01   6.6049279e-01   1.7971209e+00  -2.5207647e-02   3.8554085e-03  -2.4100721e-03
