   0.0000000e+00   0.0000000e+00   0.0000000e+00   0.0000000e+00   0.0000000e+00   0.0000000e+00
  -3.7402386e-02  -1.4349123e-02   1.4188216e-01  -8.6849347e-03   2.8025942e-03  -1.0966263e-03
   4.6379936e-03   5.3905557e-02   4.2614318e-01  -1.0861264e-02   1.3340494e-03  -1.6770188e-04
   1.7748529e-02   6.2213384e-02   5.0264467e-01  -1.2166715e-02   1.7245249e-03  -4.8798287e-05
   2.2542845e-02   1.0945815e-01   5.4025122e-01  -1.2750690e-02   1.5376499e-03   9.2598318e-05
   1.0012075e-02   9.9785251e-02   4.8938609e-01  -1.2738400e-02   1.8061596e-03   4.0387313e-05
   2.8664982e-02   5.0555613e-02   2.7848115e-01  -1.3323570e-02   2.2561431e-03  -2.0395272e-04
   3.2793994e-02   7.8703149e-02   8.2551324e-01  -1.2684496e-02   1.8592869e-03  -4.9312961e-04
   2.5655178e-02   2.6181980e-02   1.2457302e+00  -1.4832668e-02   2.4240950e-03  -3.3319360e-04
   1.9560224e-02   4.5425050e-02   1.4931301e+00  -1.5279665e-02   2.4715242e-03  -6.1627387e-05
   2.2004318e-02   7.6460809e-02   1.5264635e+00  -1.5789621e-02   2.1952170e-03  -2.4742854e-04
   8.8344358e-03   1.0630363e-01   1.5683988e+00  -1.5499964e-02   2.8679937e-03  -1.6095332e-05
   2.0392667e-02   1.0774731e-01   1.5106448e+00  -1.5947670e-02   2.6830284e-03  -6.0504319e-05
   1.0001222e-02   1.1609079e-01   1.5543278e+00  -1.6866859e-02   3.1142382e-03  -1.1187645e-05
   3.0736526e-02   1.0040741e-01   1.5615589e+00  -1.6868061e-02   2.4731821e-03   2.7930442e-04
   3.9210582e-02   7.6438694e-02   1.6004415e+00  -1.7035420e-02   2.2169746e-03   8.2498826e-05
   2.3926979e-02   7.5711802e-02   1.6465465e+00  -1.8059026e-02   2.8798259e-03  -3.3612044e-05
   2.9428701e-02   9.3077881e-02   1.6496282e+00  -1.7929069e-02   2.3981747e-03   2.3121104e-04
   2.9704323e-02   1.0379732e-01   1.6585856e+00  -1.7626414e-02   2.3521785e-03   9.2415941e-05
   3.8127895e-02   1.2240830e-01   1.6413846e+00  -1.7836181e-02   2.1559761e-03   2.4280026e-04
   3.7706448e-02   1.2121203e-01   1.6534801e+00  -1.8103010e-02   2.5126868e-03   1.1015235e-04
   3.5760245e-02   1.1140513e-01   1.3950368e+00  -1.7217761e-02   2.5362566e-03   2.9316926e-04
   2.6355268e-02   5.8155716e-02   1.3525156e+00  -1.7262135e-02   2.2605385e-03  -8.9214511e-04
  -5.8499529e-02   1.1851177e-01   1.7033852e+00  -1.8461112e-02   1.6478418e-03  -9.4776805e-04
  -1.4335808e-02   1.9063539e-01   1.6214222e+00  -1.8360725e-02   7.1923087e-04  -1.0188141e-03
   5.8395133e-03   1.5545256e-01   1.8670655e+00  -2.0242444e-02   8.1769801e-04  -5.5130244e-04
   1.0421235e-02   1.2882955e-01   1.9486200e+00  -2.1521590e-02   2.2512656e-04  -2.5563000e-04
   9.7115407e-03   7.6976464e-02   2.0126171e+00  -2.0255162e-02   5.9330719e-04  -3.0304382e-04
   1.9553371e-02   1.6028470e-01   1.2427433e+00  -1.9145313e-02   7.8003758e-04   1.4038578e-05
   1.6223420e-02   1.6308957e-01   1.6287552e+00  -1.9410607e-02   7.1444303e-04  -2.9334345e-04
   2.8842058e-02   6.7906147e-02   1.9053939e+00  -2.0339369e-02   1.0218855e-03   2.2227984e-04
   1.7719541e-02   5.4751605e-02   2.3309891e+00  -2.2427873e-02   7.2557693e-04  -5.7191562e-06
   3.3183551e-02   7.0747463e-02   2.2532513e+00  -2.2002662e-02   9.4961987e-04   2.2800271e-04
   4.1146055e-02   9.8312610e-02   2.3337217e+00  -2.3098460e-02   8.8237545e-04   4.9127144e-04
   4.1874407e-02   1.1767774e-01   2.2405408e+00  -2.2211904e-02   5.9391643e-04   6.2780976e-04
   5.0817991e-02   6.2541574e-02   2.3792361e+00  -2.3115007e-02   1.0601598e-03   6.4370227e-04
   4.0186341e-02   5.2678869e-02   1.6728624e+00  -2.2590229e-02   1.8111622e-03   7.0727408e-04
   1.8296900e-02   1.5932806e-01   1.9393992e+00  -2.1476103e-02   1.0937377e-03   2.0072643e-04
   3.8650209e-02   1.1227622e-01   2.1519512e+00  -2.1906610e-02   1.3444964e-03   7.1085543e-04
   3.4828919e-02   1.3704560e-01   2.2027648e+00  -2.2054497e-02   1.3190358e-03   4.3855901e-04
   4.1803923e-02   1.8928657e-01   1.9204129e+00  -2.0730008e-02   1.1518401e-03   7.2001460e-04
   4.1319984e-02   1.3306762e-01   1.8135501e+00  -2.0624443e-02   2.5516719e-03   1.1899192e-03
   2.3937657e-02   5.7940539e-02   2.4569844e+00  -2.2401348e-02   1.9568808e-03   1.1297434e-03
   1.1577886e-02   8.9313449e-02   2.5712928e+00  -2.4088524e-02   1.5779174e-03   8.3646971e-04
   8.7280780e-03   8.0696159e-02   2.7711980e+00  -2.3622170e-02   1.1528646e-03   6.3509890e-04
   2.5808343e-04   1.0449228e-01   2.5961149e+00  -2.2639782e-02   1.4319514e-03   6.7255452e-04
   3.3597532e-03   9.6741535e-02   2.7452187e+00  -2.4252159e-02   1.3454308e-03   7.7978955e-04
   1.4307202e-02   8.9342034e-02   2.7004278e+00  -2.3908837e-02   1.4345457e-03   5.9199019e-04
   1.2786132e-02   7.7359545e-02   2.7204860e+00  -2.4454741e-02   1.7911410e-03   7.2420919e-04
   2.4616418e-02   8.0519633e-02   2.7150902e+00  -2.5203037e-02   1.3425699e-03   1.0777796e-03
   1.7260615e-02   9.9276912e-02   2.8276536e+00  -2.5124501e-02   1.2611539e-03   7.6357901e-04
  -4.7678050e-03   9.6269957e-02   2.8113689e+00  -2.5105950e-02   1.3850314e-03   7.3412909e-04
  -9.7464290e-03   6.0444336e-02   2.8792082e+00  -2.5374898e-02   1.8619044e-03   7.3603770e-04
  -2.4411860e-02   7.1053385e-02   2.8356325e+00  -2.5555338e-02   1.8474202e-03   8.3636628e-05
   6.9165206e-03   7.7338118e-02   2.8342024e+00  -2.4045703e-02   1.4116217e-03   5.9665941e-04
   1.6039088e-02   1.1502640e-01   2.7437793e+00  -2.2965468e-02   1.3689598e-03   8.0426553e-04
   1.5138703e-02   7.8798985e-02   2.8588842e+00  -2.4811883e-02   1.3493255e-03   8.3481240e-04
   2.6204982e-02   1.0488155e-01   2.6988415e+00  -2.2530811e-02   1.8784313e-03   8.6252383e-04
   3.2511308e-02   1.7707895e-02   2.9706581e+00  -2.5905916e-02   2.4854111e-03   1.3007565e-03
   2.3870562e-02   5.1607704e-02   3.1440911e+00  -2.6554540e-02   1.9039813e-03   1.3107780e-03
   2.9344210e-02   1.1006534e-01   2.9189184e+00  -2.5886668e-02   2.0710958e-03   1.2701578e-03
   2.6923114e-02   1.4737014e-01   2.8191100e+00  -2.4994290e-02   1.7675701e-03   1.2962094e-03
   3.0028712e-02   9.1164127e-02   2.9123817e+00  -2.6179135e-02   2.0990171e-03   1.1718291e-03
   3.6206537e-02   1.1037566e-01   2.9229703e+00  -2.5865983e-02   1.5466214e-03   1.3077998e-03
   3.8876689e-02   1.2655514e-01   2.8716961e+00  -2.4487690e-02   1.6740083e-03   1.4255265e-03
   2.7412995e-02   1.5650673e-01   2.9230126e+00  -2.5753609e-02   1.5120958e-03   1.2156456e-03
   1.5049579e-02   1.3857154e-01   2.9447425e+00  -2.4327610e-02   1.5513103e-03   1.1286085e-03
  -5.2675993e-03   1.5867564e-01   2.7581579e+00  -2.2894312e-02   2.5546642e-03   1.2680847e-03
   1.3936518e-02   1.2180926e-01   2.7834909e+00  -2.2992111e-02   1.8332013e-03   1.3294826e-03
   1.6733925e-02   8.4960848e-02   2.9173660e+00  -2.4308211e-02   1.4754493e-03   1.3008295e-03
   2.3490141e-02   1.0510836e-01   2.9562844e+00  -2.4402728e-02   1.5733547e-03   1.1748863e-03
   7.9302711e-04   1.2173999e-01   3.0681024e+00  -2.4676409e-02   1.8244371e-03   8.5755670e-04
   2.4064838e-03   1.4642002e-01   2.9755516e+00  -2.3664676e-02   1.4811394e-03   9.5166549e-04
   1.1683784e-02   1.4370935e-01   3.0089888e+00  -2.3215289e-02   1.7034800e-03   1.3551887e-03
   2.3148899e-02   1.4442347e-01   3.0159473e+00  -2.3817348e-02   2.1105946e-03   1.3156124e-03
   3.8919821e-02   1.1930836e-01   3.0948646e+00  -2.4781487e-02   1.5386255e-03   1.6414008e-03
   3.1089116e-02   1.0635811e-01   3.0541985e+00  -2.3589298e-02   1.5334790e-03   1.4636017e-03
   3.7298442e-02   1.3106753e-01   3.0947085e+00  -2.4094016e-02   1.4631104e-03   1.5297144e-03
   3.2276313e-02   1.3525857e-01   3.1136543e+00  -2.4461427e-02   1.6039831e-03   1.5571810e-03
   2.1135792e-02   1.8835328e-01   3.0236552e+00  -2.4705025e-02   1.5370498e-03   1.7257161e-03
   2.0137001e-02   1.8535107e-01   3.0484723e+00  -2.3686650e-02   2.3921528e-03   1.7116106e-03
   1.8760888e-02   1.0529080e-01   3.1453462e+00  -2.5099953e-02   2.1011432e-03   1.3237918e-03
   2.5293955e-02   1.2296305e-01   3.2841124e+00  -2.5673729e-02   2.0297367e-03   1.5717035e-03
   2.7772123e-02   1.2799973e-01   3.2961145e+00  -2.5620363e-02   1.9830320e-03   1.6356963e-03
   2.9048131e-02   1.5152224e-01   3.2094965e+00  -2.4998076e-02   2.2479842e-03   1.9219135e-03
   3.0630890e-02   1.5188231e-01   3.1662662e+00  -2.4048107e-02   2.3017358e-03   1.8591567e-03
   3.9921171e-02   1.6214138e-01   3.1858216e+00  -2.3904655e-02   2.5809060e-03   1.7420477e-03
   3.4374663e-02   1.4727359e-01   3.1548162e+00  -2.3726379e-02   2.2211581e-03   1.7769305e-03
   1.8274779e-02   1.8981637e-01   3.1232069e+00  -2.4411996e-02   2.3387782e-03   1.5068059e-03
  -1.0422770e-02   1.9852845e-01   3.2159749e+00  -2.4340788e-02   2.4462070e-03   1.3478769e-03
   2.1513616e-03   2.1318774e-01   3.0559094e+00  -2.2545095e-02   1.9699779e-03   1.4194489e-03
   1.8052487e-02   2.1586984e-01   3.1625652e+00  -2.3686020e-02   2.1406871e-03   1.5472301e-03
   1.9632474e-02   1.8823071e-01   3.1602194e+00  -2.3209919e-02   2.2329001e-03   1.4100705e-03
   2.1456353e-02   1.9528651e-01   3.2081891e+00  -2.3698886e-02   1.8715114e-03   1.5305646e-03
  -2.0091846e-03   2.0297955e-01   3.1536855e+00  -2.3117964e-02   2.1625487e-03   1.2540416e-03
   7.7373337e-03   1.8559943e-01   3.2007002e+00  -2.4626369e-02   2.2359663e-03   2.2789493e-03
  -3.7234984e-03   1.8413996e-01   3.2872784e+00  -2.4770615e-02   2.1862397e-03   1.8410398e-03
   2.0535747e-02   2.0019549e-01   3.2735169e+00  -2.4216056e-02   2.0367392e-03   2.1959783e-03
   3.2213713e-02   2.1879356e-01   3.1805592e+00  -2.2502633e-02   2.4816756e-03   2.0500669e-03
   6.0979279e-03   2.0544004e-01   3.1458795e+00  -2.3232093e-02   2.3492325e-03   2.1092744e-03
  -4.2032955e-02   2.0214809e-01   3.4754519e+00  -2.6758542e-02   3.6969768e-03  -7.6495109e-04
  -9.1758451e-02   2.3474870e-01   3.4193506e+00  -2.6461018e-02   4.6405488e-03  -1.7901679e-03
  -7.4092012e-02   1.9301374e-01   3.4882871e+00  -2.4979309e-02   3.6140040e-03  -1.1437790e-03
  -7.1669292e-02   1.7796677e-01   3.7547890e+00  -2.5869907e-02   3.7305020e-03  -7.6236717e-04
  -5.2336190e-02   2.1327058e-01   3.4618503e+00  -2.2927226e-02   3.8760308e-03  -6.9598959e-04
  -7.2540721e-02   2.2280750e-01   3.4886169e+00  -2.3970275e-02   5.0388390e-03  -1.0420904e-03
  -4.7325570e-02   1.6058317e-01   3.6975422e+00  -2.4468577e-02   5.2616418e-03  -3.0377010e-04
  -3.2299911e-02   2.2503737e-01   3.5305380e+00  -2.3811437e-02   4.2812118e-03  -2.9838941e-04
  -3.6161643e-02   2.3981181e-01   3.6854484e+00  -2.4967214e-02   4.0438511e-03  -6.6121750e-04
  -5.8910743e-02   2.2369582e-01   3.1848269e+00  -2.2879042e-02   4.6885793e-03  -1.6187885e-03
  -4.1167531e-02   2.0312277e-01   3.5529563e+00  -2.6777509e-02   4.0101829e-03  -1.2148765e-03
  -5.4457319e-02   2.1153734e-01   3.6470998e+00  -2.5719326e-02   4.4093797e-03  -1.2358066e-03
  -5.2085945e-02   2.4431609e-01   3.6064153e+00  -2.6241363e-02   4.1413935e-03  -1.0731403e-03
  -4.3768364e-02   2.4406564e-01   3.2962622e+00  -2.6491206e-02   4.0097207e-03  -1.3568529e-03
  -3.2033357e-02   2.5100499e-01   3.3588020e+00  -2.5292724e-02   4.0696381e-03  -8.1382605e-04
  -2.1291292e-02   2.0077129e-01   3.6337454e+00  -2.7161917e-02   4.4160635e-03  -5.3864408e-04
  -8.0716046e-03   2.5089556e-01   3.5418290e+00  -2.6644572e-02   3.5647080e-03  -1.1500479e-03
  -5.7256376e-02   2.5880624e-01   3.5341729e+00  -2.5908806e-02   3.7021807e-03  -1.4684690e-03
  -5.7983315e-02   2.8950189e-01   3.3582482e+00  -2.3768474e-02   3.5329244e-03  -1.2471819e-03
  -7.6745404e-02   2.0775117e-01   3.3909405e+00  -2.3307448e-02   4.1384087e-03  -4.0210539e-04
  -6.6983025e-02   2.0484880e-01   3.6449405e+00  -2.7147191e-02   4.1633074e-03  -6.9373899e-04
  -6.0241792e-02   2.5304442e-01   3.5969206e+00  -2.6424324e-02   4.3216334e-03  -7.3218946e-04
  -4.7528808e-02   2.4197226e-01   3.7280120e+00  -2.7272642e-02   4.3675612e-03  -4.9725478e-04
  -3.0643729e-02   2.1921575e-01   3.8280870e+00  -2.7880131e-02   4.1980113e-03  -3.0050075e-04
  -6.5963931e-03   2.1949775e-01   3.7764697e+00  -2.7467199e-02   4.2067561e-03  -1.8384511e-04
  -2.0586127e-02   2.0565465e-01   3.8002657e+00  -2.8342650e-02   4.5516501e-03  -2.1221780e-04
  -2.1891969e-02   2.2659904e-01   3.7581784e+00  -2.7996946e-02   4.9329132e-03  -3.1766884e-04
  -1.7661981e-02   1.9791415e-01   3.9298805e+00  -2.8967016e-02   4.7008828e-03  -3.1444808e-04
  -2.1149156e-02   2.8393774e-01   3.5517314e+00  -2.8174132e-02   4.8264508e-03  -2.5507458e-04
  -1.6150947e-02   2.3249624e-01   3.7342528e+00  -2.8289357e-02   4.3676912e-03  -2.6941854e-04
  -2.3827826e-02   2.3758015e-01   3.8671943e+00  -2.8846498e-02   4.7246313e-03  -4.5489589e-04
  -1.9319555e-02   2.1200125e-01   3.8873366e+00  -2.8768010e-02   4.6025874e-03  -3.2352868e-04
  -1.7032722e-02   2.3548449e-01   3.7087822e+00  -2.7907509e-02   4.8754424e-03  -4.1212911e-04
  -1.8529508e-03   2.2974453e-01   3.8343762e+00  -2.7423295e-02   4.8344367e-03  -3.2800287e-04
  -1.0675541e-02   2.6133094e-01   3.6751109e+00  -2.6582865e-02   4.8556483e-03  -1.6291587e-04
  -8.1213438e-03   2.3391474e-01   3.7533414e+00  -2.7590947e-02   5.0865037e-03  -2.0807422e-04
   1.4525252e-02   2.6278830e-01   3.8292230e+00  -2.6551976e-02   4.8398767e-03   1.1507758e-04
   1.0765399e-02   2.1722414e-01   3.7275750e+00  -2.7526870e-02   5.4710843e-03  -3.4819255e-04
   7.6356714e-03   2.0096945e-01   3.9491617e+00  -2.9573402e-02   5.0218946e-03  -3.0290807e-05
   8.7449520e-03   2.0976137e-01   3.9252145e+00  -2.9314119e-02   4.5968105e-03  -1.1213560e-04
   3.0746407e-02   2.3252356e-01   3.9347472e+00  -2.8824876e-02   4.0966101e-03   3.9457998e-04
   1.1021735e-02   1.9916634e-01   4.0364114e+00  -2.8600678e-02   4.5563774e-03   1.0623276e-04
   1.3011610e-02   2.0947153e-01   3.9895933e+00  -2.8335257e-02   4.6806697e-03   6.1555118e-04
   2.3838223e-02   2.1108475e-01   3.9767409e+00  -2.8876344e-02   4.3605443e-03   7.6604516e-04
   4.8872887e-02   2.1217315e-01   3.8873672e+00  -2.8203379e-02   4.0982926e-03   1.0813301e-03
   6.6819700e-02   2.4317682e-01   3.8035709e+00  -2.7448025e-02   3.9037827e-03   1.3139923e-03
   5.0561381e-02   2.2571437e-01   4.0202332e+00  -2.9086625e-02   4.3265225e-03   1.0047009e-03
   5.9209765e-02   2.5518711e-01   3.7369320e+00  -2.7156744e-02   4.5262744e-03   1.5293817e-03
   6.8742042e-02   2.4590392e-01   3.8611715e+00  -2.6947266e-02   4.1138207e-03   1.4946770e-03
   6.6493845e-02   1.6639022e-01   4.0748228e+00  -2.9311785e-02   4.4663658e-03   1.4367469e-03
   7.2289585e-02   2.4055601e-01   4.0309320e+00  -2.8943923e-02   4.2617429e-03   1.5508623e-03
   6.7480568e-02   2.3443832e-01   4.0320331e+00  -2.7604865e-02   4.1452055e-03   1.7508200e-03
   5.7803632e-02   2.3044347e-01   4.0235429e+00  -2.8776630e-02   4.2186513e-03   1.2407928e-03
   5.7320352e-02   2.5211311e-01   3.9065118e+00  -2.8075465e-02   4.2676312e-03   1.4677578e-03
   4.3258140e-02   2.4674130e-01   3.9557465e+00  -2.8830891e-02   4.2914032e-03   1.3903853e-03
   4.4455980e-02   2.3602275e-01   3.9156965e+00  -2.8776656e-02   4.4012140e-03   1.3681894e-03
   5.4331609e-02   2.1078978e-01   4.1068397e+00  -2.9600580e-02   3.9658967e-03   1.3668819e-03
   6.6798841e-02   1.7101259e-01   4.0480020e+00  -2.9388365e-02   4.3073068e-03   1.7365340e-03
   6.1527403e-02   2.4422922e-01   3.9311519e+00  -3.0001196e-02   4.3859984e-03   1.5426937e-03
   6.5289455e-02   2.3844334e-01   4.0190311e+00  -2.8541993e-02   4.2639696e-03   1.5508807e-03
   6.8715345e-02   2.1950915e-01   4.1834385e+00  -2.9441455e-02   4.3199850e-03   1.6576160e-03
   7.7573969e-02   2.4066657e-01   4.0576362e+00  -2.8649963e-02   4.4297959e-03   1.6021732e-03
   6.3643312e-02   1.8068601e-01   4.1386155e+00  -2.8992863e-02   4.8876290e-03   1.6700650e-03
   6.6565956e-02   2.0722099e-01   4.0740283e+00  -2.9614410e-02   4.7591090e-03   1.5931950e-03
   5.7875763e-02   2.5451632e-01   4.0063673e+00  -2.9271679e-02   5.0207590e-03   1.4344864e-03
   6.2309270e-02   1.8852748e-01   4.2108554e+00  -2.9544652e-02   4.7841909e-03   1.4271057e-03
   6.8922404e-02   2.4710162e-01   4.1837016e+00  -2.9443346e-02   4.4205849e-03   1.4641304e-03
   6.8733892e-02   2.4398678e-01   4.1919955e+00  -2.9611853e-02   4.3639078e-03   1.6600820e-03
   7.6475338e-02   2.3161710e-01   4.1756058e+00  -2.8924005e-02   4.3083773e-03   1.6340181e-03
   8.6376538e-02   1.9526678e-01   4.1944835e+00  -2.8876264e-02   4.6301984e-03   1.6415255e-03
   9.5605351e-02   2.5132111e-01   3.9143842e+00  -2.6824873e-02   4.5379852e-03   1.7685623e-03
   9.5194106e-02   2.1804783e-01   4.1215715e+00  -2.6721061e-02   4.3422881e-03   2.0533641e-03
   9.5871275e-02   2.9229507e-01   3.8677701e+00  -2.6385760e-02   4.2683968e-03   1.9217182e-03
   7.5666838e-02   2.1238420e-01   3.9780663e+00  -2.7013195e-02   3.6177419e-03   1.8860254e-03
   1.1086756e-01   2.7520043e-01   3.8702318e+00  -2.6408321e-02   3.3182104e-03   2.9219301e-03
   9.4678400e-02   3.0170300e-01   3.5562895e+00  -2.3676999e-02   3.9129846e-03   2.0950890e-03
   1.1042823e-01   2.7145027e-01   3.9193730e+00  -2.5157335e-02   3.6133222e-03   2.2729546e-03
   9.3076976e-02   3.3226939e-01   3.7283134e+00  -2.3302804e-02   3.7898137e-03   2.0099044e-03
   1.0606839e-01   3.2170612e-01   3.7793460e+00  -2.2880627e-02   3.3881159e-03   2.4545524e-03
