   1.0949278e-14   0.0000000e+00  -7.1054274e-15  -6.2029702e-54  -2.4074124e-35   0.0000000e+00
  -1.1075487e-02   5.8137225e-02   2.4924722e-02  -5.5245622e-04  -3.0261214e-05  -4.4630525e-04
   6.0434834e-03   6.1310951e-02  -6.1389564e-02   6.1553440e-04  -2.5847881e-04  -1.5354819e-04
   4.1770840e-02   3.6077265e-02   5.7734553e-02  -3.6211006e-04   7.9890416e-04  -1.5615641e-05
   5.3867728e-02   4.1023597e-02   5.2306104e-03  -9.8962261e-04  -1.7602423e-04   4.3720097e-04
   7.5629977e-02   5.6926055e-02  -1.8786894e-02   4.9580251e-04   2.6416322e-04   9.1098634e-04
   5.7599622e-02   4.1093044e-02   1.4121171e-02  -1.7849653e-04   4.1484016e-04   4.1567352e-04
   6.3809319e-02   3.9575859e-02   3.2009202e-02  -1.6817926e-04   4.7850893e-04   5.8321664e-04
   4.9187110e-02   4.9419837e-02   6.6322926e-02  -7.0293015e-04   6.9107708e-04   2.3577947e-04
   4.6232005e-02   4.2976491e-02   3.9593879e-02  -6.2137159e-05   5.3990605e-04   1.5016374e-04
   6.1914071e-02   2.3071129e-02   8.5347555e-02  -9.0776397e-04   5.8531641e-04   4.5374987e-04
   6.8356448e-02   5.7899183e-02   7.0369154e-02  -7.3792458e-04   3.3367720e-04   3.8725521e-04
   7.7383930e-02   3.4539219e-02   1.0072601e-01  -5.3840038e-04   6.4576816e-04   4.6238306e-04
   6.9704013e-02   8.2482452e-02   2.4667759e-03  -5.5981625e-04   4.2757178e-04   5.3604309e-04
   7.4770925e-02   5.1680504e-02   3.3538741e-02  -4.7219718e-04   7.8818534e-04   6.0686061e-04
   7.3906805e-02   5.2812622e-02   3.8436367e-02  -9.1370403e-04   5.8073114e-05   5.7234438e-04
   7.6391865e-02   6.7047916e-02   9.3875974e-02  -1.1095046e-03   3.6283112e-04   4.9999604e-04
   6.9411645e-02   3.4062116e-02   8.9736616e-02  -1.0555851e-03   7.1968017e-05   4.3145744e-04
   6.7521722e-02   6.1945687e-02   8.1094422e-02  -1.0331471e-03   3.0406200e-04   4.0268091e-04
   5.7100802e-02   5.4698265e-02   4.8891375e-02  -8.2843478e-04  -4.3886152e-06   1.4891795e-04
   7.6684855e-02   3.2656106e-02   6.0534460e-02  -7.7761015e-04   1.2464503e-04   4.7537058e-04
   7.4814241e-02   5.6487724e-02   6.7837882e-02  -1.1240699e-03   2.6148503e-04   3.3619035e-04
   7.2268877e-02   7.6011868e-02   4.3068912e-02  -1.1720313e-03   1.2567565e-04   3.6449089e-04
   8.4015521e-02   3.1243387e-02  -8.3907646e-02   3.2882779e-03  -2.9550103e-04   6.6645613e-04
   7.5043373e-02   9.1836018e-02  -6.4251833e-02   2.7395993e-03  -4.1583536e-04   4.9181947e-04
   7.1150635e-02   1.0000949e-01  -2.4980447e-03   1.8137097e-03   1.1250080e-04   3.4478346e-04
   7.7865623e-02   7.1188951e-02  -8.6500596e-03   1.5646256e-03   7.2784519e-05   4.6482922e-04
   7.6955893e-02   7.0663698e-02  -7.7319191e-02   2.5330117e-03  -2.2120241e-05   4.6516024e-04
   6.7413915e-02   1.0862232e-01  -1.7340922e-02   1.4633913e-03  -7.6671377e-05   1.3302011e-04
   7.1907494e-02   1.2166837e-01  -1.6224113e-02   1.4798125e-03   2.3274397e-04   2.3057275e-05
   7.2687295e-02   1.2344940e-01  -1.3392988e-02   7.5911217e-04  -2.4449989e-04   3.0672076e-04
   5.4917224e-02   1.0935225e-01   7.4297678e-03   9.8073086e-04   1.2665244e-04  -1.0139763e-04
   4.8520908e-02   1.3842754e-01  -3.0740506e-03   8.4020607e-04   1.3788367e-04  -2.6878133e-04
   4.7502803e-02   1.0682062e-01   6.7237298e-04   1.7135465e-03   2.0993929e-04  -3.0375274e-04
   5.0745134e-02   8.4355364e-02   2.8720323e-02   1.1155756e-03  -4.3564416e-05  -3.1787010e-04
   5.8771255e-02   1.0886176e-01   8.4647609e-03   1.4494804e-03  -1.1323131e-05  -2.5336917e-04
   4.4660283e-02   6.6360670e-02   5.9050364e-02   6.9329354e-04  -9.1802053e-05  -1.9809829e-04
   4.7917869e-02   1.3225437e-01   7.7568860e-03   1.3505178e-03  -2.4120403e-04  -3.5496861e-04
   4.1683954e-02   1.1662222e-01   6.5911866e-02   1.7726380e-04   1.6228648e-04  -4.9416006e-04
   6.2813758e-02   9.6432545e-02   5.0001675e-02   6.3365644e-04  -4.0515630e-04  -1.0403594e-05
   3.9057047e-02   1.3967152e-01   9.9554559e-02  -1.2432258e-04  -8.9969613e-06  -6.1491964e-04
   1.2926321e-02   1.3754017e-01   2.6131964e-02  -8.6264291e-04  -1.4239041e-03  -5.4351909e-04
  -1.5233391e-02   1.0687023e-01   2.6128223e-03   4.4918189e-04  -2.1259085e-03  -1.0821518e-03
   1.6273344e-02   1.3070148e-01   7.5634403e-03   5.4196231e-04  -1.1011943e-03  -3.5993515e-04
   1.1839379e-02   1.1624204e-01   1.2207232e-05   1.9273922e-04  -1.5309791e-03  -7.5140217e-04
   3.0270502e-02   1.3615370e-01   2.0596704e-02  -2.8523086e-04  -6.2911475e-04  -3.2802952e-04
   9.4911037e-03   1.3671471e-01   1.2393177e-02  -2.3201243e-04  -1.4581472e-03  -7.8064706e-04
   2.6196369e-02   1.4463232e-01   5.7421532e-02  -7.3041099e-04  -9.8566950e-04  -3.1178552e-04
   2.0966806e-02   1.3979941e-01   3.5170182e-02   4.5349905e-05  -1.2844384e-03  -7.4845903e-04
   4.6782811e-02   1.7986105e-01   3.8681515e-02  -4.7903205e-04  -1.0502121e-03  -9.0942249e-05
   3.2056834e-02   1.4014854e-01   1.4544162e-02   4.3504403e-04  -9.1018077e-04  -2.9947545e-04
   1.4305617e-01   2.7072200e-01  -1.7521757e-01   3.7327878e-03  -6.3333343e-04   2.1909427e-03
   2.0260323e-01   2.5998320e-01  -2.5667454e-01   2.6733563e-03  -9.9488549e-04   2.7405745e-03
   6.7280501e-02   9.0941917e-02  -3.4141867e-01   3.1805383e-03  -6.5359619e-04   4.4797639e-04
   9.5399294e-02   1.1115469e-01  -2.1807688e-01   3.0302275e-03  -7.4013677e-05   1.0232807e-03
   7.9622776e-02   7.4236171e-02  -2.0647874e-01   2.9497378e-03   4.1019485e-05   7.0623997e-04
   6.0911664e-02   7.7438361e-02  -1.8736872e-01   2.7901350e-03   2.8434705e-04   6.8386566e-04
   7.3577311e-02   4.4121842e-02  -1.4901705e-01   1.6830261e-03   5.9629148e-04   8.4463062e-04
   4.3417965e-02   7.5659817e-02  -2.0298605e-01   1.7662655e-03   1.6361315e-04   7.9145507e-04
   7.7606678e-02   5.0099331e-02  -1.9862746e-01   2.7783050e-03   3.4614286e-04   1.2962995e-03
   7.7120101e-02   1.2327770e-01  -2.1298921e-01   1.7466428e-03   6.7383208e-04   1.1489586e-03
   6.5981920e-02   1.1073052e-01  -2.2070985e-01   2.5110409e-03   4.9396422e-04   9.3445776e-04
   7.1897485e-02   1.5139144e-01  -2.5148121e-01   2.1449662e-03   8.0072687e-04   1.0430755e-03
   8.6338768e-02   1.3344278e-01  -2.3846251e-01   2.4525369e-03   1.2239625e-03   1.3926839e-03
   9.4454312e-02   1.3688079e-01  -2.0864186e-01   1.9873951e-03   1.0225047e-03   1.3936304e-03
   8.7886301e-02   1.3206284e-01  -2.2820172e-01   2.4087288e-03   9.3084100e-04   1.4732883e-03
   9.4268796e-02   1.4302904e-01  -2.2381388e-01   2.4918124e-03   9.3466744e-04   1.4818200e-03
   1.1068803e-01   9.6090636e-02  -2.1001537e-01   2.1156586e-03   1.0031282e-03   1.8585124e-03
   1.0298950e-01   6.3194678e-02  -2.2608221e-01   2.6725045e-03   1.3355663e-03   1.7630838e-03
   9.6224938e-02   1.4396490e-01  -2.8616884e-01   1.9269958e-03   1.6920420e-04   1.6283506e-03
   8.7982334e-02   1.1676271e-01  -2.5470011e-01   2.2275664e-03   7.8190244e-04   1.6488366e-03
   1.0704913e-01   1.2106161e-01  -2.6713500e-01   2.1993516e-03   6.3961924e-04   2.0943586e-03
   8.8110031e-02   1.3772285e-01  -2.7406632e-01   2.1293405e-03   5.2108771e-04   1.8675959e-03
   9.6470552e-02   1.3249120e-01  -2.4667285e-01   1.3136129e-03   5.1052633e-04   1.9785904e-03
   9.6131274e-02   1.6520771e-01  -1.8297186e-01  -1.8676569e-04  -2.3074294e-04   2.2275804e-03
   1.0646734e-01   1.6899157e-01  -2.2468701e-01   3.2159799e-04  -9.0656822e-05   2.4956686e-03
   9.3495995e-02   1.5292455e-01  -1.7839521e-01  -2.4090493e-04  -2.4430662e-04   1.9826990e-03
   1.0269709e-01   1.5633598e-01  -2.3142500e-01   1.9264652e-04  -7.6287437e-05   2.4662748e-03
   1.1270549e-01   1.4390048e-01  -1.5443908e-01  -7.6632841e-04  -5.6337482e-04   2.3840628e-03
   1.1471002e-01   1.5691236e-01  -1.6464828e-01  -5.2519870e-04  -5.8500351e-04   2.6021067e-03
   9.0054520e-02   1.5757972e-01  -1.7794731e-01  -4.8456337e-04  -1.0163187e-03   2.0936804e-03
   9.5289349e-02   1.3388232e-01  -1.0790121e-01  -8.8270942e-04  -3.9226649e-04   2.2925546e-03
   9.9491169e-02   1.8305313e-01  -1.6401878e-01  -1.1634337e-03  -5.1310968e-04   2.3740758e-03
   7.0986597e-02   1.7574611e-01  -1.9519744e-01  -7.5984627e-04  -3.8309484e-04   1.8748860e-03
   9.8380262e-02   2.0430074e-01  -1.9248742e-01  -5.7700208e-04  -7.0549156e-04   2.5224469e-03
   9.7444338e-02   1.9635669e-01  -2.0297369e-01  -5.5839180e-04  -3.1800614e-04   2.4824211e-03
   1.1236429e-01   1.8782305e-01  -1.3572155e-01  -1.0900523e-03  -3.9791199e-04   2.5192157e-03
   9.4862186e-02   1.9269293e-01  -1.5266279e-01  -1.6341723e-03  -3.1047304e-04   2.4507019e-03
   7.2813685e-02   1.3361235e-01  -1.9276607e-01  -5.7202135e-04   2.1315007e-04   2.1285008e-03
   1.1443812e-01   1.7243221e-01  -2.6443835e-01   3.8709958e-04  -2.4233662e-04   2.6223992e-03
   1.0127093e-01   1.6327926e-01  -1.7825143e-01  -4.0792602e-04  -3.1121601e-05   2.4086070e-03
   9.4892510e-02   1.5687966e-01  -2.1364456e-01   5.4290399e-06  -2.9369391e-04   2.6530247e-03
   8.1045358e-02   1.7638481e-01  -2.1034917e-01   4.6127069e-05  -7.8878626e-05   2.3489134e-03
   8.7739598e-02   1.6734071e-01  -1.9711554e-01  -5.7472694e-04  -5.3921418e-05   2.4831469e-03
   8.4838359e-02   1.9559522e-01  -1.9573496e-01  -6.1173781e-04  -1.7550159e-04   2.3428704e-03
   8.5513703e-02   1.9119744e-01  -1.8943452e-01  -1.0279560e-03  -2.6169895e-05   2.3783250e-03
   8.2972201e-02   1.9572440e-01  -1.6810838e-01  -1.0308755e-03  -1.4834634e-04   2.2422657e-03
   8.3696995e-02   1.8747231e-01  -1.7370120e-01  -4.8490671e-04   2.2990607e-04   2.4392580e-03
   7.0260885e-02   1.8704969e-01  -1.8636625e-01  -6.4750045e-04   2.4579069e-04   2.2574556e-03
   6.5439899e-02   1.8127739e-01  -1.6436387e-01  -9.2748179e-04   1.1480743e-03   2.1750402e-03
   6.1068482e-02   1.9730669e-01  -1.6852206e-01  -1.1465426e-03   1.2076649e-04   2.0611474e-03
   8.1677664e-02   1.9776027e-01  -1.8979428e-01  -7.9365240e-04   3.5289183e-04   2.4742963e-03
   7.7816617e-02   1.7685789e-01  -1.5530035e-01  -6.3210770e-04   1.1975675e-05   2.3525211e-03
   8.2566599e-02   1.8179135e-01  -1.5139051e-01  -1.0022843e-03  -1.6352559e-04   2.3102503e-03
   8.4190375e-02   1.8191071e-01  -9.8508174e-02  -1.3481045e-03  -4.4555828e-04   2.2647027e-03
   1.1129687e-01   1.6033252e-01  -7.6602162e-02  -1.4898148e-03  -1.0326189e-03   2.4902512e-03
   1.2609817e-01   1.8947185e-01  -1.0461368e-01  -1.2159281e-03  -9.3573596e-04   2.7506609e-03
   9.6495063e-02   2.1115081e-01  -1.1322922e-01  -1.5080584e-03  -3.5591683e-04   2.4774439e-03
   9.1565258e-02   2.0124278e-01  -8.9418915e-02  -1.7969624e-03   3.3994322e-05   2.5210952e-03
   7.1539110e-02   2.0384089e-01  -1.4864685e-01  -1.8040151e-03   3.1422668e-04   2.4129213e-03
   1.1478356e-01   1.8254388e-01  -1.4560024e-01  -1.5573382e-03   5.5246763e-05   3.0703886e-03
   9.0775838e-02   1.7815929e-01  -1.5783313e-01  -1.0538590e-03  -7.9009241e-04   2.5123273e-03
   1.0117779e-01   1.7305086e-01  -1.9941336e-01   3.9817102e-04  -5.3842296e-04   2.8255243e-03
   1.0673853e-01   2.1234360e-01  -1.8013654e-01   9.8002443e-05  -4.9791105e-04   2.9820230e-03
   9.8912173e-02   1.9564037e-01  -1.3333128e-01  -9.1313199e-04  -7.7637643e-04   2.5912716e-03
   9.4244099e-02   2.3658746e-01  -1.4042579e-01  -1.4309580e-03  -2.7649202e-05   2.5704786e-03
   1.1275470e-01   1.9269189e-01  -1.4982292e-01  -1.1102257e-03  -6.9423282e-04   2.6588994e-03
   8.8404681e-02   3.1671392e-01  -1.1295366e-01  -1.8933412e-03  -6.1583307e-04   2.6901335e-03
   9.3938388e-02   3.4122077e-01  -2.1627098e-01  -1.5466775e-03   8.2678467e-05   2.6069806e-03
   1.2409462e-01   1.8635397e-01  -1.7476130e-01  -9.7612736e-04  -3.3468127e-04   3.1757067e-03
   1.2017609e-01   2.1056251e-01  -1.9798079e-01  -5.3668076e-04  -3.7206593e-04   3.3134245e-03
   1.2406459e-01   2.0654514e-01  -1.7117967e-01  -7.8518057e-04  -6.5105611e-04   3.1178649e-03
   1.3400110e-01   1.9229778e-01  -1.2563802e-01  -8.6792789e-04  -5.9672206e-04   3.3149862e-03
   1.1736556e-01   2.1142135e-01  -1.5764041e-01  -8.9539576e-04  -8.6953718e-04   2.9857253e-03
   9.1480437e-02   2.1077176e-01  -1.5690368e-01  -1.0829075e-03  -3.2072794e-04   2.7099558e-03
   1.0823744e-01   2.0535716e-01  -1.6301680e-01  -1.0215279e-03  -7.7151384e-04   2.8703688e-03
   8.8497763e-02   2.3897992e-01  -1.6975551e-01  -1.2859317e-03  -4.8658231e-04   2.7238389e-03
   1.0627122e-01   2.0522644e-01  -1.3575922e-01  -1.7800402e-03  -3.9384818e-04   3.1474629e-03
   8.4624561e-02   2.2568491e-01  -1.8113644e-01  -1.5011226e-03  -5.4507832e-04   2.7526911e-03
   9.4189488e-02   2.2725653e-01  -2.0874388e-01  -7.1415327e-04  -2.7603216e-04   2.9636564e-03
   1.0184896e-01   2.4971817e-01  -2.2267462e-01  -5.1637366e-04  -4.2319052e-04   3.0004287e-03
   1.0451839e-01   1.8434689e-01  -1.6484212e-01  -9.1399405e-04  -3.3462135e-05   3.0469561e-03
   1.0535866e-01   2.3534659e-01  -1.8566182e-01  -9.1171773e-04  -3.2018028e-04   2.9519589e-03
   1.0713006e-01   2.2662484e-01  -1.8367529e-01  -1.2144166e-03  -2.6441086e-04   3.0370761e-03
   1.0963574e-01   2.4617960e-01  -1.9046858e-01  -1.3756790e-03  -5.8397540e-04   3.0079076e-03
   1.1899505e-01   2.1014651e-01  -1.3399605e-01  -1.7588736e-03  -5.3376901e-04   3.2557497e-03
   1.1775914e-01   2.6318649e-01  -1.5508856e-01  -1.5554518e-03  -7.8620829e-04   2.9770931e-03
   1.0710297e-01   2.4729384e-01  -1.9128732e-01  -1.6039939e-03  -4.9153973e-04   3.1147275e-03
   1.0568563e-01   2.1807323e-01  -1.3278901e-01  -1.6045241e-03  -8.5162962e-05   3.1374258e-03
   1.1045915e-01   2.4427224e-01  -1.3906412e-01  -2.3564467e-03  -2.4451466e-04   3.0619896e-03
   1.0879414e-01   2.5014657e-01  -1.6364146e-01  -1.6369993e-03  -2.0259576e-04   3.1006506e-03
   1.0388352e-01   2.4860212e-01  -9.8436957e-02  -2.8331738e-03  -4.3470329e-05   3.0402569e-03
   9.1378265e-02   2.6531070e-01  -1.4322229e-01  -1.9876570e-03   1.2085743e-04   2.8494248e-03
   9.6953178e-02   2.6607818e-01  -1.0978834e-01  -2.2368628e-03   6.0508196e-05   2.8289209e-03
   8.8247866e-02   2.7332969e-01  -1.5697252e-01  -1.8691350e-03  -1.9612853e-04   2.7178367e-03
   8.9315731e-02   2.7161660e-01  -1.1995060e-01  -2.4289719e-03   3.4436706e-04   2.8424789e-03
   9.4296013e-02   2.4012068e-01  -1.2605361e-01  -2.1635619e-03  -1.3065394e-04   2.9560047e-03
   8.9390448e-02   2.6821966e-01  -1.3566458e-01  -2.2227218e-03   3.9962623e-05   2.8436836e-03
   1.0085528e-01   2.4700567e-01  -1.1505862e-01  -2.3090461e-03  -2.1199947e-04   2.9572602e-03
   1.0077172e-01   2.5510137e-01  -1.1576461e-01  -2.4022108e-03  -2.2094046e-05   2.9062264e-03
   1.3132349e-01   2.9987786e-01  -1.5017615e-01  -2.6725028e-03  -1.6445271e-04   3.5387593e-03
   9.9784335e-02   2.9597036e-01  -1.9884345e-01  -2.8131310e-03  -7.3582756e-04   3.1137797e-03
   1.1575371e-01   2.7243727e-01  -1.3737745e-01  -2.5817026e-03   6.8171651e-05   3.4827934e-03
   8.7342285e-02   2.5278561e-01  -3.3315849e-01   3.2239409e-04  -3.2103084e-04   2.9164428e-03
   8.1145307e-02   2.2084173e-01  -3.1737394e-01   1.0495614e-03   4.7209586e-04   2.8779145e-03
   6.7728735e-02   2.9101443e-01  -3.1236205e-01  -1.4086637e-04  -2.4420116e-04   2.4629031e-03
   6.7536716e-02   2.3877666e-01  -3.1212769e-01   6.8114039e-04   6.9358088e-04   2.5668357e-03
   8.2305069e-02   2.7968232e-01  -2.7756171e-01   7.3187461e-05   5.6341219e-04   2.7981932e-03
   5.7708159e-02   2.3781547e-01  -3.1178208e-01   6.9667744e-04   7.7816128e-04   2.5406537e-03
   5.7352375e-02   3.8896183e-01  -2.1543087e-01  -1.2334297e-03   9.8944007e-04   2.6350872e-03
   1.5854270e-02   5.0200823e-01  -1.7305074e-01   1.4000821e-03   1.6871222e-03   2.7815782e-03
   9.9917426e-02   2.8599776e-01  -3.9440717e-01   1.7725393e-03   4.0468443e-04   3.1043078e-03
   9.0643060e-02   2.9164152e-01  -4.0885080e-01   1.2116379e-03   2.2516399e-05   2.6286298e-03
   8.1114240e-02   2.2940561e-01  -3.2649090e-01   1.2154392e-03  -4.0503409e-05   2.6869750e-03
   6.9354824e-02   2.2860498e-01  -3.9707741e-01   1.6238141e-03   6.0705340e-04   2.3267942e-03
   5.0327310e-02   1.6305064e-01  -3.8636981e-01   1.9983768e-03   8.3519564e-04   2.1261165e-03
   4.9231743e-02   2.4242159e-01  -4.0496813e-01   1.6972851e-03   4.3208932e-04   2.1545821e-03
   3.9037449e-02   2.4159696e-01  -3.5963713e-01   1.6722648e-03   2.0254806e-03   2.0560552e-03
   3.0686610e-02   2.4857386e-01  -4.4113077e-01   2.2159117e-03   1.8206210e-03   1.7639508e-03
   3.8899642e-02   2.3470571e-01  -4.1314438e-01   3.0528224e-03   1.8702346e-03   1.7400956e-03
   6.3077431e-03   2.6507405e-01  -4.1014886e-01   2.4746164e-03   1.4164420e-03   1.4513259e-03
   1.7431065e-02   2.5826101e-01  -3.9103748e-01   2.4636595e-03   2.2785996e-03   1.4136865e-03
   2.2278718e-02   2.6103761e-01  -4.4551212e-01   2.2751294e-03   2.0855343e-03   1.3532888e-03
   3.5644549e-02   2.4802659e-01  -4.3551295e-01   3.1056823e-03   2.0113437e-03   1.7001016e-03
   1.6626638e-02   2.7504126e-01  -4.6243308e-01   2.7000126e-03   1.2962549e-03   1.2515003e-03
   3.0374119e-02   2.7961395e-01  -4.6959962e-01   2.4672017e-03   5.8527552e-04   1.2765144e-03
   2.5874025e-02   2.9306605e-01  -5.1399843e-01   2.7925524e-03   5.7751435e-04   1.1404660e-03
   2.8247787e-02   2.4614107e-01  -4.8242657e-01   3.2557515e-03   5.4454349e-04   1.2488253e-03
   3.6462085e-02   2.4696341e-01  -4.6192523e-01   2.6990808e-03   3.1002184e-04   1.2424797e-03
