   0.0000000e+00   0.0000000e+00   8.5176556e-17  -4.1861623e-17  -4.8440272e-18  -2.0277884e-34
   1.5163748e-03  -8.6088992e-03  -5.0920907e-02   1.1926244e-03   9.1439036e-04   1.2889228e-04
   1.1461979e-02   2.5333777e-03  -6.3230513e-02   2.1592634e-03   3.9926228e-04  -1.1523705e-04
  -1.4363147e-02  -1.0334714e-02  -1.6860365e-02   1.3666836e-03  -7.0473472e-04  -6.3665047e-04
  -7.6973024e-03  -2.1214925e-02   3.3149112e-02   9.9316446e-04  -5.0357884e-04  -4.4467244e-04
  -9.2158909e-03  -2.8092971e-02  -4.8589694e-02   2.7823895e-03  -4.0175149e-04  -4.1280067e-04
  -1.7968122e-02  -1.9561784e-02  -6.3786480e-02   2.7497474e-03  -9.1885793e-04  -6.1919327e-04
  -2.0193628e-02  -6.9480950e-03  -4.3874751e-02   1.7723168e-03  -5.3206134e-04  -5.5286108e-04
  -1.2473799e-02   3.4826112e-02  -4.0451494e-02   1.8517820e-03  -2.9501410e-04  -4.7218549e-04
   7.0642417e-03   2.9605938e-02  -4.1276611e-03   1.7124753e-03  -2.3808205e-05  -2.3541556e-04
   1.2802144e-03   3.1166971e-03  -6.3222026e-03   2.2479113e-03   2.7435006e-04  -4.8122670e-04
   5.3545100e-03   1.1277461e-02   2.1340041e-02   1.3602221e-03   4.4286778e-04  -3.1516833e-04
   1.2166219e-02   2.1591745e-02   2.2061416e-03   1.8946934e-03   5.8575354e-04  -1.5882750e-04
   1.5033514e-02   2.2168640e-02   1.9085316e-02   2.2279288e-03   5.5755226e-04  -1.0893064e-04
   6.9503453e-03   5.2711170e-02   4.0272656e-02   1.6216010e-03   9.7819495e-04  -2.6875878e-04
   8.4595723e-03   6.5217419e-02   4.9624227e-02   1.3841449e-03   8.4293992e-04  -2.3293009e-04
  -2.1767489e-03   3.4102220e-02   6.9770618e-02   9.1916779e-04   8.0082917e-04  -5.6239792e-04
  -1.0374490e-02   6.3098020e-02   8.1720414e-02   1.0794490e-03   7.7068372e-04  -5.8479795e-04
  -1.0109271e-02   7.0037085e-02   8.5521218e-02   9.4285998e-04   8.4876497e-04  -5.9075570e-04
  -1.9717879e-02   7.6330349e-02   9.0109333e-02   1.4668950e-03   1.1670514e-03  -3.9989719e-04
  -2.8108963e-02   7.9400042e-02   1.1030212e-01   1.2988439e-03   1.2475600e-03  -8.1754792e-04
  -1.0367460e-02   8.3962196e-02   1.0643492e-01   9.5000507e-04   7.3889198e-04  -2.2702536e-04
  -1.5583642e-02   4.7435584e-02   1.1496373e-01   1.4327911e-03   1.3305122e-03  -4.5123153e-04
  -1.2175968e-02   8.2097246e-02   5.9300675e-02   2.6031332e-03   1.2597481e-03  -3.7793035e-04
  -2.3618541e-02   1.1231179e-01   7.1300846e-02   2.2332838e-03   1.1191146e-03  -7.2448678e-04
  -3.2990248e-02   1.0900767e-01   9.5130550e-02   1.5912029e-03   1.2752045e-03  -7.2457560e-04
  -3.6402927e-02   1.1748477e-01   6.3099966e-02   1.9630664e-03   9.4465903e-04  -6.7338930e-04
  -4.0800673e-02   8.8658178e-02   7.1335899e-02   1.6709833e-03   1.1827184e-03  -6.2841834e-04
  -2.8066991e-02   1.3637469e-01   5.3904466e-02   1.7902194e-03   1.1476951e-03  -2.4040429e-04
  -4.5162858e-02   9.9714443e-02   8.5510323e-02   1.1619168e-03   9.4466910e-04  -6.0190734e-04
  -1.5516844e-02   1.3701736e-01   6.5945188e-02   2.0879292e-03   1.2022903e-03  -3.3572989e-04
  -2.7197841e-02   1.2458570e-01   9.9226734e-02   1.8691677e-03   9.7857102e-04  -3.0344636e-04
  -3.3075555e-02   1.0543231e-01   1.4267314e-01   1.4385262e-03   1.4777369e-03  -4.3910537e-04
  -2.3446688e-02   1.4260482e-01   9.8269999e-02   2.8275679e-03   1.5341268e-03  -1.6650852e-04
  -2.1288802e-02   1.5599072e-01   1.1649962e-01   3.2989872e-03   1.6897517e-03  -1.6585217e-04
  -1.9998162e-02   1.6424442e-01   1.4822892e-01   1.7199331e-03   1.6062143e-03   2.7214962e-05
  -4.7083670e-02   1.5580048e-01   1.4477404e-01   2.2963447e-03   1.8343652e-03  -4.3411396e-04
  -3.3939349e-02   1.9670161e-01   1.4116766e-01   2.3454291e-03   1.6949590e-03  -4.3802891e-05
  -4.2046251e-02   1.6004809e-01   1.7930633e-01   2.4695385e-03   1.8228866e-03  -2.0106117e-04
  -3.5931400e-02   1.9469897e-01   1.6974147e-01   2.8611295e-03   1.9680332e-03  -2.2606883e-04
  -2.6364225e-02   2.1956130e-01   8.6408672e-02   5.1449336e-03   1.6034929e-03  -1.2221292e-04
  -3.5326973e-02   2.2110841e-01   1.1868630e-01   4.7756504e-03   1.9783482e-03  -4.3898787e-04
  -2.9640229e-02   2.0758153e-01   1.1966550e-01   4.9929451e-03   2.0500193e-03  -6.1401097e-05
  -5.2877573e-02   2.3297619e-01   1.3236799e-01   5.0214829e-03   2.4013834e-03  -4.6312573e-04
  -5.8919406e-02   2.6916150e-01   1.5585133e-01   5.2929951e-03   2.6759277e-03  -6.2867929e-04
  -4.9621850e-02   2.3735169e-01   1.5962904e-01   5.5718200e-03   2.5567886e-03  -6.4627515e-04
  -3.9914916e-02   2.2859274e-01   1.5294377e-01   5.4565313e-03   2.6769153e-03  -5.4922642e-04
  -4.1416815e-02   2.2784276e-01   1.4863783e-01   5.6005095e-03   3.0852503e-03  -6.1562378e-04
  -2.9150796e-02   2.5351386e-01   1.4567230e-01   5.3581588e-03   3.0860259e-03  -4.3380258e-04
  -2.5864834e-02   2.3559673e-01   1.5235699e-01   5.0241676e-03   2.9574660e-03  -5.2560823e-04
  -2.3956962e-02   2.2224620e-01   1.3737146e-01   5.0153026e-03   2.8868227e-03  -3.7946512e-04
  -2.7822347e-02   2.2284978e-01   1.2030076e-01   5.5456701e-03   3.1139456e-03  -3.4954088e-04
  -3.4861722e-02   2.6113512e-01   9.6638325e-02   6.2368211e-03   3.0694115e-03  -6.4030701e-04
  -4.7037567e-02   2.5293450e-01   1.2183983e-01   6.1490931e-03   2.9757356e-03  -8.0548189e-04
  -3.6016284e-02   2.2879526e-01   8.4085529e-02   6.4897920e-03   2.8798494e-03  -7.0619559e-04
  -2.9960862e-02   2.3636655e-01   6.1467768e-02   6.6320309e-03   2.9273845e-03  -4.4351543e-04
  -2.5591751e-02   2.8165648e-01   8.2211941e-02   5.9115258e-03   2.8267271e-03  -2.5502674e-04
  -3.2861263e-02   2.5721636e-01   8.3936090e-02   5.7023548e-03   2.5853198e-03  -6.7943009e-04
  -1.3376235e-02   2.3022911e-01   1.0270531e-01   5.2431014e-03   2.5045602e-03  -2.6056287e-04
  -2.4793177e-02   2.8227630e-01   1.1995547e-01   4.7012750e-03   2.4498047e-03  -3.7833366e-04
  -4.7945825e-02   2.5528684e-01   1.2460663e-01   4.7806112e-03   2.6067286e-03  -7.6905855e-04
  -4.2118544e-02   2.7216703e-01   8.2153772e-02   4.5909124e-03   2.5915371e-03  -4.9822169e-04
  -4.0034455e-02   2.4642642e-01   9.3326492e-02   4.7785844e-03   2.4410452e-03  -5.3531672e-04
  -2.6894577e-02   2.6097744e-01   1.1012656e-01   4.5280003e-03   2.9061668e-03  -4.4160939e-04
  -3.8685255e-02   2.9172713e-01   1.1275196e-01   4.3054477e-03   2.7182064e-03  -5.3301003e-04
  -2.0955559e-02   2.6311819e-01   8.8164453e-02   4.0627048e-03   2.3805005e-03  -2.6793703e-04
  -2.1579075e-02   2.7174320e-01   4.0606984e-02   5.2785164e-03   2.6302868e-03  -1.5062495e-04
  -3.9891244e-02   3.0252590e-01   9.2253519e-02   3.9594253e-03   2.7914173e-03  -8.1789237e-04
  -2.7612426e-02   2.9067150e-01   8.0738012e-02   4.1647942e-03   2.9401280e-03  -3.8433933e-04
  -2.4618431e-02   2.7544373e-01   6.9941891e-02   4.5077877e-03   2.6955458e-03  -2.0276477e-04
  -3.4390943e-02   3.1686483e-01   6.9982633e-02   4.8659127e-03   2.9223659e-03  -5.8810794e-04
  -4.8683099e-02   3.1456489e-01   1.0225682e-01   4.8873871e-03   2.9907677e-03  -6.5309270e-04
  -4.6666918e-02   3.1369420e-01   4.6178633e-02   4.9862323e-03   2.9466464e-03  -8.1091363e-04
  -3.8284742e-02   2.8611485e-01   5.1312349e-02   5.2303468e-03   2.9781853e-03  -5.7314727e-04
  -3.1562893e-02   3.0823849e-01   5.2546892e-02   5.4045552e-03   3.1959885e-03  -5.1258501e-04
  -2.2053949e-02   3.2738217e-01   3.5964813e-02   5.2558038e-03   3.3740261e-03  -4.2935801e-04
  -2.3884181e-02   3.0319910e-01   5.1557769e-02   5.1568712e-03   2.7348041e-03  -5.7148071e-04
  -4.7591704e-03   3.1589790e-01   3.0037689e-02   5.0816588e-03   3.3132923e-03  -8.1343398e-05
  -9.3376387e-03   3.5572710e-01   6.5139821e-02   5.3541552e-03   3.5249188e-03  -3.8902979e-04
  -6.9265234e-03   3.2895100e-01   8.2889857e-02   4.8718532e-03   3.4857129e-03  -2.8692055e-04
  -6.9083149e-03   3.2304077e-01   4.3985593e-02   5.8562810e-03   3.2915421e-03  -4.6865305e-05
   4.1572424e-03   3.4317361e-01   4.0633223e-02   5.0716284e-03   3.2812204e-03  -4.3252644e-05
  -2.2114288e-03   3.6155582e-01   2.6580656e-02   5.3835396e-03   3.2471376e-03  -2.6024727e-04
  -7.5379539e-03   3.1813496e-01   4.7524685e-02   4.6683865e-03   3.5309681e-03  -4.7577624e-04
  -1.1741964e-02   3.2363563e-01   2.6490845e-02   5.4495224e-03   3.2807105e-03  -4.7744084e-04
  -1.6941098e-02   3.3223001e-01   3.5326451e-02   5.5143880e-03   3.4188077e-03  -6.0174250e-04
   1.0634433e-02   3.6197426e-01   8.1869321e-03   6.1667850e-03   3.3776632e-03   2.8459754e-04
   1.1236884e-02   3.3031576e-01  -1.6322732e-02   6.2591402e-03   3.7268642e-03   1.1534871e-04
  -1.5753639e-03   3.6961569e-01   7.2590776e-02   5.7481561e-03   3.7890848e-03  -2.2393372e-04
  -4.5131005e-02   3.9810620e-01   1.2429221e-01   5.5610058e-03   3.4435514e-03  -1.5882399e-03
  -2.9031839e-02   3.8181322e-01  -2.3978295e-02   5.7361576e-03   3.1984656e-03  -1.3699727e-03
  -2.3261784e-02   3.6721398e-01  -3.8342263e-02   4.2246172e-03   3.2639124e-03  -1.1816854e-03
  -3.0472743e-02   3.2590473e-01  -2.0723909e-02   4.8064897e-03   3.5087669e-03  -1.2250561e-03
  -2.1686686e-02   3.7406040e-01  -3.4074611e-03   3.6469686e-03   3.8269178e-03  -1.1550376e-03
  -1.8698041e-02   3.8369107e-01  -2.3366238e-02   4.0841588e-03   3.8723260e-03  -1.1717516e-03
  -1.4031856e-02   3.7851607e-01   3.3724642e-02   3.5865014e-03   3.8157583e-03  -9.6091955e-04
  -1.2069786e-02   3.9175536e-01   1.7089400e-03   3.6216110e-03   3.7100975e-03  -9.4608329e-04
  -1.4428255e-02   3.5593735e-01   3.3982555e-02   3.0442254e-03   3.7354568e-03  -1.0327512e-03
  -3.4410726e-04   3.6462474e-01  -1.2528596e-02   3.7063783e-03   3.6788127e-03  -5.9586554e-04
   2.7760363e-03   3.8480813e-01   2.3388777e-03   3.4525892e-03   3.8267062e-03  -6.1756938e-04
   1.7458905e-02   3.9623365e-01   1.0081325e-02   3.2094272e-03   3.7706826e-03  -5.1167329e-04
   1.0936083e-02   3.8469710e-01   4.8392818e-02   2.4588601e-03   3.4625567e-03  -5.8776724e-04
   1.2704475e-02   3.7424314e-01   2.5816841e-02   2.5013810e-03   3.3056942e-03  -4.6040104e-04
   1.9862344e-02   3.5988871e-01   3.9268445e-02   1.5391944e-03   3.0092070e-03  -3.6917430e-04
   1.4980285e-02   3.8537515e-01   2.6948370e-02   1.2782109e-03   3.6745327e-03  -4.8124734e-04
   1.1330564e-02   4.1286297e-01   3.0329850e-02   1.1303286e-03   3.2368915e-03  -6.3474205e-04
   2.0207067e-02   3.7594672e-01   2.1743026e-02   1.1633391e-03   3.2734784e-03  -4.0204496e-04
   2.9011473e-02   3.7725716e-01  -3.1684383e-03   1.0089110e-03   3.1790138e-03  -3.8958124e-04
   2.1745892e-02   3.9310591e-01   3.1775070e-02   9.8172997e-04   3.0772475e-03  -5.9376120e-04
   1.7347894e-02   3.8480133e-01   4.2450224e-02   1.2953331e-03   3.2113763e-03  -3.3103277e-04
   2.4253083e-02   3.7997324e-01   5.4474448e-02  -2.5526519e-04   3.1407353e-03  -3.2126975e-04
   2.6837209e-02   4.0227848e-01   1.9839033e-02   4.0887268e-04   3.2528348e-03  -5.5643074e-04
   2.8226686e-02   4.0561090e-01   9.7671064e-02  -1.1366760e-03   3.2490789e-03  -7.2731003e-04
   1.8224586e-02   3.7022024e-01   9.7471028e-02  -5.1798813e-04   3.4280037e-03  -8.7614887e-04
   3.0218210e-02   4.2332102e-01   7.8410593e-02  -2.9346646e-04   3.5686003e-03  -4.7640860e-04
   2.5006129e-02   4.3062673e-01   6.7311388e-02   3.7976359e-04   3.7077270e-03  -6.9684344e-04
   1.4690871e-02   3.6901047e-01   4.8182161e-02   1.0349505e-03   3.3755737e-03  -8.3168225e-04
   5.1993205e-03   4.2136216e-01   1.8401151e-02   1.1733500e-03   3.2773272e-03  -8.2868254e-04
   8.3138771e-03   4.4007143e-01   3.1859743e-02   8.9131130e-04   3.1790709e-03  -1.0762075e-03
   7.6642265e-03   4.3936024e-01   6.8011393e-02   4.7405621e-04   3.5061730e-03  -9.5505235e-04
  -2.0842676e-03   4.0763793e-01   5.7435996e-02   1.1546673e-03   3.1755461e-03  -1.1761630e-03
   8.5624794e-03   4.5397773e-01   1.5737367e-02   1.5136966e-03   3.1710649e-03  -9.6175450e-04
  -2.1866936e-04   4.2735624e-01   4.7844432e-02   1.7678206e-03   3.2024562e-03  -1.2725464e-03
  -8.8710684e-03   4.3460321e-01   3.3884295e-03   2.3111853e-03   3.2157640e-03  -1.0057513e-03
  -1.6653862e-02   4.6062965e-01   1.4018563e-02   1.6587056e-03   3.0375954e-03  -1.2114352e-03
   6.6131555e-04   4.3302289e-01   5.4133742e-02   1.1489941e-03   2.8854459e-03  -1.0122830e-03
   7.0870917e-03   4.0511672e-01   2.6134334e-02   2.0607620e-03   3.2485321e-03  -7.6293588e-04
   1.0542982e-02   4.5577622e-01   5.7535011e-02   7.2218171e-04   3.2364049e-03  -1.0015169e-03
   9.1197847e-03   4.1631224e-01   9.1371575e-02   1.2347576e-04   2.8565096e-03  -9.8402501e-04
   2.4449749e-03   4.1046262e-01   1.1547062e-01  -8.5511189e-04   3.1654313e-03  -1.0300704e-03
   1.0332607e-02   4.2956431e-01   2.8964064e-02  -4.2142560e-04   3.1071865e-03  -8.9574489e-04
   2.7282687e-02   4.4422947e-01   4.1264882e-02  -4.8852359e-04   2.8605505e-03  -9.0247352e-04
   1.4929334e-02   4.2441602e-01   1.0794593e-01  -3.2357882e-03   2.3017476e-03  -1.0236292e-03
   1.0813900e-02   4.0147808e-01   8.4706888e-02  -2.7598875e-03   2.0554505e-03  -1.0960905e-03
   1.2071386e-02   4.2700192e-01   1.1468653e-01  -3.6038897e-03   2.1711761e-03  -7.8344298e-04
  -2.6748891e-03   4.2830852e-01   7.7289108e-02  -3.1925679e-03   2.0353420e-03  -1.0078553e-03
   6.3527240e-03   4.0809348e-01   7.6052677e-02  -2.8591058e-03   1.9883873e-03  -1.0831358e-03
   6.3520909e-03   4.1143909e-01   8.7297241e-02  -3.6480117e-03   1.8965826e-03  -1.1096834e-03
   2.2834627e-02   4.3805668e-01   6.0595928e-02  -2.7004442e-03   1.8736787e-03  -1.1268768e-03
   1.1411752e-02   4.1807778e-01   1.3696122e-01  -5.1290717e-03   1.5808213e-03  -1.2905536e-03
   2.8507756e-02   3.9738610e-01   4.8790052e-02  -2.5711590e-03   1.9877282e-03  -8.7968254e-04
   2.3022269e-02   4.4801893e-01   7.1341483e-02  -3.6620029e-03   1.6911659e-03  -8.4403014e-04
   2.8153959e-02   4.4140832e-01   6.6847300e-02  -3.4972442e-03   1.7084968e-03  -8.0922066e-04
   2.0392042e-02   4.2926375e-01   8.0607295e-02  -4.7380714e-03   1.1811493e-03  -9.6484270e-04
   1.6354071e-02   3.9538725e-01   1.0905059e-01  -5.4126342e-03   1.4241548e-03  -9.3773381e-04
   3.2249889e-02   4.4474336e-01   9.8215816e-02  -6.5982763e-03   4.7454806e-04  -7.0781259e-04
   8.2786724e-04   5.6400676e-01   2.7380223e-01  -5.7254252e-03  -1.2311630e-04  -2.1220009e-03
   7.0880999e-03   4.5889005e-01   1.8558189e-01  -2.2256338e-03   1.4683113e-04  -2.2940148e-03
   5.4730915e-02   4.9294479e-01   1.8224579e-01  -3.5227747e-03   7.6645150e-04  -1.5626312e-03
   7.2563872e-02   4.7395822e-01   2.1860106e-01  -3.7674659e-03   2.7108699e-04  -1.4687246e-03
   7.1967515e-02   4.3817921e-01   3.1601170e-01  -6.3551158e-03   4.4749203e-04  -1.1224243e-03
   9.3815414e-02   4.2957413e-01   2.6579467e-01  -6.2644428e-03   4.8372774e-04  -7.2964073e-04
   8.9972821e-02   4.2260597e-01   2.8723514e-01  -6.6134988e-03   4.2312509e-04  -6.6196091e-04
   1.0749202e-01   4.5405110e-01   1.8553651e-01  -5.5086593e-03   7.7169220e-04   5.0828642e-05
   1.2122359e-01   4.4343312e-01   1.9782656e-01  -6.1876504e-03   5.8602866e-04   4.6441811e-04
   1.3052066e-01   4.3371605e-01   2.0469649e-01  -6.7529126e-03   1.0449564e-03   4.2238048e-04
   1.2039963e-01   4.2705148e-01   1.4355235e-01  -5.5515724e-03   8.8036314e-04   6.7644317e-04
   1.2731938e-01   4.4037267e-01   1.8252878e-01  -7.4759782e-03   1.1840652e-03   5.5284602e-04
   1.3014214e-01   4.4971596e-01   1.9518199e-01  -8.1059486e-03   4.5184947e-04   6.4009127e-04
   1.2786203e-01   4.5131129e-01   1.7417706e-01  -7.7935726e-03   3.9111578e-04   8.7574204e-04
   1.3120997e-01   4.2323919e-01   2.1352006e-01  -8.8227906e-03   9.1683239e-04   8.7647816e-04
   1.3099470e-01   4.5108816e-01   2.3226966e-01  -9.8662535e-03   1.2199203e-03   6.5562275e-04
   1.4745458e-01   4.6384915e-01   2.1383424e-01  -8.8532708e-03   1.5350140e-03   5.6578796e-04
   1.3727968e-01   4.5172607e-01   1.8210473e-01  -8.8881565e-03   1.0117331e-03   7.7845440e-04
   1.2375676e-01   4.5380277e-01   2.4017607e-01  -1.0293308e-02   1.6924747e-03   6.2328328e-04
   1.4716391e-01   4.3282101e-01   2.3324920e-01  -9.8009117e-03   1.5152395e-03   8.5163068e-04
   1.5133513e-01   4.2262868e-01   2.1736427e-01  -1.0472376e-02   1.5302894e-03   1.0874040e-03
   1.4684433e-01   4.2104804e-01   1.9060881e-01  -1.0300305e-02   1.3730386e-03   1.1014858e-03
   1.4987388e-01   4.2703750e-01   1.9471426e-01  -9.9149917e-03   1.8807480e-03   1.0839495e-03
   1.5487487e-01   4.2246071e-01   2.1128244e-01  -1.0427752e-02   1.7851477e-03   1.0511023e-03
   1.5008603e-01   4.6478063e-01   2.6106338e-01  -1.1342992e-02   1.6181399e-03   8.5517355e-04
   1.5886690e-01   4.4910396e-01   2.1336144e-01  -1.0466374e-02   1.5142939e-03   1.0915112e-03
   1.5163094e-01   4.8524555e-01   3.0244513e-01  -1.1593780e-02   1.3211308e-03   6.6988062e-04
   1.6258592e-01   4.4679380e-01   2.1017887e-01  -1.1022575e-02   1.1702079e-03   1.3007699e-03
   1.8380654e-01   4.2835915e-01   2.5586741e-01  -1.1578111e-02   2.1602468e-03   1.1131118e-03
   2.1365306e-01   4.6000685e-01   2.0789099e-01  -9.6203894e-03   1.9987539e-03   1.6781978e-03
   1.9925986e-01   4.5317511e-01   2.1137988e-01  -1.0186086e-02   1.8053755e-03   1.7577796e-03
   2.0004798e-01   4.4694636e-01   2.5936629e-01  -1.1206689e-02   1.8799077e-03   1.8050797e-03
   2.2836691e-01   4.5128201e-01   1.7129033e-01  -9.7002994e-03   2.1300876e-03   2.5010080e-03
