   0.0000000e+00   0.0000000e+00  -6.6773238e-15  -3.6790505e-17  -8.3850150e-18  -3.0848893e-34
  -1.6870276e-02   2.0011924e-02  -7.0955093e-02   3.9333998e-05   3.5682796e-04  -2.0390689e-04
   1.5365281e-02   7.8787419e-03  -1.8524428e-03  -9.3998643e-04  -4.1454391e-04  -1.6957259e-04
   2.7690613e-02   1.9611127e-02  -1.6008200e-02  -4.1372773e-04  -1.2861062e-03   1.9768454e-04
   3.1981248e-02   3.3520991e-03   4.8985038e-02  -1.6543731e-03  -1.0098027e-03   4.2560465e-05
   2.9078858e-02   2.3279611e-02   2.8834188e-02  -1.4793816e-03  -1.4688756e-03  -1.0878366e-04
  -1.1666472e-02   3.5674782e-04  -4.3577522e-02  -4.2941080e-04  -6.6729081e-04  -8.5269901e-04
   2.6059918e-02   1.2921111e-02   8.0280381e-02  -2.9909580e-03  -1.8276841e-03  -2.4884097e-04
   8.6044255e-03  -4.7458652e-03   7.0015018e-02  -2.2345505e-03  -1.5170756e-03  -3.2989169e-04
   1.2631499e-02   2.6286130e-02   1.2363064e-01  -3.2130854e-03  -1.3978364e-03  -2.5434430e-04
  -2.0521917e-02   2.1208650e-02   8.8305492e-02  -3.3035301e-03  -1.0075702e-03  -5.1834419e-04
   1.7591520e-02   3.4164220e-02   9.1913076e-02  -3.4584752e-03  -1.9434515e-03  -1.8309507e-04
  -5.7812798e-02   7.3233107e-03   2.7508877e-01  -6.8856956e-03  -1.8979916e-03  -1.7259238e-03
  -1.8574431e-01   3.7470957e-02   4.2400332e-01  -1.1125319e-02  -4.5797467e-03  -5.9939359e-03
  -1.2680270e-01   2.5840996e-02   2.7572656e-01  -9.6562610e-03  -5.7054926e-03  -4.0948224e-03
  -1.4576927e-01  -5.0170855e-03   3.0145370e-01  -8.8836848e-03  -4.6957009e-03  -4.6376521e-03
  -1.9223771e-01   2.3643491e-02   3.0239853e-01  -7.5739808e-03  -5.0258789e-03  -5.0050704e-03
  -2.1800111e-01   4.2114303e-02   3.0667624e-01  -7.0588457e-03  -3.9913642e-03  -4.6011824e-03
  -1.6887248e-01   7.7693529e-02   2.4586714e-01  -5.6113858e-03  -3.8853839e-03  -3.0399477e-03
  -1.9018643e-01   6.0521976e-02   2.5642552e-01  -5.8903507e-03  -4.0571048e-03  -3.1762604e-03
  -1.9050979e-01   5.2833694e-02   2.4409374e-01  -5.7232977e-03  -3.5427506e-03  -3.1931991e-03
  -1.9403472e-01   8.1032300e-02   3.2886266e-01  -6.8463545e-03  -4.0265192e-03  -3.8067242e-03
  -1.7645162e-01   8.9177108e-02   2.4200738e-01  -5.7913854e-03  -3.8297076e-03  -3.1131508e-03
  -1.7715799e-01   9.3457640e-02   3.3221841e-01  -7.7691293e-03  -4.2105771e-03  -3.6018199e-03
  -1.7409716e-01   9.0042651e-02   2.7573749e-01  -6.9939615e-03  -4.4023770e-03  -2.9668885e-03
  -1.4898301e-01   6.7458365e-02   3.6754931e-01  -9.0454666e-03  -4.0904024e-03  -3.1992773e-03
  -1.7585273e-01   8.7016458e-02   3.6934027e-01  -9.7211819e-03  -4.2913950e-03  -3.1871682e-03
  -1.7720164e-01   9.3306347e-02   3.8036377e-01  -9.8748205e-03  -4.3775650e-03  -3.3101432e-03
  -1.7998490e-01   8.2887517e-02   3.6101363e-01  -9.9065837e-03  -4.4449403e-03  -3.4841148e-03
  -1.6841686e-01   8.1177655e-02   4.1986178e-01  -1.0285902e-02  -4.5029143e-03  -3.6374740e-03
  -1.7966692e-01   8.9346398e-02   3.9156581e-01  -1.0449845e-02  -4.4776531e-03  -3.2333333e-03
  -1.8941190e-01   8.9515216e-02   3.9091808e-01  -9.7324791e-03  -4.6741679e-03  -3.8536757e-03
  -2.0392227e-01   1.0058409e-01   4.1026783e-01  -1.0491802e-02  -4.6748505e-03  -3.7486051e-03
  -2.1270873e-01   8.8411197e-02   4.2239843e-01  -1.0919404e-02  -3.4622890e-03  -3.4258719e-03
  -1.9075157e-01   1.1333497e-01   4.2133735e-01  -1.0511013e-02  -4.1293478e-03  -3.1009844e-03
  -2.1372762e-01   1.0187503e-01   4.2642508e-01  -1.1133803e-02  -3.9746755e-03  -3.7210713e-03
  -2.1327804e-01   1.3603320e-01   4.5476512e-01  -1.1546505e-02  -4.7852101e-03  -3.4185104e-03
  -2.3645089e-01   1.1469349e-01   4.6237138e-01  -1.1412947e-02  -3.9901899e-03  -4.1868999e-03
  -2.3488718e-01   1.2661774e-01   5.1403830e-01  -1.1430698e-02  -4.4001738e-03  -4.1018692e-03
  -2.3542103e-01   1.1338959e-01   4.6487852e-01  -1.1321792e-02  -4.5822426e-03  -4.4640554e-03
  -2.2780344e-01   1.0695136e-01   5.3039176e-01  -1.2593394e-02  -4.8005102e-03  -3.9736432e-03
  -2.4858007e-01   1.1373993e-01   5.1551796e-01  -1.2316624e-02  -4.6007356e-03  -3.7174051e-03
  -2.3308590e-01   9.5781832e-02   5.4299348e-01  -1.3475058e-02  -4.8245719e-03  -4.1261287e-03
  -2.2803210e-01   1.1680358e-01   5.1029904e-01  -1.2691376e-02  -4.8024156e-03  -3.7335056e-03
  -2.6946752e-01   1.0889651e-01   4.8923791e-01  -1.3320270e-02  -4.3690557e-03  -3.9595643e-03
  -2.5214925e-01   1.1967995e-01   4.8767874e-01  -1.2888044e-02  -4.3712445e-03  -3.8671955e-03
  -2.3105565e-01   9.8299651e-02   5.1109047e-01  -1.2575255e-02  -4.2385490e-03  -3.6378746e-03
  -3.3511827e-01   1.2256052e-01   3.6399031e-01  -7.4851589e-03  -6.0507459e-03  -4.8850230e-03
  -3.4526084e-01   1.4814192e-01   3.6374809e-01  -7.5727068e-03  -6.4454212e-03  -5.8339918e-03
  -3.1368103e-01   1.2013808e-01   4.2268138e-01  -9.3839949e-03  -5.6484055e-03  -5.4751063e-03
  -3.1392487e-01   1.1905065e-01   4.0964877e-01  -8.2219700e-03  -5.5472049e-03  -4.7513676e-03
  -2.9796617e-01   1.1912640e-01   4.9989509e-01  -1.0160071e-02  -4.3694940e-03  -4.7950640e-03
  -3.1245570e-01   1.3785655e-01   5.2587612e-01  -7.9191686e-03  -4.8785691e-03  -5.1659119e-03
  -2.5103411e-01   1.3131995e-01   4.5642420e-01  -7.5230250e-03  -4.1519005e-03  -4.1542231e-03
  -2.3222548e-01   1.4161192e-01   5.3792720e-01  -9.6792320e-03  -4.9419800e-03  -4.0357880e-03
  -2.5654636e-01   1.4789944e-01   5.3399926e-01  -9.6266971e-03  -4.8359901e-03  -4.3550456e-03
  -2.1073895e-01   1.5875910e-01   5.8499061e-01  -9.4821425e-03  -5.2778566e-03  -3.5343930e-03
  -2.4743824e-01   1.3764280e-01   5.1232068e-01  -9.7283379e-03  -5.5776636e-03  -4.1517701e-03
  -2.4741890e-01   1.2181496e-01   5.9014499e-01  -9.5067858e-03  -4.6190058e-03  -4.0611413e-03
  -2.4422257e-01   1.7870300e-01   4.0890267e-01  -1.2036771e-02  -5.7092314e-03  -3.8415907e-03
  -2.4108251e-01   8.9410378e-02   3.6440356e-01  -1.4602360e-02  -6.2049370e-03  -4.6352083e-03
  -2.5109895e-01   8.2378949e-02   4.3738177e-01  -1.1630412e-02  -6.6337726e-03  -4.1773102e-03
  -2.6397905e-01   8.4369273e-02   3.3096908e-01  -1.0559961e-02  -5.6332570e-03  -4.1822096e-03
  -2.4959100e-01   6.7249130e-02   4.3648246e-01  -1.0277838e-02  -6.2476459e-03  -3.8072868e-03
  -3.2093903e-01   1.4670553e-01   6.8640534e-02  -2.3278982e-03  -6.9192719e-03  -5.6631631e-03
  -3.4934113e-01   1.1465621e-01   1.9524721e-01  -5.8787042e-03  -7.0920857e-03  -5.9878651e-03
  -3.3404033e-01   9.7424975e-02   2.3049072e-01  -7.5066171e-03  -7.6765891e-03  -5.2646696e-03
  -3.4302808e-01   1.1868720e-01   2.3553004e-01  -1.0181076e-02  -7.1545923e-03  -4.8336913e-03
  -3.3823722e-01   9.0195167e-02   2.2296093e-01  -8.4212390e-03  -7.2017677e-03  -5.3843915e-03
  -3.6823631e-01   9.2108047e-02   2.7952458e-01  -8.0204793e-03  -6.7040881e-03  -5.2293231e-03
  -3.2839368e-01   8.7998065e-02   3.0993682e-01  -8.9822857e-03  -5.8982995e-03  -5.0140739e-03
  -2.9053848e-01   1.2860251e-01   3.4931043e-01  -9.0093163e-03  -7.2780704e-03  -4.2245639e-03
  -3.3912278e-01   1.3430590e-01   3.5074996e-01  -1.0596517e-02  -7.4491019e-03  -5.8324960e-03
  -3.0465414e-01   1.4083724e-01   3.5885650e-01  -1.0166579e-02  -7.5026879e-03  -5.5428212e-03
  -3.3885678e-01   1.2032207e-01   2.8773741e-01  -9.7652947e-03  -7.1988504e-03  -5.2094833e-03
  -2.6962512e-01   1.2357977e-01   2.5794277e-01  -9.3616547e-03  -5.7346850e-03  -4.5111268e-03
  -3.0131638e-01   1.2532875e-01   2.8527724e-01  -1.0702963e-02  -6.4914634e-03  -4.3167846e-03
  -3.0353511e-01   1.1850747e-01   3.2043018e-01  -1.1936760e-02  -6.0908310e-03  -4.6216710e-03
  -2.9787956e-01   1.0615428e-01   4.0561992e-01  -1.2541980e-02  -6.0858914e-03  -4.6356634e-03
  -3.2049020e-01   9.6986476e-02   3.3250445e-01  -1.0461943e-02  -6.5266895e-03  -4.6811893e-03
  -2.7144887e-01   1.2643886e-01   3.9327705e-01  -1.2146832e-02  -6.5338248e-03  -3.9480468e-03
  -3.0120685e-01   1.3406989e-01   3.8896641e-01  -1.1150815e-02  -6.7649225e-03  -4.2828654e-03
  -2.9949515e-01   1.0795057e-01   3.1617146e-01  -1.1257112e-02  -6.5790776e-03  -4.5124784e-03
  -3.3822083e-01   1.0980893e-01   3.5628003e-01  -1.2010704e-02  -6.2882508e-03  -5.2432927e-03
  -3.1520448e-01   1.4793830e-01   3.6857808e-01  -1.2358960e-02  -6.8536875e-03  -5.0592951e-03
  -3.1200072e-01   1.5165088e-01   3.7530672e-01  -1.1450303e-02  -6.8750432e-03  -4.2335649e-03
  -2.5009649e-01   1.2874211e-01   3.0739738e-01  -1.2392064e-02  -6.2106800e-03  -3.8473039e-03
  -2.9203162e-01   1.6313370e-01   4.9982103e-01  -1.1103309e-02  -6.2566077e-03  -3.6801616e-03
  -3.4390298e-01   2.0769029e-01   5.7750677e-01  -1.1372154e-02  -4.6372840e-03  -5.3056405e-03
  -3.6010121e-01   1.3676669e-01   3.4506510e-01  -1.2063236e-02  -4.9477453e-03  -6.1503931e-03
  -2.7555323e-01   1.7931631e-01   3.4393179e-01  -9.3247010e-03  -5.4452095e-03  -4.2447289e-03
  -1.5603446e-01   1.7863398e-01   3.2578111e-01  -6.9465173e-03  -5.6847334e-03  -2.0315624e-03
  -2.7864856e-01   2.1914627e-01   4.9479213e-01  -8.8678197e-03  -5.7284371e-03  -3.8705010e-03
  -4.3152875e-01   2.2796401e-01   4.4331352e-01  -8.4931974e-03  -5.7007714e-03  -6.1406333e-03
  -2.8435272e-01   2.5846182e-01   5.0255497e-01  -9.6811283e-03  -6.2100636e-03  -2.6173103e-03
  -3.1553000e-01   2.3056269e-01   3.9972350e-01  -9.7171269e-03  -5.0437151e-03  -3.9721485e-03
  -2.5603740e-01   2.1730271e-01   3.9723133e-01  -8.4621315e-03  -5.9062174e-03  -2.9653647e-03
  -2.8658426e-01   1.7185134e-01   4.1255119e-01  -1.0071787e-02  -5.4241373e-03  -3.4054920e-03
  -2.8840917e-01   2.1146537e-01   4.4369819e-01  -9.8356724e-03  -6.3975327e-03  -3.7034476e-03
  -2.9758483e-01   1.9463958e-01   3.1781281e-01  -8.6367209e-03  -5.5589734e-03  -3.8472685e-03
  -3.7794236e-01   1.6570140e-01   3.6561686e-01  -8.7522067e-03  -4.5953153e-03  -4.9959702e-03
  -2.7634852e-01   1.8745496e-01   2.7598751e-01  -6.3758101e-03  -5.8288807e-03  -3.2588243e-03
  -3.1232821e-01   1.6296436e-01   2.6516520e-01  -6.9841255e-03  -4.8415233e-03  -4.1236013e-03
  -2.7073587e-01   1.9751291e-01   3.8536390e-01  -8.0783965e-03  -5.8908292e-03  -3.5952071e-03
  -3.0162322e-01   1.9373620e-01   3.4505060e-01  -8.6829915e-03  -5.6790126e-03  -3.7949294e-03
  -2.6225913e-01   1.9691245e-01   3.4364905e-01  -8.5167253e-03  -6.0913830e-03  -3.6079767e-03
  -3.5211269e-01   1.3891424e-01   2.3874019e-01  -8.3889960e-03  -4.8860538e-03  -2.8407542e-03
  -2.7450372e-01   1.9141334e-01   3.5359939e-01  -7.9192491e-03  -4.4998616e-03  -3.4997083e-03
  -2.6142236e-01   2.2571892e-01   3.7934057e-01  -8.8771332e-03  -5.6765359e-03  -2.5667774e-03
  -2.5307059e-01   2.2145073e-01   3.8953888e-01  -7.6076240e-03  -5.1331649e-03  -2.9379327e-03
  -2.4856661e-01   2.2331711e-01   4.4343250e-01  -9.2093282e-03  -5.5191678e-03  -2.8903902e-03
  -2.7433539e-01   2.2467493e-01   4.4493017e-01  -8.4484743e-03  -4.9295912e-03  -3.3066439e-03
  -2.6421677e-01   2.4067558e-01   4.9717184e-01  -8.5275698e-03  -5.8002914e-03  -3.0024204e-03
  -2.6125409e-01   2.3592338e-01   4.9762826e-01  -1.0456673e-02  -5.6212240e-03  -2.9888071e-03
  -2.4271789e-01   2.3818600e-01   5.7917905e-01  -1.0851897e-02  -6.3280694e-03  -2.7890993e-03
  -2.7005207e-01   2.0210125e-01   4.6550404e-01  -1.0118207e-02  -5.3830478e-03  -3.2253660e-03
  -2.3257587e-01   2.3242776e-01   6.1432114e-01  -1.3632294e-02  -5.9419699e-03  -2.7202054e-03
  -2.5957290e-01   2.0930583e-01   4.9291847e-01  -1.1338183e-02  -6.0468323e-03  -3.2550828e-03
  -2.4719454e-01   2.1034189e-01   5.6906243e-01  -1.2597776e-02  -6.0494561e-03  -3.0097920e-03
  -2.5644753e-01   2.1028262e-01   5.0526266e-01  -1.1399818e-02  -6.3807751e-03  -3.0810561e-03
  -2.7509058e-01   2.1462024e-01   5.9776281e-01  -1.2928451e-02  -6.1650864e-03  -3.4331463e-03
  -2.4905336e-01   2.3587552e-01   5.5213558e-01  -1.2414712e-02  -6.6495700e-03  -2.8771529e-03
  -2.6604586e-01   2.2113935e-01   5.7890983e-01  -1.2592877e-02  -6.3386834e-03  -3.3011815e-03
  -2.5273253e-01   2.2404966e-01   5.6832395e-01  -1.2973195e-02  -6.0377066e-03  -3.2438729e-03
  -2.7843103e-01   2.0674115e-01   5.7774105e-01  -1.2865573e-02  -6.6830181e-03  -3.6212124e-03
  -2.6736619e-01   2.4647544e-01   5.4447700e-01  -1.2598134e-02  -5.8125672e-03  -3.4378745e-03
  -4.8363507e-01   3.1296878e-01   5.1831090e-01  -9.7620314e-03  -8.5836503e-03  -4.1144265e-03
  -4.6956256e-01   2.1782174e-01   3.9138748e-01  -1.3366807e-02  -8.1354419e-03  -4.3042676e-03
  -3.3015650e-01   1.6472735e-01   4.3632724e-01  -1.3986239e-02  -5.9584398e-03  -3.4133312e-03
  -3.4762477e-01   1.6832355e-01   5.4988480e-01  -1.3891572e-02  -5.9669381e-03  -3.8306631e-03
  -3.1731282e-01   1.6453411e-01   5.8277560e-01  -1.3862497e-02  -5.4159929e-03  -3.6188405e-03
  -3.1193554e-01   1.8843890e-01   6.3275055e-01  -1.4038932e-02  -6.1166611e-03  -3.2209498e-03
  -3.2184558e-01   1.8011670e-01   6.4680072e-01  -1.4388071e-02  -6.0567248e-03  -3.8953836e-03
  -3.3970972e-01   1.7248556e-01   6.1554337e-01  -1.2953210e-02  -5.0348355e-03  -3.8943772e-03
  -2.1329076e-01   2.1997438e-01   5.3570384e-01  -1.4683767e-02  -6.0470187e-03  -2.9108641e-03
  -1.8033975e-01   2.1534988e-01   6.3565639e-01  -1.5844896e-02  -6.8030651e-03  -2.7580676e-03
  -2.4425823e-01   1.5829046e-01   6.7589418e-01  -1.4867935e-02  -5.2838951e-03  -3.6821972e-03
  -2.4895093e-01   1.7507207e-01   7.0278428e-01  -1.5249895e-02  -5.6977540e-03  -3.7685521e-03
  -2.5301760e-01   2.1757514e-01   7.0664871e-01  -1.5608451e-02  -4.9069125e-03  -3.5742575e-03
  -2.5889673e-01   2.2142429e-01   7.6601676e-01  -1.5853862e-02  -6.1960102e-03  -3.0660283e-03
  -2.6129303e-01   2.0555443e-01   7.4269589e-01  -1.5715238e-02  -4.8468722e-03  -3.5268254e-03
  -1.5635546e-01   2.1778882e-01   8.0954238e-01  -1.6141174e-02  -5.1461221e-03  -2.3198156e-03
  -2.3193027e-01   2.2615099e-01   7.5029029e-01  -1.5922639e-02  -4.9745712e-03  -3.5142659e-03
  -1.8999114e-01   2.2743083e-01   7.6490960e-01  -1.5586748e-02  -4.9961586e-03  -2.9243241e-03
  -2.0856119e-01   2.3739449e-01   7.7026041e-01  -1.6040481e-02  -4.8195150e-03  -3.3804640e-03
  -1.7415977e-01   2.1934243e-01   8.2259492e-01  -1.5806393e-02  -5.3661827e-03  -2.6161179e-03
  -2.7870937e-01   2.3447635e-01   7.7171423e-01  -1.8189256e-02  -5.3439814e-03  -4.5710298e-03
  -5.4289982e-01   2.2940361e-01   8.1288420e-01  -2.0602949e-02  -4.9594572e-03  -6.5488038e-03
  -4.4439995e-01   1.7048695e-01   8.3152581e-01  -2.0007180e-02  -5.5495192e-03  -4.9432999e-03
  -4.0934934e-01   2.1911370e-01   7.8972218e-01  -1.8892839e-02  -5.7823502e-03  -5.1392875e-03
  -4.0083626e-01   2.0760255e-01   7.9230722e-01  -1.6791842e-02  -6.0466186e-03  -4.8455219e-03
  -4.1731962e-01   1.8363109e-01   6.5145644e-01  -1.6180217e-02  -6.1665857e-03  -4.9728501e-03
  -3.0760018e-01   2.2678534e-01   7.8802197e-01  -1.7958540e-02  -6.8269318e-03  -3.6582367e-03
  -3.6359703e-01   2.1061279e-01   7.7812673e-01  -1.7455694e-02  -6.4826376e-03  -4.5678919e-03
  -3.4227633e-01   1.9126362e-01   8.4046356e-01  -1.8161672e-02  -6.1594517e-03  -4.6779488e-03
  -3.6240514e-01   1.8498622e-01   8.7219012e-01  -1.8394191e-02  -6.0374378e-03  -4.7754271e-03
  -3.4822381e-01   2.0826590e-01   8.9596773e-01  -1.8309783e-02  -6.1849431e-03  -4.4862188e-03
  -3.3366879e-01   2.0837989e-01   8.1258537e-01  -1.7396327e-02  -6.4584188e-03  -3.9877951e-03
  -3.3268474e-01   2.0335072e-01   8.2819340e-01  -1.7507366e-02  -7.0697107e-03  -4.3277122e-03
  -3.6994996e-01   2.1081792e-01   7.4611028e-01  -1.6004186e-02  -6.5756035e-03  -4.9198534e-03
  -3.7959706e-01   2.1687686e-01   7.3000857e-01  -1.4627145e-02  -6.1795781e-03  -5.2745834e-03
  -3.5005061e-01   2.2395927e-01   8.4421250e-01  -1.7574600e-02  -6.4601912e-03  -4.6595347e-03
  -3.2453882e-01   2.4286592e-01   7.8844417e-01  -1.7807123e-02  -6.0298605e-03  -4.2989710e-03
  -2.9584536e-01   2.4905189e-01   8.4461312e-01  -1.7664041e-02  -6.6760030e-03  -3.6315154e-03
  -3.2875659e-01   2.4782417e-01   8.3695877e-01  -1.7413826e-02  -6.8628119e-03  -4.3453890e-03
  -2.7396350e-01   2.3601679e-01   8.1071075e-01  -1.7724997e-02  -6.2606609e-03  -3.8892588e-03
  -2.8738442e-01   2.4410907e-01   7.9480145e-01  -1.7219850e-02  -6.0436012e-03  -3.8856646e-03
  -3.1066894e-01   2.3265747e-01   8.2963243e-01  -1.7219660e-02  -6.7013311e-03  -4.5939212e-03
  -2.8659463e-01   2.4331299e-01   8.3165299e-01  -1.7319382e-02  -6.6367045e-03  -3.9869309e-03
  -2.7324309e-01   2.3588994e-01   8.5672973e-01  -1.8725687e-02  -6.1944110e-03  -3.9319317e-03
  -2.7543549e-01   2.5295557e-01   8.1118888e-01  -1.8334606e-02  -6.4836003e-03  -3.7725040e-03
  -2.4129933e-01   2.4334354e-01   7.2669334e-01  -1.7582964e-02  -6.5371892e-03  -3.8521998e-03
  -2.1638938e-01   2.5774441e-01   7.3014516e-01  -1.5963999e-02  -6.7196649e-03  -3.0654403e-03
  -4.3581229e-01   2.6126962e-01   7.5489592e-01  -1.4373098e-02  -8.0443239e-03  -5.2523563e-03
  -3.5195334e-01   2.4846114e-01   8.1258708e-01  -1.6359923e-02  -8.3943895e-03  -4.6918676e-03
  -3.7029833e-01   2.1890905e-01   7.3554533e-01  -1.6660150e-02  -7.1253228e-03  -5.6077796e-03
  -2.5657798e-01   2.0949790e-01   7.6727234e-01  -1.8470282e-02  -6.8361464e-03  -3.9425118e-03
  -2.8390114e-01   2.0157685e-01   7.8507903e-01  -1.7791732e-02  -6.8540324e-03  -4.2502573e-03
  -2.8914769e-01   1.7436659e-01   6.7403949e-01  -1.5978539e-02  -6.8310104e-03  -4.8641606e-03
