   0.0000000e+00   0.0000000e+00  -7.1054274e-15   0.0000000e+00   0.0000000e+00   0.0000000e+00
  -1.3875929e-02   1.6407147e-02   6.5735444e-02  -2.7746342e-03  -3.3718829e-04  -8.5524517e-05
  -1.8617484e-02   1.2015088e-02   1.9283906e-01  -5.8373894e-03  -6.1771712e-04  -4.6400209e-04
  -2.2016478e-02   3.2339720e-02   1.8970383e-01  -6.3134001e-03   1.7433900e-05  -4.7470953e-04
  -5.6604513e-02  -1.3333314e-02   2.1813313e-01  -9.5711965e-03  -1.4680050e-03  -1.0162697e-03
  -2.4298321e-02   6.3545913e-03   2.5785471e-01  -9.3938917e-03  -2.1043801e-03  -2.8452099e-04
  -5.2664881e-02   3.5045865e-03   2.8118723e-01  -1.0227769e-02  -3.8193158e-04  -5.5782552e-04
  -4.6466570e-02   2.2972426e-02   2.2323951e-01  -9.7390362e-03  -8.3172905e-04  -9.7250668e-04
  -5.9672259e-02   3.0639061e-03   2.1358742e-01  -1.0632374e-02   1.4012171e-04  -1.1374877e-03
  -4.5918183e-02  -3.2188893e-02   2.5943073e-01  -1.1274657e-02  -3.6557498e-04  -6.6361635e-04
  -6.0634822e-02   3.5904311e-03   2.8013745e-01  -1.1578263e-02  -8.0900026e-05  -1.1124004e-03
  -4.7697598e-02  -3.4501919e-02   2.9918643e-01  -1.2314739e-02  -4.2212109e-04  -9.5179384e-04
  -4.8262763e-02  -3.8710531e-03   4.3112440e-01  -1.4896914e-02  -6.9927289e-04  -7.7490554e-04
  -5.5158239e-02  -1.9443095e-02   3.2350509e-01  -1.2878377e-02  -2.3598701e-04  -4.1425402e-04
  -5.2398913e-02  -2.7052968e-02   3.7665006e-01  -1.3584884e-02  -8.1909535e-04  -1.0796665e-03
  -6.6010220e-02  -2.1705258e-03   4.3486987e-01  -1.5327884e-02  -8.8064568e-05  -1.1857656e-03
  -3.0577759e-02  -2.6918014e-03   4.3007538e-01  -1.5095027e-02  -1.1306650e-03   2.1520244e-05
  -5.1845308e-02  -1.0827835e-02   4.5036131e-01  -1.6234117e-02  -8.2775591e-04  -3.9112570e-04
  -3.1107064e-02   5.0401480e-03   4.8593795e-01  -1.6735118e-02  -1.0675698e-03   6.7099045e-05
  -4.2448617e-02  -6.5083700e-03   4.8406546e-01  -1.6639420e-02  -1.4873946e-03  -3.1778213e-04
  -5.3127594e-02  -2.2222559e-02   4.9571865e-01  -1.8178737e-02  -1.6080496e-03  -7.0568051e-04
  -3.4100245e-02  -1.2092796e-02   4.8674536e-01  -1.7763609e-02  -1.7934007e-03  -3.3491261e-04
  -7.4719394e-02  -2.5822027e-02   4.3976673e-01  -1.6891924e-02  -1.1839183e-03  -1.1693260e-03
  -5.5778922e-02   7.2924232e-03   5.3094639e-01  -1.8768689e-02  -1.5017035e-03  -9.9190051e-04
  -4.2130034e-02   3.2517321e-02   4.9944079e-01  -1.8271334e-02  -1.7546809e-03  -7.9500277e-04
  -1.4020129e-02   2.6963162e-02   5.2429434e-01  -1.8359241e-02  -1.6795892e-03  -4.6069945e-04
  -3.6002936e-02   2.7431490e-02   5.4911550e-01  -1.9220158e-02  -1.7374119e-03  -7.2406820e-04
  -3.4123116e-02   1.3524614e-02   5.6192782e-01  -1.9400722e-02  -1.9117072e-03  -4.3916544e-04
  -4.9659550e-02   2.9108087e-02   5.8358859e-01  -2.0552713e-02  -1.6059381e-03  -6.7663145e-04
  -3.5186216e-02   4.9927081e-02   5.8686252e-01  -2.0930753e-02  -1.8149238e-03  -6.4234618e-04
  -5.4441418e-02   3.1013185e-02   5.3646782e-01  -1.9766363e-02  -1.2763957e-03  -7.5810148e-04
  -3.2767645e-02   1.3514149e-02   5.4515657e-01  -2.0608765e-02  -1.7589371e-03  -6.6152584e-04
  -4.6031220e-02   8.0066900e-03   5.9306083e-01  -2.0962638e-02  -2.0548925e-03  -1.1927290e-03
  -4.7312280e-02  -5.9749675e-02   3.1853494e-01  -1.9956236e-02  -2.8302076e-03  -9.6988325e-04
  -3.6264694e-02  -1.1301914e-03   4.5382830e-01  -2.1120646e-02  -2.9534290e-03  -7.0086828e-04
  -7.3472103e-02  -2.4131845e-02   4.4065291e-01  -2.1516623e-02  -2.3524973e-03  -1.1874856e-03
  -3.5343357e-02  -1.2955729e-02   4.3642805e-01  -2.1318838e-02  -2.5449818e-03  -6.7540305e-04
  -3.5988079e-02   3.8854286e-03   4.8592784e-01  -2.2411579e-02  -2.4270986e-03  -5.4627115e-04
  -2.4586093e-02  -6.9180557e-03   5.0571192e-01  -2.2340665e-02  -2.3057633e-03  -4.1247950e-04
  -2.5976785e-02  -1.0805437e-02   5.2353763e-01  -2.2839929e-02  -2.2160476e-03  -2.4596382e-04
  -2.7399861e-02  -1.4607013e-02   4.6854630e-01  -2.2550168e-02  -2.4496251e-03  -4.4145176e-04
  -3.3863100e-02  -1.0883388e-03   4.5036160e-01  -2.2279947e-02  -2.8100067e-03  -2.5686202e-04
  -2.9694902e-02  -2.5258272e-03   4.1630401e-01  -2.1573883e-02  -2.5401685e-03  -4.7457268e-04
  -2.4315829e-02  -1.0788623e-02   4.8552816e-01  -2.1713452e-02  -2.7833119e-03  -5.9181164e-04
  -3.4102811e-02  -6.9983573e-02   4.2723328e-01  -2.1461147e-02  -1.8286661e-03  -6.4189961e-04
  -9.3192306e-03  -2.1403808e-02   4.4099275e-01  -2.1952087e-02  -2.5724418e-03  -6.2091525e-04
  -6.6417559e-02  -6.2019903e-04   2.7434833e-01  -1.7753260e-02  -9.7832463e-04  -1.6932936e-03
  -1.8368149e-02   1.5622743e-02   3.0986191e-01  -1.8468335e-02  -1.8962236e-03  -8.9545741e-04
  -4.0329744e-02  -4.8663403e-03   3.8979230e-01  -1.9542055e-02  -1.2320131e-03  -1.3720418e-03
  -1.8090621e-01   6.1171600e-03   1.5025531e-01  -1.7115015e-02  -2.4998488e-03  -2.7490033e-03
  -1.8763529e-01  -4.0940336e-02   1.7360190e-02  -1.7056258e-02  -2.2697932e-03  -3.6422959e-03
  -1.4579177e-01  -3.4316065e-02   1.9235645e-01  -1.8222549e-02  -1.5082380e-03  -2.8934024e-03
  -1.3195665e-01  -1.7602049e-02   2.0806329e-01  -1.7048661e-02  -9.1911236e-04  -2.3086700e-03
  -5.7895788e-02  -2.1820300e-02   4.0681766e-01  -1.9720773e-02  -6.1200513e-05  -6.1938287e-04
  -2.7910990e-02  -4.4694535e-03   4.6583503e-01  -2.0322192e-02  -1.4013043e-03  -2.6206974e-04
  -3.8042860e-02   1.1292193e-02   4.4103549e-01  -2.0400225e-02  -1.0959870e-03  -4.7737353e-04
  -1.5491348e-02   2.5382398e-02   4.9863950e-01  -2.1927788e-02  -1.2027337e-03   1.2089815e-04
  -1.1180505e-02   2.8410631e-02   4.3985329e-01  -2.1397426e-02  -1.3023244e-03   1.6258762e-04
  -6.2872860e-04   2.1775752e-02   5.2595966e-01  -2.2722755e-02  -1.6155716e-03   2.4876834e-04
  -9.0159854e-03   9.5592948e-03   4.9978081e-01  -2.2306051e-02  -1.4183160e-03   1.5245289e-04
  -2.1419593e-02   1.8911909e-02   4.9417396e-01  -2.1972311e-02  -6.1898812e-04   5.2004683e-05
  -1.0591816e-02   3.2401033e-02   5.4306538e-01  -2.2907868e-02  -9.0533604e-04   5.2088399e-04
  -2.8376245e-02   3.9950278e-02   5.4390498e-01  -2.2472161e-02  -9.3935661e-04   8.3233631e-05
   8.8898546e-04   4.9028907e-02   5.6041347e-01  -2.3198712e-02  -1.3929638e-03   5.2520495e-04
  -1.9661254e-02   5.9741056e-02   5.0230780e-01  -2.1447546e-02  -1.1045987e-03   2.7779829e-04
  -1.9395797e-03   5.0809705e-02   5.1992685e-01  -2.1890131e-02  -9.3543059e-04   6.8863773e-04
  -3.2344157e-02   3.7267035e-02   5.4960288e-01  -2.1480431e-02  -1.1514403e-03   6.5571916e-06
  -1.8412605e-03   3.9136286e-02   5.7867990e-01  -2.3067254e-02  -1.2202132e-03   4.1357734e-04
  -1.6525002e-02   5.0316431e-02   5.1852605e-01  -2.2062399e-02  -1.1633616e-03   3.4653897e-04
   6.1482089e-03   5.3277051e-02   5.5956321e-01  -2.3141838e-02  -1.3534898e-03   7.1234184e-04
  -2.8271314e-02   4.0955595e-02   5.4280634e-01  -2.1802404e-02  -9.2324516e-04   9.8429052e-06
  -1.9645070e-02   2.4797428e-02   5.5491007e-01  -2.2512669e-02  -2.5417424e-04   1.7583090e-05
  -3.9512165e-02   4.3170664e-02   5.4598330e-01  -2.1637005e-02  -1.4622839e-04  -5.2928659e-05
  -1.2058220e-02   3.7263696e-02   6.1416578e-01  -2.3338449e-02  -8.5901615e-06   4.5924170e-04
  -6.4318937e-02   5.4532463e-02   3.8538319e-01  -1.9970223e-02   7.8114313e-05  -6.5696094e-04
  -1.6771717e-01  -1.1601896e-01  -1.8505921e-01  -1.8026949e-02   8.4764117e-04  -2.2798883e-03
  -1.6750132e-01   1.0333964e-01   2.5316183e-01  -1.7672905e-02  -4.9567711e-04  -1.3853750e-03
  -2.6618158e-01   8.9476753e-02   1.6493886e-01  -1.3239762e-02  -1.8066355e-03  -3.7658231e-03
  -2.0736195e-01   2.6671001e-02   3.4854310e-01  -1.7219752e-02  -1.2732339e-03  -2.7989957e-03
  -2.2820856e-01   7.0619124e-02   3.8336452e-01  -1.5360034e-02  -2.5387623e-03  -3.9206676e-03
  -2.0056801e-01   7.6095397e-02   3.4208900e-01  -1.7227935e-02  -1.5352596e-03  -3.3363723e-03
  -1.7463309e-01   9.5732685e-02   3.7379078e-01  -1.6564349e-02  -2.2864254e-03  -3.5714756e-03
  -1.8833944e-01   4.5895614e-02   3.3344997e-01  -1.5651187e-02  -1.2749086e-03  -3.4935808e-03
  -1.7803952e-01   3.1330684e-02   1.9380395e-01  -1.2146410e-02  -1.3169601e-03  -3.4287368e-03
  -1.5887007e-01   9.7355027e-02   2.7582119e-01  -1.4079932e-02  -1.8443177e-03  -2.6808439e-03
  -1.3773206e-01   6.8968626e-02   1.9967427e-01  -1.4284606e-02  -1.8232229e-03  -3.0188975e-03
  -1.4245423e-01   8.6994608e-02   2.7463234e-01  -1.4182764e-02  -1.7029011e-03  -2.3614177e-03
  -2.0518032e-01   9.3892242e-02   2.7833825e-02  -1.2750052e-02  -1.4181949e-03  -1.6616723e-03
  -1.3026569e-01   7.9839362e-02  -5.2249001e-02  -1.3551046e-02  -2.6727202e-03  -2.8146405e-03
  -1.6103689e-01  -9.3508733e-03   9.9526076e-02  -1.7089837e-02  -1.5891392e-03  -3.4987319e-03
  -2.0936719e-01   1.7660783e-01   3.1887155e-01  -1.2951731e-02  -1.2309604e-03  -2.8787295e-03
  -1.8563874e-01   1.8406227e-01   6.4034759e-01  -1.1369919e-02  -1.1920043e-03  -4.0908266e-03
  -2.8832144e-02   5.9228970e-02   6.0776435e-01  -2.2938912e-02  -2.2432920e-03  -2.0608204e-03
   2.7042404e-02   6.4146638e-02   7.0726459e-01  -2.1893453e-02  -2.6630838e-03  -1.2021269e-03
  -8.6323368e-02   3.6960568e-02   5.5379184e-01  -2.0707832e-02  -2.6420897e-03  -2.8223855e-03
  -1.5647695e-01   9.0127902e-02   4.0628755e-01  -1.5425389e-02  -1.3631828e-03  -3.5359711e-03
  -1.3721261e-01   9.4963979e-02   3.5621424e-01  -1.5523318e-02  -9.1373787e-04  -3.6247830e-03
  -1.5831649e-01   9.2210824e-02   3.9159215e-01  -1.4706845e-02  -1.9977686e-03  -3.5887684e-03
  -1.4777322e-01   1.1081038e-01   4.3184527e-01  -1.6446287e-02  -2.5178774e-03  -3.7931086e-03
  -1.1963258e-01   1.0326402e-01   4.3202699e-01  -1.6784971e-02  -3.6543052e-03  -3.4549467e-03
  -9.9165527e-02   1.3050571e-01   5.6771228e-01  -1.9247682e-02  -4.5724733e-03  -3.0646582e-03
  -1.5587162e-01   1.2467991e-01   5.0669202e-01  -1.7575237e-02  -3.7187822e-03  -3.4328488e-03
  -1.2659189e-01   1.6653814e-01   5.6055084e-01  -1.8452566e-02  -4.0564052e-03  -3.0326194e-03
  -1.6333326e-01   1.4220589e-01   4.8078911e-01  -1.9545720e-02  -3.1678291e-03  -3.3585292e-03
  -1.5099767e-01   1.1930812e-01   5.6617529e-01  -2.0651254e-02  -2.8164863e-03  -3.4505501e-03
  -1.2286373e-01   1.1980650e-01   6.1489227e-01  -2.0980812e-02  -3.3113068e-03  -2.5244675e-03
  -8.0388142e-02   1.3494971e-01   6.8987052e-01  -2.2811790e-02  -2.7550057e-03  -1.6077100e-03
  -1.0143745e-01   1.4232679e-01   6.7982626e-01  -2.2369093e-02  -3.3606404e-03  -2.0653993e-03
  -1.0708314e-01   1.3085261e-01   6.9163510e-01  -2.2225954e-02  -3.6044701e-03  -2.2843088e-03
  -7.2511545e-02   1.4434607e-01   6.5623626e-01  -2.2743127e-02  -3.7390810e-03  -2.0953015e-03
  -3.2588063e-02   1.4370841e-01   6.8028441e-01  -2.3702014e-02  -4.1090341e-03  -1.5531782e-03
  -2.5285231e-02   1.3977993e-01   6.7873614e-01  -2.3073473e-02  -4.3453331e-03  -9.9360411e-04
  -2.5224282e-02   1.2569102e-01   7.3308712e-01  -2.3695592e-02  -4.4819332e-03  -1.0889396e-03
  -2.7073899e-02   1.2324767e-01   7.3186243e-01  -2.3737332e-02  -4.3255150e-03  -9.9722987e-04
  -3.4897284e-02   1.2109277e-01   7.2258697e-01  -2.2608594e-02  -4.1578413e-03  -1.1710806e-03
  -4.6702624e-02   1.1119222e-01   6.9168524e-01  -2.2937866e-02  -4.4484664e-03  -1.5419366e-03
  -2.2269058e-02   1.5058309e-01   4.7839967e-01  -1.8065088e-02  -3.7571593e-03  -1.7427848e-03
  -4.1019928e-02   1.6066670e-01   4.8976953e-01  -1.4876816e-02  -3.1348577e-03  -2.0597777e-03
  -5.9550591e-02   1.9704260e-01   4.7368525e-01  -1.5945306e-02  -3.6906514e-03  -2.2898464e-03
  -7.9397169e-02   1.7193830e-01   5.3950319e-01  -1.6352883e-02  -3.4003895e-03  -2.8472900e-03
  -8.4220956e-02   1.8100362e-01   5.5519480e-01  -1.8333497e-02  -3.4571857e-03  -3.3944182e-03
  -2.8412707e-02   1.9580470e-01   5.9999484e-01  -1.8418240e-02  -4.3193698e-03  -2.2633926e-03
  -6.6027714e-02   1.8472555e-01   6.3447799e-01  -1.9366367e-02  -3.8714535e-03  -2.9096004e-03
  -1.7507348e-02   1.6162671e-01   6.3157825e-01  -1.8525738e-02  -4.1675206e-03  -1.6868914e-03
  -6.3017165e-02   1.9190003e-01   6.4132604e-01  -1.9599724e-02  -3.7615764e-03  -2.7175404e-03
  -3.2328120e-02   1.9727646e-01   5.9451415e-01  -1.8297373e-02  -4.5374234e-03  -2.0064702e-03
  -1.3819994e-01   2.1082523e-01   5.3666477e-01  -1.8697566e-02  -3.0017920e-03  -4.5936403e-03
  -4.9809080e-01   2.4845283e-01   4.5757557e-01  -1.8455746e-02  -3.2506680e-03  -8.0382992e-03
  -3.2419703e-01   2.1453832e-01   5.0527286e-01  -1.8846868e-02  -5.4048861e-03  -4.9939763e-03
  -3.1344491e-01   1.8261725e-01   5.8403445e-01  -1.8613064e-02  -4.4371198e-03  -5.3454745e-03
  -2.6627647e-01   2.0896795e-01   6.3185476e-01  -1.8833213e-02  -5.9738400e-03  -4.4696435e-03
  -2.6135151e-01   2.1194745e-01   6.7305210e-01  -1.8395107e-02  -5.1141664e-03  -4.5376100e-03
  -2.2682909e-01   2.1615266e-01   6.5376434e-01  -1.8596810e-02  -5.0651233e-03  -4.2007620e-03
  -2.2112488e-01   1.9035654e-01   6.5631362e-01  -1.9417837e-02  -3.7985616e-03  -3.9417179e-03
  -1.5818290e-01   1.9631400e-01   7.4892610e-01  -2.0217150e-02  -4.2529627e-03  -2.5939988e-03
  -2.2101513e-01   2.0305112e-01   7.5394498e-01  -2.0043532e-02  -3.9413501e-03  -3.5973155e-03
  -1.5354719e-01   2.2630378e-01   7.5972377e-01  -1.8692607e-02  -4.3098232e-03  -2.0074289e-03
  -1.7892326e-01   2.2396377e-01   7.5480373e-01  -1.9254895e-02  -4.2149341e-03  -2.6543791e-03
  -1.5761896e-01   2.0674954e-01   8.4303765e-01  -2.0507641e-02  -3.9040153e-03  -2.1697644e-03
  -1.6172964e-01   2.3516764e-01   8.5872120e-01  -2.0641268e-02  -3.9699618e-03  -2.0184718e-03
  -1.7837481e-01   2.3053339e-01   8.5438177e-01  -2.0533170e-02  -4.4909653e-03  -2.1406710e-03
  -1.6464991e-01   2.4212354e-01   9.0135093e-01  -2.1447427e-02  -4.0385053e-03  -2.0193283e-03
  -1.7578016e-01   2.2729150e-01   9.2983772e-01  -2.1829443e-02  -3.8796893e-03  -1.8192573e-03
  -1.6623203e-01   2.3854554e-01   9.3392666e-01  -2.1223727e-02  -4.2022427e-03  -1.9574168e-03
  -1.8899476e-01   2.3442547e-01   9.3974175e-01  -2.1548897e-02  -4.2408513e-03  -2.0403952e-03
  -2.1539859e-01   2.2812260e-01   9.6462571e-01  -2.2183175e-02  -3.8354340e-03  -2.8163369e-03
  -2.0614657e-01   2.5052449e-01   9.4415782e-01  -2.1602889e-02  -4.2574261e-03  -2.6515961e-03
  -2.0879912e-01   2.4248024e-01   1.0028202e+00  -2.2508501e-02  -3.8338259e-03  -2.8515034e-03
  -1.8847383e-01   2.5654502e-01   9.2641804e-01  -2.1397927e-02  -4.7033306e-03  -2.4294206e-03
  -2.0470574e-01   2.2980672e-01   9.1545995e-01  -2.1104443e-02  -4.2274454e-03  -2.8064920e-03
  -2.0316760e-01   2.4485038e-01   9.7152650e-01  -2.2380839e-02  -4.6506674e-03  -2.8115893e-03
  -2.1905020e-01   2.3921399e-01   9.4911550e-01  -2.1790347e-02  -4.1537955e-03  -2.9717763e-03
  -2.1462552e-01   2.3248166e-01   9.7581896e-01  -2.1956424e-02  -4.8223038e-03  -2.9332658e-03
  -2.2305369e-01   2.3629749e-01   9.3424584e-01  -2.1272160e-02  -4.6544265e-03  -2.8407365e-03
  -2.2368170e-01   2.3725343e-01   9.4757364e-01  -2.2579265e-02  -4.1676049e-03  -2.9257947e-03
  -2.3968221e-01   2.3260144e-01   9.5412108e-01  -2.2068322e-02  -3.8059358e-03  -3.3912035e-03
  -2.3447391e-01   2.2856035e-01   9.6521980e-01  -2.2673740e-02  -3.9537601e-03  -2.7251305e-03
  -2.3455583e-01   2.6987485e-01   9.4803637e-01  -1.9857436e-02  -3.0978002e-03  -2.5404641e-03
  -1.6016553e-01   1.7332055e-01   7.3274486e-01  -2.0069788e-02  -3.4814742e-03  -2.2281895e-03
  -1.4589555e-01   1.9858039e-01   7.7004013e-01  -2.1901372e-02  -4.5847655e-03  -1.6024539e-03
  -1.7174402e-01   1.8518350e-01   8.7579832e-01  -2.1523424e-02  -3.9688809e-03  -2.4815520e-03
  -1.6062328e-01   2.1064037e-01   8.9371086e-01  -2.2607324e-02  -4.2335399e-03  -2.0608724e-03
  -1.8439941e-01   1.7798987e-01   9.1965120e-01  -2.1767142e-02  -3.8882402e-03  -2.6909753e-03
  -1.9114318e-01   1.5613716e-01   9.5535837e-01  -2.2603543e-02  -4.0942507e-03  -2.9341890e-03
  -1.6636368e-01   1.9493990e-01   8.9568169e-01  -2.0949647e-02  -4.6381471e-03  -2.4620137e-03
  -1.7350398e-01   1.9588778e-01   8.9809218e-01  -2.1598762e-02  -4.1235236e-03  -2.4351712e-03
  -1.7601069e-01   2.1191903e-01   9.4826284e-01  -2.2266014e-02  -4.7100443e-03  -2.8061257e-03
  -1.9811193e-01   1.9222045e-01   8.9286499e-01  -2.1363098e-02  -4.2614689e-03  -2.8909011e-03
  -1.7695889e-01   2.1358409e-01   9.5896284e-01  -2.2155225e-02  -4.3498122e-03  -2.6260813e-03
  -2.1117287e-01   2.4377367e-01   8.6506786e-01  -2.2315018e-02  -4.7714780e-03  -3.0381916e-03
  -2.0120130e-01   2.1361154e-01   9.0433038e-01  -2.2033602e-02  -4.6930894e-03  -3.2940230e-03
  -1.9410962e-01   2.2614539e-01   9.3247198e-01  -2.2887591e-02  -4.6613210e-03  -3.0867331e-03
  -1.8906078e-01   1.9221721e-01   9.5765803e-01  -2.2225117e-02  -4.4364158e-03  -3.0496564e-03
  -1.9504135e-01   1.8941124e-01   9.1880311e-01  -2.2079720e-02  -3.9263168e-03  -3.0647385e-03
  -1.9359755e-01   2.1528924e-01   9.8333114e-01  -2.2557079e-02  -3.5694476e-03  -3.1561616e-03
  -1.8379496e-01   2.1275318e-01   1.0064941e+00  -2.2941446e-02  -3.7144025e-03  -3.0308610e-03
  -1.9856167e-01   2.4341339e-01   1.0218768e+00  -2.2993568e-02  -4.5842270e-03  -3.0372347e-03
  -1.7891042e-01   2.1482867e-01   1.0402785e+00  -2.2773925e-02  -3.5329288e-03  -2.8065877e-03
  -1.6757450e-01   2.3345327e-01   1.0307965e+00  -2.2625879e-02  -2.8959684e-03  -2.6941584e-03
