   0.0000000e+00   0.0000000e+00  -7.1054274e-15   0.0000000e+00   0.0000000e+00   0.0000000e+00
  -1.4332245e-02   6.2405145e-03   2.2966318e-03   2.1907233e-04  -8.6229405e-06  -5.4252558e-05
  -2.9110607e-02   2.9021709e-02   2.6775122e-02  -2.2606402e-04   2.2451495e-05  -7.2915293e-04
  -2.8669428e-02   5.0517800e-03  -3.5145923e-02   4.4796676e-04   1.0417187e-04  -5.4534380e-04
  -1.5421337e-02  -1.4423331e-02  -5.2080063e-02   7.2242083e-04   3.5441408e-04   4.0087263e-05
  -1.1236949e-02   8.4982621e-03  -8.3564021e-02   9.3355868e-04   7.1084703e-04   1.0890383e-04
  -2.3795147e-02   3.8988222e-02  -7.7856948e-02   5.5506652e-04   8.8207352e-04  -1.8687847e-04
  -1.9955497e-02   3.1617780e-02  -3.7254958e-02   6.6434192e-05   5.7271458e-04  -2.8636164e-04
  -2.2819025e-02   5.0856630e-02  -2.8876045e-02   8.5647307e-05   4.0871811e-04  -3.2503202e-04
  -2.6000572e-02   1.8630949e-02  -2.7834736e-03   3.1602522e-04   4.5873250e-04   4.6830252e-05
  -3.8242271e-02   2.9121802e-02   6.6338759e-03   4.4952586e-04   6.8213891e-04  -7.1200549e-04
  -3.9259165e-02   3.0396334e-02  -3.1784754e-02   7.0874288e-04   7.1830150e-04  -2.5131028e-04
  -7.4321244e-03   3.4212849e-02  -2.3505962e-02   7.4491395e-04   6.9990171e-04  -3.1356284e-05
   3.4346436e-03   4.7875626e-02  -2.9028955e-02   1.0215564e-03   1.4317423e-03  -2.6853658e-05
  -2.8124352e-02   5.1755477e-02  -1.0338075e-02   8.6100426e-04   1.0932667e-03  -2.9582175e-04
  -3.4860275e-02   6.7235524e-02  -1.4566316e-03   1.1068829e-03   1.0833781e-03  -5.9375322e-04
   8.5739563e-04   6.4456506e-02  -3.4061592e-02   9.3245680e-04   6.4900965e-04   1.7870060e-04
  -3.9702002e-04   8.4686933e-02  -5.1835193e-02   6.3002088e-04   5.5751466e-04   2.9255584e-04
   1.5059472e-02   7.2566337e-02  -5.3328902e-02   7.2002307e-04   5.8536918e-04   5.7684914e-04
  -5.1233266e-03   9.2631545e-02  -2.4684673e-02   5.8266688e-04   3.9291982e-04   8.8305638e-05
   1.3290708e-02   6.2417403e-02  -3.6100382e-02   6.1242709e-04   4.3970014e-04   5.9753488e-04
  -1.3873684e-03   7.0802039e-02  -4.3246427e-02   1.1920856e-03   8.5344369e-04   1.4724949e-04
   1.7258221e-02   8.5561564e-02  -6.0466899e-02   7.8479209e-04   7.2535213e-04   4.0237663e-04
   8.0632055e-03   1.0060548e-01  -6.0878086e-02   7.1486018e-04   7.9387041e-04   2.3183721e-04
  -1.4337033e-02   1.2506050e-01  -2.4317483e-02   6.7868498e-05   5.7652422e-04  -1.8091198e-04
  -7.1836664e-04   1.1393283e-01  -5.9183635e-02   4.0567543e-04   3.6337151e-04   6.3997808e-05
   5.5936635e-03   1.0214994e-01  -1.7729327e-02   7.7300673e-04   3.4092936e-04  -1.6155790e-04
   3.1707491e-04   9.6325938e-02  -5.8763458e-02   1.1364150e-03   4.8272550e-04   2.9264491e-04
   1.0321125e-02   9.1306068e-02  -7.2323894e-02   1.4532099e-03   3.9054517e-04   5.6702081e-04
   1.7731392e-02   1.0864233e-01  -7.3153329e-02   1.0158498e-03   6.5425334e-04   8.3796167e-04
   2.7451140e-02   1.2193158e-01  -6.1672504e-02   1.1087033e-03   6.3472614e-04   6.9446798e-04
   1.0686365e-02   1.4043528e-01  -7.5599469e-02   1.5619760e-03   6.6077981e-04   4.8106376e-04
   3.5662054e-02   1.2962792e-01  -8.4879363e-02   1.1234852e-03   4.5915695e-04   6.8225510e-04
   2.0537942e-02   1.4824542e-01  -6.9331315e-02   1.2091242e-03   7.2649190e-04   3.2347385e-04
   3.9463751e-02   1.4963876e-01  -8.0044381e-02   9.9410989e-04   2.1586840e-04   7.0381470e-04
   3.0251751e-02   1.5451447e-01  -7.2029233e-02   1.0651421e-03   2.1972423e-04   3.0586449e-04
   4.6696914e-02   1.6750947e-01  -4.3445293e-02   2.5228764e-04  -3.2406937e-05   6.1875347e-04
   3.9015075e-02   1.4523819e-01  -1.3242507e-01   2.2801569e-03   1.0929970e-04   4.6125163e-04
   6.0237972e-02   1.7803899e-01   3.0815065e-02  -2.3395215e-05  -3.7411910e-04   4.8253231e-04
   9.2224281e-02   4.9976485e-01   5.9183139e-01  -2.0514466e-03  -2.9891323e-03  -1.7717092e-04
   2.4224081e-02   2.5088770e-01  -3.6992164e-02   1.6047128e-03  -1.1137404e-03   1.0158578e-03
  -1.3848359e-02   2.2173940e-01  -1.6935498e-01   8.3025699e-04  -1.0180201e-03   4.1539879e-04
   3.1702260e-03   1.8430098e-01  -4.6151805e-02   1.2216679e-03  -6.5704629e-04   1.3780984e-03
  -1.0980286e-02   1.6898536e-01  -2.5587526e-02   2.4611911e-04  -7.9758679e-04   1.0734244e-03
   5.0138254e-02   1.6680852e-01  -1.5724711e-02   1.1680319e-03  -1.8568335e-03   2.4952947e-03
   1.9332856e-01   2.2069983e-01  -4.8599842e-01   3.5688957e-03  -6.6959369e-03   5.4590620e-03
   6.0298218e-02   2.0615672e-01  -4.3543263e-01   3.1070298e-03  -4.9351392e-03   3.3826958e-03
   7.5084005e-02   1.9709915e-01  -3.4345038e-01   3.0254221e-03  -4.5752590e-03   3.4203943e-03
   4.8174958e-02   2.0042477e-01  -4.3738215e-01   3.9295900e-03  -4.5437050e-03   3.0563320e-03
   6.2340510e-02   1.8378939e-01  -3.8844026e-01   3.3249477e-03  -4.3677962e-03   3.5292012e-03
   4.2361986e-02   2.0009569e-01  -3.8533729e-01   2.6497049e-03  -4.1156623e-03   3.1094170e-03
   7.3564018e-02   2.0314138e-01  -3.8401127e-01   2.3362365e-03  -3.7972677e-03   3.5693012e-03
   1.0329769e-01   2.0345208e-01  -4.2078471e-01   2.7048673e-03  -3.7520908e-03   3.7042588e-03
   9.0185095e-02   2.2274532e-01  -3.7097664e-01   2.1054996e-03  -3.1975607e-03   3.6434221e-03
   8.9666430e-02   2.2670425e-01  -3.7227973e-01   2.4854484e-03  -3.4037354e-03   3.6185022e-03
   6.8385073e-02   2.3819244e-01  -3.2981539e-01   2.3355467e-03  -3.1050465e-03   3.3140687e-03
   8.8268317e-02   2.2780144e-01  -3.7485745e-01   2.4576602e-03  -3.5290624e-03   3.8077852e-03
   8.6266593e-02   2.3290655e-01  -3.4881433e-01   2.3541605e-03  -3.3154271e-03   3.7413143e-03
   9.0639112e-02   2.2291080e-01  -4.0008257e-01   2.8508447e-03  -3.4902058e-03   4.0000593e-03
   6.8238753e-02   2.2492650e-01  -4.1559998e-01   2.4483958e-03  -3.4009410e-03   3.2741729e-03
   7.9260664e-02   2.3952056e-01  -4.3354559e-01   3.1608595e-03  -3.5310068e-03   3.5821064e-03
   7.5736255e-02   2.4442401e-01  -4.2163475e-01   3.4265352e-03  -3.2647690e-03   3.7971632e-03
   9.2555050e-02   2.4037354e-01  -4.2660328e-01   3.2856399e-03  -3.4840088e-03   4.2485024e-03
   7.1266278e-02   2.4829248e-01  -3.6711392e-01   2.9361554e-03  -3.0293635e-03   3.9029084e-03
   1.2896453e-01   3.0582981e-01  -5.3886733e-01   3.8638064e-03  -5.2751446e-03   4.8873380e-03
   3.0269176e-01   2.1227045e-01  -7.6073914e-01   6.1340708e-03  -6.7074993e-03   7.1370220e-03
   1.9957152e-01   2.3560742e-01  -5.3463615e-01   4.3168344e-03  -4.5142292e-03   6.0065959e-03
   2.0687524e-01   2.4016234e-01  -5.0050960e-01   4.6143794e-03  -5.3957393e-03   5.6465632e-03
   1.8708182e-01   2.5190949e-01  -4.9152530e-01   4.2985497e-03  -4.8411056e-03   5.7340251e-03
   1.9224129e-01   2.4787224e-01  -4.9965671e-01   4.6548591e-03  -5.1947352e-03   5.6341594e-03
   1.9024853e-01   2.6302859e-01  -5.2635614e-01   4.3409213e-03  -4.4363601e-03   5.5442468e-03
   1.9727940e-01   2.6946411e-01  -5.1551222e-01   4.7179607e-03  -4.4993932e-03   5.6398418e-03
   1.7352704e-01   2.6842980e-01  -4.9253837e-01   4.1814911e-03  -3.9921180e-03   5.5251274e-03
   1.8768721e-01   2.7521528e-01  -5.1336576e-01   4.3189864e-03  -4.5237102e-03   5.4572501e-03
   1.8008007e-01   2.9639147e-01  -5.2946647e-01   4.8564139e-03  -4.0844546e-03   5.7005536e-03
   1.8883022e-01   2.8461436e-01  -4.8995126e-01   4.1524119e-03  -4.4748349e-03   5.3702737e-03
   1.7712801e-01   2.8463900e-01  -5.1944781e-01   4.6479427e-03  -4.3651045e-03   5.4552097e-03
   1.7778037e-01   2.7621448e-01  -5.0285748e-01   4.5236645e-03  -4.2276040e-03   5.4918689e-03
   1.8518024e-01   3.0091831e-01  -5.5563058e-01   4.8285408e-03  -4.1152793e-03   5.8676508e-03
   1.8320368e-01   3.2018558e-01  -4.9792340e-01   4.1214109e-03  -3.9429147e-03   5.7063395e-03
   1.9060449e-01   3.2540625e-01  -5.1487807e-01   4.7422782e-03  -3.2305872e-03   5.7082984e-03
   2.0972749e-01   3.1742291e-01  -5.3933259e-01   4.8104256e-03  -3.7113246e-03   5.7067425e-03
   2.1104775e-01   3.3057320e-01  -5.2607805e-01   4.9553378e-03  -3.8478321e-03   5.6635188e-03
   2.2506681e-01   3.2609944e-01  -5.3027159e-01   4.9989996e-03  -3.8543976e-03   5.6900854e-03
   2.1351498e-01   3.2495478e-01  -5.4197885e-01   5.3649242e-03  -3.9118310e-03   5.5050525e-03
   2.1093487e-01   3.1049275e-01  -5.1678087e-01   4.9652958e-03  -3.7738081e-03   5.5154415e-03
   1.8878257e-01   3.2193250e-01  -5.0514140e-01   4.8565382e-03  -3.6691750e-03   5.3010941e-03
   2.0256465e-01   3.5104412e-01  -5.3047323e-01   4.6851813e-03  -3.7328395e-03   5.5159970e-03
   1.8134915e-01   3.6086320e-01  -5.2657521e-01   4.5636249e-03  -3.7952143e-03   4.8612463e-03
   1.8343902e-01   3.6677129e-01  -5.0644011e-01   4.6117643e-03  -3.8708594e-03   4.9216458e-03
   1.8045239e-01   3.7743086e-01  -5.2848655e-01   4.7843860e-03  -4.0459110e-03   5.0038734e-03
   1.7591860e-01   3.7039231e-01  -5.1261735e-01   4.6763900e-03  -3.8135970e-03   4.8825683e-03
   1.8648429e-01   3.7766634e-01  -5.1826229e-01   4.5728898e-03  -3.7354580e-03   5.1394471e-03
   1.8475189e-01   3.9455256e-01  -5.1782322e-01   4.4184248e-03  -4.1008384e-03   5.2493160e-03
   1.6970120e-01   3.7714589e-01  -5.1428865e-01   4.2995789e-03  -3.6420094e-03   5.0265013e-03
   1.7925398e-01   3.6365828e-01  -4.9483859e-01   4.3623166e-03  -3.5952049e-03   4.9397592e-03
   1.5263482e-01   3.5957221e-01  -5.1943468e-01   4.8273730e-03  -3.2360114e-03   4.6055408e-03
   1.5793978e-01   3.4014464e-01  -4.9464111e-01   4.8831363e-03  -3.4101929e-03   4.8080589e-03
   1.7133644e-01   3.6642769e-01  -4.7374550e-01   4.5544093e-03  -3.0535507e-03   4.7960346e-03
   1.7058745e-01   3.6123805e-01  -5.0837445e-01   4.7531810e-03  -2.9027818e-03   4.8268711e-03
   1.8761416e-01   3.6848965e-01  -4.8455750e-01   4.4193603e-03  -3.0629086e-03   4.7886258e-03
   1.8452106e-01   3.6817181e-01  -4.8799440e-01   4.7880309e-03  -2.8981966e-03   4.8486774e-03
   2.0304692e-01   3.7183111e-01  -5.0731491e-01   4.7742751e-03  -3.1708167e-03   4.9741802e-03
   1.8424008e-01   3.8383220e-01  -4.8878528e-01   4.6996724e-03  -3.2414547e-03   4.8207159e-03
   2.0375260e-01   3.8097347e-01  -5.2828559e-01   4.7631109e-03  -3.2061088e-03   5.0621064e-03
   1.9542898e-01   3.9136559e-01  -5.4267891e-01   4.8739072e-03  -2.8417404e-03   5.0457472e-03
   1.9998740e-01   3.9335777e-01  -5.3954251e-01   4.3773439e-03  -3.0695626e-03   5.2451828e-03
   2.0277130e-01   4.0472876e-01  -5.1224394e-01   4.8355099e-03  -3.1458826e-03   4.8044418e-03
   1.8970941e-01   3.9386869e-01  -5.2266001e-01   5.0165545e-03  -2.6705470e-03   4.8467713e-03
   1.8887755e-01   3.8271378e-01  -5.2971636e-01   5.5826599e-03  -2.6786485e-03   4.8020105e-03
   2.1298247e-01   4.0112989e-01  -4.7030393e-01   4.0374851e-03  -2.7797607e-03   5.1479364e-03
   2.5454960e-01   6.6526911e-01   1.4068105e-01   1.4361764e-03  -3.6292219e-03   3.8359623e-03
   2.0324776e-01   5.8199324e-01  -9.7491313e-02   5.0429743e-03  -2.5914474e-03   2.8838962e-03
   1.8440074e-01   4.5212290e-01  -3.9387206e-01   4.8393196e-03  -1.8142548e-03   3.5406844e-03
   1.8973883e-01   4.2987418e-01  -2.5212570e-01   4.5707811e-03  -1.7914913e-03   3.6494728e-03
   1.9689228e-01   4.0714341e-01  -3.3455431e-01   4.1421443e-03  -2.3700415e-03   4.2413050e-03
   2.0454787e-01   4.2281348e-01  -2.8668526e-01   4.6542651e-03  -2.3439714e-03   4.1358163e-03
   2.0420885e-01   4.0592565e-01  -3.3534957e-01   4.7231871e-03  -2.1598730e-03   4.3592783e-03
   2.0772515e-01   4.1088554e-01  -3.4498798e-01   4.6011058e-03  -2.2271596e-03   4.2898808e-03
   1.9964810e-01   4.4802249e-01  -4.9158884e-01   4.3472968e-03  -2.6528343e-03   4.5296761e-03
   2.0026554e-01   4.6618490e-01  -4.5660926e-01   4.3484726e-03  -1.7973514e-03   4.0983477e-03
   3.2253072e-01   3.0533276e-01  -3.3173973e-01   2.6423765e-03  -2.5833546e-03   5.6618033e-03
   2.4426873e-01   4.1782900e-01  -2.5119787e-01   1.8643225e-03  -1.7547003e-03   4.7814946e-03
   2.4168486e-01   4.5066066e-01  -2.7887992e-01   2.8799041e-03  -1.6585141e-03   4.3028140e-03
   2.3093952e-01   4.5356670e-01  -2.7775448e-01   2.9682720e-03  -1.9275807e-03   4.5345456e-03
   2.4010646e-01   4.5021851e-01  -2.9722416e-01   3.2060864e-03  -1.7201745e-03   4.5400670e-03
   2.2779841e-01   4.6474204e-01  -3.1416068e-01   3.2848715e-03  -1.6393073e-03   4.3784213e-03
   2.2927144e-01   4.6403188e-01  -3.2739164e-01   3.7133315e-03  -1.5163346e-03   4.2106555e-03
   2.2176295e-01   4.6920311e-01  -3.4838833e-01   3.5812962e-03  -1.5993379e-03   4.1370692e-03
   2.2899971e-01   4.7617383e-01  -2.9350654e-01   3.2082415e-03  -1.1267365e-03   4.2588875e-03
   2.4034087e-01   4.7691272e-01  -2.8402296e-01   3.5726621e-03  -1.3993726e-03   4.2907262e-03
   2.5110748e-01   4.8143908e-01  -3.1645657e-01   3.7625032e-03  -1.4816805e-03   4.6662390e-03
   2.2346858e-01   4.7886256e-01  -3.5814732e-01   4.1590406e-03  -1.9328572e-03   4.1603483e-03
   2.1618634e-01   4.7175864e-01  -3.3096377e-01   4.1835233e-03  -1.8148839e-03   4.1979768e-03
   2.1882097e-01   4.7856185e-01  -3.0253150e-01   3.8141990e-03  -1.5759556e-03   3.9570523e-03
   2.2182656e-01   4.8384030e-01  -2.9711318e-01   4.1624105e-03  -1.5507995e-03   4.0639181e-03
   2.2164948e-01   4.6989769e-01  -2.7899080e-01   4.1071237e-03  -1.5755415e-03   3.9338417e-03
   2.1371585e-01   4.7050034e-01  -2.5977895e-01   3.9522537e-03  -1.2922660e-03   3.9256031e-03
   2.0693645e-01   4.7880595e-01  -2.7003734e-01   3.6394108e-03  -1.3499438e-03   3.8174130e-03
   2.2182449e-01   4.8977625e-01  -2.7323196e-01   3.8960435e-03  -1.2678212e-03   3.7783422e-03
   2.1640692e-01   4.7435670e-01  -2.6788869e-01   3.6560275e-03  -1.3543402e-03   3.6540089e-03
   2.2634026e-01   4.8282940e-01  -2.7071967e-01   3.7502216e-03  -1.3923943e-03   3.5698098e-03
   2.1168228e-01   5.0111480e-01  -2.7115917e-01   3.9060738e-03  -1.3441626e-03   3.5275593e-03
   2.1523059e-01   5.1208556e-01  -2.3191108e-01   3.7870427e-03  -1.2381344e-03   3.5389600e-03
   2.1361925e-01   5.2005774e-01  -2.3182085e-01   3.9599600e-03  -1.1498481e-03   3.3534603e-03
   2.0945340e-01   5.1948345e-01  -2.5216649e-01   3.6802849e-03  -1.0519800e-03   3.5622966e-03
   1.9984446e-01   5.1113760e-01  -2.2753985e-01   4.0478446e-03  -7.3258916e-04   3.1042296e-03
   2.0452278e-01   5.1815713e-01  -2.5722376e-01   3.9327829e-03  -8.5271138e-04   3.5295232e-03
   2.2719748e-01   5.0810882e-01  -2.3467130e-01   3.9933945e-03  -5.1390848e-04   3.3588395e-03
   2.2692647e-01   5.2400354e-01  -2.3689749e-01   4.2357212e-03  -3.7793980e-04   3.6851967e-03
   2.1724287e-01   5.2271146e-01  -2.8337730e-01   4.8692031e-03  -4.2194131e-04   3.5881051e-03
   2.1982636e-01   5.3783601e-01  -2.7079346e-01   4.1626048e-03  -7.9123149e-05   3.2443693e-03
   2.2759137e-01   5.4333797e-01  -2.9550740e-01   4.6520302e-03  -2.1922278e-04   3.3327528e-03
   2.3898566e-01   5.5014497e-01  -2.8587034e-01   4.2512981e-03  -2.5358723e-05   3.3667369e-03
   2.3756306e-01   5.5256899e-01  -2.8679694e-01   4.3007529e-03  -3.4549447e-04   3.3204183e-03
   2.2948352e-01   5.7391433e-01  -2.6877080e-01   3.7154775e-03  -2.5830611e-04   3.0725493e-03
   2.2785716e-01   5.5957549e-01  -3.0987947e-01   3.9419411e-03  -2.8268875e-04   3.3069744e-03
   2.2511098e-01   5.5696320e-01  -2.8922412e-01   3.5233597e-03  -1.0066800e-04   2.9373411e-03
   2.2156302e-01   5.3548133e-01  -2.5536607e-01   3.7600483e-03   1.8319405e-04   2.4759781e-03
   2.2443773e-01   5.3895582e-01  -2.5340965e-01   4.1167826e-03   3.6606265e-04   2.7579935e-03
   2.2220040e-01   5.3792298e-01  -2.3413271e-01   3.9492994e-03   3.5047550e-04   2.6882498e-03
   2.2879985e-01   5.5290601e-01  -2.1740972e-01   3.9957069e-03   2.1609604e-04   2.9091265e-03
   2.2461212e-01   5.4488963e-01  -2.4665980e-01   4.0124235e-03   2.3229734e-05   2.9069301e-03
   2.1569754e-01   5.5765325e-01  -2.3608279e-01   4.1072079e-03   3.2850423e-04   2.9807785e-03
   2.3785296e-01   5.4217916e-01  -2.4767874e-01   4.0303708e-03   3.7024002e-04   3.1709038e-03
   2.3314813e-01   5.6339197e-01  -2.6482480e-01   4.1159421e-03   1.8335412e-04   3.2373064e-03
   2.5683292e-01   5.4959027e-01  -2.5186911e-01   3.8035515e-03  -2.9658212e-04   3.3173794e-03
   2.3361311e-01   5.5053862e-01  -2.8323275e-01   4.7275916e-03   4.0206182e-05   3.2486915e-03
   2.3721585e-01   5.4298538e-01  -2.7151909e-01   4.2678791e-03  -9.9779912e-05   3.3824437e-03
   2.3802925e-01   5.5935917e-01  -3.0120813e-01   4.8087239e-03   2.2616622e-04   3.2193050e-03
   2.4936674e-01   5.7395441e-01  -2.8932516e-01   4.1079217e-03  -2.2753014e-05   3.3579380e-03
   2.3258900e-01   5.7623856e-01  -3.0707012e-01   5.2980303e-03   1.6298261e-04   3.1409658e-03
   2.9999409e-01   6.0222770e-01  -1.8447972e-01   2.3384098e-03  -5.8656409e-04   3.8855098e-03
   3.0516829e-01   8.5960717e-01   3.1815373e-01   1.7939738e-04  -4.2980711e-03   4.1414897e-03
   1.6844400e-01   6.9619711e-01   2.7445855e-02   4.7129989e-03  -1.3213599e-03   1.3638769e-03
   1.7469978e-01   5.8180213e-01  -2.7438644e-01   4.8954431e-03  -6.0499013e-04   2.1187125e-03
   1.7149309e-01   5.8877832e-01  -2.9310701e-01   5.3239848e-03  -5.6713208e-04   2.5698415e-03
   1.7216925e-01   5.4984335e-01  -2.5529039e-01   4.6789150e-03  -4.9148171e-04   2.4567989e-03
   1.6666739e-01   5.5606012e-01  -2.9395055e-01   4.7624782e-03  -7.0534205e-04   2.3093999e-03
