   1.0948347e-14   0.0000000e+00   8.3120220e-16  -5.8308791e-17  -2.4067552e-19   0.0000000e+00
   1.6074092e-02   2.5852196e-02  -1.1818980e-02   4.0028761e-06   7.1663363e-05   2.3809071e-04
   1.2803047e-02   2.1774312e-02   7.3160943e-03  -5.5616045e-04   5.8481184e-05  -6.0140598e-05
   6.3118479e-03   1.7010397e-03   1.8980786e-02   4.2389656e-05  -9.9073561e-05   1.9907788e-04
   1.8934039e-02   2.3607154e-02   4.5964929e-02  -6.2272321e-05  -1.3421021e-04   2.1220128e-04
  -2.1419485e-02   6.3160771e-03   6.3426324e-02   2.3230630e-04   5.9458399e-05  -1.0543010e-04
  -2.0231960e-02   3.4386094e-02   4.1895819e-02   4.3054249e-04   7.6633730e-05   4.5052818e-05
  -2.2207816e-02   6.1977492e-03   6.3651958e-02  -3.9777224e-04   3.4561816e-04   3.8879524e-05
  -4.0062413e-02   4.7624711e-02   1.0003600e-01  -7.2745096e-04   5.4873374e-04  -4.6561270e-05
  -2.8765363e-02   3.2284155e-02   1.8009506e-01  -1.9456285e-03   8.1260408e-04   3.6356357e-04
  -3.6219528e-02   3.6658849e-02   1.7519579e-01  -1.2162229e-03   1.0589685e-03   3.3071390e-04
  -4.2835579e-02   7.3829462e-02   1.9261701e-01  -1.8445794e-03   1.2471865e-03   2.0102917e-04
  -4.3447483e-02   6.0472791e-02   2.1709423e-01  -1.9757174e-03   1.2629017e-03   3.8456181e-04
  -4.9555483e-02   6.3973289e-02   2.2200459e-01  -1.6837755e-03   1.5550574e-03   4.0514632e-04
  -5.9479755e-02   6.1366847e-02   1.9690416e-01  -1.1919823e-03   1.6140513e-03   1.8655480e-04
  -6.8857097e-02   4.1045456e-02   2.3876468e-01  -2.1803746e-03   1.7805353e-03   5.9095292e-05
  -4.8444878e-02   5.5636306e-02   2.2026124e-01  -1.4134588e-03   1.6796589e-03   2.4013345e-04
  -6.4596449e-02   6.5473588e-02   2.5383384e-01  -2.2515067e-03   1.8658723e-03   2.0789618e-04
  -7.8739438e-02   6.3872844e-02   2.8572292e-01  -2.2947495e-03   1.9608418e-03   1.6905929e-04
  -8.2702379e-02   9.8223570e-02   2.8576238e-01  -2.7147599e-03   2.5602849e-03   2.0992184e-05
  -9.7697787e-02   9.1148962e-02   3.0277470e-01  -2.4817697e-03   2.0672787e-03  -1.6308292e-05
  -6.9185018e-02   9.2070960e-02   2.7548579e-01  -2.6217056e-03   2.1760887e-03   2.7180965e-04
  -8.6804423e-02   8.0272565e-02   2.5506698e-01  -2.1189152e-03   2.1337741e-03   1.5788610e-04
  -6.2015928e-02   9.4112572e-02   2.3189093e-01  -1.8885544e-03   2.2095583e-03   4.0198451e-04
  -8.0053670e-02   1.0114733e-01   2.5733108e-01  -2.6893713e-03   2.4710064e-03  -1.5437035e-04
  -7.5293004e-02   1.1716482e-01   2.4325707e-01  -2.6664833e-03   2.4708380e-03  -2.8845624e-04
  -9.6806583e-02   1.1401710e-01   2.9793635e-01  -3.2833420e-03   2.1062926e-03  -2.3929131e-04
  -6.0694996e-02   7.1998197e-02   1.8033527e-01  -1.0090625e-03   1.9124324e-03   1.9389788e-04
  -7.7632922e-02   8.5298778e-02   2.2146007e-01  -2.5716722e-03   2.4840376e-03  -1.4315342e-04
  -7.5342515e-02   1.1142114e-01   2.2792951e-01  -2.0443321e-03   2.4270811e-03  -1.1786715e-04
  -7.9030864e-02   6.4657332e-02   2.6541620e-01  -2.9840768e-03   2.6900871e-03  -2.4804620e-04
  -8.0774396e-02   7.8273245e-02   2.2064069e-01  -2.1099090e-03   2.0587960e-03  -2.6418874e-04
  -8.8733179e-02   7.7924995e-02   2.3220148e-01  -2.5985548e-03   2.4103524e-03  -3.6969827e-04
  -8.9399270e-02   1.0870178e-01   2.2948810e-01  -2.3992054e-03   2.0274931e-03  -3.1221373e-04
  -9.6772128e-02   8.2256031e-02   2.3445162e-01  -2.8276508e-03   2.2391144e-03  -5.6740895e-04
  -1.2348406e-01   1.1818932e-01   2.5033206e-01  -2.8565854e-03   1.6417677e-03  -8.3713148e-04
  -1.0519526e-01   1.0778050e-01   2.4478299e-01  -2.6757682e-03   1.6830973e-03  -6.6341848e-04
  -1.2095728e-01   9.5459073e-02   2.4124906e-01  -2.6619760e-03   6.6264211e-04  -5.4518357e-04
  -1.4592735e-01   8.7458889e-02   3.6612808e-01  -4.1870029e-03   1.4208429e-03  -7.0008536e-04
  -1.7200130e-01   1.0922182e-01   4.7008732e-01  -5.6003305e-03   2.1801527e-03  -5.9949266e-04
  -1.5779406e-01   1.1789632e-01   4.2702819e-01  -5.1503338e-03   1.7488896e-03  -5.7294229e-04
  -1.8033522e-01   1.2723498e-01   4.1917375e-01  -5.0211900e-03   1.3931358e-03  -4.8689343e-04
  -1.7501837e-01   1.0523129e-01   4.6444667e-01  -4.9358790e-03   1.5678589e-03  -6.3236463e-04
  -1.5314618e-01   1.4491361e-01   3.8565902e-01  -4.7048333e-03   1.3550681e-03  -3.5686442e-04
  -1.6943072e-01   1.2110506e-01   4.2815525e-01  -5.1460070e-03   1.7310235e-03  -5.4740362e-04
  -1.6371162e-01   1.4059791e-01   4.6277354e-01  -5.2496701e-03   1.3325237e-03  -5.0711847e-04
  -1.5091982e-01   1.5128890e-01   4.4519857e-01  -4.3827098e-03   1.4429958e-03  -3.9232231e-04
  -1.6776112e-01   1.3586393e-01   4.6480933e-01  -5.6594391e-03   1.3793965e-03  -5.8823746e-04
  -1.4967501e-01   1.8241862e-01   4.2584690e-01  -4.1681720e-03   1.3550417e-03  -3.0519308e-04
  -1.6574986e-01   1.4749703e-01   4.6454786e-01  -6.3765203e-03   1.2541596e-03  -5.1640114e-04
  -1.0282045e-01   2.1492380e-01   7.2534544e-01  -3.7584254e-03   1.1145492e-03   2.9318438e-04
  -1.0125217e-01   1.2853650e-01   7.0480389e-01  -5.1922916e-03   2.0539280e-03   2.6309533e-04
  -1.1945715e-01   9.5943106e-02   6.6563656e-01  -6.4589531e-03   1.7666027e-03   1.7321421e-04
  -8.6529514e-02   1.4214865e-01   6.3406162e-01  -5.5254092e-03   2.0059007e-03   3.5578797e-04
  -9.4261898e-02   1.5657914e-01   6.0321054e-01  -5.7130909e-03   1.6975615e-03   2.8350770e-04
  -8.8500203e-02   1.2618443e-01   6.0757264e-01  -5.5387443e-03   1.7564537e-03   2.3709392e-04
  -1.0212930e-01   1.4394021e-01   6.0078428e-01  -6.1284619e-03   1.4647688e-03   1.6239189e-04
  -1.0225251e-01   1.4430956e-01   5.7539329e-01  -4.9339368e-03   1.5641978e-03   2.3882245e-04
  -1.0689193e-01   1.5488137e-01   5.6303336e-01  -5.0213090e-03   1.3601574e-03   1.8110365e-04
  -1.2888991e-01   1.5956067e-01   5.7338531e-01  -5.6666365e-03   1.6246396e-03  -3.4753154e-04
  -1.2599514e-01   1.6565570e-01   5.7327460e-01  -5.1982523e-03   1.2843149e-03  -3.5744142e-04
  -1.2890628e-01   2.0415168e-01   5.9933274e-01  -5.9651084e-03   1.5986360e-03  -3.6384856e-04
  -1.2853790e-01   2.0597411e-01   5.9354428e-01  -5.5648945e-03   7.6473271e-04  -3.1768468e-04
  -1.0942821e-01   1.6872854e-01   6.0854591e-01  -5.5095065e-03   1.0372712e-03  -2.2261068e-04
  -1.2650366e-01   1.8695596e-01   6.3130760e-01  -5.7584980e-03   8.0163959e-04  -2.6723504e-04
  -1.1044314e-01   1.9138979e-01   6.3678210e-01  -5.8890797e-03   7.5647958e-04  -3.0644913e-04
  -1.4407446e-01   1.7750897e-01   6.5117231e-01  -5.9065182e-03   5.2370724e-04  -6.1918117e-04
  -1.2782013e-01   1.8553072e-01   7.1898701e-01  -5.8398967e-03   7.4007997e-04  -2.7254894e-04
  -1.5919962e-01   1.4651489e-01   6.9642551e-01  -5.7119255e-03   5.9405522e-04  -8.5502313e-04
  -1.5485521e-01   1.6420366e-01   6.7798296e-01  -6.5684277e-03   1.1735974e-03  -7.2976922e-04
  -1.5835986e-01   2.0436753e-01   6.4989921e-01  -6.0822980e-03   2.4176651e-04  -8.8380125e-04
  -1.5522897e-01   1.9054544e-01   6.8408426e-01  -6.5176542e-03   7.8445129e-04  -8.8569206e-04
  -1.6430357e-01   1.6388014e-01   6.8226141e-01  -6.2215331e-03   3.6291485e-04  -1.0728646e-03
  -1.5814890e-01   1.8754587e-01   6.6993386e-01  -5.9900918e-03   6.9887303e-04  -7.9051034e-04
  -1.5942227e-01   1.7890718e-01   6.5916994e-01  -5.8361188e-03   6.6206473e-04  -8.7241325e-04
  -1.4093032e-01   2.0036971e-01   6.2905146e-01  -6.1175099e-03   6.1160038e-04  -1.1320243e-03
  -1.4450218e-01   2.1349139e-01   7.0264275e-01  -5.9158863e-03   5.3947437e-04  -7.3531293e-04
  -1.0881841e-01   2.1747988e-01   6.7665938e-01  -3.9554377e-03   6.4680826e-05  -6.7241943e-04
  -1.2908183e-01   1.5576760e-01   6.5852901e-01  -5.2016472e-03  -5.5846242e-05  -1.4561619e-03
  -1.2791331e-01   1.8270278e-01   6.9054058e-01  -4.5782374e-03  -2.2130978e-04  -1.2548868e-03
  -1.3311693e-01   1.8132576e-01   6.5057835e-01  -5.2294060e-03   8.3974630e-05  -1.5427024e-03
  -1.2549089e-01   1.7522741e-01   7.1405209e-01  -4.9499511e-03  -6.6039714e-04  -1.1734226e-03
  -1.3203088e-01   2.0974058e-01   6.9247375e-01  -4.8581805e-03  -3.5579633e-04  -1.4818324e-03
  -1.4085459e-01   2.3304706e-01   6.7299819e-01  -4.6340911e-03  -6.2729857e-04  -1.5097808e-03
  -1.4194044e-01   2.0289839e-01   6.6104182e-01  -4.8888952e-03  -4.9430555e-04  -1.7043972e-03
  -1.4234900e-01   2.1782616e-01   6.8229275e-01  -4.9495219e-03  -6.9682319e-04  -1.5501112e-03
  -1.3948001e-01   1.7997176e-01   7.0720761e-01  -4.6333804e-03  -1.9810540e-04  -1.5736926e-03
  -1.6715761e-01   3.0188635e-01   7.3508120e-01  -3.6926318e-03   4.8130945e-04  -1.0491258e-03
  -1.6338712e-01   1.9638958e-01   7.4813086e-01  -3.1947447e-03  -3.0512035e-04  -1.1400275e-03
  -1.7875334e-01   1.6646006e-01   8.0034010e-01  -4.3292111e-03  -1.1301064e-04  -2.0777847e-03
  -1.9869944e-01   1.8507674e-01   8.2033718e-01  -4.5603166e-03  -8.9766246e-04  -2.1603551e-03
  -2.0482327e-01   2.2091588e-01   8.0329540e-01  -4.3972343e-03  -7.7221771e-04  -2.1397979e-03
  -2.1637256e-01   1.9364479e-01   7.9987089e-01  -5.1735407e-03  -1.5652203e-03  -2.0683243e-03
  -2.1803150e-01   2.0182561e-01   7.7463755e-01  -4.2377568e-03  -1.1758638e-03  -1.6675680e-03
  -2.5576903e-01   1.4068457e-01   8.0966396e-01  -6.3139025e-03  -1.4207468e-03  -2.2200402e-03
  -2.7321676e-01   2.4694024e-01   8.8959767e-01  -5.3356649e-03  -6.6564632e-04  -2.1266884e-03
  -2.6734568e-01   1.5683835e-01   9.0068145e-01  -4.9078436e-03  -8.6389378e-04  -1.4847659e-03
  -3.0674636e-01   1.3119241e-01   8.7935150e-01  -6.0649625e-03  -1.2420318e-03  -1.8441948e-03
  -2.8792082e-01   2.1283485e-01   7.8617170e-01  -5.5029418e-03  -7.8256506e-04  -1.8795155e-03
  -3.1242121e-01   1.5594578e-01   8.3633412e-01  -6.2617167e-03  -1.1282741e-03  -2.2194495e-03
  -2.9680721e-01   1.7384652e-01   8.4370982e-01  -6.1984789e-03  -8.9352671e-04  -2.3049296e-03
  -3.0616217e-01   1.9044988e-01   7.9391594e-01  -6.3870420e-03  -9.3829969e-04  -2.4476216e-03
  -3.0844921e-01   2.1827850e-01   7.9051746e-01  -6.2994203e-03  -1.0115889e-03  -2.2663397e-03
  -2.8633383e-01   1.8758671e-01   7.8500396e-01  -5.9960850e-03  -9.8869388e-04  -1.7769084e-03
  -3.2773697e-01   1.8823996e-01   7.8595631e-01  -6.4768103e-03  -1.4404302e-03  -2.3556463e-03
  -3.2379163e-01   1.8303734e-01   7.5789630e-01  -5.3765971e-03  -1.4087799e-03  -2.5099940e-03
  -3.2446196e-01   2.0167559e-01   7.6570752e-01  -6.8472659e-03  -9.0822682e-04  -2.7591058e-03
  -3.3314567e-01   1.9407165e-01   8.2350008e-01  -6.0557058e-03  -1.2030602e-03  -2.6719754e-03
  -2.8280526e-01   2.0615830e-01   8.5927995e-01  -6.0667542e-03  -3.8024821e-04  -2.2732627e-03
  -3.1327262e-01   1.9001071e-01   7.9092488e-01  -5.9518338e-03  -1.1748379e-03  -2.9732273e-03
  -2.9265646e-01   1.4923543e-01   6.8146929e-01  -3.7637167e-03  -6.0424004e-04  -2.3350726e-03
  -3.3044980e-01   1.9425382e-01   7.0824520e-01  -4.8956033e-03  -1.6233597e-03  -2.6427048e-03
  -3.3570306e-01   2.0015642e-01   7.1226273e-01  -4.9014827e-03  -1.9636120e-03  -2.7155986e-03
  -3.8788261e-01   1.7769862e-01   7.8543508e-01  -5.9980812e-03  -3.0167997e-03  -3.6417629e-03
  -4.0134159e-01   2.0691840e-01   7.7973102e-01  -6.7615491e-03  -3.4025460e-03  -3.7494313e-03
  -3.8192868e-01   2.2116190e-01   7.6410854e-01  -6.8678776e-03  -3.2928773e-03  -3.8542808e-03
  -3.8699823e-01   2.3650392e-01   7.4896271e-01  -6.3568299e-03  -3.2555229e-03  -4.1620644e-03
  -3.9275146e-01   2.0277812e-01   7.7817795e-01  -6.6174792e-03  -2.5683414e-03  -4.1790612e-03
  -3.7411326e-01   1.9135971e-01   7.2874887e-01  -6.9766536e-03  -2.7010113e-03  -3.9811197e-03
  -3.7778198e-01   2.1771215e-01   7.6835382e-01  -7.6700333e-03  -2.8934494e-03  -4.0904902e-03
  -3.6235466e-01   2.5071102e-01   7.8178180e-01  -7.1502173e-03  -3.1815663e-03  -4.1169573e-03
  -3.3795819e-01   1.4677049e-01   6.9453214e-01  -5.6669259e-03  -3.4665805e-03  -3.5219570e-03
  -3.5652834e-01   2.0961223e-01   7.3749233e-01  -5.9020757e-03  -2.7559005e-03  -3.6541587e-03
  -3.7379363e-01   2.2473085e-01   8.1596533e-01  -7.5588060e-03  -3.9003228e-03  -3.9026868e-03
  -3.5631621e-01   2.5215200e-01   7.6953942e-01  -6.2125508e-03  -3.2873116e-03  -4.0437557e-03
  -3.5440746e-01   2.1192968e-01   7.9011467e-01  -7.9876547e-03  -3.0231136e-03  -4.1218376e-03
  -3.7460304e-01   2.4825003e-01   8.0526471e-01  -7.3295906e-03  -3.4425429e-03  -4.4125988e-03
  -3.8219329e-01   2.2898738e-01   8.1571184e-01  -7.5968274e-03  -3.3959306e-03  -4.3418055e-03
  -3.6714096e-01   2.0750897e-01   8.1484451e-01  -7.5272039e-03  -3.2214254e-03  -4.3363378e-03
  -3.5689894e-01   2.4446691e-01   7.2103752e-01  -6.4036664e-03  -2.9628216e-03  -4.0172648e-03
  -3.5638967e-01   2.5457793e-01   7.2059720e-01  -5.9732425e-03  -3.2948810e-03  -4.4792073e-03
  -3.4303427e-01   1.9835097e-01   7.6482716e-01  -7.1067315e-03  -2.6678641e-03  -4.3968589e-03
  -3.6244353e-01   2.5615538e-01   7.7782110e-01  -7.2538242e-03  -3.3553058e-03  -4.4049178e-03
  -3.3162628e-01   2.6107226e-01   7.1416092e-01  -5.9542865e-03  -2.7649066e-03  -4.2443182e-03
  -3.4572298e-01   2.3372391e-01   7.3749151e-01  -7.0284850e-03  -2.7320541e-03  -4.5860853e-03
  -3.2219116e-01   2.8031428e-01   7.4579649e-01  -6.8880574e-03  -3.1486259e-03  -4.4398505e-03
  -3.2144282e-01   2.5325292e-01   7.5675712e-01  -7.6992663e-03  -3.4369798e-03  -4.4023175e-03
  -3.1834699e-01   2.2605910e-01   7.4314802e-01  -6.5951588e-03  -2.9837771e-03  -3.8377208e-03
  -3.0604917e-01   2.5917089e-01   6.8824699e-01  -6.2713868e-03  -3.3225145e-03  -3.7516478e-03
  -3.1667536e-01   2.5451940e-01   7.3979130e-01  -6.7814934e-03  -3.7867652e-03  -3.8222639e-03
  -3.0960062e-01   2.7122453e-01   6.7149306e-01  -6.0431797e-03  -2.8752688e-03  -3.8011796e-03
  -3.2795620e-01   2.6310725e-01   6.6541354e-01  -6.3489008e-03  -3.9845292e-03  -4.0475410e-03
  -2.8289203e-01   2.2309687e-01   6.0391789e-01  -4.2334277e-03  -3.0619875e-03  -3.2756599e-03
  -2.8026775e-01   2.7368833e-01   6.3578281e-01  -5.4242652e-03  -2.4725470e-03  -3.9565462e-03
  -2.7897923e-01   2.8692647e-01   5.7672585e-01  -4.2792363e-03  -2.9616923e-03  -3.7911837e-03
  -2.9356874e-01   2.3599103e-01   5.8965924e-01  -5.1187113e-03  -2.0648315e-03  -4.3622042e-03
  -2.9699272e-01   2.5648365e-01   5.7195306e-01  -5.0747222e-03  -2.8087064e-03  -4.4117386e-03
  -3.0829611e-01   2.7323009e-01   5.5970097e-01  -5.4546016e-03  -2.3846744e-03  -4.6302078e-03
  -2.8350820e-01   2.9642722e-01   5.1949619e-01  -4.6794113e-03  -2.6304426e-03  -4.2322168e-03
  -2.4783533e-01   3.0740689e-01   5.0542837e-01  -4.1084710e-03  -2.2847573e-03  -3.9165031e-03
  -2.4957105e-01   3.0541759e-01   5.4484658e-01  -4.7940613e-03  -2.5521490e-03  -3.8509632e-03
  -2.3783832e-01   3.0526720e-01   5.3975497e-01  -5.0587568e-03  -2.6952294e-03  -4.0156484e-03
  -2.6023631e-01   2.8261995e-01   5.3698244e-01  -4.8911647e-03  -3.3594857e-03  -4.3135280e-03
  -2.4558254e-01   2.8430706e-01   5.4888411e-01  -4.4594342e-03  -3.0398388e-03  -4.0470247e-03
  -2.6541496e-01   2.4935719e-01   5.7478161e-01  -5.0642869e-03  -3.0818956e-03  -4.7609941e-03
  -2.3376533e-01   2.8947103e-01   5.3171822e-01  -4.4596390e-03  -2.9090512e-03  -4.5092259e-03
  -2.4566625e-01   2.6266371e-01   5.4920505e-01  -4.7497729e-03  -3.2745473e-03  -4.4031123e-03
  -2.6314560e-01   2.8462222e-01   5.5227737e-01  -4.5040379e-03  -3.3505414e-03  -4.4747110e-03
  -2.6274233e-01   2.6534588e-01   5.4096859e-01  -4.7483327e-03  -3.6517879e-03  -4.2129717e-03
  -2.4601103e-01   2.9513704e-01   5.5309960e-01  -5.0281826e-03  -3.5981704e-03  -4.3103593e-03
  -2.0875547e-01   3.0248589e-01   5.3358840e-01  -4.8386838e-03  -3.1885281e-03  -4.4754905e-03
  -1.7538505e-01   2.8286704e-01   4.8923517e-01  -4.1696342e-03  -2.6613820e-03  -4.7209540e-03
  -1.9594260e-01   2.4593739e-01   5.3590687e-01  -4.7321073e-03  -2.9551106e-03  -4.7851176e-03
  -2.1202890e-01   2.9343031e-01   5.3018575e-01  -4.6480311e-03  -3.0452493e-03  -4.8481684e-03
  -2.3212586e-01   2.5981722e-01   5.5091085e-01  -4.4854168e-03  -3.0723294e-03  -4.5783508e-03
  -2.2280874e-01   2.6857631e-01   4.8932861e-01  -4.6911816e-03  -3.2045118e-03  -4.4047669e-03
  -2.3446166e-01   2.7446318e-01   4.8729843e-01  -4.1592046e-03  -3.5280964e-03  -4.2720444e-03
  -2.1207667e-01   3.0916743e-01   4.7943274e-01  -3.6465515e-03  -3.6684473e-03  -4.6442789e-03
  -2.5883745e-01   2.6493295e-01   5.0747314e-01  -4.3660010e-03  -4.0862578e-03  -5.0362046e-03
  -2.3571507e-01   2.9958747e-01   4.7045935e-01  -3.0105346e-03  -3.9709280e-03  -4.8481151e-03
  -2.5677228e-01   2.7093174e-01   4.8048458e-01  -3.9581067e-03  -4.1739606e-03  -5.2484557e-03
  -2.3509984e-01   3.3134077e-01   4.5208837e-01  -3.5036257e-03  -3.6494008e-03  -4.5457054e-03
  -2.6712390e-01   2.9054897e-01   4.8527354e-01  -4.4436039e-03  -4.1811389e-03  -5.2563504e-03
  -2.6200918e-01   3.0032044e-01   4.9657721e-01  -4.0980826e-03  -4.2455832e-03  -4.9393745e-03
  -2.6865010e-01   3.1802189e-01   4.8471843e-01  -4.4615170e-03  -4.7538334e-03  -5.0381378e-03
  -2.5880428e-01   3.0908058e-01   5.0408438e-01  -4.3188256e-03  -4.6005788e-03  -4.4143169e-03
  -2.7467497e-01   3.3575797e-01   5.1551353e-01  -4.5472433e-03  -4.5237689e-03  -5.2398075e-03
  -3.0372808e-01   3.1135770e-01   5.4506287e-01  -4.5959997e-03  -5.0821886e-03  -5.5903376e-03
  -2.7116470e-01   3.1523390e-01   4.8135779e-01  -3.4043800e-03  -4.0051995e-03  -5.1601554e-03
