   0.0000000e+00   0.0000000e+00  -1.4210855e-14   0.0000000e+00   0.0000000e+00   0.0000000e+00
   5.5095103e-02   6.7146424e-02   7.3400695e-02   6.9624936e-04  -1.5328680e-04   5.1474262e-04
   3.4189901e-02   5.4400027e-02   4.4784209e-02   9.5881816e-04   3.2848908e-04   9.2731446e-05
   1.5693739e-02   4.9151138e-02   8.1186309e-02   3.8030535e-04   6.0853675e-04  -2.9116268e-04
   4.7420623e-03   5.5981679e-02   5.3533955e-02   3.5283074e-04   1.2440119e-04  -5.9526183e-05
  -3.5001152e-02   7.3823386e-02   1.1519942e-02   6.9247810e-04   1.6828005e-04  -7.1699456e-04
  -5.0448565e-02   8.1160836e-02   1.8710231e-02   1.0176367e-03   1.1061772e-04  -9.3527676e-04
  -4.0597903e-02   8.3360657e-02   1.5698077e-02   9.9155867e-04   8.4183550e-05  -6.2349844e-04
  -3.8132923e-02   8.8684506e-02   6.9391713e-03   8.3798015e-04   6.5177630e-05  -5.9532317e-04
  -5.0034001e-02   7.8232134e-02   3.3622909e-02   7.6146341e-04   3.3911805e-04  -6.6475315e-04
  -3.8434574e-02   7.2819781e-02   4.0629168e-02   5.5091211e-04  -1.2246385e-04  -3.4248825e-04
  -5.1713917e-02   7.6081371e-02   5.1359040e-02   1.6348713e-04  -5.1519723e-04  -4.8895188e-04
  -6.1869230e-02   1.0513231e-01   5.8175466e-02  -2.2176641e-04  -9.5521409e-05  -7.8288947e-04
  -4.8690901e-02   7.4949649e-02   8.1905297e-02  -6.7540352e-04  -4.7220594e-04  -5.4827486e-04
  -6.0370603e-02   8.4929430e-02   1.0227570e-01  -1.2227254e-03   1.1331249e-05  -8.3357125e-04
  -5.9807224e-02   9.2877226e-02   6.1822208e-02  -7.2359717e-04  -2.8041356e-04  -7.7776855e-04
  -7.1393715e-02   8.6146775e-02   1.0391259e-01  -1.6463825e-03  -6.4854266e-06  -9.7913222e-04
  -5.8989322e-02   1.1969202e-01   8.9210163e-02  -2.0681855e-03   8.3751145e-04  -1.1592742e-03
  -7.2131542e-02   1.1322672e-01   9.0563206e-02  -1.0225618e-03   1.1589684e-04  -1.1366014e-03
  -6.8552814e-02   1.0698745e-01   7.3574747e-02  -6.7401102e-04   7.1393523e-05  -1.0550244e-03
  -7.6058210e-02   8.4977514e-02   1.1784111e-01  -1.0727707e-03   1.0221210e-05  -1.2084681e-03
  -7.0056485e-02   9.3815482e-02   1.1054789e-01  -1.0153758e-03  -3.2605033e-04  -7.5471629e-04
  -7.9282592e-02   8.9178230e-02   1.4803940e-01  -1.3847300e-03  -2.7602587e-04  -1.1617943e-03
  -7.6789905e-02   8.2510033e-02   1.6167544e-01  -3.3485148e-04  -3.8938671e-04  -1.0776197e-03
  -9.1076461e-02   1.0438318e-01   1.4493855e-01  -2.4452668e-03  -1.5001160e-04  -1.4087811e-03
  -9.6510072e-02   6.5885849e-02   1.7919410e-01  -1.0508705e-03  -2.7311469e-04  -1.4213516e-03
  -7.6039383e-02   1.1171593e-01   2.1590852e-01  -3.7189165e-03   2.2350144e-04  -1.3801924e-03
  -7.9462383e-02   1.2022135e-01   1.7652699e-01  -2.9887499e-03  -2.2229826e-04  -9.9155385e-04
  -1.0387040e-01   1.3193777e-01   1.5421960e-01  -2.7468599e-03  -5.2101086e-04  -1.6788892e-03
  -5.3799349e-02   1.2250445e-01   3.5653842e-01  -2.5719911e-03  -1.8481159e-04  -7.8020131e-04
   2.4120303e-02   2.9917719e-02   6.2128490e-01  -2.5999136e-03  -7.4621734e-05   2.8196848e-04
  -8.2069098e-02   9.6596325e-02   9.1860803e-02   6.5939854e-04   2.9835252e-04  -1.6115402e-03
  -8.8812020e-02   1.0193258e-01   3.1717719e-02   7.1320864e-04   6.3190085e-04  -1.8991339e-03
  -1.1141034e-01   1.3058491e-01   4.9758678e-02   1.5202875e-04   5.8621190e-04  -1.4730284e-03
  -1.0760562e-01   1.0804728e-01   1.1354371e-01  -1.4473642e-03   3.5005210e-04  -1.6337973e-03
  -9.1911957e-02   5.9810528e-02   9.5577089e-02   7.5325835e-05   5.8296431e-04  -1.7313225e-03
  -8.2850222e-02   8.7243998e-02   6.9459282e-03   9.2104379e-04   5.0209609e-05  -1.6670521e-03
  -7.9302603e-02   1.1218777e-01   6.7023980e-03  -4.9257298e-04  -8.5732159e-05  -1.2688605e-03
  -6.5230035e-02   8.7902619e-02   1.0541121e-01  -1.1870047e-03  -1.7515763e-04  -9.7728562e-04
  -5.1826330e-02   1.0543296e-01   5.3550530e-02  -8.3425325e-04  -2.5082265e-04  -7.7160901e-04
  -8.9518057e-02   1.4472947e-01   3.0299277e-02  -7.6324117e-04  -4.0049953e-04  -1.4500728e-03
  -9.4280160e-02   1.4227013e-01   9.5320099e-02  -1.6906072e-03  -3.0520237e-04  -1.0911772e-03
  -9.9280606e-02   1.4930308e-01   8.3500249e-02  -9.3999642e-04  -2.5136505e-04  -1.1402692e-03
  -1.0815972e-01   1.6603333e-01   7.2970204e-02  -4.7182866e-04  -2.2026787e-05  -1.3203721e-03
  -1.0979414e-01   1.7773403e-01   6.0632843e-02  -2.1533082e-04   1.2417877e-04  -1.4767619e-03
  -1.1970658e-01   1.5959560e-01   1.2363967e-01  -1.5879963e-03   3.0173333e-05  -1.2743706e-03
  -1.3329562e-01   1.3920383e-01   1.0398326e-01  -1.0372777e-03  -1.4097822e-04  -1.3861389e-03
  -1.4256156e-01   1.3430111e-01   1.8572809e-01  -2.6199737e-03   4.8156808e-04  -1.7367738e-03
  -1.1878495e-01   1.3674405e-01   1.9313411e-01  -3.5141745e-03   2.2674888e-04  -1.1187594e-03
  -1.1235557e-01   1.4394169e-01   1.9238301e-01  -3.2426289e-03   1.1995677e-04  -1.3439460e-03
  -1.3322402e-01   1.6730509e-01   1.4187121e-01  -1.7662174e-03  -8.1858881e-04  -1.2811264e-03
  -1.4818276e-01   1.5215900e-01   2.0109954e-01  -2.5208543e-03  -5.0192049e-04  -1.4352331e-03
  -1.4336136e-01   1.5336902e-01   1.8665654e-01  -1.4874014e-03  -5.8582906e-04  -1.5492565e-03
  -1.5464209e-01   1.3203587e-01   2.2867012e-01  -2.2888595e-03  -6.5659641e-04  -1.7137601e-03
  -1.6600282e-01   1.2662948e-01   2.7417796e-01  -3.1034303e-03  -2.5435053e-04  -1.9363711e-03
  -1.6620084e-01   1.5645594e-01   2.4374657e-01  -2.7831379e-03  -1.0564850e-03  -1.5054936e-03
  -1.7330788e-01   1.5037945e-01   2.9452475e-01  -3.9892406e-03  -7.1923244e-04  -1.6678685e-03
  -1.4007659e-01   1.6034163e-01   2.6160905e-01  -3.0007866e-03  -5.9519023e-04  -1.4170977e-03
  -1.3480500e-01   1.8151083e-01   2.1231243e-01  -1.8972384e-03  -3.2917340e-04  -1.3479164e-03
  -1.5375774e-01   2.0910125e-01   2.3164026e-01  -3.5471993e-03  -1.1184052e-03  -1.7868269e-03
  -1.7434073e-01   1.7643189e-01   2.2797644e-01  -2.5424766e-03  -1.0781853e-03  -1.6637724e-03
  -1.5878136e-01   1.6542297e-01   2.7101445e-01  -3.2497826e-03  -9.2697184e-04  -1.5563892e-03
  -1.6056809e-01   1.6224033e-01   2.4099653e-01  -2.0188511e-03  -9.8466229e-04  -1.8097516e-03
  -1.6543137e-01   1.6650662e-01   2.9094471e-01  -3.7026543e-03  -1.1984867e-03  -1.8831607e-03
  -1.6687685e-01   1.7407034e-01   2.7038009e-01  -2.4194672e-03  -1.1698140e-03  -2.0408522e-03
  -1.7265486e-01   1.6732816e-01   2.8044514e-01  -2.5346127e-03  -9.3250167e-04  -1.9953167e-03
  -1.9167679e-01   1.6717856e-01   2.7377905e-01  -2.2771146e-03  -7.7510584e-04  -2.2496812e-03
  -1.9649268e-01   1.7657640e-01   2.5125311e-01  -1.6823408e-03  -8.3007340e-04  -2.6777110e-03
  -1.8944472e-01   1.6378679e-01   2.7530829e-01  -2.7865511e-03  -7.8413013e-04  -2.2013836e-03
  -1.8192678e-01   1.6351454e-01   2.8878041e-01  -2.8640813e-03  -6.7774795e-04  -2.1033711e-03
  -1.9479451e-01   1.8722769e-01   2.7970571e-01  -3.2730964e-03  -6.0856845e-04  -2.2602575e-03
  -1.9085185e-01   1.7212277e-01   3.2303710e-01  -2.8093777e-03  -8.9560752e-04  -1.9406827e-03
  -1.7808359e-01   1.6663331e-01   3.1444197e-01  -2.6686255e-03  -9.8589416e-04  -1.8270256e-03
  -1.7098004e-01   2.0324851e-01   2.7811508e-01  -4.6017703e-03  -8.7808320e-04  -1.6001049e-03
  -1.3205446e-01   1.7997193e-01   4.1146545e-01  -6.0163893e-03  -6.5921820e-04  -1.5477438e-03
  -1.2890438e-01   2.0010214e-01   3.5065542e-01  -5.9457228e-03  -8.9315886e-04  -1.3693864e-03
  -1.2485034e-01   1.8634024e-01   4.2278215e-01  -7.1749484e-03  -5.4815260e-04  -1.5187765e-03
  -1.2079990e-01   2.1726219e-01   3.2685846e-01  -6.2028945e-03  -6.1777993e-04  -1.8717607e-03
  -9.6528896e-02   1.7461651e-01   3.6581734e-01  -5.2455800e-03  -2.5530388e-04  -1.3337660e-03
  -1.1543545e-01   1.7887172e-01   3.3940753e-01  -4.2609584e-03   1.6342242e-04  -1.7975940e-03
  -1.1575721e-01   1.8055696e-01   3.7331050e-01  -5.5496291e-03   3.8460241e-05  -1.7665518e-03
  -1.2612459e-01   1.8770879e-01   3.5142905e-01  -4.4974568e-03  -3.7689358e-05  -1.8801464e-03
  -1.4555575e-01   1.9784544e-01   3.7491150e-01  -4.8151324e-03  -1.2431797e-04  -2.1707938e-03
  -1.3907055e-01   1.5997843e-01   3.5657798e-01  -5.0018333e-03  -1.9770979e-04  -1.6093380e-03
  -1.3829214e-01   1.5816747e-01   4.1592963e-01  -5.3641616e-03  -3.1490607e-04  -1.5333567e-03
  -1.5949337e-01   1.7109987e-01   3.9595228e-01  -3.9954128e-03   1.0006300e-05  -1.9553962e-03
  -1.6395084e-01   1.8961561e-01   4.0025419e-01  -3.1822447e-03  -4.6836053e-04  -2.1656801e-03
  -1.4433971e-01   2.1120535e-01   3.8137552e-01  -3.6969414e-03  -2.8825002e-04  -1.8225850e-03
  -1.3035051e-01   2.0295552e-01   4.0680929e-01  -2.7800015e-03  -3.3324425e-04  -1.9256610e-03
  -1.0490206e-01   2.8753289e-01   2.6532126e-01  -2.5094826e-03   7.8566862e-05  -1.6184071e-03
  -1.0943402e-01   1.9925920e-01   2.9559472e-01  -1.3480917e-03  -6.5318764e-04  -1.4650263e-03
  -1.3529909e-01   1.9762421e-01   3.0506751e-01  -8.8887969e-04   6.6507060e-05  -2.0437916e-03
  -1.0312100e-01   2.3347134e-01   2.7678026e-01  -2.2456332e-03  -1.4923976e-04  -1.6781639e-03
  -1.3156305e-01   2.1366553e-01   2.7516884e-01  -2.3628505e-03  -1.0013530e-04  -2.3634587e-03
  -1.2807358e-01   2.1939507e-01   3.3953922e-01  -4.4201706e-03   4.3521581e-04  -2.3040804e-03
  -1.3250313e-01   2.4325358e-01   3.2291552e-01  -5.9456643e-03   4.5086276e-04  -2.6619352e-03
  -1.1133377e-01   1.4186673e-01   5.8585252e-01  -7.0023104e-03   2.4979329e-04  -1.7121257e-03
  -3.7378133e-02   1.3011831e-01   8.1983288e-01  -7.6442690e-03  -4.4733044e-04  -1.2214003e-03
  -1.3778768e-01   1.8614216e-01   5.6057493e-01  -6.7869536e-03   1.1839322e-03  -3.4497283e-03
  -1.0519166e-01   1.9861601e-01   4.7270307e-01  -6.7191819e-03   1.5582133e-03  -2.3102249e-03
  -1.0864797e-01   1.9117439e-01   4.1232763e-01  -4.9970164e-03   9.4575173e-04  -2.7862425e-03
  -1.1705584e-01   1.5673224e-01   5.4238969e-01  -7.4171324e-03   9.4596465e-04  -2.6742742e-03
  -1.0809172e-01   1.6324823e-01   4.8056154e-01  -6.7582954e-03   8.7666785e-04  -2.5648676e-03
  -1.0962663e-01   1.6111371e-01   5.5118196e-01  -7.4727580e-03   8.6799905e-04  -2.5544839e-03
  -1.0201128e-01   1.8187157e-01   5.2763672e-01  -7.8833615e-03   1.1565541e-03  -2.2232694e-03
  -9.6764999e-02   1.8581556e-01   4.9604790e-01  -5.9617092e-03   1.2202504e-03  -2.3259660e-03
  -8.2331109e-02   1.9304937e-01   4.7679650e-01  -7.2944965e-03   1.5626460e-03  -1.9015809e-03
  -7.2482455e-02   1.6957148e-01   5.1418675e-01  -7.2066530e-03   1.4953553e-03  -2.0395942e-03
  -7.6285683e-02   1.6050053e-01   5.2357050e-01  -6.3813821e-03   1.9055423e-03  -2.1505780e-03
  -7.4271087e-02   1.9680966e-01   4.8633652e-01  -6.3659518e-03   1.6355868e-03  -2.1078324e-03
  -5.8065100e-02   1.9619675e-01   5.0516538e-01  -5.7379490e-03   1.6897623e-03  -2.2762225e-03
  -4.3204607e-02   2.2850299e-01   4.7633061e-01  -5.8920258e-03   1.7490462e-03  -1.6188679e-03
  -6.3176301e-02   2.3228974e-01   4.7839222e-01  -7.0661886e-03   1.9742001e-03  -2.2550328e-03
  -6.7922560e-02   2.3211091e-01   4.5396423e-01  -7.4310780e-03   1.5100105e-03  -2.4261170e-03
  -4.3485560e-02   2.1677686e-01   4.8201082e-01  -7.3369584e-03   1.7910522e-03  -2.0831682e-03
  -2.3984359e-02   2.0342441e-01   5.0880762e-01  -7.1464365e-03   1.7255423e-03  -1.8029081e-03
  -3.5836079e-02   2.0011420e-01   5.1504409e-01  -8.9885079e-03   1.6854673e-03  -1.8238661e-03
  -1.4166976e-02   1.6104846e-01   5.7443922e-01  -9.3209289e-03   1.4340756e-03  -1.5661987e-03
  -1.4065325e-02   1.9809284e-01   5.3555970e-01  -1.0911079e-02   9.3059982e-04  -1.7184936e-03
  -4.2277673e-02   2.3057298e-01   4.9481594e-01  -1.0642878e-02   1.1260717e-03  -1.9333179e-03
  -7.1239352e-02   2.4398030e-01   4.4650322e-01  -9.6528164e-03   4.9406556e-04  -2.4327553e-03
  -6.3860562e-02   2.1103983e-01   5.3545910e-01  -1.1038575e-02   1.0829431e-03  -2.1222126e-03
  -5.5587865e-02   2.1566231e-01   4.2102787e-01  -9.2420303e-03   7.9302164e-04  -2.2102885e-03
  -7.3003219e-02   2.1378834e-01   4.7252222e-01  -8.8457595e-03   9.4213303e-04  -2.5086837e-03
  -7.1028281e-02   1.7431820e-01   4.5177240e-01  -6.9657158e-03   6.4025299e-04  -2.7405837e-03
  -9.7228877e-02   2.0820023e-01   4.8014109e-01  -8.1912125e-03   1.0534908e-03  -2.6734201e-03
  -1.1053732e-01   2.4343982e-01   4.2752287e-01  -8.4468316e-03   5.0071562e-04  -3.0660459e-03
  -1.2272657e-01   2.0636007e-01   5.6134493e-01  -1.0705265e-02   1.3209020e-03  -2.7600625e-03
  -5.5575917e-02   1.7908760e-01   6.0573244e-01  -1.0484845e-02   1.0654432e-03  -1.8258969e-03
  -1.0658854e-01   2.0816370e-01   5.0868691e-01  -9.9434915e-03   1.2827925e-03  -3.2146040e-03
  -7.9273840e-02   1.9469234e-01   5.7936295e-01  -6.9409155e-03   1.8220374e-03  -3.0538938e-03
  -5.4679672e-02   1.9159775e-01   5.6260314e-01  -8.2876101e-03   1.7334814e-03  -3.0812946e-03
  -7.2685929e-02   2.1274853e-01   5.3323585e-01  -9.9729791e-03   2.3923580e-03  -3.3902921e-03
  -7.7597538e-02   1.7105970e-01   6.1023875e-01  -9.0420994e-03   1.6161667e-03  -2.9161536e-03
  -9.0882610e-02   1.9151951e-01   5.6409035e-01  -9.9201990e-03   2.2816541e-03  -3.3347949e-03
  -1.0300978e-01   1.9376217e-01   6.1671402e-01  -1.0032417e-02   2.0326809e-03  -3.6573358e-03
  -7.9323628e-02   2.2258615e-01   5.6506403e-01  -1.1444884e-02   1.8846029e-03  -3.3377271e-03
  -4.6506598e-02   1.6919100e-01   7.5692115e-01  -1.1920541e-02   1.7919096e-03  -2.5217198e-03
  -7.7252717e-02   1.2014044e-01   5.9275637e-01  -1.0756330e-02   2.1466035e-03  -3.2449094e-03
  -9.9831223e-02   1.4115680e-01   8.0433372e-01  -1.4306506e-02   2.4287767e-03  -3.3003730e-03
  -1.0548269e-01   1.2889635e-01   7.4029077e-01  -2.8618698e-02   4.2431605e-04  -3.4751437e-03
  -7.0599815e-02   9.5423405e-02   6.6933515e-01  -2.6404857e-02  -1.8221924e-04  -2.5152246e-03
  -1.2582002e-01   5.2347886e-02   7.3143156e-01  -2.0703961e-02   3.4638468e-05  -3.6231239e-03
  -1.2485250e-01   1.0966333e-01   6.6350826e-01  -2.0487155e-02  -5.5196279e-05  -3.2646739e-03
  -1.4645630e-01   1.1646203e-01   6.9820873e-01  -1.9194795e-02   4.5211481e-04  -3.8605235e-03
  -1.3933758e-01   1.4420161e-01   6.4540017e-01  -1.9268689e-02  -3.2966610e-05  -3.8343546e-03
  -1.4722757e-01   1.2792623e-01   7.2107546e-01  -1.8879747e-02   5.1599737e-04  -3.9218814e-03
  -1.2450189e-01   1.6318633e-01   6.2574023e-01  -1.7585547e-02   8.1162038e-04  -4.1600454e-03
  -1.1808302e-01   1.8430935e-01   6.8112823e-01  -1.8150892e-02   1.6526605e-03  -4.1792992e-03
  -1.2925421e-01   1.9165501e-01   6.2016024e-01  -1.7763479e-02   1.4123252e-03  -4.0579164e-03
  -1.2073782e-01   2.0108075e-01   6.7301381e-01  -1.7873618e-02   1.3939539e-03  -3.8672536e-03
  -1.1366070e-01   2.0812018e-01   6.2007830e-01  -1.7240115e-02   1.1282661e-03  -3.7460764e-03
  -1.1285795e-01   2.1261397e-01   6.5297857e-01  -1.6806252e-02   1.3079757e-03  -3.6691388e-03
  -1.1316464e-01   2.0495804e-01   6.1935918e-01  -1.7150313e-02   1.3196536e-03  -3.9039643e-03
  -1.4026711e-01   1.9128182e-01   6.6179457e-01  -1.8122680e-02   1.3130505e-03  -4.2628661e-03
  -1.1853375e-01   2.0486124e-01   6.4438664e-01  -1.8011172e-02   1.3990365e-03  -4.0668816e-03
  -1.2969372e-01   1.7776635e-01   6.6322657e-01  -1.8515031e-02   1.1026605e-03  -4.0837604e-03
  -1.4086091e-01   1.9629987e-01   6.5425382e-01  -1.8772685e-02   6.4444324e-04  -3.9081836e-03
  -1.4810174e-01   1.8654415e-01   6.3256359e-01  -1.8437066e-02   8.9036141e-04  -4.1631119e-03
  -1.6298373e-01   1.8093808e-01   6.8134987e-01  -1.9692084e-02   9.2479283e-04  -4.4071158e-03
  -2.0432539e-01   1.7067243e-01   7.2123001e-01  -1.9606335e-02   1.1151183e-03  -4.6197444e-03
  -1.7621106e-01   1.8522698e-01   6.4878301e-01  -1.8242522e-02   7.2527538e-04  -4.5583048e-03
  -1.9921163e-01   1.8865340e-01   6.3316987e-01  -1.7399145e-02   5.2944976e-04  -5.1670737e-03
  -1.9185893e-01   1.9112351e-01   6.4021966e-01  -1.7487880e-02   7.1654824e-04  -4.7870376e-03
  -1.8790489e-01   2.0862525e-01   5.9631384e-01  -1.7168242e-02   6.5999118e-04  -4.6753780e-03
  -1.9905441e-01   2.2913926e-01   5.5462404e-01  -1.7155589e-02   1.3453864e-03  -5.0103006e-03
  -2.1258652e-01   2.2992822e-01   5.5862666e-01  -1.7076412e-02   1.3026330e-03  -5.3761461e-03
  -2.2890495e-01   1.9864978e-01   5.2624884e-01  -1.7054727e-02   5.0751955e-04  -5.5954476e-03
  -2.4522382e-01   1.6577114e-01   6.0168951e-01  -1.7619040e-02   4.1486739e-04  -5.8413355e-03
  -2.3695012e-01   1.8334462e-01   5.4997455e-01  -1.7187701e-02   5.3642150e-04  -6.0093809e-03
  -2.4174225e-01   1.7708959e-01   5.5911459e-01  -1.6762512e-02   5.9096370e-04  -6.0555262e-03
  -2.5325343e-01   1.8176981e-01   5.5269834e-01  -1.7496442e-02   2.4859177e-04  -6.1390519e-03
  -2.6732679e-01   1.4437678e-01   6.6911940e-01  -1.7279003e-02  -1.2622787e-04  -6.1001733e-03
  -2.7262304e-01   1.3456420e-01   7.6470372e-01  -1.7757845e-02   3.3412929e-04  -6.1405972e-03
  -2.4048942e-01   9.5169883e-02   9.0453965e-01  -2.1679631e-02  -1.4836327e-04  -5.4189340e-03
  -2.7465201e-01   1.2624466e-01   8.8568119e-01  -2.3253295e-02   2.9471541e-04  -5.7147081e-03
  -2.8640925e-01   1.7311700e-01   7.9804368e-01  -2.1718766e-02  -2.1379679e-04  -6.4145011e-03
  -2.6305739e-01   1.5371122e-01   8.5597814e-01  -2.1694177e-02   2.0557390e-04  -6.2653011e-03
  -2.8049770e-01   1.4934703e-01   7.8143155e-01  -2.0941032e-02   4.2449367e-04  -6.4316145e-03
