   0.0000000e+00  -1.1387852e-14   0.0000000e+00   0.0000000e+00   0.0000000e+00  -1.1404645e-17
   8.0187554e-03  -8.0111244e-02  -1.1699976e-01   4.3998591e-05  -4.1818162e-04   7.2686937e-05
   2.6336502e-02  -3.2210997e-02  -1.1279938e-01   2.0065024e-05  -7.2144915e-04   1.9397781e-04
   4.1818482e-02  -8.8431524e-02  -1.1872806e-01  -1.2261284e-05  -1.0877825e-03   1.6540525e-04
   7.7264974e-02   1.3765009e-02   1.8651900e-01  -1.9422744e-04  -2.2848685e-04   5.4118437e-04
   8.5146337e-02   2.2185987e-02   8.2545941e-02  -3.8524362e-04  -9.9057763e-04   5.1925790e-04
   1.0969287e-01  -3.8573005e-02  -1.7750957e-02   2.8975409e-04  -1.4970359e-03   6.4891925e-04
   1.0484879e-01  -2.7194027e-02  -7.8669254e-02  -5.6171637e-04  -1.6036508e-03   6.6073664e-04
   1.1841292e-01  -2.0977265e-02  -3.8761489e-02   5.2903012e-04  -9.7941299e-04   6.3679967e-04
   1.0024717e-01   3.7963214e-02  -5.0000343e-03  -2.2554663e-04  -1.0322987e-03   6.4285450e-04
   1.1214298e-01   1.6779882e-02  -6.7644706e-02   1.1538025e-03  -7.6141140e-04   4.2414217e-04
   1.1571005e-01  -4.7953380e-02  -2.9028867e-02  -1.5471692e-04  -1.3123530e-03   7.7498711e-04
   9.9561644e-02  -7.3502483e-02   4.9168701e-02  -1.6792929e-04  -4.0054846e-04   5.4091790e-04
   1.0468634e-01   1.0661989e-01   2.6691543e-01   9.0761729e-05  -1.4572028e-04   1.2990148e-03
   1.0094680e-01  -4.8544044e-02   9.7401276e-02  -6.5644546e-05  -1.1585386e-03   9.6275639e-04
   6.8788737e-02  -1.1596290e-02   2.4318461e-01  -8.7929973e-04  -3.7290233e-04   5.1435104e-04
   5.4082805e-02   3.5912038e-03  -1.5949576e-02   7.1354800e-04  -1.7487642e-03   3.2116714e-04
   4.2051827e-02  -6.0123753e-02   2.0817080e-01   2.5072760e-04  -1.1584361e-04  -1.2554454e-04
   6.0096906e-02  -5.2573947e-02   9.5239251e-02   8.2258659e-04  -1.1569721e-03   5.4399195e-04
   6.0255086e-02  -8.0415638e-02   1.1571010e-01   7.1825080e-04  -8.5139597e-04   3.0033820e-04
   2.8483243e-02  -1.0710134e-01   1.0564660e-02   1.3401877e-03  -1.7349329e-03   1.7129746e-04
   1.6492185e-02  -8.6494995e-02   1.5239150e-01   1.5955494e-03  -6.8481462e-04   1.9538580e-04
   2.3164220e-02   1.6318428e-02   1.3065471e-01   2.5030211e-03  -9.8318217e-04   3.4911406e-04
  -1.4604802e-02   3.6195235e-02   4.0369224e-02  -4.6250465e-05  -1.2044119e-03  -3.4122589e-04
   1.0209005e-02  -3.7836714e-02   3.4361272e-01   5.7340655e-04  -2.9850546e-04  -2.2312533e-04
  -7.5038510e-03  -8.0347218e-02   2.1061173e-01   9.4879309e-06  -3.9527921e-04  -4.3192564e-04
  -6.0281802e-02   2.4478326e-01   4.9388546e-01   5.2181532e-04   1.6711639e-03  -4.8793384e-04
  -6.0602593e-02   3.4860279e-02   2.7484511e-01   9.8918718e-04  -1.0330563e-04  -3.7693251e-04
  -3.8173830e-02  -7.3249141e-03   1.7092094e-01   1.1668967e-03  -4.9250033e-04  -1.6875265e-04
  -6.7935088e-02   1.1957227e-02   4.5543795e-02   2.4316707e-03  -4.4780949e-05  -5.1164897e-04
  -6.8932649e-02  -3.0901227e-02   6.3282139e-02   2.1917844e-04  -5.6981225e-04  -5.7058381e-04
  -1.2488929e-01   3.7858257e-02   2.4504066e-01   1.1417827e-04   1.4837290e-04  -1.2422456e-03
  -7.8420765e-02  -2.9116993e-02   3.8283793e-02   6.6268592e-04  -1.2349737e-03  -3.4903673e-04
  -8.8854156e-02   8.3256360e-02   4.1438956e-01   4.9438884e-04   8.5345891e-04  -1.4290962e-04
  -9.6274227e-02   1.6339162e-01   3.6827732e-01   5.8941365e-04   1.3416139e-03   3.0261050e-04
  -5.4573683e-02   1.4515197e-02   1.3755092e-01   1.4529134e-03  -5.4416004e-06  -1.2109515e-04
  -4.3993925e-02  -7.4505677e-03   5.6181500e-02   1.2938946e-03  -2.0177897e-04   4.5286911e-05
  -8.4245643e-02  -1.3179318e-02   2.1937813e-01   9.7358715e-04   9.0089482e-04  -6.9611188e-04
  -7.9228990e-02   5.1116997e-02   2.7531030e-01   1.5591007e-03   1.1200740e-03  -1.9260415e-04
  -5.9101189e-02  -3.2838104e-02  -2.0042573e-02   3.7595293e-03  -5.8880008e-04   3.8064982e-04
  -6.6829603e-02   2.1236901e-02   2.1809753e-01   2.4701844e-03   9.3811238e-04  -1.2314833e-04
  -6.6547427e-02   1.8252930e-02   1.7472299e-01   2.2249966e-03   7.3155291e-04   2.0264999e-04
  -5.8517130e-02   1.6794428e-02   7.2810797e-02   2.5168444e-03   9.0865357e-04   5.1854949e-06
  -4.0630902e-02  -8.1969727e-03   2.9443278e-02   2.7755050e-03   2.9237994e-04   2.6243571e-04
  -2.4333748e-02   2.2139758e-01   1.6425038e-01   4.3639976e-03   2.0251653e-03   6.6433145e-04
   4.2988811e-03   3.4759652e-02   1.0039843e-01   2.5277991e-03   1.0996989e-03   6.0348640e-04
   2.7335660e-02   6.9604205e-03   9.7103632e-03   3.0125769e-03   8.1033505e-04   9.4862249e-04
   2.3331885e-02  -2.0618419e-02  -1.3706433e-02   3.4987684e-03   6.0225852e-04   1.1514181e-03
   3.4806536e-02   4.5183608e-02   5.7421607e-02   3.3223678e-03   1.4442788e-03   1.4392589e-03
   4.5044376e-02   2.3498030e-02   2.0066853e-02   3.4430845e-03   1.3074314e-03   1.7076612e-03
   4.1059463e-02   9.2867533e-02   5.9665905e-02   3.2757121e-03   2.3862221e-03   1.2655660e-03
   3.5549651e-02   8.3094749e-02   3.0873335e-02   2.6219184e-03   9.8898840e-04   1.1316241e-03
   3.8441178e-02   8.0182391e-02   4.6638100e-02   3.6297156e-03   1.9129953e-03   1.2859279e-03
   6.1983615e-02   6.7812831e-02   8.3545672e-02   3.3598281e-03   1.4535179e-03   1.9253931e-03
   3.7191822e-02   5.1379692e-02   8.1241512e-03   3.8092548e-03   2.5690433e-03   1.2819297e-03
   2.2229018e-02   2.2858365e-01   1.5546956e-01   4.1737643e-03   3.3203628e-03   1.4090215e-03
   3.3682480e-02   6.5671485e-02  -9.5705458e-02   4.4054489e-03   1.7380181e-03   1.4529392e-03
   2.1433444e-02   7.0710592e-02  -7.3540407e-02   4.1140218e-03   2.0766702e-03   1.4126249e-03
   7.1777249e-03  -1.1673809e-02  -1.0797913e-01   3.6370067e-03   1.6648547e-03   1.1350895e-03
  -5.5927430e-02  -2.3522624e-02   6.9843129e-03   2.8829323e-03   2.1462318e-03  -1.6790532e-05
   2.8969229e-02  -1.6460505e-02  -8.3975492e-02   4.5621862e-03   1.6860841e-03   1.8173879e-03
  -3.1665680e-02   2.2715061e-01   3.0395677e-01   4.3116335e-03   3.0602755e-03   8.0307011e-04
  -1.2291423e-02   3.3633171e-01   3.5453630e-01   9.0890917e-04   2.6623248e-03   9.2105797e-04
   1.2811972e-02   1.0842681e-01  -1.6812922e-02   3.5342308e-03   1.4996103e-03   1.3704896e-03
   2.0838382e-02   8.7360330e-02  -1.8952850e-02   3.5807533e-03   2.0490938e-03   1.4306458e-03
   1.1835248e-02   4.3460382e-02  -6.6190104e-02   5.6796665e-03   1.8332937e-03   1.0763954e-03
   9.0501070e-03  -1.0597111e-02   9.3833324e-02   3.9966461e-03   2.1031905e-03   1.3929416e-03
  -1.0862825e-02   1.9961863e-02  -3.5024655e-02   4.4412687e-03   1.9621888e-03   1.1825239e-03
   5.2912920e-03   1.9362008e-01   2.7781526e-01   3.1992200e-03   3.3629538e-03   1.6876012e-03
   1.0392593e-02   5.4419561e-02  -1.6160791e-02   5.5062206e-03   2.0166156e-03   1.8784172e-03
  -2.6416121e-03   1.2184693e-01   1.5469964e-01   4.5359942e-03   3.7878824e-03   1.2416316e-03
  -1.5414079e-03   3.3327939e-01   3.4606388e-01   3.7733723e-03   3.6439441e-03   1.3910413e-03
   6.8661500e-02   8.4889772e-02   2.0326044e-02   4.0383863e-03   1.5261833e-03   2.5489765e-03
   4.3054278e-02   5.4215009e-02  -1.4913950e-02   4.6461610e-03   2.1612244e-03   2.5634189e-03
   3.8197369e-02   3.8751023e-02  -1.2760041e-01   5.4215692e-03   2.5755630e-03   2.6669309e-03
   5.6150016e-02   6.9869209e-02  -7.0638268e-02   4.9975827e-03   2.4679190e-03   2.8727094e-03
   4.5117255e-02   3.2120107e-03  -7.0248802e-02   4.3876409e-03   2.6889083e-03   2.7393089e-03
   5.2581622e-02   1.3881793e-01   1.4626526e-01   4.8383315e-03   3.0508648e-03   3.0006347e-03
   4.6488471e-02  -6.9242314e-06  -6.3135119e-02   5.6651044e-03   2.3558629e-03   3.0606542e-03
  -8.3206031e-04   3.4834242e-01   3.5333406e-01   4.4276035e-03   4.3244095e-03   2.5253674e-03
   6.6440503e-02   4.1534690e-01   4.0462596e-01   3.7125778e-03   3.8662512e-03   2.9052317e-03
   9.9450120e-02   1.4127302e-01   5.9761250e-02   3.8596060e-03   2.9732828e-03   2.9494677e-03
   6.8126094e-02   1.5777952e-01  -2.5503804e-02   3.8707677e-03   2.4461457e-03   3.3497690e-03
   7.1441547e-02   1.0361069e-01  -1.1070761e-02   4.3219714e-03   2.8890522e-03   3.1254983e-03
   5.0655001e-02   5.9017996e-02  -2.5759570e-02   4.0570128e-03   2.8045840e-03   3.4455292e-03
   4.5032692e-02   1.0771362e-01   8.8093395e-02   4.1529674e-03   3.4386667e-03   3.3108732e-03
   5.3617494e-02   1.0734739e-01  -4.6231878e-02   4.4627783e-03   3.1665899e-03   3.7527454e-03
   3.7155962e-02   7.9581529e-02   4.6572830e-02   3.6322227e-03   3.9872435e-03   3.6215460e-03
  -4.0835613e-02   2.2008886e-01   3.1844101e-01   2.7416682e-03   4.3655267e-03   2.3836683e-03
   3.2775497e-02   2.4342958e-01   1.8368333e-01   3.5997569e-03   4.2087603e-03   3.3996379e-03
   5.9340510e-02   1.4406481e-01   1.0682808e-01   3.1912832e-03   4.2298901e-03   3.4602424e-03
  -2.1906417e-02   3.9316045e-01   3.0048290e-01   2.2501420e-03   4.5827962e-03   2.6193879e-03
   5.8378062e-02   1.8463081e-01  -4.1518350e-02   4.4443735e-03   3.3830334e-03   2.8841391e-03
   6.2325363e-02   1.8445750e-01  -1.3663135e-01   4.9151561e-03   3.2072498e-03   2.8872107e-03
   5.4460299e-02   1.3843704e-01  -9.9286158e-02   4.3743292e-03   2.4895885e-03   3.3181470e-03
   1.0134296e-02   1.2835081e-01   2.0338738e-01   1.8604895e-03   3.5227341e-03   2.5979966e-03
   1.3837731e-02   2.6502637e-01   2.3428231e-01   2.6220438e-03   3.6249023e-03   2.9562673e-03
   2.7585987e-02   1.7073550e-01   1.0587097e-01   3.1753240e-03   3.1201411e-03   2.8378099e-03
  -4.9934070e-03   1.5186190e-01   1.6009201e-02   3.7722984e-03   2.7779864e-03   3.1848440e-03
  -3.0808816e-02   1.4120108e-01   1.2195507e-01   2.9676932e-03   3.1635289e-03   2.3207850e-03
  -9.0224452e-02   2.4151892e-01   6.8355033e-02   4.6021581e-03   2.6435103e-03   1.0734157e-03
  -2.4584515e-02   2.1653864e-01   1.0492207e-01   2.8602182e-03   1.8870037e-03   2.6474277e-03
  -2.9390065e-02   1.8663764e-01  -1.0093528e-02   1.6074256e-03   1.6490094e-03   2.0260345e-03
  -4.1724566e-02   1.9784572e-01   1.2595260e-01   1.7913355e-03   1.5958713e-03   1.9984534e-03
  -8.6318700e-02   1.9065329e-01   9.3307054e-02   1.8505678e-03   1.9208636e-03   1.4168532e-03
  -5.0029223e-02   2.1209355e-01   2.3821932e-01   1.9057723e-03   2.2150754e-03   2.0586995e-03
  -9.5483813e-02   2.5063393e-01   1.6345246e-01   3.5363528e-03   3.5649143e-03   1.3637595e-03
  -1.1414655e-01   1.7689414e-01  -3.0279606e-02   5.2533315e-03   3.0090065e-03   1.8457507e-03
  -2.6937118e-02   1.4677915e-01   1.2561690e-01   2.0122687e-03   2.7883079e-03   2.9620980e-03
  -6.2603324e-02   1.9666032e-01   2.0645876e-01   2.4564862e-03   2.8880498e-03   2.6354918e-03
  -7.8902220e-02   1.4681327e-01   1.6946752e-01   1.8231086e-03   2.2880847e-03   2.3006010e-03
  -6.0106116e-02   3.3386296e-01   4.4406447e-01   1.9864002e-03   4.0670933e-03   3.0091684e-03
  -5.3513817e-02   1.7636508e-01   2.9384142e-01   3.6939732e-03   3.2799872e-03   2.9646281e-03
  -6.2702796e-02   2.2636417e-01   3.9907092e-01   3.5027557e-03   3.8799305e-03   3.0194594e-03
  -8.0208990e-02   2.7420125e-01   5.2090054e-01   1.3290192e-03   3.9216147e-03   2.7579730e-03
  -5.9602500e-02   1.8970075e-01   3.1790221e-01   2.3497760e-03   3.4515492e-03   2.9513236e-03
  -4.8106536e-02   1.2885191e-01   3.0578274e-01   2.6232011e-03   2.9529757e-03   3.4618111e-03
  -5.2222335e-02   1.2528827e-01   3.2409716e-01   3.4008689e-03   3.3093310e-03   3.4792621e-03
  -1.0344808e-01   2.0984592e-01   4.3371876e-01   9.2643692e-04   3.7280415e-03   2.7363976e-03
  -4.4725022e-02   1.2865123e-01   2.9061885e-01   2.3133407e-03   3.3405572e-03   3.4138049e-03
  -7.1221850e-02   1.9541682e-01   4.2287497e-01   1.4963647e-03   3.9471831e-03   3.3248133e-03
  -2.1320564e-02   3.0734914e-01   3.5090215e-01   4.4890791e-03   3.8887102e-03   3.3688726e-03
  -2.9163907e-02   3.8330317e-01   4.7086163e-01   2.9245620e-03   4.7424010e-03   3.4344861e-03
   1.0094351e-02   3.0111106e-01   2.8644328e-01   4.1219522e-03   3.8660194e-03   4.3525397e-03
   6.9143202e-03   2.0122706e-01   2.9017544e-01   3.3601585e-03   3.2741830e-03   4.0609401e-03
  -1.6909046e-02   2.2456824e-01   9.4979031e-02   3.7908611e-03   3.1524065e-03   4.1961657e-03
  -1.5040911e-02   1.5222510e-01   2.6642175e-01   3.7229889e-03   3.3138993e-03   4.0684266e-03
   7.4610131e-03   1.0794902e-01   1.5756166e-01   3.9615581e-03   2.6419376e-03   4.6625658e-03
  -3.8387615e-02   1.5737719e-01   4.3762885e-01   2.3831376e-03   3.2371147e-03   3.7598479e-03
  -4.1276269e-02   5.8033439e-01   6.7693839e-01   1.5487565e-03   3.9892315e-03   3.9292550e-03
   4.3613405e-02   5.2014093e-01   5.4057365e-01   2.8619448e-03   3.4885374e-03   5.0997929e-03
   6.4628060e-02   4.6395805e-01   5.4124594e-01   2.6386163e-03   4.1277175e-03   5.7048569e-03
   6.9834332e-02   4.6160298e-01   5.2811299e-01   3.1088339e-03   3.8715777e-03   5.8118283e-03
   8.3275127e-02   4.9366875e-01   5.9660807e-01   2.8627867e-03   3.2076370e-03   5.8027331e-03
   1.5940479e-01   2.3666971e-01   3.9807835e-01   2.6770568e-03   2.0122367e-03   6.2458111e-03
   1.2219392e-01   1.1259730e-01   2.0583022e-01   3.9786249e-03   2.1074874e-03   5.6595008e-03
   1.0937411e-01   9.6685433e-02   3.2200041e-01   2.4313288e-03   2.1820033e-03   6.0029222e-03
   7.3879394e-02   3.0868704e-01   4.3697432e-01   3.0730273e-03   2.8348540e-03   6.0183407e-03
   7.4383654e-02   3.5166751e-01   3.4021149e-01   2.5858606e-03   2.6980208e-03   5.6467801e-03
   1.0469255e-01   3.4534068e-01   1.1569213e-01   3.7685504e-03   2.9976594e-03   6.0433628e-03
   1.2110235e-01   2.9916803e-01   1.6425626e-01   3.2741201e-03   2.3416478e-03   5.9967057e-03
   8.5280521e-02   1.8446739e-01   1.0552064e-01   3.6967401e-03   1.4507318e-03   5.5063275e-03
   9.8810559e-02   2.4726471e-01   1.9955699e-01   3.8031389e-03   1.7639789e-03   5.6191649e-03
   5.1870506e-02   2.0276052e-01   3.4883135e-01   1.9900604e-03   1.9968372e-03   4.6576961e-03
   6.2496479e-02   3.2229919e-01   3.3191833e-01   9.4492438e-04   1.8099800e-03   5.3232372e-03
   6.7794635e-02   1.9632755e-01   2.2288006e-01   2.4167472e-03   2.0581775e-03   5.0891955e-03
   9.9430505e-02   3.7105883e-01   4.7764078e-01   1.9067140e-03   2.2997422e-03   5.6980080e-03
   1.2746531e-01   4.2857737e-01   2.8443907e-01   2.4896963e-03   2.4093676e-03   6.4727699e-03
   1.5112258e-01   3.2181806e-01   3.4343317e-01   2.9650934e-03   2.2402252e-03   6.6728566e-03
   1.8361410e-01   2.8518953e-01   2.9457554e-01   2.0726185e-03   1.7588181e-03   7.1468796e-03
   1.7338582e-01   2.6808247e-01   3.4759341e-01   2.2796141e-03   1.9113726e-03   6.8292744e-03
   1.4283596e-01   3.9964122e-01   3.6447464e-01   2.1600218e-03   2.3907577e-03   6.3546490e-03
   1.6301174e-01   3.4091367e-01   2.3677524e-01   2.4562056e-03   1.9637238e-03   6.6316654e-03
   2.0742765e-01   3.8949729e-01   5.7875196e-01   1.0630377e-03   1.7721294e-03   7.1565221e-03
   2.0206941e-01   4.0932186e-01   5.1850559e-01   1.0975336e-03   2.0702696e-03   7.0205331e-03
   2.1667016e-01   2.9076324e-01   4.1140710e-01   1.7918480e-03   1.5189517e-03   7.4838053e-03
   2.2321622e-01   2.4836591e-01   3.9297103e-01   1.1574289e-03   1.8452722e-03   7.6609118e-03
   2.4648114e-01   4.1266190e-01   4.7673479e-01   1.2306715e-03   2.4046455e-03   8.5818361e-03
   2.1358830e-01   2.9452758e-01   3.4502726e-01   1.0777823e-03   2.0556539e-03   8.0624780e-03
   1.2696510e-01   3.8503120e-01   4.2371536e-01   9.3274510e-04   1.8156914e-03   7.3271404e-03
   1.5350512e-01   3.2034752e-01   3.3949196e-01   1.6062225e-03   2.1127027e-03   7.7558133e-03
   1.4993303e-01   4.3085972e-01   3.7213863e-01   1.8867448e-03   1.6342412e-03   7.5157983e-03
   1.8409757e-01   4.4977793e-01   2.1698558e-01   2.7249133e-03   2.3067210e-03   8.3477879e-03
   2.1356366e-01   3.0585496e-01   2.5128448e-01   2.2781205e-03   1.7572832e-03   8.2883103e-03
   2.1433744e-01   3.2101480e-01   1.7256806e-01   3.0146031e-03   1.6789003e-03   8.9697857e-03
   2.0590058e-01   2.9801438e-01   1.2758108e-01   1.8687167e-03   1.7211495e-03   8.5203699e-03
   2.1345458e-01   3.6985220e-01   5.5428010e-01   2.3060572e-03   2.0365972e-03   8.5878602e-03
   1.5886615e-01   4.9200845e-01   6.3457295e-01   1.4693535e-03   2.6760812e-03   8.1995202e-03
   1.2983039e-01   4.5324170e-01   4.8212479e-01   1.6998000e-03   2.6909315e-03   7.8608050e-03
   1.5263588e-01   4.9906621e-01   4.1595387e-01   1.9307186e-03   2.6494484e-03   8.3685119e-03
   1.7010371e-01   4.7887954e-01   4.5156646e-01   1.2286260e-03   2.2942930e-03   8.2871940e-03
   1.5168772e-01   4.2365761e-01   3.5539761e-01   2.0294466e-03   2.3384413e-03   8.3131523e-03
   1.8620233e-01   3.8201698e-01   2.2895107e-01   1.4966981e-03   1.7681095e-03   8.9872684e-03
   7.4988990e-02   3.0392743e-01   3.4278432e-01   2.3285444e-03   7.1234145e-04   7.0101540e-03
   1.3020296e-01   3.5712393e-01   1.7943950e-01   2.4379425e-03   1.4296043e-03   8.2650165e-03
   1.3481398e-01   2.2188037e-01   3.5564947e-01   1.4647031e-03   1.1289113e-03   8.1221853e-03
   1.1584593e-01   4.7036315e-01   5.6754265e-01   1.4192489e-03   2.0477285e-03   7.6680646e-03
   1.4725579e-01   4.6579761e-01   3.8007543e-01   2.7952219e-03   1.4530446e-03   8.4997216e-03
   1.3929869e-01   3.0917754e-01   3.2533290e-01   2.6892724e-03   9.9914088e-04   8.2122219e-03
