   0.0000000e+00   0.0000000e+00   0.0000000e+00   0.0000000e+00   0.0000000e+00   0.0000000e+00
   5.4779836e-03   1.3093392e-02  -2.2241126e-02  -2.3733439e-04   2.6241908e-05   8.7338717e-05
   9.8535865e-03  -5.7246316e-03  -4.6948281e-02  -1.1946209e-04  -2.0408235e-04   2.3037378e-04
   7.0761825e-03   1.0650391e-02  -1.8289772e-02  -3.6187389e-04  -2.0580675e-04   3.5238520e-04
  -7.3474694e-03   3.9707991e-02  -5.9590331e-02   9.5503950e-05  -3.2543782e-04   2.6276490e-05
  -1.3255424e-02   4.8463938e-02  -4.1644075e-02   4.1432570e-05  -8.2860838e-05   3.4493485e-05
  -1.6857622e-02   5.5213838e-02  -6.4266762e-02   1.2705598e-04  -2.7232188e-04   4.3457945e-05
  -1.7652188e-02   5.4690151e-02  -4.9861427e-02   1.8257161e-04  -2.0554827e-04   2.7472511e-05
  -1.7413712e-02   4.7545184e-02  -6.4476068e-02   2.5048528e-04  -4.4203859e-04  -1.7450035e-04
  -1.3472882e-02   3.0658540e-02  -2.5203146e-02  -2.5454023e-04  -4.2079044e-04  -1.7619360e-05
  -2.4359286e-02   3.2047080e-02  -1.2320047e-02  -4.0739580e-04  -7.8249518e-05  -4.1001947e-04
  -6.5314626e-02   2.3886197e-02   9.3965912e-02   3.6449362e-04  -1.5464115e-04  -2.8838956e-04
  -8.5273074e-02   3.9706673e-02   1.0640395e-01  -2.4920813e-04  -5.0283239e-04  -4.4871785e-04
  -1.1398226e-01   6.3005521e-02  -6.5465739e-03  -8.4167109e-04  -1.0265368e-03  -2.0762786e-03
  -1.1750330e-01   4.4715465e-02  -1.2287316e-02  -6.4903949e-04  -1.4125579e-03  -1.9314348e-03
  -1.2611102e-01   2.8333071e-02   8.9788407e-03  -5.8634266e-04  -1.5680224e-03  -2.3621703e-03
  -1.1578219e-01   8.2200007e-03   1.4347849e-02  -7.4100713e-05  -1.8377664e-03  -2.1576549e-03
  -1.2595657e-01   7.3100364e-03   4.0467192e-02  -1.9838860e-04  -1.8208220e-03  -2.4808552e-03
  -1.1539002e-01   2.1583011e-02   5.2372325e-02  -7.0770407e-04  -2.0265780e-03  -2.1740313e-03
  -1.3036835e-01   8.1447907e-02   9.5311368e-02  -5.2937829e-04  -2.1727083e-03  -2.3756732e-03
  -1.0718954e-01   2.4368434e-02  -3.3690709e-02   9.1930869e-04  -2.4669972e-03  -1.9577466e-03
  -1.2137289e-01   5.9408005e-02   5.4885318e-02  -1.1210335e-03  -2.5273032e-03  -2.0943548e-03
  -1.3925312e-01   6.1126103e-02  -1.5510225e-02   3.3362909e-04  -2.4346481e-03  -2.3404069e-03
  -1.2058839e-01   6.5282289e-02   1.3171757e-01  -4.3368396e-03  -3.3396158e-03  -2.1285545e-03
  -1.4487073e-01   9.4606054e-02   2.4558911e-01  -7.1773494e-03  -2.8819814e-03  -1.4621200e-03
  -1.4736339e-01   3.4539824e-03   1.3044383e-01  -3.5101418e-03  -2.1369715e-03  -1.6535987e-03
  -1.3698949e-01   1.0807193e-02   1.3747574e-01  -4.2339489e-03  -2.5578024e-03  -1.5850712e-03
  -1.2605039e-01   7.2130740e-03   1.4510086e-01  -3.5512313e-03  -2.4092574e-03  -1.5649835e-03
  -1.3921921e-01  -1.1309206e-02   1.6124625e-01  -4.1133510e-03  -2.4504868e-03  -1.7276221e-03
  -1.2494683e-01   6.1984879e-04   1.5205461e-01  -3.6476060e-03  -2.5476184e-03  -1.4133327e-03
  -1.4634415e-01   5.9969731e-02   4.1771307e-02  -1.3729056e-03  -2.7429427e-03  -1.9396127e-03
  -1.5743472e-01   3.7498763e-02   7.0884427e-02  -1.3985801e-03  -2.9156924e-03  -2.0289407e-03
  -1.4540363e-01   7.9261787e-03   6.5891859e-02  -1.8461949e-03  -2.9197205e-03  -1.6924562e-03
  -1.4363099e-01   1.4863553e-02   1.2129433e-01  -1.1332606e-03  -2.8328922e-03  -1.8645802e-03
  -1.4311073e-01   3.5725575e-03   1.1361864e-01  -2.4874264e-03  -2.9767283e-03  -1.6953051e-03
  -1.5490206e-01   1.2298047e-01   2.8457410e-01  -2.8990512e-03  -1.8977799e-03  -1.8998000e-03
  -1.6507806e-01   8.2216086e-02   2.4465880e-01  -3.2141993e-03  -1.7347122e-03  -1.7979338e-03
  -1.7973979e-01   8.6800554e-02  -7.5094073e-02   1.2073905e-03  -2.2334607e-03  -1.9675365e-03
  -1.6751993e-01   6.9121448e-02   1.4107343e-01  -3.5787345e-03  -2.8936705e-03  -1.7380736e-03
  -1.5629633e-01   1.2194224e-01   6.3637623e-02  -7.7607206e-04  -2.7805559e-03  -2.5097337e-03
  -2.2584994e-01  -3.3502344e-01   1.4084431e-01  -1.5617597e-02  -3.7233120e-03  -1.2808406e-03
  -1.6238197e-01  -2.5493838e-01   4.7012374e-01  -2.3961407e-02  -4.1692074e-03   7.5766292e-05
  -1.1660373e-01  -2.5925783e-02   4.5040021e-01  -1.5664193e-02  -4.2052006e-03   3.4242991e-04
  -1.2308224e-01  -8.4341856e-02   3.5102003e-01  -1.7426468e-02  -3.7669438e-03   8.0924098e-04
  -1.0355243e-01  -2.2914594e-02   3.7120736e-01  -1.5652920e-02  -3.8298694e-03   9.7345762e-04
  -1.0450840e-01  -4.0822943e-02   3.1434454e-01  -1.6094995e-02  -3.7437615e-03   1.1165225e-03
  -9.1859254e-02  -4.1993755e-02   3.1580342e-01  -1.4813069e-02  -3.6719385e-03   1.3190298e-03
  -8.6696129e-02  -5.3181573e-02   3.0390601e-01  -1.5277407e-02  -3.7026353e-03   1.4001671e-03
  -9.1375925e-02  -6.5381143e-02   3.4577628e-01  -1.5022195e-02  -3.7021529e-03   1.1522001e-03
  -8.7889067e-02  -3.9468792e-02   4.3188734e-01  -1.6841809e-02  -3.6036658e-03   9.0858304e-04
  -1.1403103e-01  -2.3524544e-03   4.0277420e-01  -1.6543241e-02  -3.5752633e-03   8.3780396e-04
  -1.1012593e-01  -2.8339429e-02   3.0583915e-01  -1.5385983e-02  -3.4768009e-03   1.0471299e-03
  -1.0238458e-01   8.1957355e-03   3.5709797e-01  -1.5433990e-02  -3.3903293e-03   1.0758748e-03
  -9.7625334e-02  -9.2028611e-03   3.2163852e-01  -1.5053263e-02  -3.4678898e-03   9.4904269e-04
  -9.3664002e-02  -2.3044439e-02   3.9634444e-01  -1.5573092e-02  -3.4592943e-03   1.0623564e-03
  -8.6162327e-02  -3.9970421e-02   3.7305472e-01  -1.5918562e-02  -3.4534353e-03   1.1934775e-03
  -8.1101637e-02  -1.1769277e-02   4.2954929e-01  -1.6184450e-02  -3.4588175e-03   1.1305767e-03
  -8.3805392e-02  -1.3687347e-02   3.7009490e-01  -1.5793542e-02  -3.6073629e-03   1.1510266e-03
  -9.1661875e-02  -2.1298166e-02   4.2756601e-01  -1.5746225e-02  -3.6361431e-03   9.9957456e-04
  -9.9235924e-02  -1.1312061e-02   3.8664853e-01  -1.5636918e-02  -3.5535891e-03   1.0441108e-03
  -8.2609979e-02  -1.2794040e-02   3.8110458e-01  -1.4202112e-02  -3.6388189e-03   1.0767832e-03
  -8.7842878e-02  -2.0315326e-02   3.4648452e-01  -1.4690317e-02  -3.8865028e-03   9.9054720e-04
  -7.6045883e-02  -2.6047228e-02   4.5442650e-01  -1.4201786e-02  -3.8444142e-03   8.0493457e-04
  -8.4267154e-02  -6.2024420e-03   4.0404226e-01  -1.4394001e-02  -3.5500220e-03   6.7656522e-04
  -5.8255288e-02   7.9008021e-02   8.1190813e-01  -1.6198027e-02  -2.9005024e-03   1.4719195e-03
  -5.3580919e-02   2.8066669e-02   9.0785081e-01  -1.4264153e-02  -2.5000386e-03   1.5641999e-03
  -6.9694587e-02   3.1823654e-02   6.2563980e-01  -1.2503374e-02  -2.8452855e-03   9.1122004e-04
  -6.4724586e-02   6.7066940e-03   5.8950288e-01  -1.2553558e-02  -2.5008842e-03   8.4079569e-04
  -5.9934970e-02   1.1044675e-02   6.1285020e-01  -1.2662056e-02  -2.6644179e-03   8.2765785e-04
  -5.2745007e-02  -2.6480369e-02   6.7353107e-01  -1.4664696e-02  -2.5713391e-03   1.0369989e-03
  -8.4590737e-02   1.7161601e-01   6.7256005e-01  -1.2946834e-02  -3.4900247e-03   1.0197915e-03
  -1.4017503e-01   1.0515251e-01  -2.1424689e-02  -2.7637655e-03  -3.1788623e-03  -5.4861080e-04
  -1.6745243e-01   1.5423751e-01  -3.0678340e-02  -9.6049000e-04  -2.8349276e-03  -9.5167050e-04
  -1.8048507e-01   1.3570295e-01   2.9238613e-03  -1.0050480e-03  -2.6654141e-03  -5.5060307e-04
  -1.8390657e-01   1.4582448e-01   5.1090284e-02  -1.7157978e-03  -2.8374663e-03  -7.5892795e-04
  -1.6810654e-01   7.4049615e-02   1.1808773e-01  -3.4066069e-03  -2.6838483e-03  -1.7579598e-04
  -1.3922227e-01   1.0302818e-01   2.9606390e-01  -5.7519318e-03  -2.2431919e-03  -1.7897891e-04
  -1.0762834e-01   1.3667126e-01   5.4391847e-01  -6.2640083e-03  -3.1088075e-03  -6.7131602e-04
  -1.4198342e-01   1.5867580e-01   1.5718662e-01  -4.3328415e-03  -2.7228187e-03  -9.0851458e-04
  -1.5868080e-01   1.5140881e-01   2.2453470e-01  -5.2712128e-03  -2.2263322e-03  -5.3110801e-04
  -1.3104072e-01   1.1276722e-01   2.0519543e-01  -4.8112117e-03  -3.1697899e-03  -1.4140927e-03
  -1.3782327e-01   1.4037900e-01   1.5998430e-01  -5.1629481e-03  -3.6689944e-03  -1.5646761e-03
  -1.3494918e-01   1.3487228e-01   4.4857423e-01  -6.4752990e-03  -2.7024436e-03  -9.2972229e-04
  -8.9681459e-02   1.9118664e-01   5.8826571e-01  -4.4996476e-03  -1.8200576e-03   1.3866751e-05
  -1.0782528e-01   1.9243292e-01   5.7198467e-01  -4.6431780e-03  -1.5589981e-03  -5.9808539e-05
  -8.2950667e-02   1.8321900e-01   5.8612922e-01  -3.7350820e-03  -1.9657573e-03  -5.8827901e-04
  -7.1811731e-02   1.9892047e-01   5.2186743e-01  -3.2221017e-03  -2.3041068e-03  -4.0235518e-04
  -6.4220990e-02   1.6351434e-01   5.1174067e-01  -3.8791613e-03  -2.5648123e-03   4.2193475e-05
  -7.7138245e-02   1.5776822e-01   6.8120651e-01  -5.7488502e-03  -1.9883081e-03  -1.2723425e-05
  -7.8915593e-02   1.8683270e-01   6.4802389e-01  -4.8869464e-03  -2.0233096e-03  -9.2892455e-05
  -8.0951310e-02   2.0750515e-01   6.8730373e-01  -5.2044322e-03  -1.8663934e-03  -3.4003279e-05
  -8.6565939e-02   1.8534183e-01   6.7197900e-01  -4.5858467e-03  -1.9375544e-03   8.4948417e-05
  -9.0468822e-02   2.2825075e-01   5.4331683e-01  -4.4996473e-03  -1.6818032e-03   4.7619127e-04
  -1.0849733e-01   2.1914532e-01   5.2086652e-01  -3.9773729e-03  -1.7753119e-03   1.9073330e-04
  -1.1935575e-01   2.1283513e-01   6.0905195e-01  -4.6238323e-03  -1.5168789e-03   2.2606714e-04
  -1.1764496e-01   2.1060718e-01   5.3654053e-01  -3.5527251e-03  -1.8525524e-03   3.6485453e-04
  -1.1767118e-01   1.8555822e-01   5.8119844e-01  -3.9706548e-03  -1.5851736e-03   1.2750101e-04
  -1.0662893e-01   2.1034195e-01   5.1732596e-01  -3.0214058e-03  -1.8151784e-03   5.4247933e-04
  -8.1526626e-02   1.7083496e-01   5.9796608e-01  -3.8177854e-03  -1.7404932e-03   3.3201812e-04
  -1.1947175e-01   2.4303878e-01   6.1231482e-01  -3.7644329e-03  -1.6783815e-03  -1.5795936e-04
  -1.5319279e-01   2.9086350e-01   4.2066802e-01  -1.6360837e-03  -1.3555080e-03  -5.1559967e-04
  -1.3369103e-01   2.7124522e-01   3.9919024e-01  -1.3793328e-03  -1.1235755e-03  -1.5163196e-04
  -1.3515189e-01   2.5426577e-01   4.8152258e-01  -1.5628389e-03  -1.2660775e-03  -2.0086937e-04
  -1.2382334e-01   2.1135879e-01   4.4154470e-01  -2.0679530e-03  -1.4066386e-03  -4.6781290e-05
  -1.1576452e-01   1.8745843e-01   5.6671386e-01  -2.9638170e-03  -1.1095909e-03  -2.6310267e-04
  -8.3765337e-02   2.3069343e-01   3.9653165e-01  -1.7768562e-03  -2.0684319e-03   7.1208205e-04
  -4.4515429e-02   1.9654289e-01   4.6996512e-01  -2.3277165e-03  -3.6936633e-03   5.7724348e-04
  -8.5366349e-02   2.3421241e-01   5.9775804e-01  -4.0583425e-03  -2.2344993e-03   4.7228706e-04
  -5.7864622e-02   3.6459295e-01   8.5079000e-01  -4.4855646e-03  -1.8399692e-03  -9.9430638e-06
  -5.7341329e-02   2.8657349e-01   2.8227606e-01  -2.5546625e-03  -2.5753806e-03   9.1574964e-05
  -8.2712033e-02   3.1543049e-01   2.1475532e-01  -1.6124175e-03  -2.8632901e-03   5.6106360e-04
  -9.6391479e-02   2.8043846e-01   3.9380819e-01  -2.3258206e-03  -2.5145332e-03   3.4277450e-04
  -8.8356215e-02   2.7152936e-01   3.7578490e-01  -2.3388014e-03  -2.8628293e-03   5.3685145e-04
  -9.3620070e-02   2.1444977e-01   4.3323811e-01  -2.3812581e-03  -2.4279554e-03   3.1853424e-04
  -9.4110804e-02   2.6512238e-01   4.2356508e-01  -3.1337061e-03  -2.0791494e-03   6.5416530e-04
  -1.1352412e-01   2.7440633e-01   6.5675562e-01  -4.8431478e-03  -2.0518131e-03   2.9255868e-04
  -1.3430696e-01   2.4340416e-01   4.1486321e-01  -3.7034950e-03  -2.5570751e-03   1.2473100e-05
  -1.1985795e-01   2.2491213e-01   4.1485469e-01  -4.1835029e-03  -2.2326956e-03   5.1664885e-04
  -1.0514347e-01   2.3550748e-01   5.5994548e-01  -6.0812704e-03  -2.1922180e-03   1.1076133e-03
  -1.0382086e-01   2.5971478e-01   4.9878615e-01  -4.8911672e-03  -2.7314720e-03   5.8750082e-04
  -1.1109743e-01   2.3057366e-01   4.8821323e-01  -4.7296987e-03  -2.5826530e-03   6.1913660e-04
  -7.6087564e-02   2.3279047e-01   5.0963068e-01  -4.3305886e-03  -2.9860356e-03   6.6429974e-04
  -5.6583285e-02   2.6486296e-01   4.8270655e-01  -4.1843904e-03  -3.1152412e-03   7.7849641e-04
  -5.7589778e-02   2.9655777e-01   6.7777943e-01  -4.8087270e-03  -2.8319847e-03   7.2638678e-04
  -7.2122834e-02   3.1819813e-01   5.6896453e-01  -4.7184430e-03  -3.6463681e-03   5.6476913e-04
  -7.3909832e-02   3.0323859e-01   4.1472107e-01  -2.8058100e-03  -3.6451004e-03   7.4299141e-04
  -6.6334508e-02   2.7639421e-01   5.1936551e-01  -2.7929750e-03  -4.4326927e-03   6.5220244e-04
  -5.7267064e-02   2.7213218e-01   4.3761021e-01  -2.4265491e-03  -4.2734494e-03   7.0511126e-04
  -5.6974326e-02   2.5322659e-01   5.7769984e-01  -3.7746042e-03  -4.1134121e-03   8.5158049e-04
  -2.7912209e-02   2.7940452e-01   3.9855999e-01  -2.4791001e-03  -4.1859743e-03   8.1686537e-04
  -1.0717343e-02   2.8210240e-01   4.9777565e-01  -3.0046897e-03  -4.1007428e-03   9.7840533e-04
  -3.4983396e-02   3.0633234e-01   5.7055552e-01  -3.3504309e-03  -3.4947933e-03   6.7115219e-04
  -4.3133569e-02   3.0064480e-01   5.8592303e-01  -3.4928369e-03  -3.7367349e-03   7.9525752e-04
  -5.5384452e-02   2.8189186e-01   5.4472691e-01  -1.8581746e-03  -3.2021527e-03   6.8236515e-04
  -1.0864357e-02   3.0198508e-01   3.8989003e-01  -1.7092159e-03  -4.2685555e-03   9.7897272e-04
  -1.8212917e-02   3.2728175e-01   3.9698935e-01  -1.8295682e-03  -4.0348928e-03   1.2284746e-03
   8.1970766e-04   3.4555462e-01   5.8102326e-01  -2.4062910e-03  -3.6263170e-03   1.1954445e-03
  -1.8671777e-02   3.1672807e-01   4.7184117e-01  -1.2857986e-03  -3.9643239e-03   1.1307219e-03
  -4.5705476e-03   3.2025182e-01   4.8953530e-01  -6.4184289e-04  -3.9171107e-03   1.5376464e-03
  -2.8665400e-02   3.4580758e-01   4.5116382e-01  -1.0061483e-03  -3.9508988e-03   1.0612374e-03
  -1.4926699e-02   3.4657144e-01   8.5139461e-01  -5.0738748e-03  -3.4834616e-03   1.9183512e-03
  -3.3532440e-02   4.1525975e-01   3.2660204e-01  -5.1239289e-03  -5.4960287e-03   1.0551774e-03
  -2.0953722e-02   3.9857546e-01  -1.4859657e-01   1.8219016e-03  -5.6610004e-03   1.0671769e-03
   9.6322800e-04   3.5095114e-01   2.0387174e-01  -1.0927452e-03  -5.6616206e-03   1.1686743e-03
   4.1607277e-03   3.6917936e-01   2.9214905e-02   4.4279768e-04  -6.1501562e-03   1.3401456e-03
   3.8250708e-03   3.1710861e-01   2.3133981e-01  -1.2070688e-03  -5.9891459e-03   1.2355725e-03
   1.1234874e-02   3.3422138e-01   4.6467845e-02  -2.8812247e-04  -6.1097128e-03   1.5622497e-03
   1.0581530e-03   3.1531195e-01   2.4226799e-01  -1.4698817e-03  -5.8696156e-03   1.2705111e-03
  -8.5097920e-03   3.6482542e-01  -1.6591113e-03   7.0278091e-04  -5.9759391e-03   1.6877544e-03
  -1.1839436e-02   3.3515860e-01   2.9448643e-01  -1.9024541e-03  -5.8839237e-03   1.5972762e-03
  -4.3342206e-02   4.0396698e-01   2.6586133e-01  -7.8030481e-04  -4.6972100e-03   1.3668534e-03
  -3.8042885e-02   3.7465595e-01   3.2884179e-01   5.3926162e-04  -3.8036029e-03   1.2284881e-03
  -4.2953104e-02   3.9518439e-01   2.6037161e-01   2.1129517e-03  -3.9856015e-03   8.6786394e-04
  -2.9841077e-02   3.9216076e-01   3.0213278e-01   8.6749574e-04  -4.2600063e-03   1.1866791e-03
  -2.9178656e-02   3.8103135e-01   3.3466591e-01   1.2233525e-04  -3.8908514e-03   1.5182611e-03
  -3.8129800e-02   3.8208893e-01   2.9694748e-01   1.6095386e-03  -3.6133492e-03   1.4861904e-03
  -6.6530139e-02   3.5999009e-01   4.3449834e-01   7.0808477e-05  -2.8870121e-03   1.2083097e-03
  -4.5126185e-02   3.8653068e-01   4.1264003e-01  -2.4222582e-04  -3.3823309e-03   1.5645869e-03
  -5.4574452e-02   3.4987202e-01   4.0000535e-01   5.9362184e-04  -3.3377029e-03   7.6461092e-04
  -4.7222200e-03   3.7397785e-01   1.6477424e-01   1.5656340e-03  -4.8739951e-03   1.2746289e-03
  -3.6188682e-02   3.9571567e-01   3.8936160e-01  -8.6268534e-04  -4.1898219e-03   1.3426150e-03
  -6.9885014e-02   4.0794856e-01   3.6804917e-01   8.5856222e-04  -3.3096662e-03   1.0684684e-03
  -7.2747686e-02   3.9961509e-01   4.3141503e-01   3.1930716e-04  -3.1578407e-03   9.3630300e-04
  -5.8560960e-02   4.2806761e-01   3.9476797e-01   3.7630820e-04  -3.0577883e-03   1.5390238e-03
  -5.6684008e-02   4.2965926e-01   4.0133442e-01   5.8046182e-04  -3.0707291e-03   1.6133149e-03
  -5.8679108e-02   4.1093012e-01   4.3722459e-01   3.6224840e-04  -3.0726272e-03   1.6431696e-03
  -1.6144289e-02   4.1649113e-01   3.4159541e-01   1.1852631e-03  -3.3101353e-03   1.8113514e-03
  -3.0463053e-02   4.1435806e-01   4.5514774e-01  -1.3599794e-04  -3.0990161e-03   1.7489651e-03
  -4.6906309e-02   4.2909143e-01   4.2117558e-01   6.0535947e-04  -2.5151191e-03   1.5922359e-03
  -8.3977851e-02   4.3396556e-01   4.8158560e-01   5.7504005e-04  -2.7181801e-03   1.0535672e-03
  -8.5082726e-02   4.5087152e-01   4.3439981e-01   5.4547989e-04  -3.2772914e-03   7.4331643e-04
  -7.1060675e-02   4.4884573e-01   4.0618463e-01   6.1084556e-04  -2.8264316e-03   1.0037292e-03
  -8.0633335e-02   4.3559203e-01   4.2122971e-01   1.0268974e-03  -3.3149968e-03   5.5969294e-04
  -7.1807263e-02   4.6142612e-01   4.3959596e-01   6.5597981e-04  -3.1511873e-03   7.4966315e-04
  -8.6774094e-02   4.4891938e-01   4.0236150e-01   1.0405628e-03  -3.0300547e-03   4.2901803e-04
  -3.6145271e-02   4.5073728e-01   5.2998731e-01   4.9755502e-04  -2.9716905e-03   1.2878394e-03
  -2.6110853e-02   4.1120064e-01   4.7256333e-01   2.4586329e-03  -2.6559996e-03   2.1000731e-03
  -4.0391144e-02   4.2278113e-01   6.9315726e-01  -1.2117876e-03  -2.8764170e-03   9.8743309e-04
  -3.3915189e-02   4.6350257e-01   6.6747105e-01  -3.1612967e-03  -3.2649054e-03   5.6724772e-04
