   0.0000000e+00   0.0000000e+00   0.0000000e+00   0.0000000e+00   0.0000000e+00   0.0000000e+00
  -1.9488808e-03   1.2160553e-02  -9.5187162e-03   7.9856953e-05  -1.9051245e-04  -1.3655544e-04
   8.4109385e-03   2.2869342e-02  -8.4132952e-03  -4.0782364e-04  -3.6020401e-04   1.8395090e-04
   1.8682552e-02   2.7160749e-02  -4.6008150e-02  -1.1581850e-04   1.3322961e-04   5.3494785e-04
   4.5004773e-02   1.1189253e-02  -5.5020734e-03  -9.9498640e-05   1.1128197e-04   1.0929847e-03
   5.6363952e-02   2.2079392e-02  -1.7152358e-02   2.5498731e-04  -1.9114814e-04   1.4237897e-03
   4.7003386e-02   4.9911428e-02  -1.5470276e-02   2.8708570e-04  -3.5996780e-04   1.1311967e-03
   4.9350903e-02   3.8999011e-02   1.2548099e-02  -2.1043030e-04  -2.5167800e-04   1.2165880e-03
   5.3511136e-02   4.3905955e-02   6.8629503e-03  -1.6615917e-04  -3.1560629e-05   1.2694066e-03
   5.1551289e-02   4.4363099e-02   1.7968888e-02   3.2946100e-05  -2.3716106e-04   1.0686177e-03
   5.2589702e-02   5.5857649e-02   9.3854813e-03   1.2377453e-04  -3.1009677e-05   1.2179451e-03
   5.1192288e-02   4.7425364e-02   2.6911016e-02   7.4106237e-05  -1.4758976e-04   1.1888028e-03
   3.8718894e-02   4.3704718e-02   2.1365774e-02  -1.4456413e-04  -1.0981757e-04   1.0814655e-03
   4.9491716e-02   3.5792798e-02   1.8049404e-02   2.8173925e-04  -7.6741824e-06   1.1140294e-03
   4.3734788e-02   2.9689874e-02  -1.8807354e-03   1.8391506e-04  -5.0182379e-04   9.9001196e-04
   3.9172953e-02   6.3159959e-02   3.3316937e-02  -5.7750667e-04  -2.2759550e-04   9.2357049e-04
   4.5094892e-02   6.9985199e-02   2.4872826e-02  -4.8143848e-04   2.1547940e-05   1.0549667e-03
   5.7711059e-02   6.6722278e-02   4.9749380e-02   9.2108482e-06   3.2199610e-04   1.2655381e-03
   6.3192923e-02   6.1924587e-02   6.0029465e-02  -7.0050974e-05   5.3411031e-04   1.2563777e-03
   6.8833500e-02   9.3147235e-02   5.1868250e-02   2.9646151e-05   4.2377231e-04   1.1237411e-03
   6.0128342e-02   7.1738081e-02   4.4076023e-02  -3.5941298e-04   3.8971510e-04   1.0989436e-03
   4.8185014e-02   6.8960149e-02   3.9054496e-02  -5.7750915e-04   9.4561014e-04   1.1141877e-03
   6.1472187e-02   6.2820212e-02   1.4071920e-03   7.8920254e-04   6.7492410e-04   1.3358170e-03
   5.4715933e-02   6.8200545e-02   1.5976303e-02   1.8780992e-04   4.7679372e-04   1.3498396e-03
   5.7508119e-02   4.7144755e-02   2.0256587e-02   4.3517583e-04   5.9790152e-04   1.4501183e-03
   6.1543961e-02   9.3527376e-02   6.8841324e-02  -1.1249883e-04   4.5029387e-04   1.5003266e-03
   7.6112962e-02   8.1489618e-02   1.9390334e-02   1.5520180e-03   6.0619246e-04   2.0014285e-03
   6.3925860e-02   5.7861948e-02   3.0162716e-02   1.0369121e-03   4.9566102e-04   1.6878627e-03
   7.1675172e-02   4.9867430e-02   2.5403033e-02   9.9829698e-04   3.6954721e-04   1.8705399e-03
   8.5725194e-02   8.7650449e-02   2.1211281e-02   6.3418804e-04   3.9961343e-04   2.1070961e-03
   8.9602064e-02   8.1216074e-02   1.7817005e-02   1.3782041e-03   4.7645109e-04   2.1928046e-03
   8.8190519e-02   5.7880025e-02   2.8352923e-03   2.0435361e-03   5.3639306e-04   2.1991925e-03
   1.0421676e-01   9.1424863e-02  -1.1737785e-02   2.6265478e-03   2.6108256e-04   2.6574746e-03
   1.0363847e-01   8.5978748e-02  -4.4767595e-02   3.1661295e-03   1.6148050e-05   2.8174181e-03
   8.3020998e-02   1.1091306e-01   2.9883807e-03   2.1525353e-03   6.9536154e-04   2.3607496e-03
   9.1837106e-02   9.9476727e-02  -1.4254117e-02   2.8055882e-03   2.5452701e-04   2.5569326e-03
   7.9923525e-02   1.0364003e-01  -1.0800610e-02   2.5809191e-03   5.9586288e-04   2.1909008e-03
   9.1496877e-02   1.0222609e-01  -2.0053088e-02   2.8506182e-03   7.9945226e-05   2.4273021e-03
   7.6310291e-02   1.0063753e-01  -2.1108474e-02   2.8100165e-03   1.2444499e-04   2.2434752e-03
   5.4864107e-02   9.4361806e-02   6.5492689e-03   1.8869879e-03   4.6258195e-04   1.6870535e-03
   8.1421813e-02   1.0773014e-01   6.4383836e-03   2.3702996e-03   5.3996559e-04   2.2169988e-03
   8.8542623e-02   1.0443765e-01  -4.3521540e-03   1.8495017e-03   3.2482405e-04   2.3313771e-03
   7.4328035e-02   9.9302222e-02  -2.5831431e-02   2.4765975e-03   4.1192629e-04   2.1024276e-03
   7.3270804e-02   1.0936706e-01  -2.8211038e-02   2.6036019e-03   3.3478174e-04   2.1187545e-03
   7.9691643e-02   9.5134506e-02  -1.9195180e-02   2.8166818e-03   2.1642302e-04   2.2437868e-03
   7.7814373e-02   9.8849531e-02  -2.8146972e-02   2.7088614e-03   2.6579821e-04   2.2452697e-03
   7.6099652e-02   1.0734562e-01  -5.0884205e-02   2.9147527e-03   2.7375537e-04   2.2005409e-03
   8.3331579e-02   1.2018096e-01  -4.2602348e-02   2.6810830e-03   6.1247200e-05   2.2866309e-03
   8.0725034e-02   1.1887048e-01  -4.8624808e-02   2.9432112e-03  -1.1004617e-04   2.1379992e-03
   6.7797507e-02   1.0855283e-01  -4.2718886e-02   2.5703197e-03   5.2659921e-04   1.7263511e-03
   9.9161553e-02   1.3176128e-01  -5.4078330e-02   3.1910729e-03   3.5222142e-04   2.3406570e-03
   8.7589843e-02   1.1769027e-01  -4.8083774e-02   2.8680121e-03   5.5720204e-04   2.0935639e-03
   8.8375520e-02   1.1622830e-01  -5.5677003e-02   2.9808047e-03   1.4205917e-04   2.2961137e-03
   7.1960149e-02   1.1995616e-01  -4.6391674e-02   3.1917272e-03   8.2023639e-05   1.9546459e-03
   6.8699687e-02   1.3819086e-01  -3.5618044e-02   2.5048307e-03   4.0508220e-04   1.8227997e-03
   8.0722824e-02   1.3597345e-01   4.2284963e-04   2.0396060e-03   4.5120760e-04   2.0935088e-03
   7.2103336e-02   1.2191446e-01  -1.5129639e-02   2.2666391e-03   2.7563496e-04   2.0399787e-03
   8.3304596e-02   1.4917705e-01  -2.4729931e-02   2.7719495e-03   3.9866679e-04   2.3223463e-03
   7.0881180e-02   1.1037296e-01  -1.6510906e-02   2.9456782e-03   1.4746247e-06   1.9742432e-03
   8.3943339e-02   1.6033782e-01  -4.1342874e-02   3.0517946e-03   4.3332392e-05   2.3711242e-03
   8.3003900e-02   1.7950594e-01  -3.5095791e-02   3.0231674e-03   2.6048407e-04   2.1813613e-03
   8.8041583e-02   1.9534044e-01  -4.5837012e-02   3.2658224e-03   8.6207806e-05   2.3840711e-03
   7.2287760e-02   1.7152281e-01  -3.0337203e-02   3.0485266e-03   3.5271772e-04   2.2385545e-03
   6.5022135e-02   1.5075417e-01  -7.4163842e-02   4.1626540e-03   3.0266959e-04   1.7607569e-03
   7.1902487e-02   1.6985237e-01  -7.1585637e-02   4.0044952e-03   3.4236527e-04   1.6611713e-03
   6.6808247e-02   1.7398887e-01  -3.8473632e-02   3.4984248e-03   3.3211237e-04   1.4887376e-03
   7.3232851e-02   1.5220982e-01  -6.4030755e-02   4.0079324e-03   3.4461409e-04   1.5740922e-03
   6.6906792e-02   1.3905692e-01  -5.9448533e-02   3.4553034e-03   3.6318873e-04   1.6449492e-03
   7.7384430e-02   1.4496678e-01  -5.4605927e-02   3.7906689e-03   2.8915861e-04   1.9550613e-03
   5.0609791e-02   1.3803318e-01  -2.4157432e-02   3.3021542e-03   3.7585807e-04   1.3673590e-03
   5.1043123e-02   1.3498136e-01  -2.8212543e-02   3.1353688e-03   2.4920936e-04   1.5268741e-03
   5.2532953e-02   1.4147938e-01  -6.3276907e-02   3.6326304e-03   2.4609787e-04   1.5323303e-03
   5.0431096e-02   1.2839534e-01  -5.9448698e-02   3.4411234e-03   7.8112193e-05   1.5790397e-03
   7.6528357e-02   1.5822653e-01  -6.6987690e-02   3.3343669e-03   1.9557386e-04   2.0932516e-03
   7.8863763e-02   1.4791398e-01  -6.4337218e-02   3.8015593e-03   1.1051537e-04   2.0780109e-03
   5.2371444e-02   1.5895413e-01  -4.4010965e-02   2.6465222e-03   1.1592030e-04   1.6565036e-03
   6.5223319e-02   1.6485595e-01  -5.0346769e-02   3.3104548e-03   2.5183341e-04   1.9120988e-03
   6.6696089e-02   1.5818180e-01  -4.2151295e-02   3.1958056e-03   3.4260915e-04   1.8849503e-03
   5.7150618e-02   1.7313616e-01  -5.9494540e-02   3.5500166e-03   2.4949162e-04   1.7271947e-03
   5.6749848e-02   1.7052291e-01  -3.0782465e-02   3.0416401e-03  -8.7658826e-05   1.5918868e-03
   5.1632624e-02   2.7995893e-01   5.7015747e-02   2.9974135e-03  -3.1736142e-05   1.4506888e-03
   2.5837161e-02   1.4495620e-01  -2.5067455e-02   4.0521071e-03   2.0869189e-04   9.6301250e-04
   3.0394574e-02   1.6218394e-01  -1.9904052e-02   3.2834973e-03   8.9274114e-05   1.0427375e-03
   5.2561317e-02   1.9526760e-01  -4.4491752e-02   3.9411377e-03   1.7407983e-06   1.3756919e-03
   4.4355843e-02   2.0328216e-01  -4.1633960e-02   4.1152401e-03  -4.4485426e-04   1.0138535e-03
   5.7422397e-02   1.8932921e-01   2.3126843e-02   3.8024963e-03  -2.2810185e-04   1.4660397e-03
   6.4965934e-02   1.8051257e-01  -3.2524627e-02   4.4167468e-03  -2.5634361e-04   1.7616592e-03
   5.0872420e-02   1.9525669e-01  -7.3175508e-03   3.9949337e-03   5.9469759e-05   1.5422088e-03
   5.4627388e-02   1.8571499e-01  -4.2371190e-02   4.3324800e-03   4.3575827e-04   1.6798297e-03
   5.1279070e-02   1.9714501e-01  -1.0540502e-01   5.2182073e-03   4.9814662e-05   1.6451132e-03
   4.8969631e-02   1.9017298e-01  -3.6308973e-02   4.1240491e-03  -2.9696832e-04   1.5484356e-03
   4.7545577e-02   1.9968891e-01  -5.6417522e-02   4.2318792e-03   1.5492008e-04   1.4205261e-03
   6.5301734e-02   2.1056016e-01  -5.4132452e-02   4.1597366e-03   4.5858608e-04   1.5429270e-03
   7.1882983e-02   1.9725997e-01  -6.4640823e-02   4.3812726e-03   6.2266883e-05   1.8978439e-03
   7.8267681e-02   2.0716468e-01  -8.4209210e-02   4.9214062e-03   1.2442738e-03   1.2295219e-03
   9.2947410e-02   2.0740656e-01  -1.2582421e-01   4.8124452e-03   7.2015796e-04   1.4400825e-03
   1.1443516e-01   2.1340740e-01  -1.3951365e-01   4.1994555e-03   1.5532851e-04   2.1058811e-03
   9.8896936e-02   2.0909377e-01  -1.1525587e-01   4.6009832e-03   1.6913297e-04   1.8762050e-03
   8.2736206e-02   2.1888734e-01  -7.8527299e-02   3.8608941e-03   1.0021184e-03   2.7552022e-03
   8.5423605e-02   2.0533992e-01  -1.3185027e-01   3.8213123e-03   5.6747513e-04   2.3886572e-03
   7.6229222e-02   1.9060500e-01  -5.9483252e-02   2.9447540e-03   1.1401591e-03   1.7841545e-03
   1.3401788e-01   1.9302292e-01  -8.0592153e-02   3.6526924e-03   2.8807428e-04   3.3981200e-03
   1.4922747e-01   1.8685084e-01  -1.1527427e-01   3.5585744e-03  -1.0860753e-03   3.7278570e-03
   1.2936702e-01   1.8758905e-01  -8.7004093e-02   3.3586152e-03  -3.4632228e-04   3.3989464e-03
   1.2610752e-01   1.8533924e-01  -6.3770962e-02   3.0794900e-03  -6.1308420e-04   3.4292598e-03
   1.4831012e-01   2.0154847e-01  -1.1244335e-01   4.0399731e-03  -4.1710026e-04   3.9414560e-03
   1.4511798e-01   1.8431999e-01  -1.2785423e-01   3.8808231e-03  -1.0198724e-03   3.9378257e-03
   1.1637395e-01   1.8934891e-01  -7.7231160e-02   2.6481451e-03  -1.0973743e-03   3.1687759e-03
   1.2654488e-01   1.9502485e-01  -8.7833438e-02   3.4249333e-03  -8.6768849e-04   3.4935040e-03
   1.2655154e-01   1.9783031e-01  -7.1961114e-02   3.3440003e-03  -1.1167301e-03   3.2741322e-03
   1.3299305e-01   2.2690353e-01  -1.1217571e-01   3.4712272e-03  -9.6057083e-04   3.5428670e-03
   1.4486607e-01   2.4676959e-01  -5.1915651e-02   4.4412929e-03  -1.5393201e-04   3.6610492e-03
   1.2453346e-01   2.1131191e-01  -8.9719298e-02   4.4269051e-03  -3.4378233e-04   3.4834609e-03
   1.0824403e-01   2.7140760e-01  -6.3471935e-02   3.8758003e-03  -5.5473090e-04   3.3346092e-03
   1.2127757e-01   2.5809293e-01  -5.5931330e-02   3.8813667e-03  -6.8167233e-04   3.5957550e-03
   1.0736181e-01   2.4726128e-01  -6.8137960e-02   3.7480492e-03  -4.6726690e-04   3.3735227e-03
   1.2815607e-01   2.3991573e-01  -9.4033176e-02   4.1521575e-03  -8.9684820e-04   3.8003144e-03
   1.3905888e-01   2.5599191e-01  -8.8205281e-02   3.6758272e-03  -3.4911884e-04   3.6925977e-03
   1.4541360e-01   2.6370837e-01  -1.3374556e-01   4.0975971e-03  -4.4468332e-04   3.8442750e-03
   1.3905827e-01   2.5114023e-01  -1.2885216e-01   4.1320582e-03  -7.5730881e-04   3.7295126e-03
   1.2703057e-01   2.5353498e-01  -1.4919402e-01   4.3142611e-03  -1.2702868e-03   3.6026161e-03
   1.2515672e-01   2.8631102e-01  -1.1338500e-01   3.7005456e-03  -9.8167579e-04   3.4340009e-03
   1.3066030e-01   2.6050603e-01  -1.3225883e-01   3.9806419e-03  -8.5950671e-04   3.4190139e-03
   1.4442856e-01   2.7849439e-01  -1.2327409e-01   4.1139777e-03  -5.3997809e-04   3.9368174e-03
   1.3423165e-01   2.6724091e-01  -8.3118292e-02   2.8508094e-03  -4.5765850e-04   3.4752598e-03
   1.3203289e-01   2.4819048e-01  -7.8822889e-02   3.1762408e-03  -5.8045773e-04   3.5081223e-03
   9.2200256e-02   2.2872058e-01  -6.0495926e-02   2.6279939e-03  -1.7126791e-04   2.3817031e-03
   1.4409927e-01   2.5140884e-01  -7.4395156e-02   3.8250363e-03  -4.0218988e-04   3.4875665e-03
   1.2156028e-01   2.4871745e-01  -7.7042184e-02   3.8236278e-03  -4.6919064e-04   3.1868005e-03
   1.2100691e-01   2.4538616e-01  -7.1746708e-02   3.5285805e-03  -6.1646219e-04   3.0796787e-03
   1.2911904e-01   2.7755470e-01  -9.0112174e-02   3.5639150e-03  -5.3052667e-04   3.2400077e-03
   1.3173743e-01   2.6377965e-01  -1.0562088e-01   4.3849455e-03  -8.1854859e-04   3.3330893e-03
   1.3119991e-01   2.6233490e-01  -8.2560289e-02   3.3389688e-03  -4.3093809e-04   3.3692139e-03
   1.3772563e-01   2.7591059e-01  -1.0146063e-01   3.8353193e-03  -4.6953817e-04   3.2984830e-03
   1.3079459e-01   2.6561261e-01  -7.9809615e-02   2.5956973e-03  -2.7137290e-04   3.0529784e-03
   1.3283604e-01   2.8605898e-01  -1.3037064e-01   3.4413518e-03  -6.4241490e-04   3.3022285e-03
   1.3690839e-01   3.1030996e-01  -1.4484315e-01   3.6551348e-03  -8.4078543e-04   3.4306931e-03
   1.2276329e-01   3.0119335e-01  -1.2413327e-01   3.3401312e-03  -6.0492370e-04   3.1253064e-03
   1.2634908e-01   2.8686046e-01  -8.3354302e-02   2.8168466e-03  -5.1214845e-04   3.4268406e-03
   1.3218470e-01   2.8761703e-01  -1.0175686e-01   3.0296707e-03  -5.8166478e-04   3.4008018e-03
   1.2547622e-01   2.7578844e-01  -4.2482152e-02   2.2159153e-03  -6.2004661e-04   3.2338453e-03
   1.1396573e-01   2.6260147e-01  -7.2687632e-02   2.4592640e-03  -6.5362647e-04   2.8970410e-03
   1.2967196e-01   2.8002026e-01  -8.2175320e-02   2.2752394e-03  -6.1040753e-04   3.3552438e-03
   1.2627566e-01   2.6773302e-01  -1.1944415e-01   3.1622264e-03  -5.8218566e-04   3.1608789e-03
   1.1605009e-01   2.6384951e-01  -8.3874348e-02   2.7565279e-03  -7.1945117e-04   2.9361884e-03
   1.0176655e-01   2.7263716e-01  -1.0062932e-01   2.7556523e-03  -4.7745807e-04   2.5473925e-03
   1.4557959e-01   3.0408046e-01  -1.0737049e-01   3.1348548e-03  -5.2281024e-04   3.5843925e-03
   1.4266743e-01   2.9409969e-01  -1.2710607e-01   3.1213152e-03  -3.3300102e-04   3.4993362e-03
   1.4397725e-01   3.2707972e-01  -1.1387296e-01   2.9367018e-03  -9.4143392e-04   3.5368209e-03
   1.4528584e-01   3.2632281e-01  -6.6603099e-02   2.4979846e-03  -9.1302356e-04   3.4455626e-03
   1.3281356e-01   3.1490613e-01  -8.2479688e-02   2.4036748e-03  -7.0710391e-04   3.3787930e-03
   1.4074459e-01   3.2589532e-01  -9.5236932e-02   3.0034592e-03  -8.9669985e-04   3.7166772e-03
   1.2698195e-01   3.2011465e-01  -3.9784095e-02   2.1692587e-03  -7.9656520e-04   3.1783122e-03
   1.2193539e-01   3.3742267e-01  -5.0748147e-02   2.3163931e-03  -4.3280297e-04   3.1795387e-03
   1.2495458e-01   3.1474279e-01  -3.4304665e-02   2.0599549e-03  -6.0379060e-04   3.2714594e-03
   1.3659264e-01   3.0527900e-01  -5.8417795e-02   2.7287087e-03  -5.8854478e-04   3.6492119e-03
   1.2673946e-01   2.8886669e-01  -2.2584349e-02   1.7533044e-03  -6.0646365e-04   3.3243519e-03
   1.3012903e-01   2.8313857e-01  -5.5466608e-02   1.8951848e-03  -6.8823314e-04   3.2389841e-03
   1.3342543e-01   3.1552597e-01  -8.7764583e-02   2.2649266e-03  -5.7867568e-04   3.4061665e-03
   1.2443098e-01   2.9684631e-01  -5.5395261e-02   1.9957500e-03  -3.3953769e-04   2.9508974e-03
   1.5752988e-01   3.0893366e-01  -8.4784266e-02   2.4809331e-03  -3.8483247e-04   3.6857797e-03
   1.4969704e-01   3.1989588e-01  -8.5469834e-02   2.2978724e-03  -1.2002189e-04   3.4866224e-03
   1.5339641e-01   3.1050746e-01  -9.4860127e-02   2.4984014e-03  -3.9942184e-04   3.4017144e-03
   1.5116295e-01   3.2039906e-01  -1.1926568e-01   2.9654450e-03  -3.2721137e-04   3.4260614e-03
   1.6681494e-01   3.4291277e-01  -1.0789864e-01   2.8152209e-03  -5.0971639e-04   3.8152078e-03
   1.2057207e-01   3.3822132e-01  -9.9421185e-02   1.7944776e-03  -2.6969586e-05   2.8162848e-03
   1.2258462e-01   3.7711306e-01  -1.0530144e-01  -2.5159782e-03   4.5678214e-04   2.4553051e-03
   1.0557598e-01   3.8288260e-01  -1.0212665e-01  -2.6569519e-03   9.4093025e-04   1.9209312e-03
   1.2022354e-01   3.7472821e-01  -7.0729580e-02  -2.6014346e-03   4.2768541e-04   2.4777109e-03
   9.3314088e-02   3.6635704e-01  -7.2215407e-02  -1.9860075e-03   3.5911398e-04   2.0028214e-03
   8.7927088e-02   3.5706033e-01  -4.8350877e-02  -2.0102055e-03   8.9225154e-04   1.6929803e-03
   1.3869396e-01   3.8236753e-01  -4.8158057e-02  -1.9479872e-03   7.3928056e-04   2.8544110e-03
   1.3092104e-01   3.8082847e-01  -5.0432861e-02  -1.3977635e-03   1.1772732e-03   2.5145993e-03
   1.4372065e-01   3.7063100e-01  -4.0253840e-02  -1.1422428e-03   1.2146504e-03   2.7191357e-03
   1.4938244e-01   3.5104326e-01  -1.9706434e-02  -1.1359197e-03   1.0373891e-03   2.6934469e-03
   1.5241036e-01   3.5531557e-01  -3.7303370e-02  -1.1478148e-03   9.1513436e-04   2.9136615e-03
   1.2517491e-01   3.8241053e-01  -5.4999879e-02  -1.2965661e-03   1.3546475e-03   2.5545490e-03
   1.2464050e-01   3.7616771e-01  -7.4034532e-02  -1.0089047e-03   1.1666901e-03   2.4765639e-03
   1.3653767e-01   3.7067000e-01  -7.1455170e-02  -9.4055033e-04   1.1092494e-03   2.5851743e-03
