   0.0000000e+00  -1.0523331e-14   0.0000000e+00   6.1629758e-33   1.7105694e-49   1.8836628e-17
   1.3142666e-01  -8.0625604e-02  -9.2124980e-01   4.8412446e-03   1.5464795e-03   1.9516582e-03
   1.0010730e-01  -1.2114043e+00  -2.5022444e+00   3.9707476e-02   9.7401724e-03   1.3221707e-02
   1.5122392e-01  -2.3620345e-01  -9.8717082e-01   2.3494838e-02   7.8134499e-03   9.7491473e-03
   1.6917521e-01  -2.1655811e-01  -1.2176526e+00   2.3240000e-02   7.1061253e-03   9.3197253e-03
   1.2695386e-01  -1.6561829e-01  -9.8240760e-01   2.0397090e-02   6.9319398e-03   8.8144468e-03
   1.8696027e-01  -2.7998419e-01  -1.1648553e+00   2.0598746e-02   6.5983709e-03   9.6595471e-03
   1.8297236e-01  -2.7407939e-01  -1.1379910e+00   2.0705014e-02   5.6015434e-03   9.8201382e-03
   2.0825051e-01  -2.9773218e-01  -1.1746490e+00   1.8926484e-02   5.4502698e-03   1.0783934e-02
   2.0573168e-01  -3.0427032e-01  -9.9597161e-01   1.5444566e-02   4.6657424e-03   1.0113259e-02
   2.2699566e-01  -3.2289835e-01  -1.0436285e+00   1.4720030e-02   5.0999656e-03   1.0726125e-02
   2.6017433e-01  -2.6744098e-01  -6.6880550e-01   1.3425893e-02   6.3072252e-03   9.8786987e-03
   3.1302086e-01  -2.0676176e-01  -7.1455317e-01   1.4806451e-02   6.8647379e-03   1.0805780e-02
   2.9514591e-01  -2.3780925e-01  -7.1120311e-01   1.3939042e-02   6.8616445e-03   1.0616773e-02
   3.2207077e-01  -2.4099820e-01  -8.3229649e-01   1.5947239e-02   7.2038126e-03   1.0944281e-02
   2.7878761e-01  -2.7744574e-01  -7.1583064e-01   1.3838761e-02   6.6435333e-03   9.8565698e-03
   2.9044062e-01  -1.6566424e-01  -6.7331244e-01   1.1671663e-02   7.3681377e-03   9.6632812e-03
   2.5188176e-01  -1.6145586e-01  -6.5721956e-01   1.2456577e-02   6.3172019e-03   9.6970808e-03
   2.7452815e-01  -1.7206942e-01  -6.3879677e-01   1.1909607e-02   5.4040147e-03   8.9859091e-03
   2.8232434e-01  -1.6721255e-01  -5.7867696e-01   1.1518159e-02   6.0529814e-03   8.9390003e-03
   2.8135066e-01  -1.4787317e-01  -6.2165274e-01   1.2313892e-02   6.2692017e-03   9.3524105e-03
   2.8563333e-01  -1.6944480e-01  -5.4205056e-01   1.2386817e-02   6.8970031e-03   9.1384707e-03
   3.0028613e-01  -1.5617882e-01  -6.0339542e-01   1.2842835e-02   7.1962066e-03   9.4414881e-03
   3.1544565e-01  -1.3358031e-01  -5.6304694e-01   1.2795540e-02   6.8061726e-03   9.8156838e-03
   3.0587994e-01  -1.2732412e-01  -5.9541543e-01   1.3593415e-02   6.4403115e-03   9.5854972e-03
   2.9654711e-01  -8.0345354e-02  -4.6494936e-01   1.1394030e-02   6.3524426e-03   9.2789905e-03
   2.9743903e-01  -1.0771096e-01  -4.8533051e-01   1.1264998e-02   6.6696166e-03   9.1644056e-03
   3.0622956e-01  -5.9471775e-02  -4.7084077e-01   1.0881469e-02   6.8532127e-03   9.2481663e-03
   3.2891788e-01  -7.7878940e-02  -4.7685270e-01   1.1600528e-02   6.5397913e-03   9.4575951e-03
   3.3184479e-01  -6.7540356e-02  -3.5123779e-01   9.3172577e-03   6.6318858e-03   9.5184440e-03
   3.1727026e-01  -5.2506552e-02  -4.4448067e-01   1.0528693e-02   7.2050528e-03   9.2908023e-03
   2.4711691e-01  -1.0274099e-02  -3.3669345e-01   7.6273600e-03   6.7223085e-03   7.8754163e-03
   2.6607625e-01  -5.2597439e-02  -3.9286944e-01   9.4335405e-03   6.4167547e-03   7.8611939e-03
   2.7379735e-01   9.0327686e-02  -6.9457338e-02   9.4161135e-03   6.1935936e-03   6.8610610e-03
   3.0813846e-01   5.0798314e-02  -1.0678471e-01   8.8709973e-03   6.2671534e-03   7.6375445e-03
   3.1771865e-01   4.8223925e-02  -8.8865476e-02   8.9885955e-03   5.8400029e-03   7.9617546e-03
   3.1618831e-01   2.4664541e-02  -9.7573017e-02   8.8107889e-03   6.4123142e-03   7.6901069e-03
   3.2975318e-01   3.5220569e-02  -7.8509691e-02   8.5645515e-03   6.6549728e-03   7.8537793e-03
   3.2902388e-01   3.7707455e-02  -1.4775412e-01   9.0585541e-03   6.5274146e-03   8.4040043e-03
   3.1343956e-01   2.5387357e-02  -6.5131304e-02   8.7267942e-03   6.8980402e-03   7.8448861e-03
   3.1367797e-01   4.6005734e-02  -1.3358335e-01   8.4975127e-03   7.2994595e-03   7.9654834e-03
   3.3846473e-01   5.5743498e-02  -9.2760487e-02   8.6955379e-03   6.9749130e-03   7.8903636e-03
   3.2036573e-01   4.0138859e-02  -1.5308883e-01   8.4855230e-03   7.4546516e-03   7.8883825e-03
   3.5439883e-01   7.0870600e-02  -9.9238131e-02   7.9127902e-03   7.2180693e-03   7.6860394e-03
   3.4721054e-01   3.8687359e-02  -2.0186936e-01   7.6167889e-03   7.3819915e-03   8.1096479e-03
   3.4261579e-01   8.6400856e-02  -1.0772682e-02   6.3741153e-03   7.4264433e-03   6.7854316e-03
   9.7618397e-02  -1.3210690e+00  -1.9560061e+00   2.6172763e-02   6.8399966e-03   1.4167489e-02
   2.0900345e-01  -2.0156713e-01  -1.0985944e+00   1.7656947e-02   7.5881974e-03   1.3626823e-02
   3.7938050e-01  -5.8312039e-02  -6.2606238e-01   1.3124446e-02   7.6453925e-03   1.2871070e-02
   3.3347023e-01   1.8902352e-03  -5.6672014e-01   1.2345568e-02   7.6880446e-03   1.2690409e-02
   3.5792136e-01  -6.8466568e-02  -5.7656897e-01   1.2625308e-02   8.3438838e-03   1.2504546e-02
   3.2040501e-01  -1.0044770e-01  -6.2496503e-01   1.3546518e-02   8.5074402e-03   1.0996016e-02
   3.9895100e-01   9.9283891e-02  -1.3993091e-01   1.2591042e-02   9.1602549e-03   1.0406087e-02
   4.0871358e-01   1.9600129e-01  -3.8055942e-02   1.1847274e-02   8.7934822e-03   9.9490108e-03
   4.4717859e-01   2.3387481e-01   3.7275372e-02   1.2274827e-02   8.6870086e-03   1.0264151e-02
   4.2349475e-01   2.5495982e-01   1.0113460e-01   1.1725249e-02   8.4068752e-03   9.9190615e-03
   4.4053442e-01   2.5093233e-01   3.7312291e-02   1.2564485e-02   7.7133589e-03   9.3460444e-03
   4.2090641e-01   3.9892734e-01   8.8997541e-02   1.1395452e-02   5.0237546e-03   5.7020604e-03
   3.9456201e-01   4.3620505e-01   1.9357614e-01   7.5602766e-03   4.2242350e-03   5.2639307e-03
   4.1060767e-01   5.9079429e-01   4.1470542e-01   1.0797088e-02   4.5304307e-03   6.9157552e-03
   4.0672763e-01   6.6460457e-01   4.7558457e-01   1.4107874e-02   3.6895448e-03   7.7418222e-03
   3.4739653e-01   6.4730872e-01   4.7893933e-01   1.2255654e-02   5.6776942e-03   7.2157806e-03
   3.6705763e-01   6.2833505e-01   4.9991210e-01   1.2984389e-02   5.3694313e-03   7.9967766e-03
   2.7367000e-01   6.5885770e-01   5.6574652e-01   1.0565569e-02   5.6528396e-03   6.3205664e-03
   2.7188452e-01   6.7811877e-01   6.9997331e-01   1.0041315e-02   5.4611435e-03   6.4330334e-03
   3.3901381e-01   6.8528466e-01   5.3691493e-01   1.0504464e-02   4.8978048e-03   8.6520047e-03
   3.0748376e-01   6.9747963e-01   6.3916337e-01   7.1560463e-03   3.4744732e-03   7.6307983e-03
   3.6925151e-01   6.5952254e-01   5.9899382e-01   7.2098435e-03   3.3289541e-03   7.5165560e-03
   3.4864681e-01   6.5592499e-01   6.2470121e-01   6.1221355e-03   4.0639223e-03   6.2172932e-03
   3.6411311e-01   6.7001379e-01   5.9013128e-01   7.1763055e-03   3.8603153e-03   7.6043816e-03
   3.5127144e-01   6.3050105e-01   7.1079205e-01   5.5541666e-03   5.0611423e-03   6.4134648e-03
   3.0006358e-01   6.3447526e-01   6.6607794e-01   4.4394336e-03   3.7749257e-03   6.3741554e-03
   3.3055533e-01   6.6912745e-01   7.3197429e-01   4.7517014e-03   3.5686849e-03   7.4925579e-03
   3.7125102e-01   6.5883679e-01   7.3856378e-01   5.2505817e-03   3.7185486e-03   7.2250532e-03
   3.6982634e-01   6.5544336e-01   7.7305499e-01   5.1590276e-03   3.9125607e-03   7.4335968e-03
   3.6144399e-01   6.2162033e-01   8.1774826e-01   5.0718836e-03   3.5620488e-03   7.5947055e-03
   3.5497549e-01   6.3434811e-01   8.1822221e-01   4.7036648e-03   3.4465771e-03   7.0937526e-03
   3.7180877e-01   6.5651589e-01   8.7105920e-01   4.3511535e-03   3.7773320e-03   7.4621087e-03
   3.4258479e-01   6.0921385e-01   7.0490593e-01   4.0883710e-03   3.8119716e-03   7.2990881e-03
   3.5456435e-01   6.6411293e-01   6.3398422e-01   4.0701376e-03   3.7110999e-03   7.1693622e-03
   3.6665797e-01   6.8348674e-01   8.1830904e-01   3.7381709e-03   4.0303662e-03   6.5614427e-03
   4.1907535e-01   7.3336181e-01   9.5038742e-01   4.1475728e-03   3.0794507e-03   6.2399279e-03
   4.5303300e-01   7.0615896e-01   9.6989460e-01   2.5894662e-03   3.8828725e-03   6.4528454e-03
   4.3239094e-01   6.9107088e-01   8.8022474e-01   3.7818537e-03   4.8611413e-03   6.4082249e-03
   4.3891154e-01   6.6518269e-01   9.1501004e-01   3.7366951e-03   4.7526990e-03   6.3630126e-03
   4.1745002e-01   7.4804896e-01   8.9840164e-01   6.1890081e-03   4.4859423e-03   6.1941792e-03
   4.2434164e-01   7.5723142e-01   8.4013356e-01   6.6378696e-03   3.9732564e-03   6.9134720e-03
   4.1072031e-01   6.9851247e-01   8.6774248e-01   5.6147699e-03   4.3714427e-03   6.4866869e-03
   3.9941134e-01   7.4223310e-01   8.7653536e-01   5.2544211e-03   4.2190679e-03   6.7185852e-03
   3.9683636e-01   7.0032195e-01   8.7249108e-01   4.8803747e-03   4.8629540e-03   6.9563306e-03
   4.1191152e-01   7.3960634e-01   8.3959641e-01   4.8771994e-03   4.6014095e-03   6.4117846e-03
   4.2625606e-01   7.1503172e-01   8.4917914e-01   5.0574294e-03   4.4437659e-03   6.8865959e-03
   4.3300466e-01   7.2281100e-01   9.2191796e-01   4.8585834e-03   4.4402956e-03   6.5331046e-03
   3.9260909e-01   6.0508484e-01   7.0554635e-01   4.4322716e-03   4.6256671e-03   7.7522118e-03
   3.6116744e-01   5.7011517e-01   5.6480325e-01   2.8986690e-03   5.8032674e-03   5.9366018e-03
   5.3872068e-01   7.4919709e-01   9.6961940e-01   1.1192952e-03   4.7284467e-03   4.6521540e-03
   6.0406485e-01   8.5585398e-01   1.2791864e+00   1.2098181e-03   3.0721271e-03   7.0747612e-03
   5.9967586e-01   8.1148167e-01   1.1715663e+00   1.5459299e-03   2.9162773e-03   6.8466826e-03
   5.6581679e-01   8.3387157e-01   1.1447706e+00   1.6201705e-03   2.7275660e-03   7.0796484e-03
   5.9925561e-01   8.0603651e-01   1.2146586e+00   1.6121822e-03   3.0457531e-03   6.8798073e-03
   5.8604059e-01   8.0111095e-01   1.1309141e+00   1.6740974e-03   3.0677499e-03   7.2211944e-03
   5.9852282e-01   8.1461264e-01   1.1618206e+00   1.2562824e-03   3.2478571e-03   6.7003927e-03
   6.4748784e-01   8.7096279e-01   1.3321012e+00   2.8581131e-04   2.6634990e-03   8.3335278e-03
   6.3831641e-01   8.4566089e-01   1.2481535e+00   1.7250653e-03   3.1354071e-03   7.6399033e-03
   6.5646114e-01   8.4173840e-01   1.2380148e+00   1.8388674e-03   2.7391388e-03   8.3062223e-03
   6.3265133e-01   8.7521448e-01   1.2855057e+00   9.5377456e-04   3.2811651e-03   7.3393555e-03
   5.7232633e-01   8.7853653e-01   1.2250246e+00  -1.7642250e-04   2.3095996e-03   8.3421626e-03
   5.7367540e-01   8.5611351e-01   1.1854449e+00   2.7689375e-04   2.7079017e-03   6.6864989e-03
   6.5162783e-01   8.8377801e-01   1.3373876e+00  -3.3469602e-03   2.6829398e-03   1.0542104e-02
   6.4688745e-01   8.6830828e-01   1.3410894e+00  -2.2134674e-03   2.7674560e-03   1.0545332e-02
   5.8038662e-01   8.6826597e-01   1.4049752e+00  -2.4094016e-03   4.9045070e-03   9.5137439e-03
   6.0968796e-01   8.2253784e-01   1.4210865e+00  -1.7430322e-03   3.9034787e-03   9.9807785e-03
   5.5571120e-01   8.4919980e-01   1.3634156e+00  -7.6819434e-04   3.6468772e-03   8.7241787e-03
   6.6705172e-01   8.4708981e-01   1.5876250e+00  -2.6121456e-03   3.8692092e-03   9.9221170e-03
   5.9707071e-01   8.8172726e-01   1.5046758e+00  -7.5105668e-04   5.4872129e-03   9.1826973e-03
   5.8212732e-01   8.6878292e-01   1.4476405e+00  -1.9950920e-03   3.6415656e-03   9.6800415e-03
   5.9856425e-01   8.7627540e-01   1.3605840e+00   5.1764563e-04   3.0651282e-03   9.7450835e-03
   5.2372504e-01   5.5469507e-01   1.3329752e+00  -2.7223572e-03   4.4792642e-03   7.9361249e-03
   6.0615586e-01   5.9934715e-01   1.5097233e+00  -2.5721548e-03   4.9401510e-03   1.0637464e-02
   6.5751434e-01   6.5407194e-01   1.3319403e+00  -4.0518898e-03   2.8352443e-03   9.2593977e-03
   6.6578853e-01   6.3994960e-01   1.3832401e+00  -4.1687730e-03   2.1170870e-03   1.0897342e-02
   7.4824199e-01   6.4799782e-01   1.4095651e+00  -6.7590883e-03   1.9816884e-03   7.6594327e-03
   7.2259188e-01   7.3851764e-01   1.4135032e+00  -7.9915500e-03   3.1837444e-03   6.7813868e-03
   7.0580273e-01   6.6775586e-01   1.5782273e+00  -3.8441845e-03   3.5869529e-03   7.1075755e-03
   7.9950660e-01   7.4951496e-01   1.6460908e+00  -5.5785170e-03   4.0175561e-03   9.0041541e-03
   7.6055899e-01   7.2096956e-01   1.6973975e+00  -4.6487092e-03   3.8187920e-03   8.4429369e-03
   8.1709267e-01   8.3575820e-01   1.6725381e+00  -2.5455844e-03   4.1373764e-03   9.7110541e-03
   4.8935539e-01   1.8247376e+00   2.3201916e+00   5.8875619e-03   6.2941167e-03   4.8452008e-03
   6.8056788e-01   1.2280403e+00   1.8406943e+00   5.1446497e-03   5.6662580e-04  -5.0714451e-04
   6.1157298e-01   1.2690530e+00   2.0727971e+00  -5.0130551e-05   1.8299017e-03   1.6202160e-03
   5.4762097e-01   1.2176360e+00   2.0762648e+00  -2.0506312e-03  -2.7026540e-04   2.1321757e-03
   6.1441709e-01   1.2080550e+00   2.0774207e+00  -2.2155192e-03  -4.9850111e-04   3.3272392e-03
   6.0600178e-01   1.1473281e+00   2.0958240e+00  -1.6140243e-03  -1.1141618e-03   2.3108051e-03
   5.9748804e-01   1.2522184e+00   2.1278041e+00  -2.5641115e-03  -8.5848167e-04   2.9116572e-03
   5.9727946e-01   1.1960108e+00   2.2139111e+00  -2.4505902e-03  -9.9198424e-04   2.1231297e-03
   6.1906778e-01   1.2043031e+00   2.2351045e+00  -3.3708759e-03  -1.8882480e-03   2.8445376e-03
   6.1212391e-01   1.2139523e+00   2.2357167e+00  -3.4792891e-03  -1.8305200e-03   2.8307194e-03
   6.2210130e-01   1.2301655e+00   2.2626265e+00  -4.3302845e-03  -1.6348364e-03   3.4400811e-03
   6.2268723e-01   1.2344133e+00   2.1658643e+00  -4.3881924e-03  -1.5649020e-03   2.9111186e-03
   6.3128107e-01   1.2308545e+00   2.2585153e+00  -5.6473588e-03  -1.6969639e-03   3.6895332e-03
   5.7006365e-01   1.1923887e+00   2.1058362e+00  -5.3345339e-03  -1.2058187e-03   4.0129927e-03
   5.7066227e-01   1.2754973e+00   2.1583775e+00  -5.0442558e-03  -1.4255032e-03   3.1859889e-03
   5.8143938e-01   1.2693966e+00   1.9820685e+00  -2.4431088e-03  -1.8816478e-03   3.5704105e-03
   5.4970332e-01   1.2749875e+00   1.8548790e+00   4.3319388e-04  -1.4347537e-03   3.6037532e-03
   5.8734989e-01   1.2411737e+00   2.0773079e+00  -2.8502432e-03  -2.1465385e-03   3.9224111e-03
   5.9819580e-01   1.2193738e+00   2.0588051e+00  -2.5988789e-03  -2.4086315e-03   3.6851881e-03
   6.2820545e-01   1.2036612e+00   2.0951956e+00  -2.7080088e-03  -2.1462319e-03   3.5474258e-03
   6.5591474e-01   1.2258942e+00   2.0678516e+00  -1.7037128e-03  -2.0240624e-03   3.8527763e-03
   6.3284376e-01   1.1754840e+00   2.1063791e+00  -4.0868668e-03  -2.2124197e-03   3.8255105e-03
   6.4002138e-01   1.1974384e+00   2.0485682e+00  -3.0976324e-03  -2.1009095e-03   3.5359202e-03
   5.6870377e-01   1.2015018e+00   2.1659270e+00  -4.5676838e-03  -2.5902459e-03   2.5978920e-03
   5.9793832e-01   1.2091109e+00   2.1185698e+00  -4.3520381e-03  -2.6513732e-03   2.7862936e-03
   5.6044230e-01   1.1996635e+00   2.1032716e+00  -4.1873266e-03  -2.5767476e-03   2.6603568e-03
   5.7011559e-01   1.2505675e+00   2.0415836e+00  -3.7895908e-03  -2.2026751e-03   2.6852144e-03
   5.9987824e-01   1.2173182e+00   2.1594102e+00  -4.7090675e-03  -2.3505351e-03   2.6455936e-03
   5.5701285e-01   1.2447103e+00   2.0852566e+00  -5.4901092e-03  -1.2650632e-03   2.3828642e-03
   5.3558548e-01   1.2599149e+00   1.9499972e+00  -5.8105598e-03  -2.8120502e-03   2.6668530e-03
   5.2759708e-01   1.2489739e+00   1.9743981e+00  -6.0231284e-03  -2.8852831e-03   2.8417879e-03
   5.6279602e-01   1.2410240e+00   2.1880702e+00  -6.2886730e-03  -3.0444105e-03   3.4480507e-03
   5.7958397e-01   1.2611923e+00   2.1741255e+00  -6.8617202e-03  -2.9400756e-03   3.5120210e-03
   5.7954215e-01   1.2482597e+00   2.1831466e+00  -6.9402093e-03  -2.8489063e-03   2.9974971e-03
   5.6936941e-01   1.2756104e+00   2.1590600e+00  -6.7289814e-03  -3.1088622e-03   3.1317417e-03
   6.0777616e-01   1.3101415e+00   2.3016813e+00  -6.4078132e-03  -2.5049636e-03   2.4004069e-03
   4.9555724e-01   1.3416165e+00   2.3445394e+00  -7.1571654e-03  -1.7893885e-03   1.1107147e-03
   4.6433922e-01   1.3665835e+00   2.3129715e+00  -8.2055662e-03  -2.1984318e-03   3.4956574e-04
   5.5041033e-01   1.3320171e+00   2.3309642e+00  -7.2705295e-03  -1.6231962e-03   2.1375050e-03
   6.1297144e-01   1.3077760e+00   2.4492126e+00  -9.9793492e-03  -2.6681787e-03   1.3932418e-03
   5.4652731e-01   1.2894875e+00   2.3784094e+00  -7.3374601e-03  -2.7590937e-03   1.0579786e-04
   5.3423754e-01   1.3134209e+00   2.4352799e+00  -7.3091338e-03  -2.5929554e-03   2.1958396e-04
   5.2608164e-01   1.3088809e+00   2.4404952e+00  -7.6774876e-03  -2.1430085e-03  -7.6931569e-05
   5.3284570e-01   1.3580356e+00   2.4599150e+00  -8.3013735e-03  -2.4460132e-03  -6.0530966e-05
   5.0858011e-01   1.2939368e+00   2.4330741e+00  -8.6176725e-03  -2.1155640e-03  -3.4128308e-04
   5.1310025e-01   1.3319765e+00   2.4089766e+00  -8.7560791e-03  -1.9547393e-03  -6.6046074e-04
   5.0500835e-01   1.3059257e+00   2.3681725e+00  -7.5954240e-03  -2.0910423e-03  -1.0149926e-03
   4.8893635e-01   1.3244278e+00   2.4370031e+00  -9.2502152e-03  -2.5189297e-03  -1.2811164e-03
   5.1619868e-01   1.3322938e+00   2.4610885e+00  -7.4330557e-03  -1.3304818e-03  -4.5459043e-04
   4.7506090e-01   1.2563263e+00   2.3061020e+00  -7.9670007e-03  -1.9540037e-04   1.5200498e-03
   4.9246698e-01   1.3168332e+00   2.4352710e+00  -1.0181472e-02  -1.2216808e-03  -3.3453127e-04
   5.2867847e-01   1.3072589e+00   2.4215107e+00  -8.3537516e-03  -4.5199138e-04   6.7352798e-04
