   0.0000000e+00   0.0000000e+00   0.0000000e+00   0.0000000e+00   0.0000000e+00   0.0000000e+00
   5.8396199e-02   1.2085574e-01  -9.5773132e-03   2.0041534e-03  -4.6706204e-04   4.1734615e-04
   1.6038441e-01   1.3197725e-01   4.8779276e-03   2.2870546e-03  -1.2950939e-03   1.0926465e-03
   1.0077080e-01   1.4320549e-01   9.1047226e-03   2.8173750e-03  -7.2077992e-04   3.1859913e-04
  -2.4225460e-02   1.0814834e-01  -1.1690231e-01   3.0613832e-03  -5.0408136e-04  -4.6073911e-04
   2.8509113e-03  -7.9008530e-03  -6.2795800e-02   2.1720336e-03  -3.0785629e-04  -5.8901470e-05
   9.1117339e-02   2.0627157e-01  -2.6793968e-02   2.8171478e-03  -6.7471223e-04   6.2983910e-04
   5.5155200e-02   1.0635150e-01   1.1827793e-01   9.1839396e-04  -9.1560019e-04   5.5694001e-04
   4.0632394e-02   1.6963608e-01   3.5796851e-02   1.5977750e-03  -9.0776412e-04   4.5582967e-05
   2.8319107e-02   1.4178725e-01   1.3087681e-02   2.0191720e-03  -7.3624161e-04  -2.4939322e-04
  -1.0904710e-01   1.4573692e-01  -2.1916151e-01   5.1833503e-03  -1.2738612e-03  -9.0376630e-04
   1.9235493e-02   2.0241265e-01  -1.5353852e-01   5.5924374e-03  -1.7185684e-03   6.6615490e-04
   5.0095321e-02   1.4342451e-01  -5.3719640e-02   5.5065057e-03  -1.8213557e-03   5.6394032e-04
  -4.1475380e-02   1.1757831e-01  -1.2369154e-01   5.2169204e-03  -8.6628237e-04  -8.7197056e-04
  -5.0586272e-03   1.7946851e-01  -4.9328088e-02   5.4332983e-03  -8.4417072e-04  -9.4519080e-04
  -4.5134581e-02   1.6000807e-01  -6.4267375e-03   4.9091902e-03  -7.7319087e-04  -8.5196981e-04
  -3.1390676e-02   1.2275057e-01  -2.9688215e-02   4.8255626e-03  -1.1999177e-03  -5.2673261e-04
  -5.3122537e-02   1.7770426e-01  -6.4383084e-02   6.1272911e-03  -9.9270430e-04  -5.6792134e-04
  -3.9006092e-02   2.3210615e-01  -1.8160519e-01   7.3106840e-03  -1.0947851e-03  -6.1209785e-04
  -9.6526526e-02   1.1831538e-01  -2.8698209e-01   1.1786748e-02  -1.1224835e-03  -1.3266066e-03
  -5.7091381e-02   2.8395747e-01  -3.9866744e-01   1.0980918e-02  -7.7903557e-05  -1.8171658e-03
  -1.8461076e-01   8.0042229e-02  -4.3596737e-01   1.2105233e-02  -3.2621151e-04  -3.1473814e-03
  -1.1523851e-01   3.3209266e-02  -3.9909079e-01   9.4129308e-03   5.0184089e-04  -2.2651421e-03
  -1.0007136e-01   2.7156480e-02  -2.4935536e-01   1.1340331e-02   4.6083717e-04  -2.8036096e-03
  -6.3028559e-02   2.5069400e-01  -2.8636850e-01   9.4969280e-03   3.5623606e-04  -1.2360657e-03
  -1.2518904e-01   1.4334967e-01  -1.1472850e-02   1.0323693e-02   3.9030333e-04  -1.2035712e-03
  -5.8956372e-01   3.6958284e-01   1.8125263e-01  -4.4923492e-03  -2.0677791e-03  -2.9358295e-03
  -7.1623156e-01   4.0135818e-01  -9.8446639e-03  -6.3936862e-03  -2.1465621e-03  -4.9442661e-03
  -3.7379125e-01   3.6669651e-01  -2.2845772e-02   2.7050954e-04  -7.0236857e-04  -3.7032037e-03
  -7.1308131e-01   3.4566570e-01   3.1504360e-01   7.2544475e-03  -5.5544546e-03   1.4765121e-04
  -7.7247641e-01  -3.0717274e-02   4.3171194e-01   6.8663985e-03  -7.8644885e-03  -3.1530262e-03
  -6.7984200e-01  -8.5784623e-02   2.5395189e-01   9.4710909e-03  -6.4503187e-03  -4.8429289e-03
  -5.7764432e-01  -4.5691492e-02   1.0544047e-01   1.0698409e-02  -6.2135308e-03  -3.0549029e-03
  -5.6173757e-01  -8.5873938e-02   2.5478697e-01   9.4361232e-03  -4.9911594e-03  -4.2546057e-03
  -7.4417445e-01  -1.4365273e-02   1.1100710e-01   1.0676383e-02  -5.9531234e-03  -4.7115006e-03
  -4.1908196e-01  -1.1921931e-01   1.5714916e-01   1.3419859e-02  -3.6760491e-03  -3.8383310e-03
  -4.2024601e-01  -1.4523864e-01   1.1789182e-01   1.2511165e-02  -3.2735532e-03  -3.4972765e-03
  -3.8287469e-01  -4.2505144e-02   2.9148029e-02   1.3730720e-02  -4.0428262e-03  -3.0466923e-03
  -5.9883708e-01  -9.5963787e-02   1.2802427e-01   1.1091912e-02  -2.8265749e-03  -5.0284859e-03
  -5.2667723e-01   1.3864033e-02   1.2943862e-01   1.1019864e-02  -3.3324373e-03  -3.7337398e-03
  -4.2294536e-01  -9.7775270e-02   1.2495068e-01   1.2073822e-02  -4.4508112e-03  -3.2490620e-03
  -5.0865998e-01   3.8262772e-02   1.1483456e-01   1.0369417e-02  -3.6218640e-03  -4.6954480e-03
  -3.8736443e-01  -4.3878746e-02   1.6371023e-01   1.3933037e-02  -4.3757255e-03  -3.1850779e-03
  -4.0274063e-01   1.7957886e-02   3.0178361e-02   1.3052947e-02  -3.3197944e-03  -4.0437937e-03
  -3.9361185e-01  -1.0058480e-02   8.2904933e-03   1.5105663e-02  -3.9794569e-03  -3.2563640e-03
  -5.6611659e-01  -2.0116178e-02   2.4007016e-01   1.2055824e-02  -3.2457403e-03  -5.6589015e-03
  -8.8935930e-01  -3.4778349e-02   2.5066824e-01   1.0546864e-02  -6.7103181e-03  -6.7433208e-03
  -6.3676987e-01   8.4409645e-02  -1.9012367e-01   1.5283839e-02  -3.4032680e-03  -4.9400707e-03
  -5.0913403e-01  -2.8155787e-02  -6.6003025e-02   1.3633512e-02  -3.7149404e-03  -3.3583737e-03
  -6.4184411e-01   8.3570432e-02  -2.7164359e-01   1.5451142e-02  -2.1535032e-03  -5.8598370e-03
  -6.3938371e-01   1.8023395e-01  -1.6248939e-01   1.7583181e-02  -3.9905702e-03  -3.7298286e-03
  -5.1566917e-01   2.3180780e-03   3.0378373e-02   1.5826953e-02  -2.9730769e-03  -4.1854605e-03
  -4.9494819e-01  -2.9615801e-02   3.4882076e-02   1.4291846e-02  -4.2340394e-03  -4.0346519e-03
  -4.9746711e-01  -4.8664478e-02   1.0155470e-01   1.6531143e-02  -3.7543637e-03  -4.3452270e-03
  -5.6735711e-01  -1.0706649e-01  -1.9521107e-02   1.5002029e-02  -3.3970192e-03  -5.1172624e-03
  -4.8362195e-01   8.8659021e-02  -1.3077104e-01   1.6128124e-02  -3.1199101e-03  -4.6244234e-03
  -5.4861014e-01   1.9771589e-02   5.9508732e-02   1.4921040e-02  -3.4462763e-03  -4.7903128e-03
  -5.0538307e-01   5.3776691e-02   1.4968030e-01   1.5983763e-02  -2.5074527e-03  -4.4421195e-03
  -5.0324566e-01  -4.9528639e-02  -2.5442376e-01   2.0609961e-02  -3.6997425e-04  -5.5774326e-03
  -4.5393445e-01   5.9943546e-02  -3.2253131e-01   2.2134565e-02  -6.9486861e-04  -5.2731353e-03
  -5.1706321e-01  -4.1893115e-02  -1.5527377e-01   2.0606709e-02  -4.5183824e-05  -6.5672117e-03
  -4.8105084e-01   5.0875329e-02  -3.4324154e-01   2.1050212e-02  -6.0853072e-04  -5.6497096e-03
  -5.2995597e-01  -1.8264622e-01  -2.3266952e-01   1.9776763e-02  -5.0889403e-04  -6.1408309e-03
  -5.6112537e-01  -1.2407961e-01  -3.4523140e-01   1.8181469e-02   8.8969496e-04  -7.3776621e-03
  -4.6386001e-01   3.6112031e-02  -2.3019845e-01   2.2204733e-02  -3.5192935e-05  -5.4225212e-03
  -4.6038042e-01  -1.5332205e-02  -1.8466189e-01   1.9002542e-02  -1.0683586e-04  -6.2714256e-03
  -5.2175333e-01   5.4261201e-02  -2.1297265e-01   2.0990852e-02  -1.3551495e-03  -6.0678447e-03
  -4.8001038e-01  -4.5795042e-02   2.4107813e-02   1.5803176e-02  -9.9234773e-04  -6.1593769e-03
  -3.8974300e-01   1.0066680e-01   2.5060965e-01   7.4657188e-03  -2.5510714e-03  -1.0091785e-03
  -2.3431066e-01  -1.9276890e-01   2.2842123e-01   1.3589200e-02  -1.0617374e-03  -1.6745050e-03
  -3.7148188e-01  -2.1721329e-01   8.9187766e-02   1.0091871e-02   2.1705113e-04  -4.3562773e-03
  -5.2695838e-01  -1.5041589e-01  -1.2458091e-01   9.3946220e-03   6.1832158e-04  -5.9247009e-03
  -5.3016259e-01  -1.5909694e-01  -9.0857374e-02   9.7468722e-03   5.5938655e-04  -5.9527031e-03
  -4.6040314e-01  -8.1298508e-02  -1.6964740e-01   1.3723571e-02  -4.0821111e-05  -5.7047591e-03
  -4.3528227e-01   9.0858133e-02  -1.0162208e-02   1.6404152e-02  -1.3442856e-03  -4.6598865e-03
  -4.2444155e-01   9.1292150e-02   3.6437306e-03   1.3541001e-02  -1.0249244e-03  -3.8685096e-03
  -4.8036899e-01   9.5634219e-02  -4.0921493e-02   1.6600509e-02  -2.6375815e-04  -5.5810840e-03
  -5.6268564e-01   3.6441511e-02  -2.3939063e-01   1.5000722e-02   4.2045002e-04  -6.6087056e-03
  -4.7224304e-01   8.0983831e-02  -2.0348864e-01   1.6595699e-02   1.1937461e-04  -6.2536592e-03
  -4.3922033e-01   6.7838166e-02  -2.1143755e-02   1.6020213e-02  -5.0735821e-04  -5.7309188e-03
  -5.5240981e-01   1.5545159e-01   2.0834607e-01   1.2055560e-02  -6.7919559e-04  -6.0489281e-03
  -3.3679686e-01   1.9326968e-02  -1.5289622e-02   1.6727867e-02   2.2528373e-04  -4.8275868e-03
  -2.6556594e-01   3.6971780e-02   3.9391917e-02   1.7803690e-02   7.4784159e-04  -5.1074862e-03
  -2.8124879e-01   5.8557966e-02  -1.1130332e-01   1.6604785e-02   3.4717512e-05  -3.0336056e-03
  -2.7611804e-01   5.3009723e-02  -1.0207681e-01   1.7256879e-02  -3.0169452e-04  -4.1468244e-03
  -2.8035115e-01   1.8342713e-02  -1.4016405e-01   1.7927162e-02   1.7817956e-04  -3.7449523e-03
  -2.3915996e-01  -2.9335069e-02  -1.6671776e-01   1.8685045e-02   3.0198238e-04  -3.7688207e-03
  -2.8019498e-01  -2.0763761e-02  -1.3121640e-01   1.9578124e-02   2.1358214e-03  -5.9803238e-03
  -3.2377345e-01  -8.4949101e-02  -3.3812479e-01   1.7479845e-02   2.4494041e-03  -5.0143776e-03
  -2.0417238e-01  -5.3719239e-02  -2.0716257e-01   1.9635859e-02   2.2713191e-03  -4.8275263e-03
  -1.8582183e-01  -1.6987915e-01  -1.9827692e-01   1.9029036e-02   1.2065983e-03  -4.4746882e-03
  -1.2807448e-01  -4.1553218e-02  -8.1320407e-02   2.1262096e-02   7.2847128e-04  -3.4355182e-03
  -1.2442018e-01  -1.9191037e-01   1.0006298e-01   1.6993311e-02   1.4814335e-03  -3.5122486e-03
  -2.8034530e-01  -3.4457342e-02  -2.8227373e-01   1.6950505e-02   2.7441797e-03  -5.8879892e-03
  -1.9562547e-01  -1.1022806e-01  -1.2625694e-01   1.5400549e-02   1.7539249e-03  -4.9949761e-03
  -2.7929285e-01  -1.2082746e-01  -2.4399480e-01   1.5902345e-02   3.7540751e-03  -6.3766861e-03
  -1.1489391e-01   5.5092731e-02  -3.0417218e-02   1.9159017e-02   2.2930649e-03  -3.7556672e-03
  -1.3690731e-01   1.3152265e-01  -1.4764025e-01   1.9530849e-02   1.7049544e-03  -3.4803268e-03
  -1.8698593e-01   2.0550017e-02  -2.1605462e-02   1.7707160e-02   2.6353678e-03  -4.9959845e-03
  -2.0099226e-01  -7.6997525e-02  -2.8950299e-01   1.9497314e-02   1.9036376e-03  -3.9286745e-03
  -2.7771949e-01   9.0047788e-02  -8.6244255e-02   2.0059661e-02   3.0825544e-03  -4.8555449e-03
  -2.5769768e-01   7.1226247e-02  -2.2978120e-01   2.0242090e-02   2.9465948e-03  -4.3938830e-03
  -2.5183063e-01  -4.0246413e-02   5.5044990e-03   1.6231009e-02   1.8624754e-03  -4.9026153e-03
  -3.4631674e-01  -2.1803187e-01   3.7717164e-01   1.3795764e-02   3.0565366e-05  -3.5778205e-03
  -3.2146324e-01   4.8152599e-02  -3.7395437e-02   1.9549632e-02   1.9503751e-03  -4.4878687e-03
  -2.5074233e-01   2.4940808e-02   1.2312808e-01   1.8355397e-02   1.6387045e-03  -4.2330784e-03
  -2.6517072e-01   2.1704265e-02   1.1123131e-01   2.0621944e-02   3.3518201e-03  -5.6382006e-03
  -2.9875281e-01   1.1763197e-01  -1.1545210e-01   2.0917490e-02   2.3585911e-03  -5.0531049e-03
  -2.7226928e-01  -3.1949635e-02   2.5138930e-02   1.9993270e-02   2.3372878e-03  -5.3034810e-03
  -3.2231521e-01  -6.7271516e-02  -2.6644145e-02   2.0460316e-02   1.5727854e-03  -5.4800770e-03
  -1.8257067e-01  -1.8518737e-01   1.7289774e-01   1.8759069e-02   2.0789017e-03  -4.3737097e-03
  -3.1941044e-01  -1.3105982e-01  -1.2934012e-01   1.5871418e-02   3.6818631e-03  -6.7481504e-03
  -2.0838301e-01  -1.6647635e-02  -2.7245163e-01   2.0542453e-02   1.5490863e-03  -4.5051378e-03
  -2.1784639e-01  -2.3939601e-02  -4.6961191e-02   2.2641854e-02   1.5397871e-03  -4.8550630e-03
  -2.1804351e-01  -9.4666021e-03   3.3246547e-02   2.1082434e-02   1.8349644e-03  -4.5882387e-03
  -2.2603850e-01  -4.3845387e-02  -9.3004721e-02   2.1048851e-02   2.2240677e-03  -5.2175808e-03
  -3.3948649e-01  -1.5363356e-02  -2.5699524e-01   2.2046272e-02   2.3039001e-03  -5.9815844e-03
  -3.3412729e-01   2.9451268e-02  -1.1494348e-01   2.0993731e-02   2.4385880e-03  -6.0967029e-03
  -3.8790619e-01  -1.1032150e-01  -4.9708517e-02   1.9524100e-02   1.9219113e-03  -6.4540340e-03
  -2.5137026e-01   1.7330645e-01  -3.9490617e-01   2.0089057e-02   3.8428209e-04  -2.9753206e-03
  -6.0457891e-02   5.4991990e-02  -3.7126346e-01   1.9877885e-02   1.5056121e-03  -2.5442179e-03
  -1.1709948e-01   2.2433739e-02  -3.5503918e-01   2.3463637e-02   1.0124660e-03  -3.8709940e-03
  -4.4757283e-01   1.6222017e-01  -2.9116350e-01   2.3547998e-02  -2.1178262e-03  -2.7173071e-03
  -4.3945228e-01   1.9450269e-01  -9.6325819e-01   2.8612756e-02  -1.6594325e-04  -2.8431922e-03
  -2.5149102e-01   5.3457816e-02  -4.6310661e-01   2.4772641e-02   9.5394986e-04  -2.7477116e-03
  -3.0205243e-01   1.9438103e-01  -5.0840326e-01   2.3627456e-02   1.2804750e-03  -4.4113246e-03
  -2.5681538e-01   2.1373552e-01  -6.4245083e-01   2.5897942e-02   1.4334130e-04  -2.9539736e-03
  -1.6481490e-01   4.2197910e-02  -2.8463850e-01   2.5493757e-02  -7.5567164e-04  -1.8425163e-03
  -1.4769979e-01   1.0857412e-01  -4.8114118e-01   2.6338901e-02   6.4361437e-04  -2.5954563e-03
  -1.8657393e-01   7.0363474e-02  -5.0762417e-01   2.7114684e-02   1.1731427e-03  -3.9433111e-03
  -1.9479732e-01   1.6223716e-01  -2.7826277e-01   2.1006036e-02   1.7969759e-03  -2.4578750e-03
  -1.3467006e-01  -1.1608986e-01  -2.3434041e-01   1.5036853e-02   2.6564421e-03  -9.8599823e-04
  -6.4283401e-02   6.1617269e-04  -3.3074190e-02   2.1634998e-02   4.8628252e-03  -3.2269126e-03
  -4.2894717e-02  -2.8670162e-01  -7.4633833e-02   1.9695387e-02   4.9343564e-03  -2.7805997e-03
  -8.8200488e-02  -4.6720848e-02  -2.9790676e-01   1.7973364e-02   5.1125522e-03  -3.3357005e-03
  -3.0271463e-02  -1.8820603e-01  -2.6284037e-01   2.1813071e-02   4.7469712e-03  -2.4185512e-03
   3.6935703e-02   1.3216476e-01  -2.6585099e-01   2.5412371e-02   4.4669945e-03  -1.9423111e-03
   6.1090389e-02   2.3702874e-02  -1.2208159e-01   2.3209981e-02   4.3479925e-03  -1.2370296e-03
   1.4636917e-02  -1.3289369e-01  -2.9428759e-01   2.3947002e-02   3.9002046e-03  -1.9513901e-03
   5.4812740e-02  -1.4083430e-02  -2.8856185e-01   2.5423423e-02   3.5744620e-03  -1.4113429e-03
   7.4789231e-02   1.5988407e-02  -1.7139789e-01   2.0688998e-02   3.1648123e-03  -2.0991097e-03
  -1.2449925e-02  -5.7227391e-02  -2.0431049e-01   2.1582657e-02   5.0980717e-03  -2.8451279e-03
   7.0209483e-02   2.8898023e-02  -1.2156748e-01   2.4416975e-02   4.5806195e-03  -1.4523792e-03
   6.5481458e-02  -1.5133726e-02   2.0417602e-01   2.1997394e-02   5.3150670e-03  -2.6389636e-03
   1.4095159e-02  -2.2325203e-02  -2.7947701e-01   2.5068984e-02   3.4215197e-03  -1.2601578e-03
   2.8143660e-02   3.6302824e-02  -6.6161578e-02   2.5497295e-02   4.2387523e-03  -1.7781502e-03
  -1.8468772e-02   3.2873602e-02  -1.1224074e-01   2.2174948e-02   4.8923254e-03  -2.7117673e-03
  -4.3939536e-02   7.2153292e-03  -2.5710735e-01   1.9519652e-02   5.0997398e-03  -2.8434254e-03
  -1.3137215e-02  -5.3728737e-02  -1.6230701e-01   1.8785466e-02   5.8669305e-03  -2.9052318e-03
  -2.7233351e-02  -3.5275535e-02  -2.5772095e-01   2.1725101e-02   5.5465841e-03  -2.1203258e-03
   9.8855719e-02   4.5880317e-02  -2.3211917e-01   2.4847189e-02   4.4357925e-03  -5.9735502e-04
   5.1618894e-02   1.4309417e-01  -8.2173379e-02   2.2753580e-02   5.0673113e-03  -1.9664051e-03
   1.8904456e-01   1.3034982e-01  -1.6982664e-01   2.2824683e-02   4.5313095e-03   1.3897584e-04
   1.3506656e-01   1.2561981e-01  -1.4440319e-01   2.2649637e-02   6.3258746e-03  -2.1331271e-03
   1.7268554e-01   7.8805831e-02  -3.2751217e-02   2.1605282e-02   5.4294782e-03  -1.1525112e-03
   1.4514907e-01  -2.8921444e-02  -2.1455983e-01   2.4381369e-02   4.6578083e-03  -1.2412750e-03
   1.4804753e-01   1.5300760e-01   4.8818574e-03   2.2071042e-02   5.7732760e-03  -1.1955477e-03
   1.8607760e-01   2.8530693e-03  -1.7582227e-01   2.4903984e-02   3.6004674e-03  -3.3930144e-04
   4.3867082e-02   1.2265984e-01  -2.9032792e-01   2.0038688e-02   5.5570713e-03  -2.4407253e-03
   1.0571678e-01   5.7478317e-02  -2.9053509e-01   2.4406667e-02   3.4549072e-03  -1.2772929e-03
   1.7266575e-01   1.8313830e-03  -1.5851668e-01   2.3992320e-02   5.0895613e-03  -1.9676316e-03
   1.2762731e-01   6.0121351e-02   1.7780156e-04   1.9904885e-02   5.7183960e-03  -2.9069732e-03
   2.2755992e-01   2.4345100e-02  -1.9002294e-01   2.5186595e-02   4.5309141e-03  -1.0757279e-03
   1.5914204e-01   9.5605630e-02  -2.6977161e-01   2.3715624e-02   4.0644711e-03  -1.1351379e-03
   1.5006180e-01   1.2959098e-01  -6.6908379e-02   2.3176846e-02   5.5282094e-03  -2.1875251e-03
   2.0586850e-01  -1.1610777e-01  -3.5759956e-01   2.6515266e-02   3.3897304e-03  -4.8412953e-04
   1.0508569e-01   1.3116995e-01  -6.5589524e-02   2.1861633e-02   6.3700554e-03  -3.4626717e-03
   8.2321816e-02  -2.2743674e-01  -2.7398467e-01   2.3107101e-02   5.2765100e-03  -2.6734267e-03
   1.1217586e-01  -5.7454253e-04  -1.5801543e-01   2.5951486e-02   6.1382517e-03  -3.2273576e-03
   1.1524114e-01  -1.9827972e-01   2.1308246e-02   1.7679741e-02   6.4061140e-03  -3.4305428e-03
  -1.8725782e-02   5.4066869e-02  -3.6672621e-01   2.0174323e-02   5.4854603e-03  -4.1377916e-03
   2.3856396e-02  -3.1779716e-01  -1.8629665e-01   1.7831319e-02   4.6778501e-03  -3.2340397e-03
  -1.5739118e-01   3.1042872e-01   5.6200091e-01  -1.8683557e-03   3.1839701e-03  -1.4371325e-03
  -2.8477438e-01   4.3490668e-01   4.1745961e-01  -1.6380806e-03   5.1237248e-03  -4.3935052e-03
  -1.2349554e-01   4.9722680e-01   7.9180381e-02   9.5454006e-03   6.2953685e-03  -3.9140299e-03
  -1.9523284e-01   1.0217578e-01  -1.0665545e-01   1.1980038e-02   5.7651504e-03  -4.9847394e-03
  -5.3366926e-02   3.3543637e-01   2.4221005e-01   1.7778624e-02   4.9145718e-03  -3.4285045e-03
  -1.9973270e-01   2.2486715e-01   5.6292364e-01   1.1767992e-02   3.4712276e-03  -5.5037881e-03
  -7.2101048e-01  -1.8510017e-01   1.0562522e+00   8.2482467e-03  -3.3525927e-03  -8.2029344e-03
