   0.0000000e+00   0.0000000e+00   0.0000000e+00   0.0000000e+00   0.0000000e+00   0.0000000e+00
   3.8245026e-03   3.3020121e-02   5.2098378e-02  -4.8723620e-04  -1.9277296e-04  -2.5918683e-04
  -1.0170513e-02   1.7273086e-02  -3.2605743e-02   6.5584581e-04  -1.4288539e-04  -6.3890727e-04
  -2.1021473e-02  -1.7793862e-03  -3.9374420e-02   1.9651904e-04   2.7578756e-04  -1.2711968e-03
  -3.6686191e-02  -1.5592300e-03  -2.3864296e-01   1.7602834e-03  -1.3459868e-03  -1.8723137e-03
  -4.8627763e-02   6.3486249e-02  -2.1401295e-01   1.6673185e-03  -9.7854278e-04  -1.6030374e-03
  -8.9249421e-04  -2.2775896e-02  -1.2439148e-01   5.4286289e-04  -6.6805370e-04  -7.7063203e-04
  -1.1910789e-02  -9.6594840e-03  -1.0421117e-01   3.2767147e-04  -9.1278798e-04  -1.2257455e-03
  -4.4295318e-02   1.4099910e-02  -1.0678787e-01   3.2390318e-04  -2.1846943e-05  -1.6836059e-03
  -4.2589156e-02   3.7252145e-02  -4.5048774e-02  -2.9477629e-04  -1.3034690e-04  -1.5490053e-03
  -4.1450650e-02   4.6602476e-02  -6.1799280e-02  -5.1122223e-05  -3.0868129e-04  -1.4179696e-03
  -4.2223723e-02   4.8658823e-02  -8.1911859e-02   3.9506279e-04  -8.5432813e-05  -1.6768540e-03
  -4.1759321e-02   6.6393435e-02  -8.2817747e-02   3.2463051e-04   3.0032841e-04  -1.8535953e-03
  -3.9167205e-02   3.1587641e-02  -1.0227271e-01   9.0378542e-04  -1.1692804e-04  -1.7913845e-03
  -2.9353877e-02   2.8245163e-02  -9.6758638e-02   5.8513935e-04   1.6426626e-04  -1.5789087e-03
  -4.4871642e-03   1.7912499e-02  -8.2517098e-02   9.5861975e-04   5.7045592e-05  -1.2553340e-03
  -2.0502641e-02   2.6452846e-02  -7.9889994e-02   5.5745596e-04  -3.1382190e-05  -1.3861122e-03
  -2.5423224e-02   1.9071586e-02  -1.0615613e-01   6.7542601e-04   1.8034181e-05  -1.3949192e-03
  -3.0047479e-02   3.0026787e-02  -1.2859039e-01   2.2913456e-04   4.6729710e-04  -1.4370060e-03
  -2.9315255e-02   3.9381754e-02  -7.7805639e-02  -3.7956243e-04   8.3115499e-04  -1.3827965e-03
  -1.0502309e-02   4.1081079e-02  -5.4139535e-02  -3.5900929e-04   9.3033845e-04  -1.1314104e-03
  -3.3789458e-03   3.9264397e-02  -5.5247346e-02   2.5075368e-04   9.8826557e-04  -1.0087492e-03
  -8.3831319e-03   6.0332186e-02  -7.3205229e-02  -2.3773366e-04   7.4266373e-04  -1.0472299e-03
  -1.0102789e-02   6.1116373e-02  -7.9770123e-02   1.3531512e-04   8.2791621e-04  -1.1704386e-03
  -1.8444766e-02   7.1325774e-02  -9.7773997e-02  -1.5568465e-04   7.5892957e-04  -1.3051598e-03
   5.1916144e-06   6.3861353e-02  -1.0495032e-01   7.7694391e-04   3.3482096e-04  -1.0083156e-03
   2.1802741e-03   7.6813598e-02  -7.5578667e-02   1.4013430e-04   1.0140405e-03  -1.0509975e-03
  -6.3293383e-03   6.8430935e-02  -8.2075325e-02   7.5767525e-04   1.2014721e-03  -1.0914161e-03
   1.6424181e-03   5.9578535e-02  -9.4402006e-02   6.4047176e-04   1.1946992e-03  -7.9141225e-04
   1.2118873e-02   6.7584647e-02  -6.0618493e-02  -2.5549600e-05   1.2967432e-03  -4.5296736e-04
   1.8059988e-02   6.5433421e-02  -1.0244121e-01   5.6589157e-06   1.3781007e-03  -3.9557172e-04
   8.0093076e-03   6.8698705e-02  -6.3316138e-02  -2.8658866e-04   1.6183097e-03  -5.4114242e-04
   4.8180204e-03   7.4292527e-02  -8.1306098e-02   1.9095499e-04   1.3315819e-03  -6.1762647e-04
   9.1845283e-03   7.9123782e-02  -5.7997436e-02   2.3807852e-04   1.4407693e-03  -5.2816084e-04
   2.6158582e-02   9.0248529e-02  -1.2665157e-01  -1.8019472e-05   1.1735128e-03  -3.8238364e-04
   3.5053546e-02   8.9641836e-02  -9.4407967e-02  -3.7247661e-04   1.2987902e-03  -5.0448257e-04
   2.4308366e-02   7.2536590e-02  -7.3802540e-02   1.3441698e-04   1.7147622e-03  -5.8391892e-04
   2.5504164e-02   7.0150910e-02  -5.9833255e-02  -9.7362461e-05   1.8191708e-03  -5.8575008e-04
   3.6829043e-02   7.8871703e-02  -6.3307673e-02  -1.0596272e-04   1.9848551e-03  -2.5901749e-04
   2.7588984e-02   7.2660711e-02  -4.5922117e-02   1.9388033e-04   1.7886361e-03  -4.3042477e-04
   2.8791821e-02   7.7897537e-02  -4.9812814e-02  -2.0558891e-04   1.7849189e-03  -2.2352816e-04
   3.5002150e-02   7.9182904e-02  -3.1040839e-02  -1.4800628e-04   1.5262563e-03   2.7138538e-05
   4.8870810e-02   8.8712454e-02  -3.4471408e-02  -1.2279413e-05   1.4922104e-03   1.6211446e-04
   3.7666887e-02   7.0373641e-02  -4.9188888e-03  -2.4777578e-05   1.4592410e-03  -1.1192356e-04
   5.2528945e-02   8.3833397e-02  -6.4030582e-02   2.3497323e-04   1.3398230e-03   1.6562560e-04
   2.7807213e-02   8.0655124e-02  -6.5774671e-02  -9.8914688e-05   1.4388243e-03  -2.6491189e-04
  -1.1545069e-02   9.0514645e-02  -7.0949227e-02   1.9189844e-04   1.8636359e-03  -7.4501453e-04
   5.2715551e-03   8.5640858e-02  -1.7281011e-02   2.1033720e-05   1.6107123e-03  -7.7323161e-04
   3.2933421e-02   8.9847572e-02  -7.0511828e-02   5.3289399e-04   1.5042404e-03  -2.5141895e-04
   2.7707846e-02   7.0500829e-02   7.3231486e-03  -1.8347366e-04   1.7064669e-03  -4.5685750e-04
   7.3870243e-02   1.3915386e-01  -2.5818099e-01   2.5076817e-03   7.7572863e-04   4.1009292e-04
   9.6665803e-02   9.0817654e-02  -4.2640096e-01   5.9281882e-03   1.0494829e-03   1.4567049e-03
   8.1388951e-02   1.0412503e-01  -2.2833161e-01   3.9914731e-03   1.5217121e-03   7.6012422e-04
   9.4155573e-02   1.0516048e-01  -2.3730653e-01   4.2376890e-03   1.3218985e-03   7.2665797e-04
   7.6662240e-02   8.7783106e-02  -1.4622404e-01   2.7883384e-03   1.6406474e-03   3.4223759e-04
   7.0189931e-02   1.2881007e-01  -1.5320830e-01   3.0717139e-03   1.5436579e-03   2.4397448e-04
   7.2807410e-02   1.5401676e-01  -9.9660348e-02   2.7736850e-03   2.5758961e-03   8.6068660e-05
   7.4193673e-02   1.4829573e-01  -6.1365260e-02   2.1325481e-03   2.8503394e-03   2.1506349e-06
   6.6560699e-02   1.5050877e-01  -1.3630095e-01   1.8679461e-03   2.9342504e-03   1.6723056e-04
   8.0271209e-02   1.4937741e-01  -9.3246278e-02   2.0378126e-03   3.0537515e-03  -1.6620790e-04
   7.5786457e-02   1.5329224e-01  -1.3047324e-01   2.0567415e-03   3.1985193e-03   1.0029339e-04
   7.2955325e-02   1.5346148e-01  -8.8706075e-02   1.9715434e-03   3.8921534e-03  -4.1679143e-04
   8.3443728e-02   1.5958984e-01  -9.8604031e-02   2.1909888e-03   4.1592131e-03  -3.5640019e-04
   7.9440438e-02   1.4818353e-01  -8.1632323e-02   1.9821631e-03   4.2440046e-03  -4.5884723e-04
   7.5559977e-02   1.5587357e-01  -1.0939024e-01   2.0117295e-03   4.2368565e-03  -4.1197698e-04
   8.1631089e-02   1.7516515e-01   2.7314320e-02   1.3396078e-03   4.2349327e-03  -6.5678494e-04
   6.5189763e-02   1.4502365e-01  -1.1201198e-02   2.5411099e-03   4.7223513e-03  -9.2916120e-04
   5.7927255e-02   1.2891772e-01  -4.4149700e-02   2.5958473e-03   4.2591015e-03  -1.2739319e-03
   5.3824716e-02   1.2613966e-01  -7.0048793e-02   2.1769150e-03   4.9867442e-03  -1.5956932e-03
   6.6055337e-02   1.3739196e-01  -5.4187334e-02   2.1066196e-03   4.4315635e-03  -1.0667818e-03
   6.7359483e-02   1.5603957e-01  -2.7586656e-02   2.2061618e-03   4.6912431e-03  -1.2820828e-03
   6.7480174e-02   1.4845272e-01   2.9909981e-03   1.8029264e-03   5.0063039e-03  -1.0037798e-03
   6.9774587e-02   1.4586740e-01  -4.6843563e-02   2.3158747e-03   4.9695064e-03  -1.3405988e-03
   6.8513259e-02   1.5637337e-01   7.0109733e-02   1.3900627e-03   4.1746598e-03  -7.8602853e-04
   2.8265789e-02   4.0544928e-01   4.3575061e-01   7.0355292e-04   2.9685542e-03  -1.9872425e-03
   5.1121940e-02   3.6902128e-01   3.8447095e-01   1.8576999e-03   4.3678088e-03  -2.9171440e-03
   2.6817260e-02   2.6286497e-01   2.4367237e-01   2.6644539e-03   5.6151112e-03  -2.8757195e-03
   6.2306233e-03   1.9076216e-01   2.4177227e-01   2.7990147e-03   5.6043907e-03  -3.2127574e-03
   7.5756294e-02   5.0347661e-02  -1.9025012e-01   2.4491150e-03   4.2744456e-03   4.6454425e-05
   6.1590774e-02   8.0483214e-02  -1.7602161e-01   2.2870878e-03   5.0317127e-03   1.0303126e-03
   3.4837720e-02   7.7373260e-02   2.0690214e-02   1.3152740e-03   4.8976863e-03   6.8239405e-04
   5.2333259e-02   1.0042509e-01   7.2901246e-02   1.5967958e-03   5.3939449e-03   6.3591376e-05
   2.1751674e-02   9.5046612e-02  -2.1292589e-02   2.8609370e-03   4.9279997e-03   3.6761239e-05
   3.5132178e-02   6.7628122e-02   4.7738652e-02   2.5941040e-03   4.6861939e-03  -1.0344972e-04
   1.8733702e-02   1.2445356e-01  -5.0640842e-02   2.4864862e-03   4.9601830e-03  -3.1686693e-04
   2.5332771e-02   8.2626996e-02   1.2060772e-01   1.6524785e-03   4.9502229e-03  -5.2089349e-04
   1.9048936e-02   1.0636748e-01  -9.0870936e-01   6.8359741e-03   1.9413657e-03  -1.6631812e-03
  -2.5896503e-02   1.2465573e-01  -1.2196067e+00   1.1059326e-02   2.3319547e-03  -2.6738084e-03
   9.4797855e-03   1.1114145e-01  -3.4335971e-01   4.8563412e-03   8.3959093e-04   1.0266713e-03
   6.0108466e-02   1.1551304e-01  -4.4693236e-01   4.0554384e-03   1.7163574e-03   1.1322903e-03
  -6.5081750e-04   1.5481121e-01  -3.3197509e-01   2.5605870e-03   2.2485972e-03  -8.0113549e-04
  -3.0891431e-02   1.6185300e-01  -1.8084861e-01   2.5373793e-03   2.3242813e-03  -1.5013710e-03
  -4.1163980e-02   1.2828923e-01  -1.1922587e-01   2.4426309e-03   2.0719364e-03  -1.8091245e-03
  -3.6442531e-02   1.4172381e-01  -1.1542800e-01   1.9007239e-03   2.2094447e-03  -1.3671206e-03
  -4.2012336e-02   1.5383843e-01  -1.2367205e-01   1.4162756e-03   2.3789529e-03  -1.6178827e-03
  -6.3696603e-02   1.6710180e-01  -1.6564859e-01   1.7614715e-03   3.2229142e-03  -2.0075540e-03
  -5.8818033e-02   1.6167772e-01  -1.0385532e-01   1.3863040e-03   3.2952948e-03  -2.1562548e-03
  -9.6740647e-02   1.5349779e-01  -1.8928278e-01   2.5769476e-03   3.4216793e-03  -2.7671009e-03
  -1.0835610e-01   1.5025657e-01  -1.1776987e-01   2.4467025e-03   3.5760797e-03  -2.9252251e-03
  -9.1097031e-02   1.2386348e-01  -8.9677213e-02   2.5023874e-03   3.3538712e-03  -2.9220596e-03
  -1.0307587e-01   1.3639771e-01  -5.3719310e-02   1.8982940e-03   3.5457081e-03  -3.0999840e-03
  -1.0223280e-01   1.5011513e-01  -7.6558818e-02   2.7840026e-03   3.1928463e-03  -3.2441147e-03
  -1.0381133e-01   1.3671943e-01  -2.9024282e-02   1.3688676e-03   3.6745864e-03  -2.9508782e-03
  -1.1496893e-01   1.6709526e-01  -5.9397993e-02   4.3662008e-03   4.1312447e-03  -3.2907085e-03
  -1.1183030e-01   2.1148782e-01  -8.7851574e-03   4.9649269e-03   4.1332604e-03  -3.2257012e-03
  -8.2927635e-02   1.7566148e-01  -3.7464120e-02   2.6739031e-03   4.4170986e-03  -2.4812553e-03
  -7.4996795e-02   1.7513192e-01   2.8092012e-02   2.9209325e-03   4.0905617e-03  -3.1263278e-03
  -6.0788558e-02   1.7881537e-01  -7.3561756e-03   3.0183292e-03   4.2988964e-03  -2.5529155e-03
  -1.8041015e-04   2.9190152e-02  -5.7714505e-02   2.2244654e-03   3.6061320e-03  -2.0104652e-03
  -2.6296266e-02   1.8379303e-01   1.3542936e-01   3.9995673e-04   3.3963582e-03  -2.2072270e-03
  -6.1179674e-02   4.7426310e-01   5.1901617e-01   1.1191039e-03   1.3092258e-03  -2.6615520e-03
  -2.8705202e-03   5.3138419e-01   3.3832353e-01   2.0527679e-03   1.0485872e-03  -2.1605737e-03
  -8.6532517e-02   2.5422604e-01  -2.5372385e-01   4.4574521e-03   2.7570164e-03  -1.9286332e-03
  -1.2166408e-01   2.1698265e-01  -1.8733757e-01   3.9922164e-03   2.7039743e-03  -2.3397330e-03
  -9.7243387e-02   1.7475699e-01  -1.1393045e-01   3.4007732e-03   3.4695427e-03  -2.1576469e-03
  -1.1466975e-01   1.4056111e-01  -1.1743623e-01   3.1507966e-03   3.2117048e-03  -2.6044065e-03
  -1.0358998e-01   1.3601746e-01  -1.5824209e-01   3.2471086e-03   3.9147396e-03  -2.6692301e-03
  -1.1132886e-01   1.3032698e-01  -1.3033290e-01   2.4647224e-03   3.7552663e-03  -2.7261247e-03
  -9.5145915e-02   1.6107169e-01  -1.6283249e-01   2.2346135e-03   3.5556276e-03  -2.4588301e-03
  -9.8326751e-02   1.6621727e-01  -8.3519296e-02   1.9568098e-03   4.0094580e-03  -2.8046162e-03
  -5.1280716e-02   1.9919896e-01  -3.5686947e-01   2.6375160e-03   3.7857766e-03  -1.7388165e-03
  -7.8185947e-02   1.4850944e-01  -3.7284509e-01   2.7659161e-03   3.5154844e-03  -2.7571697e-03
  -1.0485945e-01   1.6564447e-01  -1.9233052e-01   1.7930996e-03   3.7200008e-03  -3.1803513e-03
  -8.8353588e-02   1.9387781e-01  -2.5596556e-01   2.4103238e-03   3.2399804e-03  -2.8593675e-03
  -9.1840153e-02   1.9219459e-01  -2.4108974e-01   2.1069454e-03   3.4428712e-03  -2.8397046e-03
  -8.5082257e-02   1.9161841e-01  -2.2844426e-01   2.0313419e-03   3.5691811e-03  -2.7075642e-03
  -1.0011401e-01   1.7641286e-01  -2.1066718e-01   1.5684023e-03   3.8976613e-03  -2.9745980e-03
  -1.0631872e-01   1.8080050e-01  -1.8113211e-01   9.4750781e-04   4.0107282e-03  -3.1792890e-03
  -1.0940002e-01   1.8473573e-01  -2.3052505e-01   1.9160079e-03   4.1590935e-03  -2.9489682e-03
  -1.2501650e-01   1.9056190e-01  -1.7984554e-01   1.4993606e-03   4.8861641e-03  -3.3052086e-03
  -1.1910931e-01   1.6938925e-01  -1.9093038e-01   1.5364367e-03   4.9056908e-03  -3.2817581e-03
  -1.3567833e-01   1.7382740e-01  -2.5261578e-01   1.9115416e-03   4.5337170e-03  -3.5488175e-03
  -1.3282647e-01   1.5491337e-01  -1.8744004e-01   8.3085513e-04   4.0379000e-03  -3.4559094e-03
  -1.1573174e-01   1.7944653e-01  -1.4223945e-01   6.4714253e-04   3.4851187e-03  -2.9306397e-03
  -1.3129138e-01   1.8911409e-01  -1.7998351e-01   9.5014769e-04   3.7184523e-03  -3.1899322e-03
  -1.2867823e-01   2.1119168e-01  -1.3134958e-01   2.5632540e-04   3.9315549e-03  -3.3553070e-03
  -1.2507375e-01   2.2636310e-01  -1.9179548e-01   7.8200383e-04   4.2769358e-03  -2.9196029e-03
  -1.3211909e-01   2.0824720e-01  -1.3773148e-01   3.0126610e-04   4.2241972e-03  -3.1448307e-03
  -1.3917679e-01   2.2515694e-01  -1.7387849e-01   8.6734670e-04   4.2385099e-03  -3.2263616e-03
  -1.4753947e-01   2.1030813e-01  -1.5638735e-01   8.1609233e-04   4.4796128e-03  -3.1912104e-03
  -1.5439448e-01   2.1320353e-01  -1.3431607e-01   8.3191747e-04   4.3730150e-03  -3.4201270e-03
  -1.5049710e-01   2.0242619e-01  -1.6123495e-01   7.1925421e-04   4.5654319e-03  -3.3652173e-03
  -1.4371926e-01   2.0965263e-01  -3.3335589e-01   2.8182559e-03   2.7072576e-03  -3.5560839e-03
  -1.7441116e-01   2.2723540e-01  -2.7503497e-01   2.5572058e-03   3.4272836e-03  -3.8497545e-03
  -1.6343053e-01   2.2946581e-01  -2.3889751e-01   2.7751596e-03   3.3322819e-03  -3.7290329e-03
  -1.7227229e-01   2.3844523e-01  -2.2597822e-01   2.2316948e-03   3.4300421e-03  -4.0922258e-03
  -1.6774843e-01   2.3711460e-01  -2.2505422e-01   2.2612895e-03   3.6225136e-03  -4.4038595e-03
  -1.7174776e-01   2.2305030e-01  -2.5240215e-01   1.8332979e-03   4.0374794e-03  -4.0364778e-03
  -1.7284067e-01   2.0779591e-01  -1.7073314e-01   1.6733236e-03   4.6593922e-03  -4.2446485e-03
  -1.7346757e-01   2.3998203e-01  -1.7816752e-01   1.2846083e-03   4.7704523e-03  -4.2183158e-03
  -1.7801056e-01   2.1693829e-01  -1.6034123e-01   1.5717591e-03   4.7122463e-03  -4.4867908e-03
  -1.7060065e-01   2.3647418e-01  -1.9582322e-01   1.6075810e-03   4.7921816e-03  -4.3365765e-03
  -1.7535345e-01   2.2737780e-01  -1.7607448e-01   1.1842860e-03   4.9733414e-03  -4.1554426e-03
  -1.9177896e-01   2.2955997e-01  -1.7507692e-01   9.9011556e-04   4.9486012e-03  -4.8715901e-03
  -1.7306788e-01   2.0990011e-01  -1.6514558e-01   1.0582705e-03   4.6243623e-03  -4.1992463e-03
  -1.7844216e-01   2.2585830e-01  -1.5046606e-01   1.2534850e-03   4.8990627e-03  -4.5292339e-03
  -1.7674118e-01   1.7957740e-01  -5.7464560e-02   4.2089099e-04   5.0496324e-03  -4.2284784e-03
  -1.8180174e-01   2.1318958e-01  -4.9824077e-02   7.6353525e-04   4.5429993e-03  -4.3108345e-03
  -1.7610135e-01   2.3073792e-01  -1.2435402e-01   9.2281517e-04   5.3121381e-03  -4.1660015e-03
  -1.7084464e-01   2.8197173e-01  -1.6694310e-02   1.7758864e-03   4.5137783e-03  -4.3452240e-03
  -2.2811595e-01   2.6831443e-01  -8.2763331e-02   2.0434379e-03   4.6309752e-03  -4.8389074e-03
  -2.2014721e-01   2.2909361e-01  -3.2682981e-02   1.4008255e-03   4.7058742e-03  -4.0552602e-03
  -2.0282887e-01   2.3759635e-01  -8.3337049e-02   1.3157894e-03   4.8750822e-03  -4.1083498e-03
  -2.0954797e-01   2.1058185e-01  -3.7219689e-03   1.3267027e-03   5.1761134e-03  -4.1926922e-03
  -1.9859167e-01   2.5530771e-01  -7.2404838e-02   1.2666800e-03   4.8479432e-03  -4.3373819e-03
  -2.2523908e-01   2.2214323e-01  -3.5301856e-02   2.2092544e-03   5.0491632e-03  -4.3060728e-03
  -1.4914914e-01   1.1636785e-01  -1.0388540e+00   4.8217112e-03   3.5799516e-03  -3.2490811e-03
  -1.7530116e-01   1.8194720e-01  -9.8600609e-01   3.9409396e-03   3.3932461e-03  -3.5173002e-03
  -1.6008885e-01   1.2224338e-01  -7.4050637e-01   4.0596445e-03   3.0690877e-03  -3.2801714e-03
  -1.8936225e-01   1.6282260e-01  -8.1642750e-01   4.1784917e-03   2.9550520e-03  -3.8054932e-03
  -1.8512791e-01   1.3949676e-01  -7.2624356e-01   4.9082313e-03   2.7663147e-03  -3.7896290e-03
  -1.9252388e-01   1.7671268e-01  -7.4808877e-01   4.2419116e-03   2.7909750e-03  -3.6321271e-03
  -1.9535777e-01   1.7563926e-01  -6.9663168e-01   4.0706395e-03   2.6265475e-03  -3.8214386e-03
  -2.0104304e-01   1.7710254e-01  -7.4629525e-01   3.7574542e-03   2.9264925e-03  -4.0400148e-03
  -1.9706585e-01   1.6257518e-01  -6.7143052e-01   3.7269128e-03   3.0887823e-03  -3.8173745e-03
  -2.0350302e-01   1.7994528e-01  -7.2173588e-01   4.0608793e-03   3.2343182e-03  -3.9247400e-03
  -2.0770663e-01   1.7196143e-01  -6.8025198e-01   3.8521009e-03   3.5606472e-03  -4.2206265e-03
  -2.0340624e-01   1.8110416e-01  -6.6561645e-01   3.7823470e-03   3.6221215e-03  -4.0146177e-03
  -2.0298840e-01   1.7776907e-01  -6.6412027e-01   3.8912446e-03   3.5106466e-03  -3.9758179e-03
