   0.0000000e+00   0.0000000e+00   0.0000000e+00   0.0000000e+00   0.0000000e+00   0.0000000e+00
  -3.7168429e-02   2.7346010e-03  -2.0671468e-02  -1.2555026e-04   4.4607065e-05  -1.7665319e-04
  -2.1408558e-03   2.8343278e-02  -7.7783271e-02   7.2392125e-04   2.1190637e-04   4.0870921e-04
  -1.0374017e-02   3.0192537e-02  -3.6616747e-02   1.1571238e-03   3.2287208e-04   2.3772997e-04
  -1.8012309e-02   4.0426629e-02  -3.5523649e-02   1.2945246e-03   1.1492715e-03   5.3507865e-04
   3.7394361e-02   5.7288525e-02  -5.5675296e-02   1.4123691e-03   1.9083488e-03   1.7228141e-03
   4.9813480e-02   6.4408521e-02  -6.2395218e-02   1.4063917e-03   1.9712333e-03   1.6937450e-03
   6.3162334e-02   6.9063752e-02  -4.1131126e-02   1.5723519e-03   2.2970423e-03   1.9547152e-03
   5.0277370e-02   6.8917000e-02  -1.9799197e-02   7.3345756e-04   2.0559006e-03   1.7026792e-03
   9.7391446e-02   8.2429811e-02  -6.1782612e-02   1.3364623e-03   2.4098400e-03   2.6930096e-03
   7.4058290e-02   5.6502289e-02  -1.7666736e-02   1.0475988e-03   2.0128363e-03   2.2255175e-03
   9.8753022e-02   6.5598625e-02  -2.4956943e-02   3.1040837e-04   2.2657655e-03   2.4705603e-03
   9.3995319e-02   6.7602257e-02  -2.6004054e-02   8.7559737e-04   2.0977083e-03   2.4437506e-03
   8.4160657e-02   8.3577142e-02   3.4035243e-02  -1.4518029e-04   1.9748458e-03   2.5396406e-03
   9.1787188e-02   6.9226550e-02  -2.3460112e-02   1.0648225e-03   1.9129838e-03   2.7123299e-03
   8.1412110e-02   8.3201668e-02  -2.3276296e-02   5.7555271e-04   2.2572726e-03   2.5297199e-03
   7.1185379e-02   7.1957235e-02   9.9735809e-03   1.1346554e-03   1.9723131e-03   2.3451126e-03
   8.5384482e-02   8.9718783e-02  -4.7488968e-02   2.0890481e-03   1.6079924e-03   2.5867103e-03
   9.0304272e-02   9.2804720e-02  -2.1838564e-02   6.8321720e-04   1.7745471e-03   2.3208190e-03
   1.2251560e-01   9.6363960e-02  -1.2017335e-02  -7.7687206e-05   2.0113306e-03   3.0849309e-03
   1.0722385e-01   1.1011110e-01   3.5449954e-03   4.3190995e-04   2.0514340e-03   2.6084606e-03
   1.2108379e-01   1.0924125e-01   1.2127573e-03   2.2253979e-05   1.9108542e-03   2.8227826e-03
   1.2240957e-01   1.1014957e-01   7.4053786e-04   6.7902190e-04   2.1544067e-03   2.7893013e-03
   8.5978592e-02   1.2008303e-01   7.2082933e-03  -2.2995264e-04   1.8367723e-03   2.0163984e-03
   1.0634108e-01   1.3847773e-01  -2.3551015e-03   4.6101615e-04   1.9037413e-03   2.7098790e-03
   1.0238231e-01   1.4610031e-01   5.1800374e-02   1.8898552e-04   1.6737705e-03   2.5535057e-03
   1.2044370e-01   1.5280386e-01   6.9078629e-02  -3.1201301e-04   1.6361181e-03   2.9138191e-03
   9.6672363e-02   1.4894497e-01   2.2954828e-02   3.5975481e-06   1.3073428e-03   2.3749884e-03
   7.8404703e-02   1.7110099e-01   5.6745071e-02  -4.5407206e-04   7.0868576e-04   2.2422571e-03
   7.2764243e-02   1.3331255e-01   7.8542743e-02  -4.4314143e-04   5.7305020e-04   2.1754022e-03
   6.2254207e-02   1.3006523e-01   9.8736039e-02  -1.4493269e-03   1.4542877e-04   1.8898343e-03
   6.3001338e-02   1.4047444e-01   5.0232828e-02  -5.4743139e-04   1.6184311e-04   1.7142627e-03
   5.7716961e-02   1.3997559e-01   5.1311213e-02  -8.6824411e-04  -3.0697956e-05   1.5929879e-03
   7.7536199e-02   1.6951497e-01   5.1819504e-02  -8.0082907e-04   1.6695881e-04   1.9825270e-03
   7.6485561e-02   1.5560162e-01   7.9924162e-02  -1.1669382e-03   1.5577504e-04   1.9988190e-03
   8.8646162e-02   1.6670356e-01   5.8250836e-02  -9.6526853e-04   2.8683476e-04   2.2261454e-03
   6.7208973e-02   1.9205701e-01   8.9377611e-02  -1.2929771e-03  -7.7247917e-05   2.0392179e-03
   7.8113309e-02   1.6982963e-01   1.0946064e-01  -1.0958333e-03   1.6434214e-04   1.9559950e-03
   7.2193600e-02   1.7396319e-01   1.0791455e-01  -1.3398631e-03   2.5270309e-04   1.9887952e-03
   7.3956992e-02   1.9850177e-01   1.2697337e-01  -1.8868519e-03   2.1383329e-04   1.8820071e-03
   7.2822134e-02   1.7127373e-01   9.7275654e-02  -1.7788074e-03  -7.3306635e-06   1.6656615e-03
   6.4177635e-02   1.7714175e-01   1.0960600e-01  -1.8492553e-03  -1.2571783e-04   1.5045775e-03
   4.2137526e-02   1.8236405e-01   1.0212751e-01  -1.3971285e-03  -2.1086695e-04   1.4182849e-03
   5.1168563e-02   1.6978485e-01   1.1857690e-01  -1.9912529e-03  -2.9203097e-04   1.0943805e-03
   5.6228540e-02   1.8667082e-01   7.8338301e-02  -1.3205094e-03  -2.5484239e-04   1.4586350e-03
   6.0585083e-02   1.7523601e-01   1.0209792e-01  -1.5846040e-03  -4.7752499e-04   1.4108845e-03
   8.9004170e-02   2.0670011e-01   7.5889244e-02  -1.6056405e-03  -4.2625121e-04   2.0073026e-03
   8.4211834e-02   1.9635571e-01   1.0957029e-01  -2.0188471e-03  -4.8420855e-04   1.6756963e-03
   7.3890085e-02   2.0318866e-01   8.9143343e-02  -1.9559098e-03  -6.9263094e-04   1.3742901e-03
   6.8341070e-02   2.0011406e-01   8.2125389e-02  -1.5798010e-03  -7.2568312e-04   1.6090856e-03
   7.0144370e-02   2.1974921e-01   7.6215986e-02  -1.9762066e-03  -6.6083537e-04   1.5744649e-03
   7.1458454e-02   2.6181608e-01   9.8781094e-02  -2.2419446e-03  -6.3370834e-04   1.3627598e-03
   7.1423788e-02   2.0723472e-01   8.5268352e-02  -2.2005412e-03  -5.6591984e-04   1.3456553e-03
   6.6138977e-02   2.3569260e-01   1.1805061e-01  -2.4872851e-03  -9.8054293e-04   1.2167595e-03
   7.1790023e-02   2.4149730e-01   1.1763833e-01  -2.4232464e-03  -8.5661740e-04   1.2478070e-03
   7.0571202e-02   2.5452293e-01   1.3551435e-01  -2.8824616e-03  -1.0356921e-03   1.1362999e-03
   7.1395284e-02   2.5472741e-01   1.5283323e-01  -2.7980738e-03  -8.9703731e-04   1.2231837e-03
   9.7911757e-02   2.9268255e-01   2.0796043e-01  -4.4187929e-03  -1.0367335e-03   2.1043329e-03
   1.3573437e-01   2.3878334e-01   1.3544312e-01  -2.9009362e-03  -1.7645328e-03   2.5065758e-03
   9.8604387e-02   2.9385258e-01   2.6588698e-01  -3.9253597e-03  -9.6189508e-04   1.4501033e-03
   6.9679683e-02   3.5765384e-01   3.6375379e-01  -3.9536281e-03  -7.8691027e-04   9.7537442e-04
   1.0256743e-01   2.9118576e-01   2.0618467e-01  -2.8847524e-03  -1.2367510e-03   1.4708948e-03
   9.1501922e-02   2.8446273e-01   2.0919922e-01  -3.5867308e-03  -1.1409084e-03   1.4264894e-03
   1.0140200e-01   2.4587518e-01   2.2582380e-01  -3.7241584e-03  -1.0431572e-03   1.7659199e-03
   9.6809346e-02   2.6286352e-01   2.3136157e-01  -4.1258333e-03  -9.3363067e-04   1.5137504e-03
   1.1117658e-01   2.6819939e-01   1.9595224e-01  -4.0054519e-03  -1.2648353e-03   1.9670503e-03
   9.9868452e-02   2.5444960e-01   1.9156935e-01  -3.7079799e-03  -1.0482208e-03   1.7005907e-03
   1.1349027e-01   2.7742931e-01   1.8096982e-01  -3.6472469e-03  -1.2007775e-03   1.7461967e-03
   1.1695699e-01   2.8822516e-01   1.6667090e-01  -3.6205840e-03  -9.9481756e-04   2.0049390e-03
   1.2187724e-01   3.1437679e-01   2.3442942e-01  -4.7462611e-03  -1.5488255e-03   1.9156448e-03
   1.2084716e-01   3.1564999e-01   2.2934011e-01  -4.8459348e-03  -1.4594329e-03   2.1375937e-03
   1.1730940e-01   3.4594349e-01   2.9009258e-01  -5.2392565e-03  -1.3843071e-03   2.1304906e-03
   1.3190929e-01   3.3693229e-01   2.7859395e-01  -5.2940089e-03  -1.4527791e-03   2.1878097e-03
   1.0904106e-01   3.3862513e-01   2.6373720e-01  -5.6376546e-03  -1.8041171e-03   1.9395656e-03
   1.0781355e-01   3.4488344e-01   2.7456845e-01  -6.4781121e-03  -1.9544065e-03   2.3366260e-03
   1.0091105e-01   3.1005433e-01   3.0568107e-01  -6.4264733e-03  -1.3980081e-03   1.8805909e-03
   1.2917801e-01   3.6324459e-01   3.3084209e-01  -7.0445465e-03  -1.1914683e-03   2.6706165e-03
   1.1910219e-01   3.7437244e-01   3.0646338e-01  -7.0517354e-03  -1.9223089e-03   2.4746707e-03
   1.1012118e-01   3.8420359e-01   4.2003998e-01  -8.8101262e-03  -2.4492880e-03   2.6646246e-03
   1.3249760e-01   3.6983512e-01   3.8531442e-01  -8.6820762e-03  -2.2532975e-03   2.8936824e-03
   1.3484628e-01   3.6713464e-01   4.2256664e-01  -9.7038219e-03  -1.6720398e-03   2.7837062e-03
   1.2831403e-01   3.5779455e-01   4.0727616e-01  -9.8223949e-03  -1.8404580e-03   2.5513576e-03
   1.4772976e-01   3.5817576e-01   3.9948300e-01  -9.5863341e-03  -1.9923059e-03   2.7937497e-03
   1.2196917e-01   3.7588422e-01   4.2225790e-01  -9.7365225e-03  -2.0542860e-03   2.3146442e-03
   1.2695812e-01   3.6811637e-01   4.3293999e-01  -9.3839609e-03  -2.1110621e-03   1.9830025e-03
   1.1485941e-01   3.8072369e-01   4.2898196e-01  -8.9631642e-03  -2.3789910e-03   1.7909270e-03
   1.1228840e-01   3.9018608e-01   4.5910572e-01  -9.9282661e-03  -2.2564164e-03   1.9303869e-03
   1.0392249e-01   3.9926398e-01   4.5133993e-01  -9.9233245e-03  -2.5228832e-03   1.7925152e-03
   1.1315509e-01   4.0356374e-01   4.9086594e-01  -9.4204645e-03  -2.3061720e-03   1.7418492e-03
   1.1338432e-01   3.7896410e-01   4.5120521e-01  -9.5034470e-03  -2.7015869e-03   1.7529289e-03
   1.0408161e-01   4.0983066e-01   4.5082266e-01  -9.8317283e-03  -3.0384665e-03   1.7663690e-03
   5.9725958e-02   4.3009924e-01   4.0865985e-01  -9.4498094e-03  -3.8858684e-03   1.2378429e-03
   6.8072532e-02   4.3070801e-01   3.9820027e-01  -8.9990803e-03  -3.7563107e-03   1.4527187e-03
   5.7215818e-02   4.0638024e-01   4.4395683e-01  -9.5173764e-03  -3.5751760e-03   1.1292354e-03
   4.4534685e-02   3.9880704e-01   4.9099246e-01  -9.8183420e-03  -3.1557858e-03   1.1602270e-03
   5.3005855e-02   3.9664278e-01   4.4609394e-01  -9.5629737e-03  -2.7292428e-03   1.4400438e-03
   6.2557299e-02   4.0010623e-01   4.1105811e-01  -9.1152030e-03  -2.8301761e-03   1.3007242e-03
   8.2889547e-02   4.2044400e-01   4.0832590e-01  -8.1137998e-03  -2.3091504e-03   1.9889504e-03
   6.4487344e-02   4.1010368e-01   4.2298151e-01  -8.6770299e-03  -2.7180077e-03   1.4187521e-03
   8.0016916e-02   4.2621153e-01   3.9777579e-01  -8.4736718e-03  -2.6570221e-03   1.7135341e-03
   8.3108991e-02   4.1267833e-01   4.6688627e-01  -9.6239986e-03  -2.5177030e-03   1.7217579e-03
   7.8691062e-02   4.2163771e-01   4.2707170e-01  -8.9584514e-03  -2.4716387e-03   1.8531938e-03
   8.5111810e-02   4.0984761e-01   4.0242137e-01  -8.9305848e-03  -2.4871186e-03   1.6994147e-03
   9.3814641e-02   4.3193721e-01   4.1726047e-01  -9.2580542e-03  -2.5139311e-03   1.8118574e-03
   7.9975227e-02   4.3808315e-01   4.1358123e-01  -9.3185227e-03  -2.5906554e-03   1.4169094e-03
   9.0471906e-02   4.5482426e-01   4.0982383e-01  -8.8871566e-03  -2.6222150e-03   1.4390519e-03
   8.6607012e-02   4.3684401e-01   4.2899198e-01  -8.9901138e-03  -2.7220356e-03   1.2729176e-03
   9.4588016e-02   4.5129630e-01   3.9879390e-01  -8.7227164e-03  -2.6406062e-03   1.4437515e-03
   9.2133012e-02   4.4022971e-01   4.0900732e-01  -8.9826043e-03  -2.7559822e-03   1.5601308e-03
   8.5748049e-02   4.3362664e-01   4.0609174e-01  -8.9713219e-03  -2.8536453e-03   1.6719034e-03
   1.1255881e-01   4.4164211e-01   4.3533297e-01  -9.3458927e-03  -2.5474464e-03   1.7535917e-03
   9.2899889e-02   4.2428100e-01   4.2174913e-01  -9.0289256e-03  -2.4693022e-03   1.2515391e-03
   7.7265878e-02   4.2159680e-01   4.8313616e-01  -9.9316796e-03  -2.4368846e-03   1.3952297e-03
   6.4448761e-02   4.6581500e-01   5.2768247e-01  -1.0535504e-02  -1.9336114e-03   1.4328320e-03
   6.0482181e-02   4.6731764e-01   5.1323105e-01  -1.0147556e-02  -2.2065400e-03   1.0790362e-03
   6.6635658e-02   4.7310216e-01   5.6666414e-01  -1.0852585e-02  -2.2288869e-03   1.3872847e-03
   8.7840755e-02   4.6077672e-01   5.2091680e-01  -1.0543345e-02  -2.2367588e-03   1.4342676e-03
   8.7695228e-02   4.8201126e-01   5.3362429e-01  -1.0985136e-02  -2.2375237e-03   1.3118092e-03
   7.1492085e-02   4.7146294e-01   5.2475701e-01  -1.0876825e-02  -2.3883306e-03   1.0395995e-03
   1.0204563e-01   4.9079722e-01   5.3647228e-01  -1.1174146e-02  -2.0768403e-03   1.5271326e-03
   8.0912089e-02   4.9127473e-01   5.1693539e-01  -1.0815313e-02  -2.0313321e-03   1.2770331e-03
   7.2929428e-02   5.1118186e-01   5.1959910e-01  -1.1088168e-02  -2.0042803e-03   1.1334012e-03
   8.4157585e-02   5.1660897e-01   5.3089426e-01  -1.0932064e-02  -2.0756783e-03   1.1268423e-03
   8.5628521e-02   5.0818890e-01   5.4700745e-01  -1.0965522e-02  -2.3716554e-03   1.1326149e-03
   8.3711690e-02   5.3823042e-01   5.1952007e-01  -1.0086766e-02  -2.4440061e-03   9.9417185e-04
   8.6817962e-02   5.2850275e-01   5.4100321e-01  -1.0848512e-02  -2.2387294e-03   1.2108818e-03
   9.9230642e-02   5.5189325e-01   5.1501311e-01  -1.0216292e-02  -2.4545059e-03   1.3670884e-03
   1.0654391e-01   5.4887859e-01   5.3054043e-01  -1.0296320e-02  -2.3376091e-03   1.2415919e-03
   1.1049605e-01   5.4156875e-01   5.3858699e-01  -1.0804431e-02  -2.4257312e-03   1.3397079e-03
   1.0268892e-01   5.4224024e-01   5.2226878e-01  -1.0804261e-02  -2.1894979e-03   1.1681114e-03
   1.1174835e-01   5.4566355e-01   5.1757253e-01  -1.0635600e-02  -2.3162991e-03   1.3063967e-03
   1.0367362e-01   5.4141230e-01   5.5575477e-01  -1.1279657e-02  -2.5521726e-03   7.9840167e-04
   1.0936619e-01   5.3148151e-01   5.1836477e-01  -1.0748783e-02  -2.1102653e-03   1.1729418e-03
   1.0797189e-01   5.2997580e-01   5.2563316e-01  -1.0591353e-02  -1.5797000e-03   1.3114131e-03
   1.1121262e-01   5.3343178e-01   5.4961980e-01  -1.0813489e-02  -1.8809677e-03   1.4021367e-03
   1.1914827e-01   5.3585949e-01   5.2583919e-01  -1.1093110e-02  -1.6764060e-03   1.3713771e-03
   1.2607315e-01   5.4544515e-01   5.2148244e-01  -1.0370979e-02  -1.8463417e-03   1.5848332e-03
   1.2713711e-01   5.5298630e-01   5.1034599e-01  -1.0589423e-02  -2.0371955e-03   1.5530458e-03
   1.2369079e-01   5.5081820e-01   5.2241209e-01  -1.0627149e-02  -2.1918104e-03   1.4883518e-03
   1.1832360e-01   5.3620658e-01   4.9804660e-01  -1.0286619e-02  -2.2425693e-03   1.2642517e-03
   1.1429332e-01   5.4486883e-01   4.6885006e-01  -1.0050792e-02  -2.8904050e-03   1.5726594e-03
   1.1458312e-01   5.6062245e-01   4.6655997e-01  -9.6482870e-03  -2.9538369e-03   1.5317731e-03
   1.3186278e-01   5.6238591e-01   4.7792984e-01  -9.8491335e-03  -3.1676324e-03   1.4995354e-03
   1.3113538e-01   5.5348860e-01   4.6052018e-01  -9.2906723e-03  -3.5297546e-03   1.6988467e-03
   1.2882863e-01   5.4918256e-01   4.7925288e-01  -9.7423731e-03  -3.4002814e-03   1.3135872e-03
   1.3185158e-01   5.4823002e-01   4.5933316e-01  -9.6936031e-03  -3.3066589e-03   1.4631811e-03
   1.3300242e-01   5.7400918e-01   4.9585212e-01  -9.6229012e-03  -3.3432776e-03   1.2679417e-03
   1.3060845e-01   5.4992822e-01   4.5119679e-01  -9.2141839e-03  -3.6804355e-03   1.4571785e-03
   1.3887104e-01   5.4528058e-01   4.6663648e-01  -9.2055501e-03  -3.4550846e-03   1.3937119e-03
   1.4929420e-01   5.3137703e-01   5.0046856e-01  -1.0006413e-02  -3.1093061e-03   1.4260283e-03
   1.3194294e-01   5.4899025e-01   4.7947603e-01  -9.6194835e-03  -3.3776612e-03   1.3273451e-03
   1.2968522e-01   5.2126064e-01   4.8998150e-01  -9.6470509e-03  -3.4707276e-03   1.2386154e-03
   1.2995933e-01   5.4439816e-01   5.1247594e-01  -1.0682252e-02  -3.7710023e-03   1.2237519e-03
   1.2212637e-01   5.7482966e-01   4.8070927e-01  -1.0175685e-02  -4.1062130e-03   1.0811565e-03
   1.1972364e-01   5.9246111e-01   4.9658147e-01  -9.2715983e-03  -4.0656469e-03   9.9871421e-04
   1.1597305e-01   5.7980069e-01   4.9948766e-01  -9.5671985e-03  -3.7959513e-03   1.2075152e-03
   1.2550214e-01   5.6985455e-01   4.8909029e-01  -9.4663659e-03  -3.9568167e-03   1.3130411e-03
   1.1867487e-01   5.8516906e-01   4.6888944e-01  -9.0830095e-03  -3.8811670e-03   1.4699008e-03
   1.1664577e-01   5.7824937e-01   5.0894127e-01  -9.7501569e-03  -3.7253454e-03   1.3365488e-03
   1.3453711e-01   5.8013957e-01   4.7443000e-01  -9.7106011e-03  -3.1645067e-03   1.8711713e-03
   1.1429476e-01   5.9647033e-01   5.2625179e-01  -9.6717620e-03  -3.1990930e-03   1.5390292e-03
   1.2253188e-01   6.1524224e-01   4.8093391e-01  -9.0799687e-03  -3.4213935e-03   2.0043293e-03
   1.2794845e-01   6.1507575e-01   4.8038037e-01  -9.3674224e-03  -3.5317473e-03   1.7236296e-03
   1.1932405e-01   6.4162204e-01   5.4452232e-01  -9.3525909e-03  -3.3273865e-03   1.5247347e-03
   1.2686241e-01   6.0595939e-01   5.2847642e-01  -9.6362084e-03  -3.3662461e-03   1.4613367e-03
   1.1001040e-01   5.8780476e-01   5.3389464e-01  -9.8969255e-03  -3.8425237e-03   1.2357582e-03
   1.2201271e-01   6.0769550e-01   5.3738446e-01  -9.0704760e-03  -3.4169235e-03   1.6093300e-03
   1.3417843e-01   5.9110288e-01   5.4629379e-01  -9.9420674e-03  -3.3372765e-03   1.9973889e-03
   1.4228236e-01   6.0728464e-01   4.9668913e-01  -9.8764374e-03  -3.2962538e-03   2.0197605e-03
   1.2623273e-01   5.9732785e-01   5.0019285e-01  -1.0373404e-02  -3.3397378e-03   1.5614085e-03
   1.3285743e-01   6.3928199e-01   4.9880149e-01  -9.4357791e-03  -3.7110233e-03   1.6374046e-03
   1.3535736e-01   6.2962300e-01   4.9562194e-01  -9.2723395e-03  -3.2090505e-03   1.6703218e-03
   1.3225284e-01   6.1468984e-01   4.6002089e-01  -9.8429864e-03  -3.5194619e-03   1.9112371e-03
   1.3583388e-01   6.2288137e-01   4.9386549e-01  -1.0548846e-02  -3.5375694e-03   1.6644110e-03
   1.2603906e-01   6.3457048e-01   4.8709793e-01  -1.0160727e-02  -3.6906223e-03   1.5677543e-03
   1.2751338e-01   6.3181166e-01   5.0409206e-01  -1.0319860e-02  -3.4768071e-03   1.5289987e-03
   1.6464083e-01   6.4269243e-01   4.8173314e-01  -1.0019199e-02  -3.6557054e-03   1.8179984e-03
   1.5534340e-01   6.6027014e-01   4.7946932e-01  -9.5268179e-03  -3.2772948e-03   1.6290680e-03
   1.2768443e-01   6.9324053e-01   5.5143100e-01  -1.0041763e-02  -3.1344510e-03   1.3738624e-03
